"column_label","ran.hdr.name","piNota.minus.piLativ.min"
"1","ran1.hdr.1",-0.0002161
"1","ran1.hdr.10",-0.000374649999999999
"1","ran1.hdr.11",-0.00020486
"1","ran1.hdr.12",-0.0008879
"1","ran1.hdr.13",-0.0010596
"1","ran1.hdr.14",-0.0000854700000000007
"1","ran1.hdr.15",-0.0134706
"1","ran1.hdr.16",-0.0004112
"1","ran1.hdr.17",-0.000288199999999999
"1","ran1.hdr.18",-0.000354199999999999
"1","ran1.hdr.19",-0.000382
"1","ran1.hdr.2",-0.000621999999999998
"1","ran1.hdr.20",-0.00035428
"1","ran1.hdr.21",-0.000686199999999998
"1","ran1.hdr.22",-0.000763300000000001
"1","ran1.hdr.23",-0.0003284
"1","ran1.hdr.24",0.000288400000000001
"1","ran1.hdr.25",-0.0014586
"1","ran1.hdr.26",-0.000454400000000001
"1","ran1.hdr.27",-0.00032068
"1","ran1.hdr.28",-0.00029545
"1","ran1.hdr.29",-0.000413999999999999
"1","ran1.hdr.3",-0.000333
"1","ran1.hdr.30",0.0000461000000000003
"1","ran1.hdr.31",-0.00031339
"1","ran1.hdr.32",0.000155800000000001
"1","ran1.hdr.33",0.000035033
"1","ran1.hdr.34",-0.000306500000000001
"1","ran1.hdr.35",0.000271899999999999
"1","ran1.hdr.36",-0.000409099999999999
"1","ran1.hdr.37",-0.0034946
"1","ran1.hdr.38",0.0000670599999999999
"1","ran1.hdr.39",0.0000184400000000002
"1","ran1.hdr.4",-0.00143173
"1","ran1.hdr.40",-0.0001115
"1","ran1.hdr.41",-0.00029242
"1","ran1.hdr.42",-0.0012186
"1","ran1.hdr.43",-0.000352100000000001
"1","ran1.hdr.44",-0.0023505
"1","ran1.hdr.45",-0.0002167
"1","ran1.hdr.46",-0.00081
"1","ran1.hdr.47",-0.0013738
"1","ran1.hdr.48",-0.000735400000000001
"1","ran1.hdr.49",-0.0034509
"1","ran1.hdr.5",-0.0027056
"1","ran1.hdr.50",-0.0022371
"1","ran1.hdr.51",-0.000392
"1","ran1.hdr.52",-0.0024639
"1","ran1.hdr.53",-0.0005222
"1","ran1.hdr.54",0.0000833999999999991
"1","ran1.hdr.55",0.0000792999999999992
"1","ran1.hdr.56",-0.000231500000000003
"1","ran1.hdr.57",-0.000643990000000001
"1","ran1.hdr.58",-0.000568100000000002
"1","ran1.hdr.59",-0.0007335
"1","ran1.hdr.6",-0.0037447
"1","ran1.hdr.60",0.0003353
"1","ran1.hdr.61",0.00024531
"1","ran1.hdr.62",-0.000121599999999999
"1","ran1.hdr.63",-0.000268299999999999
"1","ran1.hdr.64",NA
"1","ran1.hdr.65",-0.000154400000000002
"1","ran1.hdr.66",-0.000792399999999999
"1","ran1.hdr.67",0.0000251000000000001
"1","ran1.hdr.68",-0.000268999999999998
"1","ran1.hdr.69",-0.000201800000000002
"1","ran1.hdr.7",-0.0052846
"1","ran1.hdr.70",-0.0006
"1","ran1.hdr.71",-0.000890599999999998
"1","ran1.hdr.72",-0.0013741
"1","ran1.hdr.73",-0.000871399999999998
"1","ran1.hdr.74",-0.0005749
"1","ran1.hdr.75",-0.0011554
"1","ran1.hdr.76",-0.00096858
"1","ran1.hdr.77",-0.000710300000000001
"1","ran1.hdr.78",-0.0006976
"1","ran1.hdr.8",0.000186599999999999
"1","ran1.hdr.9",0.000257960000000001
"2","ran2.hdr.1",-0.0002114
"2","ran2.hdr.10",-0.000602800000000001
"2","ran2.hdr.11",-0.00021846
"2","ran2.hdr.12",-0.000482460000000001
"2","ran2.hdr.13",-0.00012632
"2","ran2.hdr.14",-0.0002419
"2","ran2.hdr.15",-0.0011382
"2","ran2.hdr.16",-0.000446700000000001
"2","ran2.hdr.17",-0.000808199999999999
"2","ran2.hdr.18",-0.000539240000000002
"2","ran2.hdr.19",-0.000506029999999999
"2","ran2.hdr.2",0.000000199999999998812
"2","ran2.hdr.20",-0.0002322
"2","ran2.hdr.21",-0.0009639
"2","ran2.hdr.22",-0.0075695
"2","ran2.hdr.23",0.000588000000000002
"2","ran2.hdr.24",-0.000846699999999999
"2","ran2.hdr.25",-0.0003534
"2","ran2.hdr.26",-0.0001654
"2","ran2.hdr.27",-0.0000759999999999997
"2","ran2.hdr.28",0.000095399999999999
"2","ran2.hdr.29",-0.00031138
"2","ran2.hdr.3",-0.0021526
"2","ran2.hdr.30",-0.0000945300000000007
"2","ran2.hdr.31",-0.00069205
"2","ran2.hdr.32",-0.0023372
"2","ran2.hdr.33",0.00000920000000000087
"2","ran2.hdr.34",-0.000359199999999999
"2","ran2.hdr.35",-0.000730600000000001
"2","ran2.hdr.36",-0.000171499999999998
"2","ran2.hdr.37",-0.000830900000000002
"2","ran2.hdr.38",0.0000979999999999991
"2","ran2.hdr.39",-0.000804199999999998
"2","ran2.hdr.4",-0.001681
"2","ran2.hdr.40",-0.000968999999999999
"2","ran2.hdr.41",-0.0000700600000000003
"2","ran2.hdr.42",0.00000510000000000094
"2","ran2.hdr.43",-0.00029242
"2","ran2.hdr.44",-0.000975
"2","ran2.hdr.45",0.0000540300000000001
"2","ran2.hdr.46",-0.0001922
"2","ran2.hdr.47",0.000856300000000001
"2","ran2.hdr.48",-0.000032299999999999
"2","ran2.hdr.49",-0.0005222
"2","ran2.hdr.5",-0.00168994
"2","ran2.hdr.50",-0.0015804
"2","ran2.hdr.51",-0.000773900000000001
"2","ran2.hdr.52",0.0000198999999999998
"2","ran2.hdr.53",-0.00050929
"2","ran2.hdr.54",-0.000125780000000001
"2","ran2.hdr.55",-0.0040008
"2","ran2.hdr.58",-0.0000546999999999995
"2","ran2.hdr.59",-0.00095777
"2","ran2.hdr.6",-0.00039892
"2","ran2.hdr.60",0.0004971
"2","ran2.hdr.61",-0.000775500000000002
"2","ran2.hdr.62",-0.0107924
"2","ran2.hdr.63",-0.000775399999999999
"2","ran2.hdr.64",0.0011488
"2","ran2.hdr.65",-0.000317599999999999
"2","ran2.hdr.66",-0.0004131
"2","ran2.hdr.67",-0.001084
"2","ran2.hdr.68",-0.000448899999999999
"2","ran2.hdr.69",0.000255099999999999
"2","ran2.hdr.7",0.0000789059999999999
"2","ran2.hdr.70",-0.0016325
"2","ran2.hdr.71",-0.0005272
"2","ran2.hdr.72",-0.000388300000000001
"2","ran2.hdr.73",-0.0009751
"2","ran2.hdr.74",0.00018
"2","ran2.hdr.75",-0.0006096
"2","ran2.hdr.76",-0.0011035
"2","ran2.hdr.77",-0.0014309
"2","ran2.hdr.78",-0.0000290799999999999
"2","ran2.hdr.8",-0.00062661
"2","ran2.hdr.9",-0.00063128
"3","ran3.hdr.1",-0.000637099999999998
"3","ran3.hdr.10",-0.000534900000000001
"3","ran3.hdr.11",0.0000692099999999997
"3","ran3.hdr.12",-0.000625899999999999
"3","ran3.hdr.13",-0.000409099999999999
"3","ran3.hdr.14",-0.001162
"3","ran3.hdr.15",-0.0011143
"3","ran3.hdr.16",-0.0005193
"3","ran3.hdr.17",-0.00047309
"3","ran3.hdr.18",0.000540799999999999
"3","ran3.hdr.19",-0.000111799999999999
"3","ran3.hdr.2",0.000297800000000001
"3","ran3.hdr.20",-0.000380700000000001
"3","ran3.hdr.21",-0.000912500000000002
"3","ran3.hdr.22",-0.0012565
"3","ran3.hdr.23",-0.000551599999999999
"3","ran3.hdr.24",-0.0011163
"3","ran3.hdr.25",0.0008831
"3","ran3.hdr.26",-0.0061672
"3","ran3.hdr.27",-0.0002991
"3","ran3.hdr.28",0.00035693
"3","ran3.hdr.29",-0.000582599999999999
"3","ran3.hdr.3",-0.0037584
"3","ran3.hdr.30",0.0001919
"3","ran3.hdr.31",-0.000576
"3","ran3.hdr.32",-0.00084943
"3","ran3.hdr.33",-0.000189700000000001
"3","ran3.hdr.34",-0.000155240000000001
"3","ran3.hdr.35",-0.000143009999999999
"3","ran3.hdr.36",-0.000310299999999999
"3","ran3.hdr.37",0.000212500000000001
"3","ran3.hdr.38",-0.0014222
"3","ran3.hdr.39",-0.0014502
"3","ran3.hdr.4",-0.00163709
"3","ran3.hdr.40",-0.00018951
"3","ran3.hdr.41",-0.0019089
"3","ran3.hdr.42",-0.0013695
"3","ran3.hdr.43",0.000375199999999999
"3","ran3.hdr.44",-0.0014925
"3","ran3.hdr.45",-0.0001262
"3","ran3.hdr.46",-0.0013738
"3","ran3.hdr.47",-0.001747
"3","ran3.hdr.48",0.000276800000000001
"3","ran3.hdr.49",-0.000514700000000002
"3","ran3.hdr.5",-0.0000717000000000009
"3","ran3.hdr.50",-0.002897
"3","ran3.hdr.51",0.0000564899999999993
"3","ran3.hdr.52",0.0000226999999999988
"3","ran3.hdr.53",-0.0000717600000000006
"3","ran3.hdr.54",-0.0015158
"3","ran3.hdr.55",-0.0009668
"3","ran3.hdr.56",-0.000764300000000002
"3","ran3.hdr.57",0.000114
"3","ran3.hdr.58",-0.000118309
"3","ran3.hdr.59",-0.000125780000000001
"3","ran3.hdr.6",0.00000526999999999993
"3","ran3.hdr.60",-0.000141199999999999
"3","ran3.hdr.61",-0.000136499999999999
"3","ran3.hdr.62",-0.000203699999999999
"3","ran3.hdr.63",-0.000290100000000001
"3","ran3.hdr.64",-0.000907400000000001
"3","ran3.hdr.65",0.0000194084
"3","ran3.hdr.66",-0.000348800000000002
"3","ran3.hdr.67",-0.0003058
"3","ran3.hdr.68",-0.000093939999999999
"3","ran3.hdr.69",-0.000546100000000001
"3","ran3.hdr.7",-0.0005302
"3","ran3.hdr.70",-0.000825300000000001
"3","ran3.hdr.71",-0.00032338
"3","ran3.hdr.72",-0.0011035
"3","ran3.hdr.73",-0.0011554
"3","ran3.hdr.74",-0.000714900000000001
"3","ran3.hdr.75",-0.000220500000000002
"3","ran3.hdr.76",-0.0013547
"3","ran3.hdr.77",-0.0057067
"3","ran3.hdr.78",-0.000733480000000001
"3","ran3.hdr.8",0.000304829999999999
"3","ran3.hdr.9",-0.000701999999999999
"4","ran4.hdr.1",-0.0009493
"4","ran4.hdr.10",-0.000438800000000001
"4","ran4.hdr.11",-0.0000950400000000011
"4","ran4.hdr.12",-0.000506029999999999
"4","ran4.hdr.13",0.000262399999999999
"4","ran4.hdr.14",-0.000220930000000001
"4","ran4.hdr.15",-0.000377500000000001
"4","ran4.hdr.16",-0.0013259
"4","ran4.hdr.17",-0.000125200000000002
"4","ran4.hdr.18",0.0003538
"4","ran4.hdr.19",-0.000108899999999999
"4","ran4.hdr.2",-0.000310999999999999
"4","ran4.hdr.20",-0.0002991
"4","ran4.hdr.21",-0.0045505
"4","ran4.hdr.22",-0.0006008
"4","ran4.hdr.23",-0.00044142
"4","ran4.hdr.24",-0.0008652
"4","ran4.hdr.25",0.000505200000000001
"4","ran4.hdr.26",-0.0000146999999999994
"4","ran4.hdr.27",0.0007179
"4","ran4.hdr.28",-0.000665599999999999
"4","ran4.hdr.29",-0.000171499999999998
"4","ran4.hdr.3",-0.0001004
"4","ran4.hdr.30",-0.0023487
"4","ran4.hdr.31",-0.0017371
"4","ran4.hdr.32",0.0000586000000000024
"4","ran4.hdr.33",-0.000287379999999999
"4","ran4.hdr.34",-0.0019089
"4","ran4.hdr.35",-0.0000841000000000001
"4","ran4.hdr.36",-0.0010775
"4","ran4.hdr.37",-0.0014594
"4","ran4.hdr.38",-0.0037192
"4","ran4.hdr.39",-0.0006108
"4","ran4.hdr.4",-0.00259746
"4","ran4.hdr.40",-0.000752999999999998
"4","ran4.hdr.41",-0.000569900000000002
"4","ran4.hdr.42",-0.000218300000000001
"4","ran4.hdr.43",-0.0010055
"4","ran4.hdr.44",0.0000833999999999991
"4","ran4.hdr.45",-0.0000128000000000003
"4","ran4.hdr.46",0.00015401
"4","ran4.hdr.47",-0.0000668000000000001
"4","ran4.hdr.48",-0.000425500000000001
"4","ran4.hdr.49",-0.000772399999999999
"4","ran4.hdr.5",-0.0044797
"4","ran4.hdr.50",-0.00072726
"4","ran4.hdr.51",-0.00057659
"4","ran4.hdr.52",-0.000643990000000001
"4","ran4.hdr.53",-0.00111662
"4","ran4.hdr.54",0.00009
"4","ran4.hdr.55",0.0000603900000000004
"4","ran4.hdr.57",-0.0007846
"4","ran4.hdr.58",-0.000448199999999999
"4","ran4.hdr.59",-0.000551000000000001
"4","ran4.hdr.6",-0.000507199999999999
"4","ran4.hdr.60",-0.00084326
"4","ran4.hdr.61",-0.0044594
"4","ran4.hdr.62",-0.000150300000000001
"4","ran4.hdr.63",-0.000226199999999999
"4","ran4.hdr.64",-0.0010423
"4","ran4.hdr.65",-0.000681889999999999
"4","ran4.hdr.66",-0.000112899999999999
"4","ran4.hdr.67",-0.00093906
"4","ran4.hdr.68",-0.0003147
"4","ran4.hdr.69",-0.000137399999999999
"4","ran4.hdr.7",-0.00154022
"4","ran4.hdr.70",-0.0005561
"4","ran4.hdr.71",-0.000471699999999999
"4","ran4.hdr.72",-0.0008547
"4","ran4.hdr.73",-0.0023484
"4","ran4.hdr.74",-0.0032753
"4","ran4.hdr.75",-0.0046933
"4","ran4.hdr.76",-0.000880000000000002
"4","ran4.hdr.77",-0.000289600000000001
"4","ran4.hdr.78",-0.0003017
"4","ran4.hdr.8",-0.000534900000000001
"4","ran4.hdr.9",-0.00053636
"5","ran5.hdr.1",-0.0014444
"5","ran5.hdr.10",-0.0044797
"5","ran5.hdr.11",-0.0000319000000000014
"5","ran5.hdr.12",0.0003046
"5","ran5.hdr.13",-0.000701999999999999
"5","ran5.hdr.14",-0.0016948
"5","ran5.hdr.15",-0.0000342699999999994
"5","ran5.hdr.16",-0.000118400000000001
"5","ran5.hdr.17",-0.000629900000000001
"5","ran5.hdr.18",-0.0005795
"5","ran5.hdr.19",-0.00041356
"5","ran5.hdr.2",-0.000272339999999999
"5","ran5.hdr.20",-0.00158129
"5","ran5.hdr.21",0.0000328100000000012
"5","ran5.hdr.22",-0.000191490000000001
"5","ran5.hdr.23",0.0000100699999999992
"5","ran5.hdr.24",-0.0000641299999999999
"5","ran5.hdr.25",-0.0010403
"5","ran5.hdr.26",-0.00029017
"5","ran5.hdr.27",-0.000397000000000002
"5","ran5.hdr.28",-0.00035023
"5","ran5.hdr.29",-0.00345372
"5","ran5.hdr.3",-0.000220599999999998
"5","ran5.hdr.30",-0.000784
"5","ran5.hdr.31",-0.0011573
"5","ran5.hdr.32",0.000261400000000002
"5","ran5.hdr.33",-0.0004522
"5","ran5.hdr.34",-0.00027737
"5","ran5.hdr.35",-0.00020889
"5","ran5.hdr.36",-0.000944
"5","ran5.hdr.37",-0.000617899999999998
"5","ran5.hdr.38",-0.000791500000000001
"5","ran5.hdr.39",-0.0013524
"5","ran5.hdr.4",0.000128399999999997
"5","ran5.hdr.40",0.0000144999999999989
"5","ran5.hdr.41",-0.0033085
"5","ran5.hdr.42",-0.00011256
"5","ran5.hdr.43",-0.000449600000000001
"5","ran5.hdr.44",-0.0034509
"5","ran5.hdr.45",-0.000988299999999998
"5","ran5.hdr.46",0.000219559999999999
"5","ran5.hdr.47",-0.0006887
"5","ran5.hdr.48",0.0001724
"5","ran5.hdr.49",-0.000560139999999999
"5","ran5.hdr.5",-0.0023191
"5","ran5.hdr.50",-0.00035604
"5","ran5.hdr.51",-0.0016606
"5","ran5.hdr.52",-0.0007419
"5","ran5.hdr.53",0.0000326900000000001
"5","ran5.hdr.54",0.0000521000000000002
"5","ran5.hdr.55",-0.0010723
"5","ran5.hdr.56",-0.0006896
"5","ran5.hdr.58",-0.0007279
"5","ran5.hdr.59",-0.0012438
"5","ran5.hdr.6",0.0002001
"5","ran5.hdr.60",-0.00019203
"5","ran5.hdr.61",-0.000312099999999999
"5","ran5.hdr.62",-0.0003231
"5","ran5.hdr.63",-0.000150300000000001
"5","ran5.hdr.64",-0.0004568
"5","ran5.hdr.65",-0.000914999999999999
"5","ran5.hdr.66",-0.000822699999999999
"5","ran5.hdr.67",-0.000674876
"5","ran5.hdr.68",-0.00203165
"5","ran5.hdr.69",0.0007516
"5","ran5.hdr.7",-0.0000352299999999998
"5","ran5.hdr.70",-0.0004414
"5","ran5.hdr.71",-0.0000835999999999996
"5","ran5.hdr.72",-0.0000212000000000007
"5","ran5.hdr.73",-0.000871399999999998
"5","ran5.hdr.74",-0.000552800000000001
"5","ran5.hdr.75",-0.0000621000000000024
"5","ran5.hdr.76",-0.001383
"5","ran5.hdr.77",-0.0006002
"5","ran5.hdr.78",-0.0007595
"5","ran5.hdr.8",0.0000486999999999987
"5","ran5.hdr.9",-0.0017255
"6","ran6.hdr.1",-0.0003084
"6","ran6.hdr.10",-0.0000013393
"6","ran6.hdr.11",0.000283200000000001
"6","ran6.hdr.12",0.0000862399999999996
"6","ran6.hdr.13",-0.0002828
"6","ran6.hdr.14",-0.000413510000000001
"6","ran6.hdr.15",0.000157600000000001
"6","ran6.hdr.16",-0.000625899999999999
"6","ran6.hdr.17",-0.000515700000000001
"6","ran6.hdr.18",-0.00016964
"6","ran6.hdr.19",-0.00047309
"6","ran6.hdr.2",-0.000870900000000001
"6","ran6.hdr.20",-0.000257799999999999
"6","ran6.hdr.21",-0.002734
"6","ran6.hdr.22",-0.0010122
"6","ran6.hdr.23",-0.000612299999999998
"6","ran6.hdr.24",-0.00031687
"6","ran6.hdr.25",-0.0011163
"6","ran6.hdr.26",-0.0026503
"6","ran6.hdr.27",-0.0000682000000000009
"6","ran6.hdr.28",0.0000270699999999997
"6","ran6.hdr.29",0.0000741100000000005
"6","ran6.hdr.3",0.00049115
"6","ran6.hdr.30",-0.000480399999999999
"6","ran6.hdr.31",-0.0004031
"6","ran6.hdr.32",-0.0019144
"6","ran6.hdr.33",-0.000136210000000001
"6","ran6.hdr.34",-0.0005269
"6","ran6.hdr.35",0.0000853
"6","ran6.hdr.36",-0.0014027
"6","ran6.hdr.37",-0.0013621
"6","ran6.hdr.38",-0.0001811
"6","ran6.hdr.39",-0.00018774
"6","ran6.hdr.4",-0.00009361
"6","ran6.hdr.40",-0.0001145
"6","ran6.hdr.41",-0.000751099999999999
"6","ran6.hdr.42",-0.000314099999999998
"6","ran6.hdr.43",-0.0082206
"6","ran6.hdr.44",-0.0000280200000000001
"6","ran6.hdr.45",-0.004276
"6","ran6.hdr.46",-0.002897
"6","ran6.hdr.47",-0.0000828000000000009
"6","ran6.hdr.48",-0.000670899999999999
"6","ran6.hdr.49",-0.000473700000000001
"6","ran6.hdr.5",-0.000184100000000001
"6","ran6.hdr.50",-0.00270844
"6","ran6.hdr.51",-0.000299799999999999
"6","ran6.hdr.52",-0.0072374
"6","ran6.hdr.53",-0.0047786
"6","ran6.hdr.54",-0.0011486
"6","ran6.hdr.55",NA
"6","ran6.hdr.56",0.00019544
"6","ran6.hdr.57",-0.000599799999999999
"6","ran6.hdr.58",-0.000477600000000002
"6","ran6.hdr.59",-0.000595
"6","ran6.hdr.6",-0.0038288
"6","ran6.hdr.60",-0.00040313
"6","ran6.hdr.61",-0.0010605
"6","ran6.hdr.62",-0.000775500000000002
"6","ran6.hdr.63",-0.00685775
"6","ran6.hdr.64",-0.0051112
"6","ran6.hdr.65",-0.000556319999999999
"6","ran6.hdr.66",-0.0021686
"6","ran6.hdr.67",-0.0000517999999999977
"6","ran6.hdr.68",-0.00222635
"6","ran6.hdr.69",-0.0002389
"6","ran6.hdr.7",-0.00021
"6","ran6.hdr.70",-0.0024046
"6","ran6.hdr.71",-0.0010284
"6","ran6.hdr.72",-0.000873000000000001
"6","ran6.hdr.73",0.0000125500000000001
"6","ran6.hdr.74",0.000326549999999999
"6","ran6.hdr.75",-0.000694699999999999
"6","ran6.hdr.76",-0.0006397
"6","ran6.hdr.77",-0.000748700000000001
"6","ran6.hdr.78",-0.000309
"6","ran6.hdr.8",-0.0000637999999999993
"6","ran6.hdr.9",-0.00071284
"7","ran7.hdr.1",-0.000591300000000003
"7","ran7.hdr.10",-0.000408459999999999
"7","ran7.hdr.11",-0.000416400000000001
"7","ran7.hdr.12",-0.0000756000000000003
"7","ran7.hdr.13",0.00032532
"7","ran7.hdr.14",-0.00061751
"7","ran7.hdr.15",-0.0012819
"7","ran7.hdr.16",-0.0011179
"7","ran7.hdr.17",0.000524
"7","ran7.hdr.18",-0.000377500000000001
"7","ran7.hdr.19",-0.000841600000000001
"7","ran7.hdr.2",-0.000849200000000001
"7","ran7.hdr.20",-0.0003347
"7","ran7.hdr.21",-0.0000348000000000015
"7","ran7.hdr.22",-0.0003756
"7","ran7.hdr.23",-0.000518899999999999
"7","ran7.hdr.24",-0.000551599999999999
"7","ran7.hdr.25",0.0000270699999999997
"7","ran7.hdr.26",-0.00055601
"7","ran7.hdr.27",-0.000468900000000001
"7","ran7.hdr.28",-0.000376700000000001
"7","ran7.hdr.29",-0.000156699999999999
"7","ran7.hdr.3",-0.000226799999999999
"7","ran7.hdr.30",0.0003441
"7","ran7.hdr.31",-0.000113400000000001
"7","ran7.hdr.32",-0.000507499999999999
"7","ran7.hdr.33",0.000316899999999998
"7","ran7.hdr.34",0.00034213
"7","ran7.hdr.35",-0.00032897
"7","ran7.hdr.36",-0.00036563
"7","ran7.hdr.37",-0.001022
"7","ran7.hdr.38",0.000226500000000001
"7","ran7.hdr.39",0.0000463000000000009
"7","ran7.hdr.4",-0.00018871
"7","ran7.hdr.40",-0.0000897299999999997
"7","ran7.hdr.41",-0.0006558
"7","ran7.hdr.42",-0.000041641
"7","ran7.hdr.43",NA
"7","ran7.hdr.44",-0.000429500000000003
"7","ran7.hdr.45",-0.00013712
"7","ran7.hdr.46",0.0000373000000000005
"7","ran7.hdr.47",0.000377580000000001
"7","ran7.hdr.48",-0.0076935
"7","ran7.hdr.49",0.0004291
"7","ran7.hdr.5",-0.0037447
"7","ran7.hdr.50",0.00002906
"7","ran7.hdr.51",-0.000560139999999999
"7","ran7.hdr.52",-0.00026183
"7","ran7.hdr.53",-0.00124632
"7","ran7.hdr.54",-0.002475
"7","ran7.hdr.55",-0.000551949999999999
"7","ran7.hdr.56",-0.00021607
"7","ran7.hdr.57",-0.00384145
"7","ran7.hdr.58",-0.000058840000000001
"7","ran7.hdr.59",-0.000106240000000001
"7","ran7.hdr.6",-0.0039147
"7","ran7.hdr.60",-0.0006896
"7","ran7.hdr.61",-0.000193329999999999
"7","ran7.hdr.62",-0.00015495
"7","ran7.hdr.63",-0.0015743
"7","ran7.hdr.64",-0.01280889
"7","ran7.hdr.65",-0.0001548
"7","ran7.hdr.66",-0.000150300000000001
"7","ran7.hdr.67",-0.00015663
"7","ran7.hdr.68",-0.000607500000000002
"7","ran7.hdr.69",-0.0007723
"7","ran7.hdr.7",-0.0006119
"7","ran7.hdr.70",-0.0011431
"7","ran7.hdr.71",-0.000949499999999999
"7","ran7.hdr.72",0.000268299999999999
"7","ran7.hdr.73",-0.0000844099999999996
"7","ran7.hdr.74",-0.0003706
"7","ran7.hdr.75",-0.000766199999999998
"7","ran7.hdr.76",-0.000584000000000001
"7","ran7.hdr.77",-0.0001402
"7","ran7.hdr.78",-0.0000290799999999999
"7","ran7.hdr.8",-0.0001136
"7","ran7.hdr.9",-0.00014609
"8","ran8.hdr.1",-0.000272339999999999
"8","ran8.hdr.10",-0.00033671
"8","ran8.hdr.11",-0.0000940699999999999
"8","ran8.hdr.12",-0.000320599999999999
"8","ran8.hdr.13",-0.0002267
"8","ran8.hdr.14",-0.00013877
"8","ran8.hdr.15",-0.0011143
"8","ran8.hdr.16",-0.0002021
"8","ran8.hdr.17",0.0001315
"8","ran8.hdr.18",-0.0009639
"8","ran8.hdr.19",-0.0023332
"8","ran8.hdr.2",0.0000471159999999999
"8","ran8.hdr.20",-0.000700599999999999
"8","ran8.hdr.21",-0.0021765
"8","ran8.hdr.22",0.000243637
"8","ran8.hdr.23",-0.0011853
"8","ran8.hdr.24",-0.000551599999999999
"8","ran8.hdr.25",0.000184710000000001
"8","ran8.hdr.26",-0.000747600000000001
"8","ran8.hdr.27",-0.0000739799999999995
"8","ran8.hdr.28",-0.002999
"8","ran8.hdr.29",-0.000249299999999999
"8","ran8.hdr.3",-0.0032872
"8","ran8.hdr.30",-0.000447879999999999
"8","ran8.hdr.31",0.000035033
"8","ran8.hdr.32",-0.000348000000000001
"8","ran8.hdr.33",-0.000516599999999999
"8","ran8.hdr.34",-0.000349499999999999
"8","ran8.hdr.35",-0.0034946
"8","ran8.hdr.36",-0.000883700000000001
"8","ran8.hdr.37",-0.00033054
"8","ran8.hdr.38",-0.000023421
"8","ran8.hdr.39",-0.0019144
"8","ran8.hdr.4",-0.0023191
"8","ran8.hdr.40",-0.000617899999999998
"8","ran8.hdr.41",-0.000666099999999999
"8","ran8.hdr.42",-0.000250999999999999
"8","ran8.hdr.43",-0.00112666
"8","ran8.hdr.44",-0.000752999999999998
"8","ran8.hdr.45",-0.0006786
"8","ran8.hdr.46",0.0000248600000000015
"8","ran8.hdr.47",-0.00019346
"8","ran8.hdr.48",0.0000045761
"8","ran8.hdr.49",-0.000464200000000001
"8","ran8.hdr.5",-0.000290820000000001
"8","ran8.hdr.50",0.0005027
"8","ran8.hdr.51",-0.0015804
"8","ran8.hdr.52",-0.0010499
"8","ran8.hdr.53",-0.00384145
"8","ran8.hdr.54",-0.000375
"8","ran8.hdr.55",-0.00010923
"8","ran8.hdr.56",0.000355400000000001
"8","ran8.hdr.57",0.0000568604
"8","ran8.hdr.58",-0.0010605
"8","ran8.hdr.59",-0.0107487
"8","ran8.hdr.6",-0.00227271
"8","ran8.hdr.60",-0.0003154
"8","ran8.hdr.61",-0.0000438000000000001
"8","ran8.hdr.62",-0.00104738
"8","ran8.hdr.63",-0.000546500000000002
"8","ran8.hdr.64",-0.000150300000000001
"8","ran8.hdr.65",-0.00203165
"8","ran8.hdr.66",0.0000759199999999993
"8","ran8.hdr.67",0.0000247000000000008
"8","ran8.hdr.68",-0.0015712
"8","ran8.hdr.69",-0.000596000000000003
"8","ran8.hdr.7",-0.000032131
"8","ran8.hdr.70",-0.00024505
"8","ran8.hdr.71",0.0007516
"8","ran8.hdr.72",-0.0018724
"8","ran8.hdr.73",-0.0011988
"8","ran8.hdr.74",-0.000871300000000002
"8","ran8.hdr.75",-0.000586100000000003
"8","ran8.hdr.76",-0.0004913
"8","ran8.hdr.77",-0.00118788
"8","ran8.hdr.78",-0.000748700000000001
"8","ran8.hdr.8",-0.0000713600000000003
"8","ran8.hdr.9",-0.000300809999999999
"9","ran9.hdr.1",0.00000133999999999985
"9","ran9.hdr.10",-0.00120107
"9","ran9.hdr.11",-0.0037976
"9","ran9.hdr.12",-0.0039147
"9","ran9.hdr.13",-0.00062661
"9","ran9.hdr.14",-0.00036891
"9","ran9.hdr.15",-0.000315299999999999
"9","ran9.hdr.16",-0.000534900000000001
"9","ran9.hdr.17",-0.000710199999999999
"9","ran9.hdr.18",-0.00014265
"9","ran9.hdr.19",-0.0002828
"9","ran9.hdr.2",-0.000115250000000001
"9","ran9.hdr.20",-0.000320599999999999
"9","ran9.hdr.21",-0.00038553
"9","ran9.hdr.22",-0.00024315
"9","ran9.hdr.23",-0.000113727
"9","ran9.hdr.24",-0.000912500000000002
"9","ran9.hdr.25",-0.000890400000000001
"9","ran9.hdr.26",0.000281119999999999
"9","ran9.hdr.27",-0.0006201
"9","ran9.hdr.28",-0.00019894
"9","ran9.hdr.29",-0.00022865
"9","ran9.hdr.3",-0.000272339999999999
"9","ran9.hdr.30",0.0001978
"9","ran9.hdr.31",0.0000242300000000001
"9","ran9.hdr.32",-0.0002664
"9","ran9.hdr.33",-0.0014502
"9","ran9.hdr.34",-0.000358299999999999
"9","ran9.hdr.35",-0.0017371
"9","ran9.hdr.36",-0.0004212
"9","ran9.hdr.37",0.00019348
"9","ran9.hdr.38",-0.000803359999999999
"9","ran9.hdr.39",0.0000463000000000009
"9","ran9.hdr.4",-0.000239700000000001
"9","ran9.hdr.40",0.0000184400000000002
"9","ran9.hdr.41",-0.000127230000000001
"9","ran9.hdr.42",-0.00015038
"9","ran9.hdr.43",-0.0000071997
"9","ran9.hdr.44",-0.0007461
"9","ran9.hdr.45",-0.0005789
"9","ran9.hdr.46",-0.0004022
"9","ran9.hdr.47",-0.000161400000000003
"9","ran9.hdr.48",-0.00035147
"9","ran9.hdr.49",-0.0007551
"9","ran9.hdr.5",-0.00131489
"9","ran9.hdr.50",-0.0034509
"9","ran9.hdr.51",-0.000026974
"9","ran9.hdr.52",-0.00017032
"9","ran9.hdr.53",0.00024011
"9","ran9.hdr.54",-0.0003459
"9","ran9.hdr.55",-0.00062953
"9","ran9.hdr.56",0.0000134999999999996
"9","ran9.hdr.57",-0.0019361
"9","ran9.hdr.58",0.0000432000000000002
"9","ran9.hdr.6",-0.000621999999999998
"9","ran9.hdr.60",-0.000602269999999999
"9","ran9.hdr.61",-0.0004576
"9","ran9.hdr.62",-0.000399500000000001
"9","ran9.hdr.63",-0.000746799999999999
"9","ran9.hdr.64",0.000119899999999999
"9","ran9.hdr.65",-0.00274956
"9","ran9.hdr.66",-0.00018396
"9","ran9.hdr.67",-0.000350800000000002
"9","ran9.hdr.68",0.000206099999999999
"9","ran9.hdr.69",-0.001084
"9","ran9.hdr.7",-0.000625400000000002
"9","ran9.hdr.70",NA
"9","ran9.hdr.71",-0.0010769
"9","ran9.hdr.72",-0.0006002
"9","ran9.hdr.73",-0.0011097
"9","ran9.hdr.74",-0.0003855
"9","ran9.hdr.75",-0.0013233
"9","ran9.hdr.76",-0.0016911
"9","ran9.hdr.77",-0.00193094
"9","ran9.hdr.78",-0.0004975
"9","ran9.hdr.8",-0.00012473
"9","ran9.hdr.9",-0.000617699999999999
"10","ran10.hdr.1",-0.000279100000000001
"10","ran10.hdr.10",0.000498499999999999
"10","ran10.hdr.11",-0.00065658
"10","ran10.hdr.12",-0.000118400000000001
"10","ran10.hdr.13",-0.0007302
"10","ran10.hdr.14",-0.000416400000000001
"10","ran10.hdr.15",0.0000243300000000001
"10","ran10.hdr.16",-0.0002775
"10","ran10.hdr.17",-0.0013108
"10","ran10.hdr.18",-0.0012188
"10","ran10.hdr.19",-0.0002758
"10","ran10.hdr.2",-0.000311580000000001
"10","ran10.hdr.20",-0.0075695
"10","ran10.hdr.21",-0.000686199999999998
"10","ran10.hdr.22",-0.0012417
"10","ran10.hdr.23",-0.0084394
"10","ran10.hdr.24",0.0000995399999999995
"10","ran10.hdr.25",0.0000553900000000002
"10","ran10.hdr.26",-0.0001311
"10","ran10.hdr.27",-0.00010227
"10","ran10.hdr.28",-0.000450470000000001
"10","ran10.hdr.29",-0.0000160400000000002
"10","ran10.hdr.3",-0.0026949
"10","ran10.hdr.30",-0.000420199999999999
"10","ran10.hdr.31",-0.000297
"10","ran10.hdr.32",-0.0006427
"10","ran10.hdr.33",-0.000428899999999999
"10","ran10.hdr.34",0.00039719
"10","ran10.hdr.35",-0.0000624000000000006
"10","ran10.hdr.36",-0.0013224
"10","ran10.hdr.37",-0.0005059
"10","ran10.hdr.38",-0.0005509
"10","ran10.hdr.39",-0.000214700000000002
"10","ran10.hdr.4",-0.0001004
"10","ran10.hdr.40",-0.0023505
"10","ran10.hdr.41",-0.0013738
"10","ran10.hdr.42",-0.0003967
"10","ran10.hdr.43",-0.0018642
"10","ran10.hdr.44",0.000295299999999998
"10","ran10.hdr.45",0.0000839000000000013
"10","ran10.hdr.46",-0.0070655
"10","ran10.hdr.47",-0.0000747000000000005
"10","ran10.hdr.48",-0.0030547
"10","ran10.hdr.49",-0.000842700000000002
"10","ran10.hdr.5",-0.00021846
"10","ran10.hdr.50",-0.0000518599999999999
"10","ran10.hdr.51",0.00029917
"10","ran10.hdr.52",-0.0011511
"10","ran10.hdr.56",0.000161000000000001
"10","ran10.hdr.57",-0.0010508
"10","ran10.hdr.58",-0.000263810000000001
"10","ran10.hdr.59",-0.0003154
"10","ran10.hdr.6",0.000505750000000001
"10","ran10.hdr.60",-0.0002932
"10","ran10.hdr.61",-0.000103800000000001
"10","ran10.hdr.62",-0.000448899999999999
"10","ran10.hdr.63",-0.0037906
"10","ran10.hdr.64",-0.0096339
"10","ran10.hdr.65",-0.00060945
"10","ran10.hdr.66",-0.000690100000000003
"10","ran10.hdr.67",0.0000275999999999992
"10","ran10.hdr.68",-0.00063214
"10","ran10.hdr.69",-0.00038061
"10","ran10.hdr.7",-0.00154022
"10","ran10.hdr.70",-0.0044168
"10","ran10.hdr.71",-0.000031369
"10","ran10.hdr.72",-0.0005033
"10","ran10.hdr.73",-0.000825300000000001
"10","ran10.hdr.74",-0.0011097
"10","ran10.hdr.75",-0.0010843
"10","ran10.hdr.76",-0.0017992
"10","ran10.hdr.77",-0.00119554
"10","ran10.hdr.78",-0.0013547
"10","ran10.hdr.8",-0.000710199999999999
"10","ran10.hdr.9",-0.000413510000000001
"11","ran11.hdr.1",0.000943900000000001
"11","ran11.hdr.10",-0.0000411000000000005
"11","ran11.hdr.11",-0.00038711
"11","ran11.hdr.12",-0.00037024
"11","ran11.hdr.13",-0.00029445
"11","ran11.hdr.14",0.0000865999999999992
"11","ran11.hdr.15",-0.000477
"11","ran11.hdr.16",-0.0000854700000000007
"11","ran11.hdr.17",0.000494990000000001
"11","ran11.hdr.18",0.000240199999999999
"11","ran11.hdr.19",-0.000578999999999998
"11","ran11.hdr.2",0.0005868
"11","ran11.hdr.20",-0.000167799999999999
"11","ran11.hdr.21",-0.0001443
"11","ran11.hdr.22",-0.000110299999999999
"11","ran11.hdr.23",-0.0004364
"11","ran11.hdr.24",-0.000747600000000001
"11","ran11.hdr.25",-0.0001771
"11","ran11.hdr.26",-0.00018774
"11","ran11.hdr.27",-0.0002538
"11","ran11.hdr.28",-0.000213520000000001
"11","ran11.hdr.29",0.00028563
"11","ran11.hdr.3",-0.004515
"11","ran11.hdr.30",-0.00060842
"11","ran11.hdr.31",0.0000461000000000003
"11","ran11.hdr.32",-0.002134
"11","ran11.hdr.33",-0.0004601
"11","ran11.hdr.34",-0.000409099999999999
"11","ran11.hdr.35",0.0000401099999999999
"11","ran11.hdr.36",-0.0000268999999999998
"11","ran11.hdr.37",-0.000908200000000001
"11","ran11.hdr.38",0.000162800000000001
"11","ran11.hdr.39",-0.000446100000000001
"11","ran11.hdr.4",0.0006064
"11","ran11.hdr.40",-0.000306899999999999
"11","ran11.hdr.41",-0.0010202
"11","ran11.hdr.42",-0.0005383
"11","ran11.hdr.43",-0.0011887
"11","ran11.hdr.44",-0.00011256
"11","ran11.hdr.45",-0.000982500000000001
"11","ran11.hdr.46",-0.000377499999999999
"11","ran11.hdr.47",0.0000683999999999997
"11","ran11.hdr.48",-0.000436799999999998
"11","ran11.hdr.49",-0.000294639999999999
"11","ran11.hdr.5",0.0003963
"11","ran11.hdr.50",-0.00041977
"11","ran11.hdr.51",-0.0015804
"11","ran11.hdr.52",-0.0001524
"11","ran11.hdr.53",0.0000263799999999995
"11","ran11.hdr.54",NA
"11","ran11.hdr.55",0.000139
"11","ran11.hdr.58",-0.000080723
"11","ran11.hdr.59",-0.00023275
"11","ran11.hdr.6",-0.000831800000000001
"11","ran11.hdr.60",0.00002439
"11","ran11.hdr.61",-0.000907400000000001
"11","ran11.hdr.62",-0.000970210000000001
"11","ran11.hdr.63",-0.0003359
"11","ran11.hdr.64",0.0009225
"11","ran11.hdr.65",-0.000914999999999999
"11","ran11.hdr.66",-0.0011581
"11","ran11.hdr.67",-0.000794200000000002
"11","ran11.hdr.68",-0.001831
"11","ran11.hdr.69",-0.00179129
"11","ran11.hdr.7",-0.001681
"11","ran11.hdr.70",-0.0008768
"11","ran11.hdr.71",-0.0014581
"11","ran11.hdr.72",-0.00093906
"11","ran11.hdr.73",-0.00021431
"11","ran11.hdr.74",-0.0002731
"11","ran11.hdr.75",-0.000642299999999998
"11","ran11.hdr.76",-0.0021382
"11","ran11.hdr.77",-0.000894099999999998
"11","ran11.hdr.78",-0.00028371
"11","ran11.hdr.8",-0.0024878
"11","ran11.hdr.9",-0.000571100000000001
"12","ran12.hdr.1",-0.000683999999999997
"12","ran12.hdr.10",-0.000374649999999999
"12","ran12.hdr.11",-0.00020486
"12","ran12.hdr.12",-0.0004828
"12","ran12.hdr.13",-0.000300809999999999
"12","ran12.hdr.14",-0.000320599999999999
"12","ran12.hdr.15",-0.0000342699999999994
"12","ran12.hdr.16",-0.000988359999999999
"12","ran12.hdr.17",-0.0019612
"12","ran12.hdr.18",-0.0000643999999999992
"12","ran12.hdr.19",-0.000511899999999999
"12","ran12.hdr.2",-0.0025708
"12","ran12.hdr.20",-0.000598599999999998
"12","ran12.hdr.21",-0.000379999999999998
"12","ran12.hdr.22",-0.0000682000000000009
"12","ran12.hdr.23",-0.0000722500000000003
"12","ran12.hdr.24",0.00006777
"12","ran12.hdr.25",-0.00026379
"12","ran12.hdr.26",-0.000207189999999999
"12","ran12.hdr.27",-0.000232900000000001
"12","ran12.hdr.28",-0.0002538
"12","ran12.hdr.29",-0.00023903
"12","ran12.hdr.3",-0.000171609999999999
"12","ran12.hdr.30",0.0000345999999999992
"12","ran12.hdr.31",-0.00018725
"12","ran12.hdr.32",-0.000119399999999999
"12","ran12.hdr.33",-0.000962000000000001
"12","ran12.hdr.34",-0.0005964
"12","ran12.hdr.35",-0.0002851
"12","ran12.hdr.36",-0.00046567
"12","ran12.hdr.37",-0.0019089
"12","ran12.hdr.38",-0.0007116
"12","ran12.hdr.39",-0.0005269
"12","ran12.hdr.4",-0.0020392
"12","ran12.hdr.40",-0.00015038
"12","ran12.hdr.41",0.00018497
"12","ran12.hdr.42",-0.002021
"12","ran12.hdr.43",0.0000270999999999987
"12","ran12.hdr.44",-0.00034679
"12","ran12.hdr.45",-0.000308399999999999
"12","ran12.hdr.46",-0.0007551
"12","ran12.hdr.47",0.0000501999999999985
"12","ran12.hdr.48",-0.0020892
"12","ran12.hdr.49",-0.000437399999999998
"12","ran12.hdr.5",-0.00061467
"12","ran12.hdr.50",-0.0000856099999999999
"12","ran12.hdr.51",0.000107200000000002
"12","ran12.hdr.52",-0.00022498
"12","ran12.hdr.53",-0.00378069
"12","ran12.hdr.54",-0.0025824
"12","ran12.hdr.55",-0.000270000000000001
"12","ran12.hdr.56",-0.00020229
"12","ran12.hdr.57",-0.000578199999999999
"12","ran12.hdr.58",-0.0020265
"12","ran12.hdr.59",-0.0004492
"12","ran12.hdr.6",0.000404300000000002
"12","ran12.hdr.60",-0.000728099999999999
"12","ran12.hdr.61",-0.000824100000000001
"12","ran12.hdr.62",-0.0017637
"12","ran12.hdr.63",-0.0015743
"12","ran12.hdr.64",-0.00039517
"12","ran12.hdr.65",0.0002951
"12","ran12.hdr.66",-0.000727199999999997
"12","ran12.hdr.67",-0.000382200000000003
"12","ran12.hdr.68",-0.0019411
"12","ran12.hdr.69",-0.000692700000000001
"12","ran12.hdr.7",-0.001546
"12","ran12.hdr.70",-0.00203165
"12","ran12.hdr.71",-0.0004414
"12","ran12.hdr.72",-0.0038792
"12","ran12.hdr.73",-0.000579
"12","ran12.hdr.74",-0.0005561
"12","ran12.hdr.75",-0.000427900000000002
"12","ran12.hdr.76",-0.0016949
"12","ran12.hdr.77",-0.0017455
"12","ran12.hdr.78",-0.000318599999999999
"12","ran12.hdr.8",-0.0005444
"12","ran12.hdr.9",-0.000248699999999999
"13","ran13.hdr.1",-0.0009493
"13","ran13.hdr.10",-0.000217070000000001
"13","ran13.hdr.11",-0.000515700000000001
"13","ran13.hdr.12",-0.000113727
"13","ran13.hdr.13",-0.000578499999999999
"13","ran13.hdr.14",-0.00012247
"13","ran13.hdr.15",-0.000686199999999998
"13","ran13.hdr.16",-0.000458800000000001
"13","ran13.hdr.17",-0.0000257999999999994
"13","ran13.hdr.18",-0.000267669999999999
"13","ran13.hdr.19",0.00037395
"13","ran13.hdr.2",-0.000226799999999999
"13","ran13.hdr.20",-0.000243760000000001
"13","ran13.hdr.21",-0.00081971
"13","ran13.hdr.22",0.000648899999999999
"13","ran13.hdr.23",-0.00010012
"13","ran13.hdr.24",-0.0000851000000000011
"13","ran13.hdr.25",-0.000962000000000001
"13","ran13.hdr.26",-0.0002611
"13","ran13.hdr.27",0.000234799999999999
"13","ran13.hdr.28",-0.0000624000000000006
"13","ran13.hdr.29",-0.00025136
"13","ran13.hdr.3",-0.00143173
"13","ran13.hdr.30",-0.000327900000000001
"13","ran13.hdr.31",-0.0023505
"13","ran13.hdr.32",0.000264200000000001
"13","ran13.hdr.33",-0.0001203
"13","ran13.hdr.34",0.0000270999999999987
"13","ran13.hdr.35",-0.000707100000000002
"13","ran13.hdr.36",-0.000522199999999999
"13","ran13.hdr.37",-0.0002384
"13","ran13.hdr.38",-0.0002267
"13","ran13.hdr.39",-0.0007551
"13","ran13.hdr.4",-0.0059011
"13","ran13.hdr.40",-0.0014471
"13","ran13.hdr.41",-0.00074314
"13","ran13.hdr.42",0.0000849800000000001
"13","ran13.hdr.43",0.000374129999999999
"13","ran13.hdr.44",-0.0005413
"13","ran13.hdr.45",-0.00074359
"13","ran13.hdr.46",-0.000551949999999999
"13","ran13.hdr.47",-0.0011044
"13","ran13.hdr.48",-0.000070321
"13","ran13.hdr.49",-0.000568100000000002
"13","ran13.hdr.5",-0.00061467
"13","ran13.hdr.50",0.000140899999999999
"13","ran13.hdr.51",-0.000381660000000001
"13","ran13.hdr.52",-0.00018122
"13","ran13.hdr.53",-0.0013724
"13","ran13.hdr.54",-0.0001099
"13","ran13.hdr.55",0.000172299999999998
"13","ran13.hdr.56",-0.000247399999999998
"13","ran13.hdr.57",-0.000907400000000001
"13","ran13.hdr.58",-0.000763170000000001
"13","ran13.hdr.59",-0.0010529
"13","ran13.hdr.6",-0.0000849000000000006
"13","ran13.hdr.60",-0.01281643
"13","ran13.hdr.61",-0.0006149
"13","ran13.hdr.62",-0.0004131
"13","ran13.hdr.63",-0.0016696
"13","ran13.hdr.64",0.0006277
"13","ran13.hdr.65",-0.00163488
"13","ran13.hdr.66",-0.0007504
"13","ran13.hdr.67",-0.000649899999999998
"13","ran13.hdr.68",-0.0037745
"13","ran13.hdr.69",-0.000161699999999999
"13","ran13.hdr.7",-0.0015953
"13","ran13.hdr.70",-0.0018724
"13","ran13.hdr.71",-0.000630200000000001
"13","ran13.hdr.72",-0.00000390000000000112
"13","ran13.hdr.73",-0.0023484
"13","ran13.hdr.74",-0.0014027
"13","ran13.hdr.75",-0.00096858
"13","ran13.hdr.76",-0.000365799999999999
"13","ran13.hdr.77",-0.0003888
"13","ran13.hdr.78",-0.000399129999999999
"13","ran13.hdr.8",-0.0006642
"13","ran13.hdr.9",0.00000845800000000001
"14","ran14.hdr.1",-0.000142300000000001
"14","ran14.hdr.10",-0.00038553
"14","ran14.hdr.11",0.0002302
"14","ran14.hdr.12",-0.0003397
"14","ran14.hdr.13",-0.0003756
"14","ran14.hdr.14",-0.000257800000000001
"14","ran14.hdr.15",-0.0002991
"14","ran14.hdr.16",0.000296680000000001
"14","ran14.hdr.17",-0.00007594
"14","ran14.hdr.18",-0.0010873
"14","ran14.hdr.19",-0.0007861
"14","ran14.hdr.2",-0.0013435
"14","ran14.hdr.20",-0.000347700000000001
"14","ran14.hdr.21",-0.00069048
"14","ran14.hdr.22",-0.00019777
"14","ran14.hdr.23",-0.00031339
"14","ran14.hdr.24",-0.000106800000000001
"14","ran14.hdr.25",-0.0047977
"14","ran14.hdr.26",-0.00510713
"14","ran14.hdr.27",0.0000443000000000006
"14","ran14.hdr.28",-0.000469900000000001
"14","ran14.hdr.29",-0.000295699999999999
"14","ran14.hdr.3",-0.000430400000000001
"14","ran14.hdr.30",-0.0030608
"14","ran14.hdr.31",-0.00012828
"14","ran14.hdr.32",0.000069399999999999
"14","ran14.hdr.33",-0.000475400000000001
"14","ran14.hdr.34",0.0000501000000000008
"14","ran14.hdr.35",-0.0005269
"14","ran14.hdr.36",0.0006888
"14","ran14.hdr.37",-0.0010616
"14","ran14.hdr.38",-0.0005929
"14","ran14.hdr.39",-0.001739
"14","ran14.hdr.4",-0.000443959999999998
"14","ran14.hdr.40",-0.00010706
"14","ran14.hdr.41",-0.0028342
"14","ran14.hdr.42",-0.0071472
"14","ran14.hdr.43",-0.0000371
"14","ran14.hdr.44",0.00040604
"14","ran14.hdr.45",-0.0005872
"14","ran14.hdr.46",-0.0003341
"14","ran14.hdr.47",-0.0002851
"14","ran14.hdr.48",-0.00041977
"14","ran14.hdr.49",0.000118134
"14","ran14.hdr.5",-0.0027476
"14","ran14.hdr.50",-0.0000118100000000001
"14","ran14.hdr.51",-0.0009931
"14","ran14.hdr.52",-0.00022462
"14","ran14.hdr.53",0.000032840000000001
"14","ran14.hdr.55",-0.0020265
"14","ran14.hdr.56",-0.0034825
"14","ran14.hdr.57",-0.00015495
"14","ran14.hdr.58",-0.0010605
"14","ran14.hdr.59",-0.0010162
"14","ran14.hdr.6",-0.0038016
"14","ran14.hdr.60",-0.000221499999999999
"14","ran14.hdr.61",-0.0000438000000000001
"14","ran14.hdr.62",0.000569800000000001
"14","ran14.hdr.63",-0.0003359
"14","ran14.hdr.64",-0.000128400000000001
"14","ran14.hdr.65",-0.000093939999999999
"14","ran14.hdr.66",-0.0010023
"14","ran14.hdr.67",-0.000204899999999999
"14","ran14.hdr.68",-0.000819
"14","ran14.hdr.69",-0.000546100000000001
"14","ran14.hdr.7",-0.0045035
"14","ran14.hdr.70",-0.0007697
"14","ran14.hdr.71",-0.0011457
"14","ran14.hdr.72",-0.000457200000000001
"14","ran14.hdr.73",-0.000806600000000001
"14","ran14.hdr.74",-0.002875
"14","ran14.hdr.75",0.000584100000000001
"14","ran14.hdr.76",-0.0025593
"14","ran14.hdr.77",-0.000318599999999999
"14","ran14.hdr.78",-0.00027955
"14","ran14.hdr.8",0.000186599999999999
"14","ran14.hdr.9",-0.0003032
"15","ran15.hdr.1",-0.0014785
"15","ran15.hdr.10",-0.00031262
"15","ran15.hdr.11",-0.000458999999999999
"15","ran15.hdr.12",0.0002167
"15","ran15.hdr.13",-0.000306939999999999
"15","ran15.hdr.14",-0.000725689999999999
"15","ran15.hdr.15",-0.0013661
"15","ran15.hdr.16",-0.000547299999999997
"15","ran15.hdr.17",-0.000554099999999998
"15","ran15.hdr.18",-0.0019612
"15","ran15.hdr.19",-0.000671099999999999
"15","ran15.hdr.2",-0.000115250000000001
"15","ran15.hdr.20",-0.000356
"15","ran15.hdr.21",-0.0016942
"15","ran15.hdr.22",-0.000732
"15","ran15.hdr.23",-0.0005983
"15","ran15.hdr.24",-0.000243729999999999
"15","ran15.hdr.25",-0.00034284
"15","ran15.hdr.26",-0.0001248
"15","ran15.hdr.27",-0.00016391
"15","ran15.hdr.28",-0.00016025
"15","ran15.hdr.29",-0.0013929
"15","ran15.hdr.3",-0.0003935
"15","ran15.hdr.30",0.0002503
"15","ran15.hdr.31",0.0009695
"15","ran15.hdr.32",-0.0019854
"15","ran15.hdr.33",-0.0004522
"15","ran15.hdr.34",-0.00000899999999999859
"15","ran15.hdr.35",-0.0030608
"15","ran15.hdr.36",0.000166100000000001
"15","ran15.hdr.37",0.000069399999999999
"15","ran15.hdr.38",-0.0019089
"15","ran15.hdr.39",0.0000377199999999998
"15","ran15.hdr.4",-0.000160799999999999
"15","ran15.hdr.40",-0.000104
"15","ran15.hdr.41",-0.000152899999999999
"15","ran15.hdr.42",0.0003309
"15","ran15.hdr.43",0.0014475
"15","ran15.hdr.44",-0.000583800000000001
"15","ran15.hdr.45",-0.000522199999999999
"15","ran15.hdr.46",-0.0011563
"15","ran15.hdr.47",-0.000598000000000001
"15","ran15.hdr.48",-0.000246700000000001
"15","ran15.hdr.49",-0.0002202
"15","ran15.hdr.5",-0.003072
"15","ran15.hdr.50",-0.000365300000000001
"15","ran15.hdr.51",-0.0012528
"15","ran15.hdr.52",-0.00062953
"15","ran15.hdr.53",-0.000133000000000001
"15","ran15.hdr.54",-0.000274020000000001
"15","ran15.hdr.55",0.0000449499999999998
"15","ran15.hdr.56",-0.0040008
"15","ran15.hdr.57",-0.0000622399999999999
"15","ran15.hdr.58",-0.0003833
"15","ran15.hdr.6",-0.0030667
"15","ran15.hdr.60",-0.000203699999999999
"15","ran15.hdr.61",-0.0000835000000000002
"15","ran15.hdr.62",-0.000406799999999999
"15","ran15.hdr.63",-0.0022371
"15","ran15.hdr.64",-0.0041063
"15","ran15.hdr.65",-0.0033292
"15","ran15.hdr.66",0.000449379999999999
"15","ran15.hdr.67",0.000324999999999999
"15","ran15.hdr.68",-0.0000853
"15","ran15.hdr.69",-0.0011892
"15","ran15.hdr.7",-0.0038288
"15","ran15.hdr.70",-0.0000573999999999991
"15","ran15.hdr.71",-0.0002646
"15","ran15.hdr.72",-0.0003088
"15","ran15.hdr.73",-0.000388300000000001
"15","ran15.hdr.74",-0.0014277
"15","ran15.hdr.75",-0.0001911
"15","ran15.hdr.76",-0.0011457
"15","ran15.hdr.77",-0.000908300000000001
"15","ran15.hdr.78",-0.000373699999999999
"15","ran15.hdr.8",-0.000461899999999998
"15","ran15.hdr.9",-0.00038711
"16","ran16.hdr.1",0.0000496999999999997
"16","ran16.hdr.10",-0.00071959
"16","ran16.hdr.11",-0.0004347
"16","ran16.hdr.12",-0.000473100000000001
"16","ran16.hdr.13",-0.0017649
"16","ran16.hdr.14",-0.000779799999999999
"16","ran16.hdr.15",0.000241600000000002
"16","ran16.hdr.16",-0.0016769
"16","ran16.hdr.17",-0.0017674
"16","ran16.hdr.18",-0.0011219
"16","ran16.hdr.19",-0.0017312
"16","ran16.hdr.2",-0.000149890000000001
"16","ran16.hdr.20",-0.0002991
"16","ran16.hdr.21",0.0002092
"16","ran16.hdr.22",-0.0006806
"16","ran16.hdr.23",-0.00107892
"16","ran16.hdr.24",-0.00029545
"16","ran16.hdr.25",-0.00019075
"16","ran16.hdr.26",-0.000284799999999998
"16","ran16.hdr.27",-0.000468900000000001
"16","ran16.hdr.28",-0.0000911100000000001
"16","ran16.hdr.29",-0.00041873
"16","ran16.hdr.3",-0.00034287
"16","ran16.hdr.30",-0.0051598
"16","ran16.hdr.31",-0.0049962
"16","ran16.hdr.32",-0.000250599999999998
"16","ran16.hdr.33",0.000464200000000001
"16","ran16.hdr.34",0.00031486
"16","ran16.hdr.35",-0.00033054
"16","ran16.hdr.36",-0.00019887
"16","ran16.hdr.37",-0.0000508700000000015
"16","ran16.hdr.38",-0.000757799999999999
"16","ran16.hdr.39",-0.000399060000000001
"16","ran16.hdr.4",-0.000704
"16","ran16.hdr.40",-0.000944
"16","ran16.hdr.41",-0.000505799999999999
"16","ran16.hdr.42",-0.000574999999999999
"16","ran16.hdr.43",-0.000307
"16","ran16.hdr.44",-0.0015749
"16","ran16.hdr.45",0.000548300000000002
"16","ran16.hdr.46",-0.000870699999999999
"16","ran16.hdr.47",-0.0000487999999999999
"16","ran16.hdr.48",0.00003286
"16","ran16.hdr.49",-0.0022353
"16","ran16.hdr.5",-0.0029102
"16","ran16.hdr.50",-0.0027946
"16","ran16.hdr.51",0.0000703000000000006
"16","ran16.hdr.52",-0.00004207
"16","ran16.hdr.53",0.00003232
"16","ran16.hdr.54",-0.00011378
"16","ran16.hdr.55",0.0000281999999999999
"16","ran16.hdr.56",0.00022075
"16","ran16.hdr.57",-0.00022893
"16","ran16.hdr.59",0.000165
"16","ran16.hdr.6",-0.0040885
"16","ran16.hdr.60",-0.0000202999999999991
"16","ran16.hdr.61",-0.000263810000000001
"16","ran16.hdr.62",-0.0003718
"16","ran16.hdr.63",-0.0008541
"16","ran16.hdr.64",-0.000728699999999999
"16","ran16.hdr.65",0.000166699999999999
"16","ran16.hdr.66",-0.000663200000000001
"16","ran16.hdr.67",-0.00019203
"16","ran16.hdr.68",-0.000557700000000001
"16","ran16.hdr.69",-0.0011783
"16","ran16.hdr.7",-0.00013959
"16","ran16.hdr.70",-0.0012643
"16","ran16.hdr.71",0.00000899999999999859
"16","ran16.hdr.72",-0.000768900000000003
"16","ran16.hdr.73",-0.0007443
"16","ran16.hdr.74",-0.000798899999999998
"16","ran16.hdr.75",-0.0019338
"16","ran16.hdr.76",-0.000630200000000001
"16","ran16.hdr.77",-0.0003579
"16","ran16.hdr.78",-0.00083164
"16","ran16.hdr.8",-0.00093515
"16","ran16.hdr.9",-0.000602800000000001
"17","ran17.hdr.1",-0.0002161
"17","ran17.hdr.10",-0.000205999999999998
"17","ran17.hdr.11",-0.000100838
"17","ran17.hdr.12",-0.00065658
"17","ran17.hdr.13",-0.0008751
"17","ran17.hdr.14",-0.000785500000000001
"17","ran17.hdr.15",0.0000749199999999992
"17","ran17.hdr.16",-0.0008602
"17","ran17.hdr.17",-0.00035428
"17","ran17.hdr.18",-0.0000295899999999999
"17","ran17.hdr.19",-0.000438299999999999
"17","ran17.hdr.2",-0.0011152
"17","ran17.hdr.20",-0.001596
"17","ran17.hdr.21",-0.001231
"17","ran17.hdr.22",-0.000385699999999999
"17","ran17.hdr.23",-0.000191490000000001
"17","ran17.hdr.24",-0.00026931
"17","ran17.hdr.25",0.000165219999999999
"17","ran17.hdr.26",-0.000533100000000002
"17","ran17.hdr.27",-0.00034293
"17","ran17.hdr.28",0.0001919
"17","ran17.hdr.29",0.0000553900000000002
"17","ran17.hdr.3",-0.0008068
"17","ran17.hdr.30",-0.00037474
"17","ran17.hdr.31",-0.00031339
"17","ran17.hdr.32",-0.00069205
"17","ran17.hdr.33",-0.0012418
"17","ran17.hdr.34",0.000505200000000001
"17","ran17.hdr.35",-0.0049962
"17","ran17.hdr.36",0.0004364
"17","ran17.hdr.37",0.000049999999999998
"17","ran17.hdr.38",-0.000135
"17","ran17.hdr.39",-0.0004983
"17","ran17.hdr.4",-0.002115
"17","ran17.hdr.40",-0.0003823
"17","ran17.hdr.41",0.000202000000000001
"17","ran17.hdr.42",-0.000735400000000001
"17","ran17.hdr.43",0.0004291
"17","ran17.hdr.44",0.000189099999999999
"17","ran17.hdr.45",0.0000226999999999988
"17","ran17.hdr.46",-0.00027166
"17","ran17.hdr.47",-0.00111662
"17","ran17.hdr.48",-0.000568100000000002
"17","ran17.hdr.49",-0.000586400000000001
"17","ran17.hdr.5",-0.005769
"17","ran17.hdr.50",-0.000381660000000001
"17","ran17.hdr.51",-0.0010313
"17","ran17.hdr.52",-0.0000728099999999995
"17","ran17.hdr.53",0.000342200000000001
"17","ran17.hdr.54",-0.001074
"17","ran17.hdr.56",-0.0000596800000000012
"17","ran17.hdr.57",-0.000455400000000002
"17","ran17.hdr.58",0.00000810000000000047
"17","ran17.hdr.59",0.000125799999999999
"17","ran17.hdr.6",-0.0028401
"17","ran17.hdr.60",0.000112359999999999
"17","ran17.hdr.61",0.000244869999999999
"17","ran17.hdr.62",-0.0003461
"17","ran17.hdr.63",-0.0029365
"17","ran17.hdr.64",-0.0015961
"17","ran17.hdr.65",-0.00056939
"17","ran17.hdr.66",-0.0004131
"17","ran17.hdr.67",-0.0001385
"17","ran17.hdr.68",-0.0000952000000000001
"17","ran17.hdr.69",-0.0010098
"17","ran17.hdr.7",-0.0005222
"17","ran17.hdr.70",-0.000407100000000001
"17","ran17.hdr.71",-0.0012699
"17","ran17.hdr.72",-0.0009751
"17","ran17.hdr.73",-0.0018724
"17","ran17.hdr.74",0.00000527999999999987
"17","ran17.hdr.75",-0.000059
"17","ran17.hdr.76",-0.0003368
"17","ran17.hdr.77",-0.0025593
"17","ran17.hdr.78",-0.0016978
"17","ran17.hdr.8",-0.00058927
"17","ran17.hdr.9",-0.000204500000000002
"18","ran18.hdr.1",0.00000133999999999985
"18","ran18.hdr.10",-0.0004092
"18","ran18.hdr.11",-0.00042711
"18","ran18.hdr.12",-0.0000117999999999993
"18","ran18.hdr.13",-0.00047623
"18","ran18.hdr.14",-0.0000559699999999998
"18","ran18.hdr.15",-0.0004347
"18","ran18.hdr.16",0.0002343
"18","ran18.hdr.17",0.0001045
"18","ran18.hdr.18",-0.0014586
"18","ran18.hdr.19",-0.000401800000000001
"18","ran18.hdr.2",0.000132149999999999
"18","ran18.hdr.20",-0.000598599999999998
"18","ran18.hdr.21",-0.002999
"18","ran18.hdr.22",-0.000207189999999999
"18","ran18.hdr.23",-0.000156699999999999
"18","ran18.hdr.24",-0.000191240000000001
"18","ran18.hdr.25",-0.00019777
"18","ran18.hdr.26",-0.000420199999999999
"18","ran18.hdr.27",-0.0003193
"18","ran18.hdr.28",-0.000777899999999998
"18","ran18.hdr.29",-0.0038148
"18","ran18.hdr.3",-0.0001332
"18","ran18.hdr.30",-0.0019572
"18","ran18.hdr.31",-0.0009803
"18","ran18.hdr.32",-0.0001545
"18","ran18.hdr.33",-0.000491499999999999
"18","ran18.hdr.34",-0.000464300000000001
"18","ran18.hdr.35",-0.0002392
"18","ran18.hdr.36",-0.000692699999999999
"18","ran18.hdr.37",0.0000681499999999995
"18","ran18.hdr.38",-0.000358599999999999
"18","ran18.hdr.39",-0.000691199999999999
"18","ran18.hdr.4",0.000152000000000003
"18","ran18.hdr.40",-0.000207300000000001
"18","ran18.hdr.41",0.000137
"18","ran18.hdr.42",-0.0026701
"18","ran18.hdr.43",-0.0000584000000000001
"18","ran18.hdr.44",0.0000281999999999999
"18","ran18.hdr.45",-0.000586400000000001
"18","ran18.hdr.46",-0.0010297
"18","ran18.hdr.47",-0.00000773000000000006
"18","ran18.hdr.49",0.0000619188
"18","ran18.hdr.5",-0.00120107
"18","ran18.hdr.50",-0.0013724
"18","ran18.hdr.51",-0.000583800000000002
"18","ran18.hdr.52",-0.00095777
"18","ran18.hdr.53",-0.000972200000000003
"18","ran18.hdr.54",-0.000262800000000001
"18","ran18.hdr.55",-0.00017959
"18","ran18.hdr.56",0.00000810000000000047
"18","ran18.hdr.57",-0.000184699999999999
"18","ran18.hdr.58",0.0000107000000000006
"18","ran18.hdr.59",-0.0068252
"18","ran18.hdr.6",-0.00143173
"18","ran18.hdr.60",-0.000083200000000002
"18","ran18.hdr.61",0.0000888
"18","ran18.hdr.62",-0.000261
"18","ran18.hdr.63",-0.0076155
"18","ran18.hdr.64",-0.0011299
"18","ran18.hdr.65",-0.0000374500000000014
"18","ran18.hdr.66",-0.0013312
"18","ran18.hdr.67",-0.000596000000000003
"18","ran18.hdr.68",-0.0002275
"18","ran18.hdr.69",-0.0011097
"18","ran18.hdr.7",-0.0028486
"18","ran18.hdr.70",-0.000368199999999999
"18","ran18.hdr.71",-0.0000844099999999996
"18","ran18.hdr.72",-0.0013741
"18","ran18.hdr.73",-0.0053353
"18","ran18.hdr.74",-0.00119554
"18","ran18.hdr.75",-0.0030263
"18","ran18.hdr.76",0.000202850000000001
"18","ran18.hdr.77",-0.0046933
"18","ran18.hdr.78",-0.0023497
"18","ran18.hdr.8",-0.0033674
"18","ran18.hdr.9",-0.000100999999999997
"19","ran19.hdr.1",-0.000282899999999999
"19","ran19.hdr.10",-0.0000411000000000005
"19","ran19.hdr.11",-0.000979900000000001
"19","ran19.hdr.12",-0.000602800000000001
"19","ran19.hdr.13",-0.0002307
"19","ran19.hdr.14",-0.0000849000000000006
"19","ran19.hdr.15",-0.0015386
"19","ran19.hdr.16",-0.00129969
"19","ran19.hdr.17",-0.0000559799999999997
"19","ran19.hdr.18",-0.0013508
"19","ran19.hdr.19",-0.0004347
"19","ran19.hdr.2",-0.0011965
"19","ran19.hdr.20",-0.000629900000000001
"19","ran19.hdr.21",-0.0010439
"19","ran19.hdr.22",-0.0011619
"19","ran19.hdr.23",-0.0039813
"19","ran19.hdr.24",-0.000288400000000001
"19","ran19.hdr.25",-0.0001443
"19","ran19.hdr.26",-0.0010873
"19","ran19.hdr.27",-0.000458800000000001
"19","ran19.hdr.28",-0.00022216
"19","ran19.hdr.29",-0.00055601
"19","ran19.hdr.3",-0.0003713
"19","ran19.hdr.30",-0.00010227
"19","ran19.hdr.31",-0.000453249999999999
"19","ran19.hdr.32",-0.0003079
"19","ran19.hdr.33",0.000035033
"19","ran19.hdr.34",-0.0007349
"19","ran19.hdr.35",0.000464200000000001
"19","ran19.hdr.36",-0.0001545
"19","ran19.hdr.37",-0.000768999999999999
"19","ran19.hdr.38",-0.000975
"19","ran19.hdr.39",-0.0005707
"19","ran19.hdr.4",-0.0001004
"19","ran19.hdr.40",-0.0003076
"19","ran19.hdr.41",-0.000584600000000001
"19","ran19.hdr.42",-0.000564740000000001
"19","ran19.hdr.43",-0.0041082
"19","ran19.hdr.44",-0.0003459
"19","ran19.hdr.45",-0.00047324
"19","ran19.hdr.46",0.0002425
"19","ran19.hdr.47",-0.00270844
"19","ran19.hdr.48",-0.0011486
"19","ran19.hdr.49",-0.0034143
"19","ran19.hdr.5",-0.000179100000000001
"19","ran19.hdr.50",0.0000691835
"19","ran19.hdr.51",-0.0004037
"19","ran19.hdr.52",-0.00022903
"19","ran19.hdr.53",-0.00021542
"19","ran19.hdr.54",-0.000313299999999999
"19","ran19.hdr.55",-0.00016505
"19","ran19.hdr.58",-0.0000567999999999992
"19","ran19.hdr.59",-0.000907400000000001
"19","ran19.hdr.6",-0.0008533
"19","ran19.hdr.60",0.00063302
"19","ran19.hdr.61",-0.0003826
"19","ran19.hdr.62",0.000569800000000001
"19","ran19.hdr.63",-0.000014657
"19","ran19.hdr.64",-0.000266830000000001
"19","ran19.hdr.65",-0.000328449999999999
"19","ran19.hdr.66",-0.000834999999999999
"19","ran19.hdr.67",0.0001846
"19","ran19.hdr.68",-0.0000703000000000023
"19","ran19.hdr.69",-0.0023424
"19","ran19.hdr.7",-0.0056027
"19","ran19.hdr.70",-0.0037906
"19","ran19.hdr.71",-0.00203165
"19","ran19.hdr.72",-0.000121900000000001
"19","ran19.hdr.73",-0.00023437
"19","ran19.hdr.74",-0.000708799999999999
"19","ran19.hdr.75",-0.0037745
"19","ran19.hdr.76",-0.000372399999999998
"19","ran19.hdr.77",-0.0019926
"19","ran19.hdr.78",-0.0033926
"19","ran19.hdr.8",-0.0039147
"19","ran19.hdr.9",-0.00044229
"20","ran20.hdr.1",-0.000277400000000001
"20","ran20.hdr.10",-0.0003345
"20","ran20.hdr.11",-0.000092767
"20","ran20.hdr.12",-0.000409099999999999
"20","ran20.hdr.13",-0.000452899999999999
"20","ran20.hdr.14",-0.0012819
"20","ran20.hdr.15",-0.000881099999999999
"20","ran20.hdr.16",-0.0000923199999999999
"20","ran20.hdr.17",-0.0013108
"20","ran20.hdr.18",-0.00020936
"20","ran20.hdr.19",-0.0008757
"20","ran20.hdr.2",0.0003348
"20","ran20.hdr.20",-0.000288400000000001
"20","ran20.hdr.21",-0.0045794
"20","ran20.hdr.22",-0.000286719999999999
"20","ran20.hdr.23",-0.0012522
"20","ran20.hdr.24",-0.0006806
"20","ran20.hdr.25",-0.0000777700000000004
"20","ran20.hdr.26",0.0003406
"20","ran20.hdr.27",-0.00034293
"20","ran20.hdr.28",-0.0010403
"20","ran20.hdr.29",-0.0000828099999999991
"20","ran20.hdr.3",-0.0001323
"20","ran20.hdr.30",-0.000480399999999999
"20","ran20.hdr.31",0.0000578999999999996
"20","ran20.hdr.32",-0.00027737
"20","ran20.hdr.33",0.000231190000000001
"20","ran20.hdr.34",-0.000942499999999999
"20","ran20.hdr.35",-0.0028342
"20","ran20.hdr.36",-0.0098876
"20","ran20.hdr.37",-0.0015836
"20","ran20.hdr.38",-0.000390110000000001
"20","ran20.hdr.39",-0.000713800000000001
"20","ran20.hdr.4",-0.0027476
"20","ran20.hdr.40",0.0000134999999999996
"20","ran20.hdr.41",-0.0014392
"20","ran20.hdr.42",-0.0016238
"20","ran20.hdr.43",-0.000551949999999999
"20","ran20.hdr.44",0.0000470499999999999
"20","ran20.hdr.45",-0.0010844
"20","ran20.hdr.46",-0.0003833
"20","ran20.hdr.49",-0.0007846
"20","ran20.hdr.5",-0.00120107
"20","ran20.hdr.50",-0.000270299999999998
"20","ran20.hdr.51",-0.000247399999999998
"20","ran20.hdr.52",-0.0012634
"20","ran20.hdr.53",-0.00685775
"20","ran20.hdr.54",-0.0180869
"20","ran20.hdr.55",-0.00574057
"20","ran20.hdr.56",-0.000557700000000001
"20","ran20.hdr.57",0.0007033
"20","ran20.hdr.58",-0.0000517999999999977
"20","ran20.hdr.59",-0.0016226
"20","ran20.hdr.6",-0.0013747
"20","ran20.hdr.60",0.000030198
"20","ran20.hdr.61",-0.0003435
"20","ran20.hdr.62",-0.0015961
"20","ran20.hdr.63",-0.00056939
"20","ran20.hdr.64",-0.0068051
"20","ran20.hdr.65",-0.000448899999999999
"20","ran20.hdr.66",-0.0037006
"20","ran20.hdr.67",-0.000161699999999997
"20","ran20.hdr.68",-0.000258989999999999
"20","ran20.hdr.69",-0.00093906
"20","ran20.hdr.7",0.000017399999999999
"20","ran20.hdr.70",0.00013489
"20","ran20.hdr.71",-0.0011097
"20","ran20.hdr.72",-0.0005298
"20","ran20.hdr.73",0.0000502000000000002
"20","ran20.hdr.74",-0.0015872
"20","ran20.hdr.75",-0.000766199999999998
"20","ran20.hdr.76",-0.0010139
"20","ran20.hdr.77",-0.0046933
"20","ran20.hdr.78",-0.0057067
"20","ran20.hdr.8",-0.00040897
"20","ran20.hdr.9",-0.000309469999999999
"21","ran21.hdr.1",-0.00040682
"21","ran21.hdr.10",-0.0003186
"21","ran21.hdr.11",-0.000223299999999999
"21","ran21.hdr.12",-0.000549999999999998
"21","ran21.hdr.13",-0.00042711
"21","ran21.hdr.14",-0.000300809999999999
"21","ran21.hdr.15",-0.000207199999999999
"21","ran21.hdr.16",-0.001162
"21","ran21.hdr.17",-0.0011143
"21","ran21.hdr.18",-0.0003499
"21","ran21.hdr.19",-0.000274099999999999
"21","ran21.hdr.2",-0.000977100000000002
"21","ran21.hdr.20",-0.000381349999999999
"21","ran21.hdr.21",-0.0001128
"21","ran21.hdr.22",-0.0035352
"21","ran21.hdr.23",-0.000867099999999999
"21","ran21.hdr.24",-0.000556399999999999
"21","ran21.hdr.25",-0.000771500000000001
"21","ran21.hdr.26",-0.000416699999999999
"21","ran21.hdr.27",-0.0001443
"21","ran21.hdr.28",-0.00032068
"21","ran21.hdr.29",-0.0005926
"21","ran21.hdr.3",-0.0025708
"21","ran21.hdr.30",-0.000112000000000001
"21","ran21.hdr.31",-0.0025725
"21","ran21.hdr.32",-0.00046126
"21","ran21.hdr.33",0.0000487999999999999
"21","ran21.hdr.34",-0.0005877
"21","ran21.hdr.35",-0.0018846
"21","ran21.hdr.36",-0.0013637
"21","ran21.hdr.37",0.000637000000000002
"21","ran21.hdr.38",-0.000831499999999999
"21","ran21.hdr.39",-0.00045297
"21","ran21.hdr.4",-0.0026296
"21","ran21.hdr.40",-0.00017519
"21","ran21.hdr.41",-0.0015749
"21","ran21.hdr.42",-0.0014927
"21","ran21.hdr.43",-0.0037192
"21","ran21.hdr.44",0.000100250000000001
"21","ran21.hdr.45",-0.000707100000000002
"21","ran21.hdr.46",-0.0004983
"21","ran21.hdr.47",0.000161399999999999
"21","ran21.hdr.48",-0.0000258999999999988
"21","ran21.hdr.49",-0.00017032
"21","ran21.hdr.5",-0.0059011
"21","ran21.hdr.50",0.00024387
"21","ran21.hdr.51",-0.0023048
"21","ran21.hdr.52",-0.0000717600000000006
"21","ran21.hdr.53",-0.00074359
"21","ran21.hdr.54",-0.00038213
"21","ran21.hdr.55",0.00029457
"21","ran21.hdr.56",-0.0000283000000000002
"21","ran21.hdr.57",-0.00000449999999999995
"21","ran21.hdr.58",-0.000253400000000001
"21","ran21.hdr.59",-0.000293069999999999
"21","ran21.hdr.6",-0.0010609
"21","ran21.hdr.60",-0.0000312699999999999
"21","ran21.hdr.61",-0.000141199999999999
"21","ran21.hdr.62",-0.000477600000000002
"21","ran21.hdr.63",-0.0004551
"21","ran21.hdr.64",-0.000639499999999998
"21","ran21.hdr.65",-0.000150500000000001
"21","ran21.hdr.66",-0.001222
"21","ran21.hdr.67",-0.00084005
"21","ran21.hdr.68",-0.000746799999999999
"21","ran21.hdr.69",-0.0003783
"21","ran21.hdr.7",-0.0003003
"21","ran21.hdr.70",-0.000164500000000001
"21","ran21.hdr.71",-0.0002389
"21","ran21.hdr.72",-0.000596000000000003
"21","ran21.hdr.73",-0.000140899999999999
"21","ran21.hdr.74",-0.000955899999999999
"21","ran21.hdr.75",-0.00014392
"21","ran21.hdr.76",-0.000372399999999998
"21","ran21.hdr.77",-0.000809499999999998
"21","ran21.hdr.78",-0.0020513
"21","ran21.hdr.8",-0.000979900000000001
"21","ran21.hdr.9",-0.00029199
"22","ran22.hdr.1",-0.000195000000000001
"22","ran22.hdr.10",-0.000534900000000001
"22","ran22.hdr.11",-0.000413510000000001
"22","ran22.hdr.12",-0.00036672
"22","ran22.hdr.13",-0.0000970999999999993
"22","ran22.hdr.14",-0.000168399999999999
"22","ran22.hdr.15",0.0000675200000000006
"22","ran22.hdr.16",-0.000864889999999999
"22","ran22.hdr.17",-0.0008602
"22","ran22.hdr.18",-0.0000583000000000007
"22","ran22.hdr.19",-0.0005322
"22","ran22.hdr.2",-0.000214900000000001
"22","ran22.hdr.20",-0.0000993000000000001
"22","ran22.hdr.21",-0.0005666
"22","ran22.hdr.22",0.00013487
"22","ran22.hdr.23",-0.00107892
"22","ran22.hdr.24",-0.002522
"22","ran22.hdr.25",0.00019619
"22","ran22.hdr.26",-0.000803359999999999
"22","ran22.hdr.27",0.000290200000000001
"22","ran22.hdr.28",-0.000607699999999999
"22","ran22.hdr.29",-0.0005558
"22","ran22.hdr.3",-0.000310999999999999
"22","ran22.hdr.30",-0.0017667
"22","ran22.hdr.31",-0.00007864
"22","ran22.hdr.32",-0.0004972
"22","ran22.hdr.33",-0.00028523
"22","ran22.hdr.34",-0.0002614
"22","ran22.hdr.35",-0.00026
"22","ran22.hdr.36",-0.002021
"22","ran22.hdr.37",-0.000579200000000002
"22","ran22.hdr.38",-0.000207300000000001
"22","ran22.hdr.39",0.000217800000000001
"22","ran22.hdr.4",-0.000149890000000001
"22","ran22.hdr.40",-0.000752999999999998
"22","ran22.hdr.41",-0.000801699999999999
"22","ran22.hdr.42",-0.000449600000000001
"22","ran22.hdr.43",-0.000988299999999998
"22","ran22.hdr.44",-0.0012169
"22","ran22.hdr.45",0.00042818
"22","ran22.hdr.46",-0.00074314
"22","ran22.hdr.47",0.0000662000000000006
"22","ran22.hdr.48",-0.0000673000000000028
"22","ran22.hdr.49",-0.0000823899999999999
"22","ran22.hdr.5",-0.0040521
"22","ran22.hdr.50",-0.0046402
"22","ran22.hdr.51",NA
"22","ran22.hdr.52",-0.000434999999999998
"22","ran22.hdr.53",-0.0000335399999999999
"22","ran22.hdr.54",-0.0004577
"22","ran22.hdr.55",-0.0010844
"22","ran22.hdr.56",-0.000080723
"22","ran22.hdr.57",-0.000588982
"22","ran22.hdr.58",-0.000448199999999999
"22","ran22.hdr.59",-0.00034376
"22","ran22.hdr.6",-0.001546
"22","ran22.hdr.60",-0.0003783
"22","ran22.hdr.61",-0.00104738
"22","ran22.hdr.62",-0.0011783
"22","ran22.hdr.63",-0.0010423
"22","ran22.hdr.64",-0.000854299999999999
"22","ran22.hdr.65",-0.001641
"22","ran22.hdr.66",0.00000899999999999859
"22","ran22.hdr.67",-0.0008821
"22","ran22.hdr.68",-0.000853100000000002
"22","ran22.hdr.69",-0.000228699999999998
"22","ran22.hdr.7",-0.000480399999999999
"22","ran22.hdr.70",-0.0024365
"22","ran22.hdr.71",-0.000104799999999999
"22","ran22.hdr.72",-0.000137399999999999
"22","ran22.hdr.73",-0.0007229
"22","ran22.hdr.74",-0.000871399999999998
"22","ran22.hdr.75",-0.000406
"22","ran22.hdr.76",-0.00050556
"22","ran22.hdr.77",-0.0016621
"22","ran22.hdr.78",-0.0046933
"22","ran22.hdr.8",-0.000223299999999999
"22","ran22.hdr.9",-0.000456600000000001
"23","ran23.hdr.1",-0.0003622
"23","ran23.hdr.10",-0.00066134
"23","ran23.hdr.11",-0.000710199999999999
"23","ran23.hdr.12",-0.000438800000000001
"23","ran23.hdr.13",-0.000198540000000001
"23","ran23.hdr.14",-0.0002267
"23","ran23.hdr.15",0.00044279
"23","ran23.hdr.16",-0.000359400000000001
"23","ran23.hdr.17",-0.000348220000000002
"23","ran23.hdr.18",-0.000136260000000001
"23","ran23.hdr.19",-0.00034688
"23","ran23.hdr.2",-0.000290820000000001
"23","ran23.hdr.20",-0.0010564
"23","ran23.hdr.21",-0.000111799999999999
"23","ran23.hdr.22",-0.000233300000000002
"23","ran23.hdr.23",-0.000257799999999999
"23","ran23.hdr.24",-0.0021765
"23","ran23.hdr.25",-0.0003359
"23","ran23.hdr.26",-0.00021087
"23","ran23.hdr.27",-0.0000960500000000003
"23","ran23.hdr.28",0.0008967
"23","ran23.hdr.29",-0.000453249999999999
"23","ran23.hdr.3",0.000363470000000001
"23","ran23.hdr.30",-0.0009715
"23","ran23.hdr.31",-0.0005206
"23","ran23.hdr.32",0.0000934000000000004
"23","ran23.hdr.33",-0.0006306
"23","ran23.hdr.34",-0.000487100000000001
"23","ran23.hdr.35",-0.001126
"23","ran23.hdr.36",-0.00016963
"23","ran23.hdr.37",NA
"23","ran23.hdr.38",-0.0013621
"23","ran23.hdr.39",-0.000638400000000001
"23","ran23.hdr.4",-0.0028121
"23","ran23.hdr.40",0.000262999999999999
"23","ran23.hdr.41",0.0002466
"23","ran23.hdr.42",-0.00025843
"23","ran23.hdr.43",-0.0000239999999999997
"23","ran23.hdr.44",-0.0003823
"23","ran23.hdr.45",-0.0011409
"23","ran23.hdr.46",-0.0012963
"23","ran23.hdr.47",-0.000026974
"23","ran23.hdr.48",0.00012679
"23","ran23.hdr.49",-0.0000828000000000009
"23","ran23.hdr.5",-0.0028486
"23","ran23.hdr.50",-0.000207300000000001
"23","ran23.hdr.51",-0.0000673000000000028
"23","ran23.hdr.52",0.0000156399999999999
"23","ran23.hdr.53",0.0000275000000000032
"23","ran23.hdr.54",-0.000945399999999999
"23","ran23.hdr.55",-0.0009605
"23","ran23.hdr.56",-0.0023439
"23","ran23.hdr.57",-0.000971
"23","ran23.hdr.58",0.00016459
"23","ran23.hdr.59",-0.000248099999999999
"23","ran23.hdr.6",-0.00259746
"23","ran23.hdr.60",-0.000238039999999999
"23","ran23.hdr.61",-0.00021542
"23","ran23.hdr.64",-0.000137030000000001
"23","ran23.hdr.65",-0.0000923
"23","ran23.hdr.66",-0.00088812
"23","ran23.hdr.67",-0.000477
"23","ran23.hdr.68",-0.0013065
"23","ran23.hdr.69",0.0011179
"23","ran23.hdr.7",-0.0036308
"23","ran23.hdr.70",-0.0001636
"23","ran23.hdr.71",0.0004268
"23","ran23.hdr.72",-0.0017742
"23","ran23.hdr.73",-0.000345399999999999
"23","ran23.hdr.74",-0.0003088
"23","ran23.hdr.75",-0.0004414
"23","ran23.hdr.76",0.0000553699999999999
"23","ran23.hdr.77",-0.002875
"23","ran23.hdr.78",-0.000548699999999999
"23","ran23.hdr.8",-0.00044199
"23","ran23.hdr.9",-0.0029382
"24","ran24.hdr.1",-0.000195000000000001
"24","ran24.hdr.10",-0.0045035
"24","ran24.hdr.11",-0.000223299999999999
"24","ran24.hdr.12",-0.00041618
"24","ran24.hdr.13",0.000276029999999999
"24","ran24.hdr.14",-0.00047623
"24","ran24.hdr.15",0.0002302
"24","ran24.hdr.16",-0.000527999999999999
"24","ran24.hdr.17",0.0000749199999999992
"24","ran24.hdr.18",-0.0018782
"24","ran24.hdr.19",-0.000840899999999999
"24","ran24.hdr.2",-0.00036043
"24","ran24.hdr.20",-0.0016942
"24","ran24.hdr.21",-0.0025625
"24","ran24.hdr.22",-0.002734
"24","ran24.hdr.23",-0.0016862
"24","ran24.hdr.24",-0.000271739999999999
"24","ran24.hdr.25",0.0005602
"24","ran24.hdr.26",-0.00012519
"24","ran24.hdr.27",-0.00026379
"24","ran24.hdr.28",-0.000026615
"24","ran24.hdr.29",-0.0000640999999999992
"24","ran24.hdr.3",0.000551000000000001
"24","ran24.hdr.30",-0.001167
"24","ran24.hdr.31",-0.000464099999999999
"24","ran24.hdr.32",-0.000140850000000001
"24","ran24.hdr.33",-0.0003032
"24","ran24.hdr.34",-0.000504299999999999
"24","ran24.hdr.35",-0.000613500000000001
"24","ran24.hdr.36",-0.000878499999999999
"24","ran24.hdr.37",-0.000394099999999998
"24","ran24.hdr.38",-0.000247559999999999
"24","ran24.hdr.39",-0.0017019
"24","ran24.hdr.4",-0.0007133
"24","ran24.hdr.40",-0.00011533
"24","ran24.hdr.41",-0.0014925
"24","ran24.hdr.42",-0.0004983
"24","ran24.hdr.43",-0.000571099999999998
"24","ran24.hdr.44",-0.000404300000000002
"24","ran24.hdr.45",-0.0007551
"24","ran24.hdr.46",0.000131700000000002
"24","ran24.hdr.47",0.000276800000000001
"24","ran24.hdr.48",-0.000514700000000002
"24","ran24.hdr.49",-0.000377499999999999
"24","ran24.hdr.5",-0.0000395000000000013
"24","ran24.hdr.50",-0.000670899999999999
"24","ran24.hdr.51",0.00019344
"24","ran24.hdr.52",-0.0000464999999999997
"24","ran24.hdr.53",-0.00077464
"24","ran24.hdr.54",-0.000212240000000001
"24","ran24.hdr.55",-0.00018672
"24","ran24.hdr.56",-0.000764300000000002
"24","ran24.hdr.57",-0.0011708
"24","ran24.hdr.58",-0.00037772
"24","ran24.hdr.59",-0.000395
"24","ran24.hdr.6",-0.0049685
"24","ran24.hdr.60",-0.000175700000000001
"24","ran24.hdr.61",-0.000268079999999999
"24","ran24.hdr.63",-0.0007711
"24","ran24.hdr.64",-0.0000202999999999991
"24","ran24.hdr.65",-0.0000438000000000001
"24","ran24.hdr.66",-0.0002716
"24","ran24.hdr.67",0.00025229
"24","ran24.hdr.68",-0.000124800000000001
"24","ran24.hdr.69",-0.000589599999999999
"24","ran24.hdr.7",-0.0040521
"24","ran24.hdr.70",-0.000382200000000003
"24","ran24.hdr.71",-0.001084
"24","ran24.hdr.72",0.000455399999999998
"24","ran24.hdr.73",-0.0000952000000000001
"24","ran24.hdr.74",-0.000889800000000001
"24","ran24.hdr.75",-0.0001367
"24","ran24.hdr.76",0.0000365999999999995
"24","ran24.hdr.77",-0.0025593
"24","ran24.hdr.78",-0.0003888
"24","ran24.hdr.8",-0.0031124
"24","ran24.hdr.9",-0.0038016
"25","ran25.hdr.1",-0.0003622
"25","ran25.hdr.10",-0.0002272
"25","ran25.hdr.11",-0.00033059
"25","ran25.hdr.12",-0.00046459
"25","ran25.hdr.13",-0.000701999999999999
"25","ran25.hdr.14",0.0000439499999999992
"25","ran25.hdr.15",-0.000358290000000001
"25","ran25.hdr.16",-0.00042711
"25","ran25.hdr.17",-0.0011382
"25","ran25.hdr.18",-0.000100838
"25","ran25.hdr.19",-0.0000622000000000001
"25","ran25.hdr.2",-0.0002114
"25","ran25.hdr.20",-0.0011481
"25","ran25.hdr.21",-0.000168399999999999
"25","ran25.hdr.22",-0.000452899999999999
"25","ran25.hdr.23",0.000174039999999999
"25","ran25.hdr.24",-0.0016211
"25","ran25.hdr.25",-0.0010873
"25","ran25.hdr.26",-0.0004899
"25","ran25.hdr.27",-0.000890400000000001
"25","ran25.hdr.28",-0.000249299999999999
"25","ran25.hdr.29",-0.0002915
"25","ran25.hdr.3",-0.000358239999999999
"25","ran25.hdr.30",0.00000545000000000016
"25","ran25.hdr.31",-0.00019894
"25","ran25.hdr.32",0.0000675100000000007
"25","ran25.hdr.33",-0.00068852
"25","ran25.hdr.34",0.0000788999999999998
"25","ran25.hdr.35",-0.0000994700000000008
"25","ran25.hdr.36",-0.0003193
"25","ran25.hdr.37",-0.000297
"25","ran25.hdr.38",-0.000777899999999998
"25","ran25.hdr.39",-0.0012989
"25","ran25.hdr.4",-0.0012446
"25","ran25.hdr.40",-0.000709920000000001
"25","ran25.hdr.41",-0.0049962
"25","ran25.hdr.42",-0.000533599999999999
"25","ran25.hdr.43",0.000234799999999999
"25","ran25.hdr.44",0.0000139000000000007
"25","ran25.hdr.45",0.0000586000000000024
"25","ran25.hdr.46",-0.00020328
"25","ran25.hdr.47",-0.0023716
"25","ran25.hdr.48",0.000104199999999999
"25","ran25.hdr.49",-0.000787299999999999
"25","ran25.hdr.5",0.0003686
"25","ran25.hdr.50",-0.000720500000000002
"25","ran25.hdr.51",0.000362299999999999
"25","ran25.hdr.52",-0.0016134
"25","ran25.hdr.53",-0.0016598
"25","ran25.hdr.54",0.000113700000000001
"25","ran25.hdr.55",-0.00015647
"25","ran25.hdr.56",-0.0023439
"25","ran25.hdr.57",0.00011506
"25","ran25.hdr.58",-0.000248099999999999
"25","ran25.hdr.59",-0.0003032
"25","ran25.hdr.6",-0.0027476
"25","ran25.hdr.61",0.000165
"25","ran25.hdr.62",-0.0017637
"25","ran25.hdr.63",-0.0008541
"25","ran25.hdr.64",-0.00574057
"25","ran25.hdr.65",-0.0001288
"25","ran25.hdr.66",-0.0010749
"25","ran25.hdr.67",-0.000959399999999999
"25","ran25.hdr.68",-0.000150300000000001
"25","ran25.hdr.69",-0.0003709
"25","ran25.hdr.7",-0.000704
"25","ran25.hdr.70",-0.000256870000000001
"25","ran25.hdr.71",-0.0015557
"25","ran25.hdr.72",-0.000692700000000001
"25","ran25.hdr.73",-0.000559999999999998
"25","ran25.hdr.74",-0.0011974
"25","ran25.hdr.75",-0.000535300000000002
"25","ran25.hdr.76",-0.0002524
"25","ran25.hdr.77",-0.0030263
"25","ran25.hdr.78",-0.001318
"25","ran25.hdr.8",-0.0030338
"25","ran25.hdr.9",-0.0024546
"26","ran26.hdr.1",-0.000195000000000001
"26","ran26.hdr.10",-0.000675400000000003
"26","ran26.hdr.11",-0.000358290000000001
"26","ran26.hdr.12",-0.000100999999999997
"26","ran26.hdr.13",-0.000534900000000001
"26","ran26.hdr.14",0.00000119999999999981
"26","ran26.hdr.15",-0.00039314
"26","ran26.hdr.16",-0.000217070000000001
"26","ran26.hdr.17",-0.0002471
"26","ran26.hdr.18",-0.000434459999999999
"26","ran26.hdr.19",-0.000625899999999999
"26","ran26.hdr.2",-0.0001598
"26","ran26.hdr.20",-0.0003458
"26","ran26.hdr.21",-0.00018229
"26","ran26.hdr.22",-0.0017655
"26","ran26.hdr.23",0.0002343
"26","ran26.hdr.24",-0.0011853
"26","ran26.hdr.25",-0.0001443
"26","ran26.hdr.26",-0.000695099999999999
"26","ran26.hdr.27",-0.00015474
"26","ran26.hdr.28",-0.00107892
"26","ran26.hdr.29",0.00028563
"26","ran26.hdr.3",-0.00036043
"26","ran26.hdr.30",-0.00010227
"26","ran26.hdr.31",-0.000030601
"26","ran26.hdr.32",-0.001677
"26","ran26.hdr.33",-0.0013637
"26","ran26.hdr.34",-0.0010093
"26","ran26.hdr.35",-0.000803500000000002
"26","ran26.hdr.36",-0.000409099999999999
"26","ran26.hdr.37",0.0000378299999999991
"26","ran26.hdr.38",0.0006514
"26","ran26.hdr.39",-0.0002734
"26","ran26.hdr.4",-0.000637099999999998
"26","ran26.hdr.40",0.00049606
"26","ran26.hdr.41",-0.000247789999999999
"26","ran26.hdr.42",-0.00011024
"26","ran26.hdr.43",-0.0011052
"26","ran26.hdr.44",-0.000617899999999998
"26","ran26.hdr.45",-0.002021
"26","ran26.hdr.46",-0.000499899999999998
"26","ran26.hdr.47",-0.0016134
"26","ran26.hdr.48",-0.0011215
"26","ran26.hdr.49",-0.00031986
"26","ran26.hdr.5",-0.0000103000000000013
"26","ran26.hdr.50",-0.000325299999999997
"26","ran26.hdr.51",-0.0015836
"26","ran26.hdr.52",-0.000392399999999999
"26","ran26.hdr.53",0.0000792999999999992
"26","ran26.hdr.54",-0.00018672
"26","ran26.hdr.55",-0.0000584000000000001
"26","ran26.hdr.56",0.00010445
"26","ran26.hdr.57",-0.0013645
"26","ran26.hdr.58",-0.00047522
"26","ran26.hdr.59",-0.0010844
"26","ran26.hdr.6",-0.000430400000000001
"26","ran26.hdr.60",-0.000753399999999998
"26","ran26.hdr.61",-0.0001829
"26","ran26.hdr.62",-0.0015112
"26","ran26.hdr.63",-0.000999000000000003
"26","ran26.hdr.64",-0.0010508
"26","ran26.hdr.65",-0.000268299999999999
"26","ran26.hdr.66",-0.00017959
"26","ran26.hdr.67",-0.000120599999999998
"26","ran26.hdr.68",-0.0016397
"26","ran26.hdr.69",-0.0014755
"26","ran26.hdr.7",-0.0056785
"26","ran26.hdr.70",-0.000581100000000001
"26","ran26.hdr.71",-0.0027675
"26","ran26.hdr.72",0.0000612000000000008
"26","ran26.hdr.73",-0.001085
"26","ran26.hdr.74",-0.0004732
"26","ran26.hdr.75",-0.0011457
"26","ran26.hdr.76",-0.000126299999999999
"26","ran26.hdr.77",-0.000365799999999999
"26","ran26.hdr.78",-0.0003826
"26","ran26.hdr.8",-0.00044199
"26","ran26.hdr.9",-0.00011089
"27","ran27.hdr.1",-0.0011152
"27","ran27.hdr.10",-0.0011619
"27","ran27.hdr.11",-0.0009639
"27","ran27.hdr.12",-0.0012838
"27","ran27.hdr.13",-0.000230500000000002
"27","ran27.hdr.14",0.000257899999999998
"27","ran27.hdr.15",0.0002039
"27","ran27.hdr.16",-0.000383960000000001
"27","ran27.hdr.17",-0.00018809
"27","ran27.hdr.18",-0.000397399999999999
"27","ran27.hdr.19",0.00000920000000000087
"27","ran27.hdr.2",-0.000319699999999999
"27","ran27.hdr.20",0.000388599999999999
"27","ran27.hdr.21",-0.000184700000000001
"27","ran27.hdr.22",-0.001022
"27","ran27.hdr.23",-0.00017519
"27","ran27.hdr.24",-0.00015807
"27","ran27.hdr.25",-0.000266000000000002
"27","ran27.hdr.26",-0.0012954
"27","ran27.hdr.27",-0.002021
"27","ran27.hdr.28",-0.0014463
"27","ran27.hdr.29",-0.0002094
"27","ran27.hdr.3",-0.00120107
"27","ran27.hdr.30",0.0005094
"27","ran27.hdr.31",-0.0001046
"27","ran27.hdr.32",-0.0014927
"27","ran27.hdr.33",-0.0000755699999999996
"27","ran27.hdr.34",-0.00112666
"27","ran27.hdr.35",-0.00209034
"27","ran27.hdr.36",-0.0002384
"27","ran27.hdr.37",-0.0033085
"27","ran27.hdr.38",-0.000551099999999999
"27","ran27.hdr.39",-0.004512
"27","ran27.hdr.4",-0.0040521
"27","ran27.hdr.40",0.000376000000000001
"27","ran27.hdr.41",-0.000436799999999998
"27","ran27.hdr.42",-0.0024639
"27","ran27.hdr.43",-0.00032122
"27","ran27.hdr.44",-0.0000856099999999999
"27","ran27.hdr.45",-0.0010527
"27","ran27.hdr.46",0.000409700000000001
"27","ran27.hdr.47",-0.0003721
"27","ran27.hdr.48",-0.0000363999999999989
"27","ran27.hdr.49",-0.0011511
"27","ran27.hdr.5",-0.0000821799999999998
"27","ran27.hdr.50",0.00031291
"27","ran27.hdr.51",-0.0010297
"27","ran27.hdr.52",0.000032840000000001
"27","ran27.hdr.54",-0.0001829
"27","ran27.hdr.55",0.000546399999999999
"27","ran27.hdr.56",-0.000999000000000003
"27","ran27.hdr.57",-0.000595
"27","ran27.hdr.58",NA
"27","ran27.hdr.59",-0.0051112
"27","ran27.hdr.6",-0.00021777
"27","ran27.hdr.60",-0.0047173
"27","ran27.hdr.61",-0.0008071
"27","ran27.hdr.62",-0.000373099999999998
"27","ran27.hdr.63",-0.0044594
"27","ran27.hdr.64",0.00016178
"27","ran27.hdr.65",-0.0023424
"27","ran27.hdr.66",0.0000622999999999995
"27","ran27.hdr.67",-0.0015712
"27","ran27.hdr.68",-0.00029
"27","ran27.hdr.69",0.00048733
"27","ran27.hdr.7",-0.0000713600000000003
"27","ran27.hdr.70",-0.0000461999999999997
"27","ran27.hdr.71",0.00024885
"27","ran27.hdr.72",-0.00073928
"27","ran27.hdr.73",-0.0003579
"27","ran27.hdr.74",-0.0018985
"27","ran27.hdr.75",-0.0003604
"27","ran27.hdr.76",-0.0006976
"27","ran27.hdr.77",-0.0005602
"27","ran27.hdr.78",-0.0014428
"27","ran27.hdr.8",0.000041662
"27","ran27.hdr.9",-0.000350699999999999
"28","ran28.hdr.1",0.0001343
"28","ran28.hdr.10",-0.000602800000000001
"28","ran28.hdr.11",0.00027519
"28","ran28.hdr.12",-0.0011219
"28","ran28.hdr.13",-0.000675400000000003
"28","ran28.hdr.14",-0.0001332
"28","ran28.hdr.15",0.000151200000000001
"28","ran28.hdr.16",-0.0002961
"28","ran28.hdr.17",-0.0010596
"28","ran28.hdr.18",0.0000625199999999999
"28","ran28.hdr.19",-0.00033068
"28","ran28.hdr.2",-0.0000732900000000002
"28","ran28.hdr.20",0.000145899999999999
"28","ran28.hdr.21",-0.0011183
"28","ran28.hdr.22",-0.00005407
"28","ran28.hdr.23",-0.000327499999999998
"28","ran28.hdr.24",0.0001919
"28","ran28.hdr.25",-0.000576
"28","ran28.hdr.26",-0.0013929
"28","ran28.hdr.27",-0.000297
"28","ran28.hdr.28",-0.0006427
"28","ran28.hdr.29",-0.000803500000000002
"28","ran28.hdr.3",-0.0011965
"28","ran28.hdr.30",-0.000735299999999998
"28","ran28.hdr.31",-0.0023487
"28","ran28.hdr.32",-0.000435399999999999
"28","ran28.hdr.33",-0.000287379999999999
"28","ran28.hdr.34",-0.00034168
"28","ran28.hdr.35",0.000112940000000001
"28","ran28.hdr.36",-0.000247900000000001
"28","ran28.hdr.37",-0.000574999999999999
"28","ran28.hdr.38",-0.000392100000000001
"28","ran28.hdr.39",-0.000584600000000001
"28","ran28.hdr.4",-0.0005346
"28","ran28.hdr.40",-0.000306300000000001
"28","ran28.hdr.41",-0.000336070000000001
"28","ran28.hdr.42",-0.0015836
"28","ran28.hdr.43",-0.0010202
"28","ran28.hdr.44",-0.000241100000000001
"28","ran28.hdr.45",-0.001739
"28","ran28.hdr.46",-0.000507800000000001
"28","ran28.hdr.47",-0.000743199999999999
"28","ran28.hdr.48",-0.000246700000000001
"28","ran28.hdr.49",-0.0017799
"28","ran28.hdr.5",0.0000508000000000002
"28","ran28.hdr.50",-0.000034158
"28","ran28.hdr.51",-0.000464200000000001
"28","ran28.hdr.52",-0.0002851
"28","ran28.hdr.53",-0.00015647
"28","ran28.hdr.54",-0.000231500000000003
"28","ran28.hdr.55",-0.000282899999999999
"28","ran28.hdr.56",-0.000842700000000002
"28","ran28.hdr.57",-0.00019012
"28","ran28.hdr.58",-0.000369599999999999
"28","ran28.hdr.59",-0.0011511
"28","ran28.hdr.6",-0.0037976
"28","ran28.hdr.60",-0.0021164
"28","ran28.hdr.61",-0.00003374
"28","ran28.hdr.62",0.00001404374
"28","ran28.hdr.64",-0.00023275
"28","ran28.hdr.65",-0.0007711
"28","ran28.hdr.66",-0.000425699999999999
"28","ran28.hdr.67",0.000210399999999999
"28","ran28.hdr.68",-0.000907400000000001
"28","ran28.hdr.69",-0.001222
"28","ran28.hdr.7",-0.000583300000000002
"28","ran28.hdr.70",-0.000775500000000002
"28","ran28.hdr.71",-0.0025664
"28","ran28.hdr.72",-0.000226199999999999
"28","ran28.hdr.73",-0.0027675
"28","ran28.hdr.74",0.0000612000000000008
"28","ran28.hdr.75",-0.001085
"28","ran28.hdr.76",-0.0005082
"28","ran28.hdr.77",-0.0022069
"28","ran28.hdr.78",0.00023438
"28","ran28.hdr.8",-0.0031465
"28","ran28.hdr.9",-0.000145270000000001
"29","ran29.hdr.1",-0.0013435
"29","ran29.hdr.10",-0.00042711
"29","ran29.hdr.11",-0.000807199999999999
"29","ran29.hdr.12",-0.000679800000000001
"29","ran29.hdr.13",0.000361199999999999
"29","ran29.hdr.14",-0.0006374
"29","ran29.hdr.15",-0.000808199999999999
"29","ran29.hdr.16",-0.00017451
"29","ran29.hdr.17",-0.00085353
"29","ran29.hdr.18",-0.00032312
"29","ran29.hdr.19",-0.0008164
"29","ran29.hdr.2",0.00026852
"29","ran29.hdr.20",-0.0017649
"29","ran29.hdr.21",-0.000410499999999999
"29","ran29.hdr.22",-0.000253800000000002
"29","ran29.hdr.23",-0.000841600000000001
"29","ran29.hdr.24",-0.00252268
"29","ran29.hdr.25",-0.0006806
"29","ran29.hdr.26",-0.000890400000000001
"29","ran29.hdr.27",0.00003841
"29","ran29.hdr.28",-0.00039436
"29","ran29.hdr.29",-0.000118700000000001
"29","ran29.hdr.3",-0.0045035
"29","ran29.hdr.30",-0.0000960000000000023
"29","ran29.hdr.31",-0.0014576
"29","ran29.hdr.32",0.000725899999999998
"29","ran29.hdr.33",-0.000374199999999998
"29","ran29.hdr.34",-0.0010877
"29","ran29.hdr.35",-0.00025136
"29","ran29.hdr.36",-0.0019144
"29","ran29.hdr.37",-0.000507200000000003
"29","ran29.hdr.38",-0.0037192
"29","ran29.hdr.39",-0.00025843
"29","ran29.hdr.4",-0.0043666
"29","ran29.hdr.40",-0.0016134
"29","ran29.hdr.41",-0.00071704
"29","ran29.hdr.42",-0.000692699999999999
"29","ran29.hdr.43",-0.00001509
"29","ran29.hdr.44",-0.0001382
"29","ran29.hdr.45",-0.0007171
"29","ran29.hdr.46",0.00019983
"29","ran29.hdr.47",0.0001499
"29","ran29.hdr.48",-0.000270960000000001
"29","ran29.hdr.5",0.00000526999999999993
"29","ran29.hdr.50",-0.0005941
"29","ran29.hdr.51",-0.0013724
"29","ran29.hdr.52",0.0000321000000000002
"29","ran29.hdr.53",-0.000268600000000001
"29","ran29.hdr.54",0.000320299999999999
"29","ran29.hdr.55",-0.000907400000000001
"29","ran29.hdr.56",-0.0006038
"29","ran29.hdr.57",-0.0012438
"29","ran29.hdr.58",-0.0068252
"29","ran29.hdr.59",-0.0017369
"29","ran29.hdr.6",-0.000197699999999999
"29","ran29.hdr.60",-0.0020502
"29","ran29.hdr.61",-0.0013065
"29","ran29.hdr.62",-0.00015083
"29","ran29.hdr.63",-0.001224
"29","ran29.hdr.64",-0.0015961
"29","ran29.hdr.65",-0.00039478
"29","ran29.hdr.66",-0.000376000000000001
"29","ran29.hdr.67",-0.0000134000000000002
"29","ran29.hdr.68",-0.000290670000000001
"29","ran29.hdr.69",-0.0046587
"29","ran29.hdr.7",-0.001546
"29","ran29.hdr.70",-0.0000844099999999996
"29","ran29.hdr.71",-0.0011457
"29","ran29.hdr.72",-0.0023484
"29","ran29.hdr.73",-0.0014426
"29","ran29.hdr.74",-0.0046933
"29","ran29.hdr.75",-0.000632999999999998
"29","ran29.hdr.76",-0.000821260000000001
"29","ran29.hdr.77",-0.0018567
"29","ran29.hdr.78",-0.0005602
"29","ran29.hdr.8",-0.0006119
"29","ran29.hdr.9",0.000160479999999999
"30","ran30.hdr.1",-0.0014785
"30","ran30.hdr.10",-0.00027193
"30","ran30.hdr.11",-0.000198540000000001
"30","ran30.hdr.12",-0.00065658
"30","ran30.hdr.13",-0.000625899999999999
"30","ran30.hdr.14",-0.000351200000000001
"30","ran30.hdr.15",-0.00026025
"30","ran30.hdr.16",-0.0000712300000000003
"30","ran30.hdr.17",-0.000136260000000001
"30","ran30.hdr.18",-0.0008602
"30","ran30.hdr.19",-0.0013259
"30","ran30.hdr.2",-0.000443959999999998
"30","ran30.hdr.20",-0.0005795
"30","ran30.hdr.21",-0.0015812
"30","ran30.hdr.22",-0.000810099999999998
"30","ran30.hdr.23",-0.00068852
"30","ran30.hdr.24",-0.0000890999999999999
"30","ran30.hdr.25",-0.0010403
"30","ran30.hdr.26",-0.00000110000000000041
"30","ran30.hdr.27",0.00012972
"30","ran30.hdr.28",-0.0004025
"30","ran30.hdr.29",-0.00665937
"30","ran30.hdr.3",-0.000225299999999998
"30","ran30.hdr.30",0.000159400000000001
"30","ran30.hdr.31",-0.0005558
"30","ran30.hdr.32",0.00013516
"30","ran30.hdr.33",-0.0004972
"30","ran30.hdr.34",-0.0019089
"30","ran30.hdr.35",0.000156699999999999
"30","ran30.hdr.36",-0.00034168
"30","ran30.hdr.37",-0.0000071997
"30","ran30.hdr.38",-0.000574999999999999
"30","ran30.hdr.39",-0.0001264
"30","ran30.hdr.4",-0.0054452
"30","ran30.hdr.40",-0.0023505
"30","ran30.hdr.41",-0.000543500000000001
"30","ran30.hdr.42",-0.000522599999999998
"30","ran30.hdr.43",-0.000598000000000001
"30","ran30.hdr.44",-0.0039113
"30","ran30.hdr.45",-0.0010055
"30","ran30.hdr.46",0.00028232
"30","ran30.hdr.47",0.000113700000000001
"30","ran30.hdr.48",-0.0024639
"30","ran30.hdr.49",-0.000032588
"30","ran30.hdr.5",-0.0013379
"30","ran30.hdr.50",-0.0001382
"30","ran30.hdr.51",-0.0112283
"30","ran30.hdr.52",0.0000198999999999998
"30","ran30.hdr.53",-0.0011511
"30","ran30.hdr.54",-0.000568100000000002
"30","ran30.hdr.55",-0.00048754
"30","ran30.hdr.56",-0.000119059999999999
"30","ran30.hdr.57",-0.000118309
"30","ran30.hdr.6",-0.00021115
"30","ran30.hdr.60",0.00035748
"30","ran30.hdr.61",-0.000684499999999998
"30","ran30.hdr.62",-0.0008541
"30","ran30.hdr.63",-0.0019575
"30","ran30.hdr.64",-0.01280889
"30","ran30.hdr.65",-0.000194100000000003
"30","ran30.hdr.66",0.000201099999999999
"30","ran30.hdr.67",-0.000919
"30","ran30.hdr.68",-0.0016152
"30","ran30.hdr.69",-0.000914999999999999
"30","ran30.hdr.7",-0.000223299999999999
"30","ran30.hdr.70",-0.0013204
"30","ran30.hdr.71",-0.0016696
"30","ran30.hdr.72",-0.0000338000000000005
"30","ran30.hdr.73",-0.0004019
"30","ran30.hdr.74",-0.000140899999999999
"30","ran30.hdr.75",-0.00038061
"30","ran30.hdr.76",0.00060482
"30","ran30.hdr.77",-0.0013901
"30","ran30.hdr.78",-0.0007595
"30","ran30.hdr.8",-0.0000787700000000001
"30","ran30.hdr.9",-0.000292249999999999
"31","ran31.hdr.1",-0.000358239999999999
"31","ran31.hdr.10",-0.0000852000000000006
"31","ran31.hdr.11",-0.000217070000000001
"31","ran31.hdr.12",-0.000506029999999999
"31","ran31.hdr.13",-0.0000984200000000001
"31","ran31.hdr.14",-0.000799000000000001
"31","ran31.hdr.15",-0.0018782
"31","ran31.hdr.16",-0.0011929
"31","ran31.hdr.17",-0.0008164
"31","ran31.hdr.18",-0.001596
"31","ran31.hdr.19",-0.000611500000000001
"31","ran31.hdr.2",-0.0000225999999999976
"31","ran31.hdr.20",0.0001411
"31","ran31.hdr.21",-0.000385699999999999
"31","ran31.hdr.22",-0.000418709999999999
"31","ran31.hdr.23",-0.0004121
"31","ran31.hdr.24",-0.00047553
"31","ran31.hdr.25",-0.000189700000000001
"31","ran31.hdr.26",-0.000156699999999999
"31","ran31.hdr.27",-0.000541900000000001
"31","ran31.hdr.28",-0.0000683100000000002
"31","ran31.hdr.29",-0.0013929
"31","ran31.hdr.3",-0.0000849000000000006
"31","ran31.hdr.30",-0.000284
"31","ran31.hdr.31",-0.0001799
"31","ran31.hdr.32",-0.0015268
"31","ran31.hdr.33",-0.00046567
"31","ran31.hdr.34",0.0000670599999999999
"31","ran31.hdr.35",0.0000184400000000002
"31","ran31.hdr.36",-0.0010094
"31","ran31.hdr.37",-0.000463499999999999
"31","ran31.hdr.38",-0.0002538
"31","ran31.hdr.39",-0.000558599999999999
"31","ran31.hdr.4",-0.000130499999999999
"31","ran31.hdr.40",0.0004647
"31","ran31.hdr.41",-0.0009237
"31","ran31.hdr.42",-0.0002167
"31","ran31.hdr.43",-0.0002384
"31","ran31.hdr.44",-0.001739
"31","ran31.hdr.45",-0.0027946
"31","ran31.hdr.46",-0.00016393
"31","ran31.hdr.47",-0.0001508
"31","ran31.hdr.48",-0.0003459
"31","ran31.hdr.49",0.00046217
"31","ran31.hdr.5",-0.000571100000000001
"31","ran31.hdr.50",0.0001654
"31","ran31.hdr.51",-0.0003339
"31","ran31.hdr.52",-0.000728099999999999
"31","ran31.hdr.53",-0.0004641
"31","ran31.hdr.54",-0.00039517
"31","ran31.hdr.55",-0.001222
"31","ran31.hdr.56",-0.0180869
"31","ran31.hdr.57",-0.0021629
"31","ran31.hdr.58",-0.0011402
"31","ran31.hdr.59",-0.0000829000000000003
"31","ran31.hdr.6",-0.0000411000000000005
"31","ran31.hdr.60",0.00014493
"31","ran31.hdr.61",-0.0096339
"31","ran31.hdr.62",-0.000596000000000003
"31","ran31.hdr.63",-0.0003088
"31","ran31.hdr.64",-0.000147399999999999
"31","ran31.hdr.65",-0.000388300000000001
"31","ran31.hdr.66",0.000268299999999999
"31","ran31.hdr.67",-0.0012699
"31","ran31.hdr.68",-0.0000727999999999996
"31","ran31.hdr.69",0.0001008
"31","ran31.hdr.7",0.000160479999999999
"31","ran31.hdr.70",-0.0006286
"31","ran31.hdr.71",-0.00000199999999999853
"31","ran31.hdr.72",-0.000482799999999999
"31","ran31.hdr.73",-0.000456000000000002
"31","ran31.hdr.74",-0.000607819999999999
"31","ran31.hdr.75",-0.0014426
"31","ran31.hdr.76",-0.000548699999999999
"31","ran31.hdr.77",-0.0007595
"31","ran31.hdr.78",-0.001318
"31","ran31.hdr.8",-0.00038711
"31","ran31.hdr.9",0.0001806
"32","ran32.hdr.1",-0.000119600000000001
"32","ran32.hdr.10",-0.000515700000000001
"32","ran32.hdr.11",-0.000385
"32","ran32.hdr.12",-0.00037709
"32","ran32.hdr.13",0.0000675200000000006
"32","ran32.hdr.14",-0.00030432
"32","ran32.hdr.15",0.000346550000000001
"32","ran32.hdr.16",-0.0000643999999999992
"32","ran32.hdr.17",-0.000581499999999999
"32","ran32.hdr.18",-0.00045882
"32","ran32.hdr.19",-0.0000344999999999998
"32","ran32.hdr.2",-0.000831800000000001
"32","ran32.hdr.20",-0.0011853
"32","ran32.hdr.21",-0.0061672
"32","ran32.hdr.22",-0.0013829
"32","ran32.hdr.23",-0.000191490000000001
"32","ran32.hdr.24",-0.0000786399999999996
"32","ran32.hdr.25",-0.0006201
"32","ran32.hdr.26",-0.0000276999999999986
"32","ran32.hdr.27",-0.00010829
"32","ran32.hdr.28",-0.001167
"32","ran32.hdr.29",0.0000228799999999994
"32","ran32.hdr.3",-0.0033457
"32","ran32.hdr.30",-0.00180704
"32","ran32.hdr.31",-0.000730600000000001
"32","ran32.hdr.32",-0.0001434
"32","ran32.hdr.33",-0.0009332
"32","ran32.hdr.34",-0.000504299999999999
"32","ran32.hdr.35",-0.00026302
"32","ran32.hdr.36",-0.0013621
"32","ran32.hdr.37",-0.0009972
"32","ran32.hdr.38",-0.0021188
"32","ran32.hdr.39",-0.0000148999999999982
"32","ran32.hdr.4",-0.0037976
"32","ran32.hdr.40",0.00011855
"32","ran32.hdr.41",-0.0012106
"32","ran32.hdr.42",-0.0010777
"32","ran32.hdr.43",-0.000692699999999999
"32","ran32.hdr.44",-0.004276
"32","ran32.hdr.45",0.000389899999999999
"32","ran32.hdr.46",-0.00077238
"32","ran32.hdr.47",0.0000530699999999997
"32","ran32.hdr.48",0.0000281999999999999
"32","ran32.hdr.49",-0.0005736
"32","ran32.hdr.5",-0.0056035
"32","ran32.hdr.50",0.000126360000000001
"32","ran32.hdr.51",-0.0010767
"32","ran32.hdr.52",-0.000193199999999999
"32","ran32.hdr.53",-0.000268079999999999
"32","ran32.hdr.54",-0.000578199999999999
"32","ran32.hdr.55",-0.001074
"32","ran32.hdr.57",-0.0004492
"32","ran32.hdr.58",-0.000728099999999999
"32","ran32.hdr.59",-0.000907400000000001
"32","ran32.hdr.6",-0.000437670000000001
"32","ran32.hdr.60",-0.0068252
"32","ran32.hdr.61",-0.0021629
"32","ran32.hdr.62",-0.00018396
"32","ran32.hdr.63",-0.001278
"32","ran32.hdr.64",-0.000266830000000001
"32","ran32.hdr.65",-0.000616799999999997
"32","ran32.hdr.66",-0.000836699999999999
"32","ran32.hdr.67",-0.000692700000000001
"32","ran32.hdr.68",-0.000112899999999999
"32","ran32.hdr.69",-0.0010843
"32","ran32.hdr.7",-0.00137783
"32","ran32.hdr.70",-0.0018724
"32","ran32.hdr.71",-0.0053353
"32","ran32.hdr.72",-0.000424799999999999
"32","ran32.hdr.73",-0.0011554
"32","ran32.hdr.74",-0.0015872
"32","ran32.hdr.75",-0.000413
"32","ran32.hdr.76",-0.0013721
"32","ran32.hdr.77",0.000691020000000001
"32","ran32.hdr.78",0.0000916000000000007
"32","ran32.hdr.8",-0.0000844999999999995
"32","ran32.hdr.9",-0.0002471
"33","ran33.hdr.1",-0.000870900000000001
"33","ran33.hdr.10",-0.00041618
"33","ran33.hdr.11",-0.001099
"33","ran33.hdr.12",-0.00034243
"33","ran33.hdr.13",0.00024889
"33","ran33.hdr.14",0.000321200000000001
"33","ran33.hdr.15",-0.00161496
"33","ran33.hdr.16",-0.0005193
"33","ran33.hdr.17",-0.0000712300000000003
"33","ran33.hdr.18",0.0000980900000000003
"33","ran33.hdr.19",-0.000356
"33","ran33.hdr.2",-0.000358239999999999
"33","ran33.hdr.20",0.0000345999999999992
"33","ran33.hdr.21",-0.0005322
"33","ran33.hdr.22",-0.0015342
"33","ran33.hdr.23",0.0003538
"33","ran33.hdr.24",-0.000518899999999999
"33","ran33.hdr.25",-0.0005158
"33","ran33.hdr.26",-0.000576
"33","ran33.hdr.27",-0.00084943
"33","ran33.hdr.28",-0.0000828099999999991
"33","ran33.hdr.29",0.0000461000000000003
"33","ran33.hdr.3",0.00013954
"33","ran33.hdr.30",-0.000169369999999999
"33","ran33.hdr.31",-0.00018725
"33","ran33.hdr.32",-0.00665937
"33","ran33.hdr.33",-0.0035614
"33","ran33.hdr.34",-0.00180704
"33","ran33.hdr.35",-0.00036563
"33","ran33.hdr.36",-0.001142
"33","ran33.hdr.37",-0.000332000000000001
"33","ran33.hdr.38",-0.0011052
"33","ran33.hdr.39",-0.0012186
"33","ran33.hdr.4",-0.0000321599999999998
"33","ran33.hdr.40",-0.0008214
"33","ran33.hdr.41",-0.0011836
"33","ran33.hdr.42",-0.000569900000000002
"33","ran33.hdr.43",0.0001907
"33","ran33.hdr.44",-0.0017191
"33","ran33.hdr.45",-0.000107300000000001
"33","ran33.hdr.46",0.0000920999999999995
"33","ran33.hdr.47",-0.000576500000000001
"33","ran33.hdr.48",-0.000924000000000001
"33","ran33.hdr.49",-0.0000330999999999994
"33","ran33.hdr.5",-0.0029886
"33","ran33.hdr.50",-0.000180100000000001
"33","ran33.hdr.51",0.000133553
"33","ran33.hdr.52",-0.0005042
"33","ran33.hdr.53",-0.0001373
"33","ran33.hdr.54",0.000140899999999999
"33","ran33.hdr.55",-0.00047522
"33","ran33.hdr.58",-0.000271400000000002
"33","ran33.hdr.59",-0.000473699999999999
"33","ran33.hdr.6",-0.0031124
"33","ran33.hdr.60",-0.0005591
"33","ran33.hdr.61",0.000127700000000001
"33","ran33.hdr.62",-0.00048136
"33","ran33.hdr.63",-0.0013204
"33","ran33.hdr.64",-0.00672884
"33","ran33.hdr.65",-0.0037006
"33","ran33.hdr.66",-0.0000420399999999999
"33","ran33.hdr.67",-0.0011431
"33","ran33.hdr.68",-0.00124621
"33","ran33.hdr.69",-0.0023429
"33","ran33.hdr.7",-0.000979900000000001
"33","ran33.hdr.70",0.000268500000000001
"33","ran33.hdr.71",-0.0016673
"33","ran33.hdr.72",-0.0005033
"33","ran33.hdr.73",-0.0006096
"33","ran33.hdr.74",-0.0004913
"33","ran33.hdr.75",-0.0005354
"33","ran33.hdr.76",-0.0014027
"33","ran33.hdr.77",-0.0023497
"33","ran33.hdr.78",-0.000318599999999999
"33","ran33.hdr.8",-0.0008936
"33","ran33.hdr.9",-0.00066134
"34","ran34.hdr.1",-0.0009493
"34","ran34.hdr.10",0.000186599999999999
"34","ran34.hdr.11",-0.000050249
"34","ran34.hdr.12",-0.00066134
"34","ran34.hdr.13",-0.0000410000000000028
"34","ran34.hdr.14",-0.0008879
"34","ran34.hdr.15",-0.000808199999999999
"34","ran34.hdr.16",-0.00016698
"34","ran34.hdr.17",-0.000434459999999999
"34","ran34.hdr.18",-0.00129969
"34","ran34.hdr.19",-0.0000970999999999993
"34","ran34.hdr.2",-0.00036043
"34","ran34.hdr.20",-0.000216849999999999
"34","ran34.hdr.21",-0.0006719
"34","ran34.hdr.22",-0.000431160000000002
"34","ran34.hdr.23",-0.0016942
"34","ran34.hdr.24",-0.0005983
"34","ran34.hdr.25",-0.001596
"34","ran34.hdr.26",-0.000506100000000002
"34","ran34.hdr.27",0.000588000000000002
"34","ran34.hdr.28",-0.00158129
"34","ran34.hdr.29",0.0000205000000000014
"34","ran34.hdr.3",-0.0004437
"34","ran34.hdr.30",-0.0006201
"34","ran34.hdr.31",-0.000429799999999999
"34","ran34.hdr.32",-0.000165080000000001
"34","ran34.hdr.33",0.0000686800000000007
"34","ran34.hdr.34",0.0000585500000000001
"34","ran34.hdr.35",-0.0009823
"34","ran34.hdr.36",0.0004048
"34","ran34.hdr.37",-0.000643000000000001
"34","ran34.hdr.38",-0.000488699999999998
"34","ran34.hdr.39",-0.0024831
"34","ran34.hdr.4",-0.000119600000000001
"34","ran34.hdr.40",0.0004454
"34","ran34.hdr.41",-0.0000700600000000003
"34","ran34.hdr.42",-0.00046567
"34","ran34.hdr.43",0.00036546
"34","ran34.hdr.44",-0.000687
"34","ran34.hdr.45",-0.0000071997
"34","ran34.hdr.46",0.000158699999999998
"34","ran34.hdr.47",-0.000446429999999999
"34","ran34.hdr.48",-0.000214700000000002
"34","ran34.hdr.49",-0.0005707
"34","ran34.hdr.5",-0.0023043
"34","ran34.hdr.50",-0.000643399999999999
"34","ran34.hdr.51",-0.000189130000000001
"34","ran34.hdr.52",-0.0025436
"34","ran34.hdr.53",0.00003286
"34","ran34.hdr.54",-0.0076935
"34","ran34.hdr.55",-0.000104400000000001
"34","ran34.hdr.56",-0.000343609999999999
"34","ran34.hdr.57",-0.000366
"34","ran34.hdr.58",-0.00021607
"34","ran34.hdr.59",-0.0006619
"34","ran34.hdr.6",-0.0002056
"34","ran34.hdr.60",-0.00035154
"34","ran34.hdr.61",-0.000297500000000001
"34","ran34.hdr.62",0.000432200000000001
"34","ran34.hdr.63",-0.000271219999999999
"34","ran34.hdr.64",-0.00095777
"34","ran34.hdr.65",0.0000675999999999993
"34","ran34.hdr.66",-0.0018888
"34","ran34.hdr.67",0.000569800000000001
"34","ran34.hdr.68",-0.0009955
"34","ran34.hdr.69",-0.0010749
"34","ran34.hdr.7",-0.0000253999999999983
"34","ran34.hdr.70",-0.0000517999999999977
"34","ran34.hdr.71",0.0006633
"34","ran34.hdr.72",-0.000121900000000001
"34","ran34.hdr.73",-0.00124621
"34","ran34.hdr.74",-0.0044168
"34","ran34.hdr.75",-0.0020758
"34","ran34.hdr.76",-0.0046933
"34","ran34.hdr.77",-0.0018567
"34","ran34.hdr.78",-0.0000290799999999999
"34","ran34.hdr.8",-0.0042194
"34","ran34.hdr.9",-0.0045035
"35","ran35.hdr.1",-0.0000683999999999997
"35","ran35.hdr.10",-0.00032687
"35","ran35.hdr.11",-0.0003458
"35","ran35.hdr.12",-0.00023695
"35","ran35.hdr.13",-0.000327600000000001
"35","ran35.hdr.14",-0.00061751
"35","ran35.hdr.15",-0.0010476
"35","ran35.hdr.16",-0.0002775
"35","ran35.hdr.17",-0.0000309000000000004
"35","ran35.hdr.18",-0.0002758
"35","ran35.hdr.19",-0.000912500000000002
"35","ran35.hdr.2",-0.002469
"35","ran35.hdr.20",-0.000872700000000001
"35","ran35.hdr.21",-0.000867099999999999
"35","ran35.hdr.22",-0.0003788
"35","ran35.hdr.23",-0.000576
"35","ran35.hdr.24",-0.00068852
"35","ran35.hdr.25",-0.000207189999999999
"35","ran35.hdr.26",-0.000284799999999998
"35","ran35.hdr.27",-0.00025349
"35","ran35.hdr.28",-0.000149719999999999
"35","ran35.hdr.29",-0.0001554
"35","ran35.hdr.3",0.00015914
"35","ran35.hdr.30",0.000165800000000001
"35","ran35.hdr.31",-0.000784
"35","ran35.hdr.32",-0.000830900000000002
"35","ran35.hdr.33",-0.000287379999999999
"35","ran35.hdr.34",-0.00020889
"35","ran35.hdr.35",-0.0012106
"35","ran35.hdr.36",-0.000499899999999998
"35","ran35.hdr.37",-0.000616299999999997
"35","ran35.hdr.38",-0.000402600000000001
"35","ran35.hdr.39",-0.00209034
"35","ran35.hdr.4",-0.0054452
"35","ran35.hdr.40",-0.000569999999999999
"35","ran35.hdr.41",-0.0076935
"35","ran35.hdr.42",-0.000982800000000002
"35","ran35.hdr.43",-0.000514700000000002
"35","ran35.hdr.44",-0.00032122
"35","ran35.hdr.45",0.00018258
"35","ran35.hdr.46",-0.00004207
"35","ran35.hdr.47",-0.00026183
"35","ran35.hdr.48",-0.000435700000000001
"35","ran35.hdr.49",-0.0135865
"35","ran35.hdr.5",-0.000979900000000001
"35","ran35.hdr.50",-0.000510450000000001
"35","ran35.hdr.51",-0.0000283000000000002
"35","ran35.hdr.52",0.00026023
"35","ran35.hdr.53",-0.000313409999999999
"35","ran35.hdr.54",0.0000603900000000004
"35","ran35.hdr.56",-0.00017852
"35","ran35.hdr.57",-0.000141199999999999
"35","ran35.hdr.58",0.000223899999999999
"35","ran35.hdr.59",-0.01281643
"35","ran35.hdr.6",-0.0000347999999999998
"35","ran35.hdr.60",-0.0001548
"35","ran35.hdr.61",-0.0009154
"35","ran35.hdr.62",-0.0003064
"35","ran35.hdr.63",-0.001971
"35","ran35.hdr.64",-0.000959399999999999
"35","ran35.hdr.65",-0.000404369999999999
"35","ran35.hdr.66",-0.0005631
"35","ran35.hdr.67",0.00000899999999999859
"35","ran35.hdr.68",0.000217800000000001
"35","ran35.hdr.69",-0.0011431
"35","ran35.hdr.7",-0.00011195
"35","ran35.hdr.70",0.0000654000000000002
"35","ran35.hdr.71",-0.0002956
"35","ran35.hdr.72",-0.00032338
"35","ran35.hdr.73",-0.000590700000000003
"35","ran35.hdr.74",-0.0009914
"35","ran35.hdr.75",-0.00096858
"35","ran35.hdr.76",-0.0010666
"35","ran35.hdr.77",-0.0003604
"35","ran35.hdr.78",0.000295999999999999
"35","ran35.hdr.8",-0.000198540000000001
"35","ran35.hdr.9",0.00000960000000000023
"36","ran36.hdr.1",-0.0003084
"36","ran36.hdr.10",-0.00039314
"36","ran36.hdr.11",-0.00038553
"36","ran36.hdr.12",-0.00037651
"36","ran36.hdr.13",0.00007186
"36","ran36.hdr.14",0.00109379
"36","ran36.hdr.15",0.000199
"36","ran36.hdr.16",0.00016
"36","ran36.hdr.17",-0.0002322
"36","ran36.hdr.18",-0.0013508
"36","ran36.hdr.19",-0.0002961
"36","ran36.hdr.2",-0.0003622
"36","ran36.hdr.20",-0.00032312
"36","ran36.hdr.21",-0.0005968
"36","ran36.hdr.22",-0.000657
"36","ran36.hdr.23",-0.0008602
"36","ran36.hdr.24",-0.0002792
"36","ran36.hdr.25",-0.000473700000000001
"36","ran36.hdr.26",-0.00019286
"36","ran36.hdr.27",0.00025449
"36","ran36.hdr.28",-0.000277900000000001
"36","ran36.hdr.29",0.000223299999999999
"36","ran36.hdr.3",0.000357100000000001
"36","ran36.hdr.30",-0.00039436
"36","ran36.hdr.31",-0.00084943
"36","ran36.hdr.32",-0.000714700000000002
"36","ran36.hdr.33",-0.00025349
"36","ran36.hdr.34",-0.0023372
"36","ran36.hdr.35",-0.0050666
"36","ran36.hdr.36",0.0000702000000000012
"36","ran36.hdr.37",-0.000883700000000001
"36","ran36.hdr.38",0.000203139999999999
"36","ran36.hdr.39",-0.00017519
"36","ran36.hdr.4",0.0000508000000000002
"36","ran36.hdr.40",0.000022900000000001
"36","ran36.hdr.41",-0.000480400000000001
"36","ran36.hdr.42",-0.0000784999999999987
"36","ran36.hdr.43",-0.000214199999999998
"36","ran36.hdr.44",-0.000189699999999999
"36","ran36.hdr.45",-0.0015836
"36","ran36.hdr.46",0.000131700000000002
"36","ran36.hdr.47",-0.00026413
"36","ran36.hdr.48",0.000389899999999999
"36","ran36.hdr.49",-0.0001508
"36","ran36.hdr.5",-0.0001004
"36","ran36.hdr.50",NA
"36","ran36.hdr.51",-0.0009605
"36","ran36.hdr.52",-0.00378069
"36","ran36.hdr.53",-0.0011511
"36","ran36.hdr.54",NA
"36","ran36.hdr.55",0.0003353
"36","ran36.hdr.56",-0.0000972000000000004
"36","ran36.hdr.57",-0.0010529
"36","ran36.hdr.58",-0.0011885
"36","ran36.hdr.59",-0.0001422
"36","ran36.hdr.6",-0.00017145
"36","ran36.hdr.60",-0.0009592
"36","ran36.hdr.61",-0.000959399999999999
"36","ran36.hdr.62",-0.000190900000000001
"36","ran36.hdr.63",0.0004037
"36","ran36.hdr.64",-0.000834999999999999
"36","ran36.hdr.65",-0.0005187
"36","ran36.hdr.66",-0.000093939999999999
"36","ran36.hdr.67",-0.0013697
"36","ran36.hdr.68",0.00013489
"36","ran36.hdr.69",0.000151800000000001
"36","ran36.hdr.7",-0.0032486
"36","ran36.hdr.70",-0.0005033
"36","ran36.hdr.71",0.000611130000000001
"36","ran36.hdr.72",-0.0005561
"36","ran36.hdr.73",-0.0012116
"36","ran36.hdr.74",-0.000348569999999999
"36","ran36.hdr.75",-0.000806600000000001
"36","ran36.hdr.76",-0.0010139
"36","ran36.hdr.77",-0.0008628
"36","ran36.hdr.78",-0.0006941
"36","ran36.hdr.8",-0.0029257
"36","ran36.hdr.9",-0.000482460000000001
"37","ran37.hdr.1",-0.000905800000000002
"37","ran37.hdr.10",0.00017653
"37","ran37.hdr.11",NA
"37","ran37.hdr.12",-0.000292249999999999
"37","ran37.hdr.13",-0.000598200000000001
"37","ran37.hdr.14",-0.000625899999999999
"37","ran37.hdr.15",-0.000954400000000001
"37","ran37.hdr.16",-0.00019458
"37","ran37.hdr.17",0.000277390000000001
"37","ran37.hdr.18",-0.000168099999999999
"37","ran37.hdr.19",-0.00036797
"37","ran37.hdr.2",-0.0020013
"37","ran37.hdr.20",-0.0015139
"37","ran37.hdr.21",-0.0010386
"37","ran37.hdr.22",-0.0004112
"37","ran37.hdr.23",-0.0007817
"37","ran37.hdr.24",-0.0000960500000000003
"37","ran37.hdr.25",-0.00019286
"37","ran37.hdr.26",-0.002999
"37","ran37.hdr.27",-0.0006201
"37","ran37.hdr.28",-0.0000777700000000004
"37","ran37.hdr.29",-0.00018774
"37","ran37.hdr.3",-0.0019788
"37","ran37.hdr.30",-0.000285000000000001
"37","ran37.hdr.31",-0.0010313
"37","ran37.hdr.32",0.0000741100000000005
"37","ran37.hdr.33",-0.00031339
"37","ran37.hdr.34",-0.000310299999999999
"37","ran37.hdr.35",-0.0003193
"37","ran37.hdr.36",0.000205500000000001
"37","ran37.hdr.37",-0.000777899999999998
"37","ran37.hdr.38",0.000505200000000001
"37","ran37.hdr.39",-0.00620406
"37","ran37.hdr.4",-0.0002252
"37","ran37.hdr.40",-0.00000899999999999859
"37","ran37.hdr.41",-0.000883700000000001
"37","ran37.hdr.42",-0.0000353999999999997
"37","ran37.hdr.43",0.000341800000000001
"37","ran37.hdr.44",0.000294800000000001
"37","ran37.hdr.45",-0.002021
"37","ran37.hdr.46",0.0000239999999999997
"37","ran37.hdr.47",-0.0010275
"37","ran37.hdr.48",-0.0001145
"37","ran37.hdr.49",0.000217800000000001
"37","ran37.hdr.5",-0.0027476
"37","ran37.hdr.50",-0.0011914
"37","ran37.hdr.51",-0.0010889
"37","ran37.hdr.52",-0.0003643
"37","ran37.hdr.53",-0.0000828000000000009
"37","ran37.hdr.54",-0.0006887
"37","ran37.hdr.55",0.0000662000000000006
"37","ran37.hdr.56",-0.000231500000000003
"37","ran37.hdr.57",-0.00270844
"37","ran37.hdr.58",-0.01768098
"37","ran37.hdr.59",-0.00055
"37","ran37.hdr.6",-0.0011071
"37","ran37.hdr.60",-0.00000727000000000019
"37","ran37.hdr.62",-0.0001099
"37","ran37.hdr.63",-0.000934999999999998
"37","ran37.hdr.64",-0.000139299999999998
"37","ran37.hdr.65",0.00065872
"37","ran37.hdr.66",-0.0012283
"37","ran37.hdr.67",-0.000052345
"37","ran37.hdr.68",-0.000116
"37","ran37.hdr.69",-0.0000834000000000008
"37","ran37.hdr.7",-0.0054452
"37","ran37.hdr.70",-0.00032338
"37","ran37.hdr.71",0.000326549999999999
"37","ran37.hdr.72",0.00002271
"37","ran37.hdr.73",-0.000058299999999999
"37","ran37.hdr.74",-0.0007396
"37","ran37.hdr.75",-0.0015886
"37","ran37.hdr.76",-0.0032753
"37","ran37.hdr.77",-0.0015017
"37","ran37.hdr.78",-0.000118658
"37","ran37.hdr.8",-0.0030667
"37","ran37.hdr.9",-0.00168994
"38","ran38.hdr.1",-0.000311580000000001
"38","ran38.hdr.10",0.000145899999999999
"38","ran38.hdr.11",-0.00043339
"38","ran38.hdr.12",-0.00291982
"38","ran38.hdr.13",-0.00043048
"38","ran38.hdr.14",-0.0006201
"38","ran38.hdr.15",-0.00019075
"38","ran38.hdr.16",-0.00035699
"38","ran38.hdr.17",-0.00010227
"38","ran38.hdr.18",0.000823520000000001
"38","ran38.hdr.19",-0.00024082
"38","ran38.hdr.2",-0.000708700000000001
"38","ran38.hdr.20",-0.000660600000000001
"38","ran38.hdr.21",-0.0002664
"38","ran38.hdr.22",0.000399200000000001
"38","ran38.hdr.23",-0.0017371
"38","ran38.hdr.24",-0.0034946
"38","ran38.hdr.25",-0.0000508700000000015
"38","ran38.hdr.26",-0.000327900000000001
"38","ran38.hdr.27",-0.0012186
"38","ran38.hdr.28",-0.0000756000000000003
"38","ran38.hdr.29",-0.000041639999999999
"38","ran38.hdr.3",-0.000232639999999999
"38","ran38.hdr.30",-0.000924100000000001
"38","ran38.hdr.31",0.000262999999999999
"38","ran38.hdr.32",-0.000543500000000001
"38","ran38.hdr.33",-0.0004983
"38","ran38.hdr.34",-0.000730900000000001
"38","ran38.hdr.35",-0.0005929
"38","ran38.hdr.36",-0.0006733
"38","ran38.hdr.37",-0.000735400000000001
"38","ran38.hdr.38",-0.0027882
"38","ran38.hdr.39",-0.0015911
"38","ran38.hdr.4",0.00000720000000000061
"38","ran38.hdr.40",0.00042818
"38","ran38.hdr.41",0.0000501999999999985
"38","ran38.hdr.42",-0.00042634
"38","ran38.hdr.43",-0.00057312
"38","ran38.hdr.44",-0.00029767
"38","ran38.hdr.45",0.00019087
"38","ran38.hdr.46",-0.0023048
"38","ran38.hdr.47",0.0000226999999999988
"38","ran38.hdr.48",-0.000369599999999999
"38","ran38.hdr.49",-0.000137699999999999
"38","ran38.hdr.5",0.000384699999999998
"38","ran38.hdr.50",-0.00022462
"38","ran38.hdr.51",-0.00021542
"38","ran38.hdr.52",-0.0010844
"38","ran38.hdr.55",-0.0020265
"38","ran38.hdr.56",-0.00029748
"38","ran38.hdr.57",-0.0015743
"38","ran38.hdr.58",-0.000268299999999999
"38","ran38.hdr.59",0.000632799999999999
"38","ran38.hdr.6",-0.00013863
"38","ran38.hdr.60",-0.0008541
"38","ran38.hdr.61",-0.01281643
"38","ran38.hdr.62",-0.0003064
"38","ran38.hdr.63",-0.0003359
"38","ran38.hdr.64",-0.000991929999999999
"38","ran38.hdr.65",-0.000808099999999999
"38","ran38.hdr.66",-0.0005504
"38","ran38.hdr.67",-0.0006
"38","ran38.hdr.68",-0.0013312
"38","ran38.hdr.69",-0.000890599999999998
"38","ran38.hdr.7",-0.0008815
"38","ran38.hdr.70",0.000301900000000001
"38","ran38.hdr.71",-0.00059999
"38","ran38.hdr.72",-0.000550200000000001
"38","ran38.hdr.73",-0.0004414
"38","ran38.hdr.74",-0.0014277
"38","ran38.hdr.75",-0.0000447299999999998
"38","ran38.hdr.76",-0.0018348
"38","ran38.hdr.77",-0.000287200000000001
"38","ran38.hdr.78",-0.0005602
"38","ran38.hdr.8",-0.0007302
"38","ran38.hdr.9",-0.0010694
"39","ran39.hdr.1",-0.000451700000000001
"39","ran39.hdr.10",-0.0003155
"39","ran39.hdr.11",-0.000807199999999999
"39","ran39.hdr.12",-0.0000852000000000006
"39","ran39.hdr.13",-0.000539240000000002
"39","ran39.hdr.14",-0.0000622000000000001
"39","ran39.hdr.15",0.0001043
"39","ran39.hdr.16",-0.0003397
"39","ran39.hdr.17",-0.0000657000000000001
"39","ran39.hdr.18",-0.000527999999999999
"39","ran39.hdr.19",-0.0000649700000000001
"39","ran39.hdr.2",-0.0026658
"39","ran39.hdr.20",-0.00036797
"39","ran39.hdr.21",-0.000377500000000001
"39","ran39.hdr.22",-0.0010694
"39","ran39.hdr.23",-0.000454400000000001
"39","ran39.hdr.24",0.000130460000000001
"39","ran39.hdr.25",0.00034779
"39","ran39.hdr.26",-0.0006008
"39","ran39.hdr.27",-0.0000900000000000002
"39","ran39.hdr.28",0.00016675
"39","ran39.hdr.29",0.000648899999999999
"39","ran39.hdr.3",-0.0054532
"39","ran39.hdr.30",-0.0028198
"39","ran39.hdr.31",-0.000531400000000001
"39","ran39.hdr.32",0.0000747000000000005
"39","ran39.hdr.33",-0.0017371
"39","ran39.hdr.34",-0.000803359999999999
"39","ran39.hdr.35",-0.0011115
"39","ran39.hdr.36",-0.00102067
"39","ran39.hdr.37",-0.0021208
"39","ran39.hdr.38",-0.0002267
"39","ran39.hdr.39",-0.0022656
"39","ran39.hdr.4",-0.0024404
"39","ran39.hdr.40",-0.000218300000000001
"39","ran39.hdr.41",-0.000514700000000002
"39","ran39.hdr.42",-0.000246700000000001
"39","ran39.hdr.43",-0.0000496999999999997
"39","ran39.hdr.44",-0.000666400000000001
"39","ran39.hdr.45",-0.000924000000000001
"39","ran39.hdr.46",0.000374129999999999
"39","ran39.hdr.47",-0.000129839
"39","ran39.hdr.48",-0.00004207
"39","ran39.hdr.49",-0.00062953
"39","ran39.hdr.5",-0.0027538
"39","ran39.hdr.50",0.00003232
"39","ran39.hdr.51",-0.0016044
"39","ran39.hdr.52",-0.0010499
"39","ran39.hdr.53",-0.0000335399999999999
"39","ran39.hdr.54",-0.00024603
"39","ran39.hdr.55",-0.00018122
"39","ran39.hdr.56",-0.000492100000000002
"39","ran39.hdr.57",-0.000363600000000002
"39","ran39.hdr.58",-0.000551000000000001
"39","ran39.hdr.59",-0.0010347
"39","ran39.hdr.6",-0.0056035
"39","ran39.hdr.60",-0.000663200000000001
"39","ran39.hdr.61",-0.00274956
"39","ran39.hdr.62",-0.0017715
"39","ran39.hdr.63",0.000206099999999999
"39","ran39.hdr.64",-0.0011074
"39","ran39.hdr.65",-0.0011581
"39","ran39.hdr.66",-0.0017699
"39","ran39.hdr.67",-0.0096339
"39","ran39.hdr.68",0.0001677
"39","ran39.hdr.69",-0.0004743
"39","ran39.hdr.7",0.000186599999999999
"39","ran39.hdr.70",-0.0010284
"39","ran39.hdr.71",-0.0009932
"39","ran39.hdr.72",-0.0011097
"39","ran39.hdr.73",-0.0012137
"39","ran39.hdr.74",-0.0002862
"39","ran39.hdr.75",-0.00083164
"39","ran39.hdr.76",-0.0013547
"39","ran39.hdr.77",-0.0057067
"39","ran39.hdr.78",-0.0014428
"39","ran39.hdr.8",-0.0003134
"39","ran39.hdr.9",-0.00056426
"40","ran40.hdr.1",-0.00020446
"40","ran40.hdr.10",-0.0000556999999999988
"40","ran40.hdr.11",-0.001546
"40","ran40.hdr.12",-0.00015659
"40","ran40.hdr.13",0.000160479999999999
"40","ran40.hdr.14",-0.00031262
"40","ran40.hdr.15",-0.0000555
"40","ran40.hdr.16",-0.0002419
"40","ran40.hdr.17",-0.00137783
"40","ran40.hdr.18",-0.000401799999999999
"40","ran40.hdr.19",-0.0003958
"40","ran40.hdr.2",-0.0003622
"40","ran40.hdr.20",0.0000392999999999991
"40","ran40.hdr.21",-0.0000950400000000011
"40","ran40.hdr.22",-0.000954400000000001
"40","ran40.hdr.23",-0.00085353
"40","ran40.hdr.24",-0.0004688
"40","ran40.hdr.25",-0.000168099999999999
"40","ran40.hdr.26",-0.000988359999999999
"40","ran40.hdr.27",-0.000789400000000003
"40","ran40.hdr.28",-0.000187900000000001
"40","ran40.hdr.29",-0.000184699999999999
"40","ran40.hdr.3",-0.0006076
"40","ran40.hdr.30",0.0002661
"40","ran40.hdr.31",-0.0067609
"40","ran40.hdr.32",-0.00052088
"40","ran40.hdr.33",-0.00069048
"40","ran40.hdr.34",-0.00665937
"40","ran40.hdr.35",-0.0010877
"40","ran40.hdr.36",-0.0000584799999999996
"40","ran40.hdr.37",-0.000409099999999999
"40","ran40.hdr.38",-0.000327900000000001
"40","ran40.hdr.39",NA
"40","ran40.hdr.4",-0.0007133
"40","ran40.hdr.40",-0.0009637
"40","ran40.hdr.41",-0.0011277
"40","ran40.hdr.42",-0.0012106
"40","ran40.hdr.43",-0.0001434
"40","ran40.hdr.44",-0.000720500000000002
"40","ran40.hdr.45",-0.000870699999999999
"40","ran40.hdr.46",-0.000707100000000002
"40","ran40.hdr.47",-0.00000561000000000008
"40","ran40.hdr.48",-0.0027946
"40","ran40.hdr.49",0.000189099999999999
"40","ran40.hdr.5",0.0000146
"40","ran40.hdr.50",-0.0020349
"40","ran40.hdr.51",0.00019344
"40","ran40.hdr.52",-0.000129839
"40","ran40.hdr.53",-0.0072374
"40","ran40.hdr.54",-0.01111509
"40","ran40.hdr.55",-0.0000363999999999989
"40","ran40.hdr.56",-0.000248099999999999
"40","ran40.hdr.57",0.0000485199999999998
"40","ran40.hdr.58",-0.0013724
"40","ran40.hdr.59",-0.000064100000000001
"40","ran40.hdr.6",-0.0014125
"40","ran40.hdr.60",-0.0004551
"40","ran40.hdr.61",-0.00095777
"40","ran40.hdr.62",-0.0017637
"40","ran40.hdr.63",-0.00015495
"40","ran40.hdr.64",-0.00019203
"40","ran40.hdr.65",-0.000350800000000002
"40","ran40.hdr.66",-0.0000853
"40","ran40.hdr.67",-0.000792399999999999
"40","ran40.hdr.68",-0.0011658
"40","ran40.hdr.69",-0.000268999999999998
"40","ran40.hdr.7",-0.00021753
"40","ran40.hdr.70",-0.0001911
"40","ran40.hdr.71",-0.000698500000000001
"40","ran40.hdr.72",-0.00006813
"40","ran40.hdr.73",0.00013489
"40","ran40.hdr.74",-0.000274399999999998
"40","ran40.hdr.75",-0.0030263
"40","ran40.hdr.76",-0.000806600000000001
"40","ran40.hdr.77",-0.000220500000000002
"40","ran40.hdr.78",-0.000973089999999999
"40","ran40.hdr.8",-0.00163709
"40","ran40.hdr.9",-0.00025201
"41","ran41.hdr.1",-0.0003084
"41","ran41.hdr.10",-0.00227271
"41","ran41.hdr.11",-0.001099
"41","ran41.hdr.12",-0.000401799999999999
"41","ran41.hdr.13",-0.0000204900000000002
"41","ran41.hdr.14",-0.000808199999999999
"41","ran41.hdr.15",-0.000217070000000001
"41","ran41.hdr.16",-0.000954400000000001
"41","ran41.hdr.17",-0.0011243
"41","ran41.hdr.18",-0.00062684
"41","ran41.hdr.19",-0.0004673
"41","ran41.hdr.2",-0.00060252
"41","ran41.hdr.20",-0.00082745
"41","ran41.hdr.21",-0.0000712300000000003
"41","ran41.hdr.22",-0.0008974
"41","ran41.hdr.23",0.000262399999999999
"41","ran41.hdr.24",-0.000230500000000002
"41","ran41.hdr.25",-0.00031687
"41","ran41.hdr.26",-0.000433899999999997
"41","ran41.hdr.27",-0.00000579400000000005
"41","ran41.hdr.28",-0.0010873
"41","ran41.hdr.29",-0.0008389
"41","ran41.hdr.3",-0.000637000000000002
"41","ran41.hdr.30",-0.000243760000000001
"41","ran41.hdr.31",-0.0023372
"41","ran41.hdr.32",-0.0002793
"41","ran41.hdr.33",-0.000643000000000001
"41","ran41.hdr.34",-0.0057768
"41","ran41.hdr.35",-0.000962000000000001
"41","ran41.hdr.36",-0.0019572
"41","ran41.hdr.37",-0.000533599999999999
"41","ran41.hdr.38",-0.0000951000000000007
"41","ran41.hdr.39",-0.0000700600000000003
"41","ran41.hdr.4",-0.000295900000000002
"41","ran41.hdr.40",-0.0001115
"41","ran41.hdr.41",-0.0000897299999999997
"41","ran41.hdr.42",-0.000830000000000001
"41","ran41.hdr.43",-0.0011084
"41","ran41.hdr.44",-0.0011277
"41","ran41.hdr.45",-0.0037192
"41","ran41.hdr.46",-0.000207300000000001
"41","ran41.hdr.47",-0.001739
"41","ran41.hdr.48",-0.0039113
"41","ran41.hdr.49",-0.0098876
"41","ran41.hdr.5",-0.000653600000000001
"41","ran41.hdr.50",0.00025203
"41","ran41.hdr.51",-0.00015647
"41","ran41.hdr.52",-0.00003691
"41","ran41.hdr.53",-0.00072726
"41","ran41.hdr.54",-0.000369599999999999
"41","ran41.hdr.55",-0.00000727000000000019
"41","ran41.hdr.56",NA
"41","ran41.hdr.57",-0.0010723
"41","ran41.hdr.58",-0.0010313
"41","ran41.hdr.59",-0.000297500000000001
"41","ran41.hdr.6",-0.001681
"41","ran41.hdr.60",0.000212799999999999
"41","ran41.hdr.61",-0.000639499999999998
"41","ran41.hdr.62",0.000031299999999998
"41","ran41.hdr.63",-0.0022371
"41","ran41.hdr.64",-0.000706399999999999
"41","ran41.hdr.65",-0.0003359
"41","ran41.hdr.66",-0.000661800000000001
"41","ran41.hdr.67",-0.000417899999999999
"41","ran41.hdr.68",-0.0000134000000000002
"41","ran41.hdr.69",-0.0037006
"41","ran41.hdr.7",-0.0032486
"41","ran41.hdr.70",0.0001241
"41","ran41.hdr.71",-0.000690100000000003
"41","ran41.hdr.72",-0.0003406
"41","ran41.hdr.73",-0.000401100000000001
"41","ran41.hdr.74",-0.000102700000000001
"41","ran41.hdr.75",-0.0010666
"41","ran41.hdr.76",-0.0003888
"41","ran41.hdr.77",-0.0007595
"41","ran41.hdr.78",-0.000318599999999999
"41","ran41.hdr.8",-0.0052326
"41","ran41.hdr.9",-0.0035328
"42","ran42.hdr.1",0.000273800000000001
"42","ran42.hdr.10",-0.00029246
"42","ran42.hdr.11",-0.000681099999999999
"42","ran42.hdr.12",-0.000320599999999999
"42","ran42.hdr.13",-0.00038553
"42","ran42.hdr.14",-0.000477
"42","ran42.hdr.15",-0.0019612
"42","ran42.hdr.16",-0.001482
"42","ran42.hdr.17",-0.0012819
"42","ran42.hdr.18",-0.0003435
"42","ran42.hdr.19",-0.0000984000000000002
"42","ran42.hdr.2",-0.0014426
"42","ran42.hdr.20",-0.0002991
"42","ran42.hdr.21",0.0002092
"42","ran42.hdr.22",-0.000013599999999999
"42","ran42.hdr.23",-0.0113291
"42","ran42.hdr.24",-0.00107892
"42","ran42.hdr.25",-0.0004995
"42","ran42.hdr.26",0.00017261
"42","ran42.hdr.27",-0.00026379
"42","ran42.hdr.28",0.0000553900000000002
"42","ran42.hdr.29",-0.0000994700000000008
"42","ran42.hdr.3",-0.000430400000000001
"42","ran42.hdr.30",0.00003928
"42","ran42.hdr.31",0.000035033
"42","ran42.hdr.32",-0.0028198
"42","ran42.hdr.33",-0.0023193
"42","ran42.hdr.34",-0.000250599999999998
"42","ran42.hdr.35",-0.0001826
"42","ran42.hdr.36",-0.00018951
"42","ran42.hdr.37",-0.000803359999999999
"42","ran42.hdr.38",-0.0001115
"42","ran42.hdr.39",-0.00023078
"42","ran42.hdr.4",0.000309
"42","ran42.hdr.40",-0.000480400000000001
"42","ran42.hdr.41",0.0003309
"42","ran42.hdr.42",-0.0007694
"42","ran42.hdr.43",-0.000666099999999999
"42","ran42.hdr.44",-0.0014927
"42","ran42.hdr.45",-0.00002191
"42","ran42.hdr.46",-0.00013712
"42","ran42.hdr.47",-0.000730900000000001
"42","ran42.hdr.48",0.000163300000000002
"42","ran42.hdr.49",-0.00195843
"42","ran42.hdr.5",-0.0048653
"42","ran42.hdr.50",-0.000299799999999999
"42","ran42.hdr.51",NA
"42","ran42.hdr.52",-0.0010499
"42","ran42.hdr.53",-0.000434999999999998
"42","ran42.hdr.54",-0.0000799600000000004
"42","ran42.hdr.55",0.0003333
"42","ran42.hdr.56",-0.000753399999999998
"42","ran42.hdr.57",-0.0001829
"42","ran42.hdr.58",-0.0015743
"42","ran42.hdr.59",-0.000907400000000001
"42","ran42.hdr.6",-0.0026995
"42","ran42.hdr.60",-0.0010234
"42","ran42.hdr.61",0.00000862399999999999
"42","ran42.hdr.62",0.000166699999999999
"42","ran42.hdr.63",-0.0004607
"42","ran42.hdr.64",-0.0011402
"42","ran42.hdr.65",-0.0004568
"42","ran42.hdr.66",-0.0012091
"42","ran42.hdr.67",-0.000113210000000001
"42","ran42.hdr.68",-0.001507
"42","ran42.hdr.69",-0.000188000000000001
"42","ran42.hdr.7",-0.00056552
"42","ran42.hdr.70",-0.0096339
"42","ran42.hdr.71",-0.0046587
"42","ran42.hdr.72",-0.000955899999999999
"42","ran42.hdr.73",0.00015336
"42","ran42.hdr.74",-0.0009914
"42","ran42.hdr.75",-0.00031406
"42","ran42.hdr.76",-0.0009444
"42","ran42.hdr.77",-0.004726
"42","ran42.hdr.78",-0.000498099999999998
"42","ran42.hdr.8",-0.0000910199999999998
"42","ran42.hdr.9",-0.00017739
"43","ran43.hdr.1",-0.000739499999999999
"43","ran43.hdr.10",0.000041662
"43","ran43.hdr.11",-0.0000801099999999996
"43","ran43.hdr.12",-0.000183300000000001
"43","ran43.hdr.13",-0.000341899999999999
"43","ran43.hdr.14",0.00016
"43","ran43.hdr.15",-0.0007302
"43","ran43.hdr.16",-0.0000736000000000001
"43","ran43.hdr.17",-0.00032312
"43","ran43.hdr.18",-0.00033068
"43","ran43.hdr.19",0.0003263
"43","ran43.hdr.2",-0.00040682
"43","ran43.hdr.20",-0.000867099999999999
"43","ran43.hdr.21",-0.000241700000000001
"43","ran43.hdr.22",-0.00032336
"43","ran43.hdr.23",0.00018949
"43","ran43.hdr.24",-0.00191509
"43","ran43.hdr.25",-0.00024889
"43","ran43.hdr.26",-0.000132500000000001
"43","ran43.hdr.27",-0.00000733999999999978
"43","ran43.hdr.28",-0.01715588
"43","ran43.hdr.29",-0.0014222
"43","ran43.hdr.3",-0.0007133
"43","ran43.hdr.30",0.000316899999999998
"43","ran43.hdr.31",-0.000514199999999999
"43","ran43.hdr.32",-0.000348000000000001
"43","ran43.hdr.33",-0.000844900000000001
"43","ran43.hdr.34",-0.0018962
"43","ran43.hdr.35",-0.0004212
"43","ran43.hdr.36",-0.000883700000000001
"43","ran43.hdr.37",-0.000507200000000003
"43","ran43.hdr.38",-0.000768999999999999
"43","ran43.hdr.39",-0.0007116
"43","ran43.hdr.4",-0.0054872
"43","ran43.hdr.40",-0.00027737
"43","ran43.hdr.41",-0.00029242
"43","ran43.hdr.42",-0.00015038
"43","ran43.hdr.43",-0.000530699999999999
"43","ran43.hdr.44",-0.0014594
"43","ran43.hdr.45",-0.000207300000000001
"43","ran43.hdr.46",-0.000001000000000001
"43","ran43.hdr.47",-0.000507800000000001
"43","ran43.hdr.48",-0.0005222
"43","ran43.hdr.49",-0.00047324
"43","ran43.hdr.5",-0.005219
"43","ran43.hdr.50",-0.0000118100000000001
"43","ran43.hdr.51",-0.00000750000000000056
"43","ran43.hdr.52",-0.0005226
"43","ran43.hdr.53",-0.0013068
"43","ran43.hdr.54",-0.00021607
"43","ran43.hdr.55",-0.0021164
"43","ran43.hdr.56",-0.0046284
"43","ran43.hdr.57",0.00008457
"43","ran43.hdr.58",-0.00000449999999999995
"43","ran43.hdr.59",0.000032840000000001
"43","ran43.hdr.6",-0.00000749999999999883
"43","ran43.hdr.60",-0.001074
"43","ran43.hdr.61",-0.00017852
"43","ran43.hdr.62",-0.0013724
"43","ran43.hdr.63",-0.0007846
"43","ran43.hdr.64",-0.000588982
"43","ran43.hdr.65",-0.000763170000000001
"43","ran43.hdr.66",0.000414400000000001
"43","ran43.hdr.67",0.00011186
"43","ran43.hdr.68",-0.000229500000000001
"43","ran43.hdr.69",-0.000959399999999999
"43","ran43.hdr.7",-0.00037472
"43","ran43.hdr.70",-0.000919
"43","ran43.hdr.71",-0.000914999999999999
"43","ran43.hdr.72",-0.00039478
"43","ran43.hdr.73",-0.0001367
"43","ran43.hdr.74",-0.000265999999999999
"43","ran43.hdr.75",-0.0012116
"43","ran43.hdr.76",-0.000297700000000001
"43","ran43.hdr.77",-0.0012473
"43","ran43.hdr.78",-0.000766199999999998
"43","ran43.hdr.8",-0.000437670000000001
"43","ran43.hdr.9",-0.00037024
"44","ran44.hdr.1",-0.00020446
"44","ran44.hdr.10",0.0005225
"44","ran44.hdr.11",-0.000315299999999999
"44","ran44.hdr.12",-0.000681099999999999
"44","ran44.hdr.13",0.0000613000000000002
"44","ran44.hdr.14",-0.00071959
"44","ran44.hdr.15",-0.0010992
"44","ran44.hdr.16",-0.000333099999999999
"44","ran44.hdr.17",-0.000651099999999998
"44","ran44.hdr.18",-0.0035352
"44","ran44.hdr.19",-0.00098458
"44","ran44.hdr.2",-0.0000463000000000026
"44","ran44.hdr.20",-0.000611500000000001
"44","ran44.hdr.21",-0.000454400000000001
"44","ran44.hdr.22",0.00023438
"44","ran44.hdr.23",-0.0084394
"44","ran44.hdr.24",-0.0007861
"44","ran44.hdr.25",-0.000154699999999999
"44","ran44.hdr.26",-0.00027682
"44","ran44.hdr.27",-0.00018809
"44","ran44.hdr.28",-0.00010709
"44","ran44.hdr.29",-0.000243760000000001
"44","ran44.hdr.3",0.000943900000000001
"44","ran44.hdr.30",-0.00037474
"44","ran44.hdr.31",-0.000175300000000001
"44","ran44.hdr.32",-0.0002793
"44","ran44.hdr.33",-0.0018846
"44","ran44.hdr.34",-0.0032627
"44","ran44.hdr.35",-0.0010024
"44","ran44.hdr.36",-0.000176700000000002
"44","ran44.hdr.37",-0.000830900000000002
"44","ran44.hdr.38",-0.0024974
"44","ran44.hdr.39",-0.000620599999999999
"44","ran44.hdr.4",-0.0015948
"44","ran44.hdr.40",-0.000616499999999999
"44","ran44.hdr.41",-0.0014594
"44","ran44.hdr.42",-0.0025436
"44","ran44.hdr.43",-0.0007551
"44","ran44.hdr.44",-0.00029489
"44","ran44.hdr.45",-0.000390110000000001
"44","ran44.hdr.46",-0.00035604
"44","ran44.hdr.47",-0.0010598
"44","ran44.hdr.48",-0.000914999999999999
"44","ran44.hdr.49",0.000240000000000001
"44","ran44.hdr.5",-0.0001004
"44","ran44.hdr.50",-0.00022903
"44","ran44.hdr.51",0.0000870000000000003
"44","ran44.hdr.52",0.00005185
"44","ran44.hdr.53",-0.000193199999999999
"44","ran44.hdr.54",-0.000244299999999999
"44","ran44.hdr.56",-0.0013104
"44","ran44.hdr.57",-0.0004576
"44","ran44.hdr.58",-0.0022371
"44","ran44.hdr.59",-0.0011376
"44","ran44.hdr.6",-0.0017379
"44","ran44.hdr.60",-0.000746799999999999
"44","ran44.hdr.61",-0.0001548
"44","ran44.hdr.62",-0.00024239
"44","ran44.hdr.63",0.0007899
"44","ran44.hdr.64",-0.0003464
"44","ran44.hdr.65",-0.000164539999999999
"44","ran44.hdr.66",0.0000251000000000001
"44","ran44.hdr.67",-0.0005082
"44","ran44.hdr.68",-0.000589600000000003
"44","ran44.hdr.69",-0.0023812
"44","ran44.hdr.7",-0.0013722
"44","ran44.hdr.70",-0.0011245
"44","ran44.hdr.71",-0.000550200000000001
"44","ran44.hdr.72",-0.0027704
"44","ran44.hdr.73",-0.00010929
"44","ran44.hdr.74",-0.0005561
"44","ran44.hdr.75",-0.0017992
"44","ran44.hdr.76",-0.0011354
"44","ran44.hdr.77",-0.0027712
"44","ran44.hdr.78",-0.0008628
"44","ran44.hdr.8",-0.00061467
"44","ran44.hdr.9",-0.00044229
"45","ran45.hdr.1",-0.000166100000000002
"45","ran45.hdr.10",-0.000549999999999998
"45","ran45.hdr.11",0.0000499000000000003
"45","ran45.hdr.12",-0.0006645
"45","ran45.hdr.13",-0.000064955
"45","ran45.hdr.14",-0.0002397
"45","ran45.hdr.15",-0.000416400000000001
"45","ran45.hdr.16",-0.0008182
"45","ran45.hdr.17",-0.0017045
"45","ran45.hdr.18",-0.000288400000000001
"45","ran45.hdr.19",-0.00158129
"45","ran45.hdr.2",-0.0007133
"45","ran45.hdr.20",0.00004944
"45","ran45.hdr.21",-0.0006865
"45","ran45.hdr.22",-0.00018017
"45","ran45.hdr.23",0.000435100000000001
"45","ran45.hdr.24",-0.000541900000000001
"45","ran45.hdr.25",-0.000149719999999999
"45","ran45.hdr.26",-0.0000663
"45","ran45.hdr.27",-0.000119399999999999
"45","ran45.hdr.28",-0.0058339
"45","ran45.hdr.29",0.000720500000000002
"45","ran45.hdr.3",-0.0014125
"45","ran45.hdr.30",-0.0011609
"45","ran45.hdr.31",-0.000411400000000003
"45","ran45.hdr.32",-0.0049962
"45","ran45.hdr.33",-0.0023487
"45","ran45.hdr.34",-0.0018392
"45","ran45.hdr.35",-0.000804199999999998
"45","ran45.hdr.36",-0.0003137
"45","ran45.hdr.37",-0.000692499999999999
"45","ran45.hdr.38",-0.0002167
"45","ran45.hdr.39",-0.0010067
"45","ran45.hdr.4",-0.0008533
"45","ran45.hdr.40",0.0000753000000000004
"45","ran45.hdr.41",-0.000302500000000001
"45","ran45.hdr.42",-0.0039113
"45","ran45.hdr.43",-0.0010055
"45","ran45.hdr.44",0.0001724
"45","ran45.hdr.45",0.0000662000000000006
"45","ran45.hdr.46",-0.00270844
"45","ran45.hdr.47",-0.0019361
"45","ran45.hdr.48",-0.00137689
"45","ran45.hdr.49",-0.000137489
"45","ran45.hdr.5",-0.00120107
"45","ran45.hdr.50",-0.00057659
"45","ran45.hdr.51",-0.0000256900000000001
"45","ran45.hdr.52",-0.00011554
"45","ran45.hdr.53",-0.0010844
"45","ran45.hdr.55",0.000547499999999999
"45","ran45.hdr.56",0.000524999999999999
"45","ran45.hdr.57",-0.0000692000000000002
"45","ran45.hdr.58",-0.000477
"45","ran45.hdr.59",0.0002951
"45","ran45.hdr.6",-0.0048415
"45","ran45.hdr.60",-0.00000239999999999962
"45","ran45.hdr.61",-0.0003231
"45","ran45.hdr.62",0.0001609
"45","ran45.hdr.63",-0.000598000000000001
"45","ran45.hdr.64",-0.0015557
"45","ran45.hdr.65",-0.0023928
"45","ran45.hdr.66",-0.0016013
"45","ran45.hdr.67",-0.0007052
"45","ran45.hdr.68",-0.000345399999999999
"45","ran45.hdr.69",-0.0011431
"45","ran45.hdr.7",-0.0052846
"45","ran45.hdr.70",-0.0010098
"45","ran45.hdr.71",-0.000243999999999999
"45","ran45.hdr.72",-0.000798899999999998
"45","ran45.hdr.73",-0.0002688
"45","ran45.hdr.74",-0.0022069
"45","ran45.hdr.75",-0.000299900000000001
"45","ran45.hdr.76",-0.0011631
"45","ran45.hdr.77",-0.00028371
"45","ran45.hdr.78",-0.000678990000000001
"45","ran45.hdr.8",0.000010303
"45","ran45.hdr.9",-0.000108
"46","ran46.hdr.1",-0.0004633
"46","ran46.hdr.10",-0.000358290000000001
"46","ran46.hdr.11",-0.000393299999999999
"46","ran46.hdr.12",-0.000401799999999999
"46","ran46.hdr.13",-0.00010734
"46","ran46.hdr.14",-0.000198540000000001
"46","ran46.hdr.15",-0.0003499
"46","ran46.hdr.16",-0.000431160000000002
"46","ran46.hdr.17",-0.0004884
"46","ran46.hdr.18",-0.00035301
"46","ran46.hdr.19",-0.0000309000000000004
"46","ran46.hdr.2",0.000555399999999998
"46","ran46.hdr.20",-0.000042361
"46","ran46.hdr.21",-0.0002991
"46","ran46.hdr.22",-0.0000960500000000003
"46","ran46.hdr.23",-0.000385699999999999
"46","ran46.hdr.24",0.0000747999999999999
"46","ran46.hdr.25",-0.0011926
"46","ran46.hdr.26",-0.00021139
"46","ran46.hdr.27",-0.000784
"46","ran46.hdr.28",-0.0019854
"46","ran46.hdr.29",0.000265399999999999
"46","ran46.hdr.3",-0.0000225999999999976
"46","ran46.hdr.30",-0.0023193
"46","ran46.hdr.31",0.0003032
"46","ran46.hdr.32",-0.00033054
"46","ran46.hdr.33",-0.00045297
"46","ran46.hdr.34",-0.00013796
"46","ran46.hdr.35",-0.0015552
"46","ran46.hdr.36",0.00018497
"46","ran46.hdr.37",-0.0013356
"46","ran46.hdr.38",0.000207600000000002
"46","ran46.hdr.39",-0.0000485800000000003
"46","ran46.hdr.4",-0.0061766
"46","ran46.hdr.40",-0.0021208
"46","ran46.hdr.41",-0.000717699999999998
"46","ran46.hdr.42",0.000127200000000001
"46","ran46.hdr.43",-0.000392
"46","ran46.hdr.44",-0.000336299999999999
"46","ran46.hdr.45",-0.000691199999999999
"46","ran46.hdr.46",-0.0012528
"46","ran46.hdr.47",-0.000280989999999999
"46","ran46.hdr.48",-0.00022498
"46","ran46.hdr.49",-0.000991599999999999
"46","ran46.hdr.5",-0.0037929
"46","ran46.hdr.50",0.0012612
"46","ran46.hdr.51",-0.000119059999999999
"46","ran46.hdr.52",-0.0004598
"46","ran46.hdr.53",-0.0010767
"46","ran46.hdr.54",-0.000253400000000001
"46","ran46.hdr.55",-0.001074
"46","ran46.hdr.57",-0.0007711
"46","ran46.hdr.58",-0.0034825
"46","ran46.hdr.59",-0.0004258
"46","ran46.hdr.6",-0.00093515
"46","ran46.hdr.60",-0.0011885
"46","ran46.hdr.61",-0.0001464
"46","ran46.hdr.62",-0.0014755
"46","ran46.hdr.63",-0.000540200000000001
"46","ran46.hdr.64",-0.0011074
"46","ran46.hdr.65",-0.000448899999999999
"46","ran46.hdr.66",0.00014493
"46","ran46.hdr.67",-0.000692700000000001
"46","ran46.hdr.68",-0.000093939999999999
"46","ran46.hdr.69",-0.0021688
"46","ran46.hdr.7",-0.0015386
"46","ran46.hdr.70",0.0000356999999999996
"46","ran46.hdr.71",-0.0013741
"46","ran46.hdr.72",-0.000871300000000002
"46","ran46.hdr.73",0.0000621000000000007
"46","ran46.hdr.74",-0.0011035
"46","ran46.hdr.75",-0.000443599999999999
"46","ran46.hdr.76",-0.000961299999999998
"46","ran46.hdr.77",0.0000465000000000014
"46","ran46.hdr.78",-0.0006941
"46","ran46.hdr.8",-0.00041618
"46","ran46.hdr.9",-0.000194699999999999
"47","ran47.hdr.1",-0.0003084
"47","ran47.hdr.10",0.000201669999999999
"47","ran47.hdr.11",-0.00010734
"47","ran47.hdr.12",-0.00039314
"47","ran47.hdr.13",-0.0010879
"47","ran47.hdr.14",-0.000954400000000001
"47","ran47.hdr.15",-0.000359400000000001
"47","ran47.hdr.16",0.000341380000000001
"47","ran47.hdr.17",-0.00032312
"47","ran47.hdr.18",-0.0018782
"47","ran47.hdr.19",0.0003284
"47","ran47.hdr.2",-0.000637000000000002
"47","ran47.hdr.20",-0.000248100000000001
"47","ran47.hdr.21",-0.000257800000000001
"47","ran47.hdr.22",0.000162000000000001
"47","ran47.hdr.23",-0.0030857
"47","ran47.hdr.24",-0.000347700000000001
"47","ran47.hdr.25",-0.0006158
"47","ran47.hdr.26",-0.00034293
"47","ran47.hdr.27",-0.00013267
"47","ran47.hdr.28",0.0000567099999999997
"47","ran47.hdr.29",-0.0002538
"47","ran47.hdr.3",-0.0011965
"47","ran47.hdr.30",0.000227499999999999
"47","ran47.hdr.31",-0.0025825
"47","ran47.hdr.32",-0.00000106999999999972
"47","ran47.hdr.33",-0.0010093
"47","ran47.hdr.34",-0.0008564
"47","ran47.hdr.35",-0.0009332
"47","ran47.hdr.36",-0.000630099999999998
"47","ran47.hdr.37",-0.0005059
"47","ran47.hdr.38",-0.000475400000000001
"47","ran47.hdr.39",-0.00029242
"47","ran47.hdr.4",-0.0020795
"47","ran47.hdr.40",-0.000583
"47","ran47.hdr.41",-0.0007055
"47","ran47.hdr.42",0.000530699999999999
"47","ran47.hdr.43",-0.0000555999999999994
"47","ran47.hdr.44",-0.0016596
"47","ran47.hdr.45",0.000017147
"47","ran47.hdr.46",-0.0010651
"47","ran47.hdr.47",-0.004276
"47","ran47.hdr.48",-0.0000828000000000009
"47","ran47.hdr.49",-0.000670899999999999
"47","ran47.hdr.5",-0.000892799999999999
"47","ran47.hdr.50",-0.00032122
"47","ran47.hdr.51",-0.0002851
"47","ran47.hdr.52",-0.00015647
"47","ran47.hdr.53",-0.000092715
"47","ran47.hdr.54",-0.000122300000000001
"47","ran47.hdr.55",-0.000147899999999999
"47","ran47.hdr.56",-0.0043936
"47","ran47.hdr.57",-0.00003125
"47","ran47.hdr.58",-0.00050305
"47","ran47.hdr.59",-0.00011945
"47","ran47.hdr.6",-0.000160799999999999
"47","ran47.hdr.60",-0.000297500000000001
"47","ran47.hdr.61",0.0000637999999999993
"47","ran47.hdr.62",-0.000602269999999999
"47","ran47.hdr.63",-0.0015743
"47","ran47.hdr.64",-0.0000474999999999989
"47","ran47.hdr.65",-0.000778600000000001
"47","ran47.hdr.66",-0.000604199999999999
"47","ran47.hdr.67",-0.0068051
"47","ran47.hdr.68",-0.000093939999999999
"47","ran47.hdr.69",-0.000964700000000002
"47","ran47.hdr.7",-0.0028274
"47","ran47.hdr.70",0.000333160000000001
"47","ran47.hdr.71",0.0002082
"47","ran47.hdr.72",-0.00032338
"47","ran47.hdr.73",-0.000579
"47","ran47.hdr.74",-0.0011035
"47","ran47.hdr.75",-0.0014309
"47","ran47.hdr.76",-0.000118658
"47","ran47.hdr.77",-0.000114400000000001
"47","ran47.hdr.78",-0.000547499999999999
"47","ran47.hdr.8",-0.00044229
"47","ran47.hdr.9",-0.00023812
"48","ran48.hdr.1",-0.00119054
"48","ran48.hdr.10",-0.00021846
"48","ran48.hdr.11",-0.000223299999999999
"48","ran48.hdr.12",-0.0000804899999999999
"48","ran48.hdr.13",-0.00045021
"48","ran48.hdr.14",-0.000807199999999999
"48","ran48.hdr.15",-0.001162
"48","ran48.hdr.16",-0.0007302
"48","ran48.hdr.17",-0.0005193
"48","ran48.hdr.18",-0.0000712300000000003
"48","ran48.hdr.19",-0.000452899999999999
"48","ran48.hdr.2",-0.0004513
"48","ran48.hdr.20",-0.00030432
"48","ran48.hdr.21",-0.000291369999999999
"48","ran48.hdr.22",-0.0001083
"48","ran48.hdr.23",-0.0035352
"48","ran48.hdr.24",-0.0023332
"48","ran48.hdr.25",-0.000158599999999998
"48","ran48.hdr.26",-0.0007746
"48","ran48.hdr.27",-0.0007861
"48","ran48.hdr.28",0.00026201
"48","ran48.hdr.29",0.00000545000000000016
"48","ran48.hdr.3",-0.0014125
"48","ran48.hdr.30",-0.00055319
"48","ran48.hdr.31",-0.0076907
"48","ran48.hdr.32",-0.000784
"48","ran48.hdr.33",-0.0051598
"48","ran48.hdr.34",-0.0035614
"48","ran48.hdr.35",-0.00000899999999999859
"48","ran48.hdr.36",-0.0003333
"48","ran48.hdr.37",-0.000662100000000001
"48","ran48.hdr.38",-0.0000392999999999991
"48","ran48.hdr.39",-0.0015268
"48","ran48.hdr.4",0.00035968
"48","ran48.hdr.40",-0.00018951
"48","ran48.hdr.41",-0.000435399999999999
"48","ran48.hdr.42",-0.000184700000000001
"48","ran48.hdr.43",NA
"48","ran48.hdr.44",0.000237399999999999
"48","ran48.hdr.45",0.0000540300000000001
"48","ran48.hdr.46",-0.0022477
"48","ran48.hdr.47",-0.0018642
"48","ran48.hdr.48",-0.000727459999999999
"48","ran48.hdr.49",-0.0028342
"48","ran48.hdr.5",-0.00250827
"48","ran48.hdr.50",-0.000246700000000001
"48","ran48.hdr.51",0.0000839000000000013
"48","ran48.hdr.52",-0.000464200000000001
"48","ran48.hdr.53",-0.0001508
"48","ran48.hdr.54",-0.000713800000000001
"48","ran48.hdr.55",-0.000129839
"48","ran48.hdr.56",-0.0000823899999999999
"48","ran48.hdr.57",-0.0023439
"48","ran48.hdr.58",0.00029457
"48","ran48.hdr.59",0.0000198999999999998
"48","ran48.hdr.6",-0.0066937
"48","ran48.hdr.60",-0.0010723
"48","ran48.hdr.61",-0.00048754
"48","ran48.hdr.62",-0.000118309
"48","ran48.hdr.65",-0.00019203
"48","ran48.hdr.66",-0.0003231
"48","ran48.hdr.67",-0.001069
"48","ran48.hdr.68",-0.0000338000000000005
"48","ran48.hdr.69",0.000150899999999999
"48","ran48.hdr.7",-0.0052846
"48","ran48.hdr.70",-0.000603300000000001
"48","ran48.hdr.71",0.0004495
"48","ran48.hdr.72",0.000239400000000001
"48","ran48.hdr.73",0.000282600000000001
"48","ran48.hdr.74",0.0006221
"48","ran48.hdr.75",-0.0018724
"48","ran48.hdr.76",-0.0027169
"48","ran48.hdr.77",-0.0014758
"48","ran48.hdr.78",-0.00118
"48","ran48.hdr.8",-0.0004966
"48","ran48.hdr.9",0.0000578000000000002
"49","ran49.hdr.1",-0.00131489
"49","ran49.hdr.10",-0.0005302
"49","ran49.hdr.11",-0.0004966
"49","ran49.hdr.12",-0.0003795
"49","ran49.hdr.13",-0.0010879
"49","ran49.hdr.14",-0.0011481
"49","ran49.hdr.15",-0.0000432000000000002
"49","ran49.hdr.16",-0.000351200000000001
"49","ran49.hdr.17",-0.0002013
"49","ran49.hdr.18",-0.0017649
"49","ran49.hdr.19",-0.000874099999999999
"49","ran49.hdr.2",-0.000373100000000001
"49","ran49.hdr.20",-0.00026376
"49","ran49.hdr.21",-0.0016769
"49","ran49.hdr.22",-0.0003254
"49","ran49.hdr.23",-0.0004899
"49","ran49.hdr.24",-0.000473700000000001
"49","ran49.hdr.25",-0.0006806
"49","ran49.hdr.26",0.000180360000000001
"49","ran49.hdr.27",-0.000582599999999999
"49","ran49.hdr.28",-0.00018774
"49","ran49.hdr.29",0.0000141299999999994
"49","ran49.hdr.3",-0.0019788
"49","ran49.hdr.30",-0.000953199999999998
"49","ran49.hdr.31",-0.0009823
"49","ran49.hdr.32",-0.0000701
"49","ran49.hdr.33",-0.0008395
"49","ran49.hdr.34",0.0000814000000000023
"49","ran49.hdr.35",0.000246899999999998
"49","ran49.hdr.36",-0.0009201
"49","ran49.hdr.37",-0.0023505
"49","ran49.hdr.38",-0.0012106
"49","ran49.hdr.39",-0.0001811
"49","ran49.hdr.4",-0.00041678
"49","ran49.hdr.40",0.000151699999999999
"49","ran49.hdr.41",-0.000289599999999999
"49","ran49.hdr.42",0.0000195999999999998
"49","ran49.hdr.43",0.0000832000000000003
"49","ran49.hdr.44",-0.0014471
"49","ran49.hdr.45",-0.000924000000000001
"49","ran49.hdr.46",-0.000691199999999999
"49","ran49.hdr.47",-0.000228000000000001
"49","ran49.hdr.48",-0.0016606
"49","ran49.hdr.49",-0.0000513999999999966
"49","ran49.hdr.5",-0.0066937
"49","ran49.hdr.50",0.000358000000000001
"49","ran49.hdr.51",-0.0004037
"49","ran49.hdr.52",-0.0011708
"49","ran49.hdr.53",0.0002778
"49","ran49.hdr.54",-0.00073805
"49","ran49.hdr.55",-0.0004198
"49","ran49.hdr.56",-0.0000312699999999999
"49","ran49.hdr.57",-0.0013724
"49","ran49.hdr.58",-0.0007846
"49","ran49.hdr.59",-0.00095777
"49","ran49.hdr.6",-0.0030667
"49","ran49.hdr.60",-0.000849699999999998
"49","ran49.hdr.61",-0.0022371
"49","ran49.hdr.62",-0.00084326
"49","ran49.hdr.63",-0.0001548
"49","ran49.hdr.64",-0.000164500000000001
"49","ran49.hdr.65",-0.000581100000000001
"49","ran49.hdr.66",0.0000699000000000012
"49","ran49.hdr.67",0.0010617
"49","ran49.hdr.68",-0.000768900000000003
"49","ran49.hdr.69",-0.000201800000000002
"49","ran49.hdr.7",-0.000236699999999999
"49","ran49.hdr.70",-0.0005272
"49","ran49.hdr.71",-0.0004019
"49","ran49.hdr.72",-0.000228699999999998
"49","ran49.hdr.73",-0.001624
"49","ran49.hdr.74",-0.000458999999999998
"49","ran49.hdr.75",0.000299700000000002
"49","ran49.hdr.76",-0.0022821
"49","ran49.hdr.77",-0.001383
"49","ran49.hdr.78",-0.000547499999999999
"49","ran49.hdr.8",0.0000174000000000007
"49","ran49.hdr.9",-0.00044199
"50","ran50.hdr.1",-0.0003459
"50","ran50.hdr.10",-0.00154022
"50","ran50.hdr.11",-0.000393299999999999
"50","ran50.hdr.12",0.00016184
"50","ran50.hdr.13",-0.0002267
"50","ran50.hdr.14",-0.000434459999999999
"50","ran50.hdr.15",-0.0000749899999999996
"50","ran50.hdr.16",-0.000905599999999999
"50","ran50.hdr.17",-0.0003154
"50","ran50.hdr.18",-0.000431160000000002
"50","ran50.hdr.19",-0.0010694
"50","ran50.hdr.2",0.0000236000000000004
"50","ran50.hdr.20",-0.000506100000000002
"50","ran50.hdr.21",-0.000682600000000002
"50","ran50.hdr.22",-0.0001814
"50","ran50.hdr.23",-0.0084394
"50","ran50.hdr.24",-0.0012522
"50","ran50.hdr.25",0.0000514499999999998
"50","ran50.hdr.26",-0.0010873
"50","ran50.hdr.27",-0.0113291
"50","ran50.hdr.28",-0.00017819
"50","ran50.hdr.29",-0.00025349
"50","ran50.hdr.3",-0.0001058
"50","ran50.hdr.30",-0.0009823
"50","ran50.hdr.31",0.00069544
"50","ran50.hdr.32",-0.0010093
"50","ran50.hdr.33",-0.0013244
"50","ran50.hdr.34",-0.0034946
"50","ran50.hdr.35",-0.0022116
"50","ran50.hdr.36",-0.0000755699999999996
"50","ran50.hdr.37",-0.00081
"50","ran50.hdr.38",-0.004276
"50","ran50.hdr.39",-0.0010009
"50","ran50.hdr.4",-0.000683999999999997
"50","ran50.hdr.40",-0.00041977
"50","ran50.hdr.41",-0.00124632
"50","ran50.hdr.42",-0.0012793
"50","ran50.hdr.43",0.00011506
"50","ran50.hdr.44",-0.0011708
"50","ran50.hdr.45",-0.0000134699999999998
"50","ran50.hdr.46",-0.00000580000000000025
"50","ran50.hdr.48",0.0000331799999999998
"50","ran50.hdr.49",-0.0013104
"50","ran50.hdr.5",0.0000215299999999996
"50","ran50.hdr.50",-0.000262800000000001
"50","ran50.hdr.51",-0.0015743
"50","ran50.hdr.52",-0.00051952
"50","ran50.hdr.53",-0.0010234
"50","ran50.hdr.54",-0.01281643
"50","ran50.hdr.55",-0.000675199999999997
"50","ran50.hdr.56",0.000422200000000001
"50","ran50.hdr.57",-0.001278
"50","ran50.hdr.58",-0.000266830000000001
"50","ran50.hdr.59",0.0004708
"50","ran50.hdr.6",-0.0030406
"50","ran50.hdr.60",-0.000376000000000001
"50","ran50.hdr.61",-0.000448899999999999
"50","ran50.hdr.62",-0.0002389
"50","ran50.hdr.63",-0.001641
"50","ran50.hdr.64",-0.000607500000000002
"50","ran50.hdr.65",-0.0001911
"50","ran50.hdr.66",0.00049861
"50","ran50.hdr.67",-0.00063214
"50","ran50.hdr.68",0.000118210000000001
"50","ran50.hdr.69",-0.0000153999999999987
"50","ran50.hdr.7",0.0002886
"50","ran50.hdr.70",-0.0009037
"50","ran50.hdr.71",-0.000107400000000001
"50","ran50.hdr.72",-0.0044168
"50","ran50.hdr.73",-0.0053353
"50","ran50.hdr.74",-0.0000177000000000007
"50","ran50.hdr.75",-0.0016285
"50","ran50.hdr.76",-0.0013233
"50","ran50.hdr.77",-0.000676700000000002
"50","ran50.hdr.78",-0.0013565
"50","ran50.hdr.8",-0.00023812
"50","ran50.hdr.9",-0.00036227
"51","ran51.hdr.1",-0.0000216000000000001
"51","ran51.hdr.10",-0.0000787700000000001
"51","ran51.hdr.11",-0.000405638
"51","ran51.hdr.12",-0.000204939999999999
"51","ran51.hdr.13",-0.00129969
"51","ran51.hdr.14",-0.0000506599999999992
"51","ran51.hdr.15",-0.0013508
"51","ran51.hdr.16",-0.000911199999999997
"51","ran51.hdr.17",-0.000516000000000001
"51","ran51.hdr.18",-0.00026376
"51","ran51.hdr.19",0.000335599999999998
"51","ran51.hdr.2",-0.0012185
"51","ran51.hdr.20",-0.000195600000000001
"51","ran51.hdr.21",0.0002343
"51","ran51.hdr.22",-0.0012188
"51","ran51.hdr.23",0.000240199999999999
"51","ran51.hdr.24",-0.00182421
"51","ran51.hdr.25",-0.000846699999999999
"51","ran51.hdr.26",-0.0011853
"51","ran51.hdr.27",-0.000167799999999999
"51","ran51.hdr.28",-0.000796499999999999
"51","ran51.hdr.29",-0.0025867
"51","ran51.hdr.3",-0.000621999999999998
"51","ran51.hdr.30",0.000511099999999999
"51","ran51.hdr.31",-0.0008389
"51","ran51.hdr.32",0.000197099999999999
"51","ran51.hdr.33",-0.00016391
"51","ran51.hdr.34",-0.00046356
"51","ran51.hdr.35",-0.0014904
"51","ran51.hdr.36",-0.0008652
"51","ran51.hdr.37",0.000035033
"51","ran51.hdr.38",-0.0012926
"51","ran51.hdr.39",-0.0017024
"51","ran51.hdr.4",-0.000430400000000001
"51","ran51.hdr.40",-0.000411400000000003
"51","ran51.hdr.41",-0.000409099999999999
"51","ran51.hdr.42",-0.000478900000000001
"51","ran51.hdr.43",0.000361500000000001
"51","ran51.hdr.44",-0.0006558
"51","ran51.hdr.45",-0.0003937
"51","ran51.hdr.46",0.0000239999999999997
"51","ran51.hdr.47",-0.00037394
"51","ran51.hdr.48",0.000135380000000001
"51","ran51.hdr.49",0.0002524
"51","ran51.hdr.5",-0.0053867
"51","ran51.hdr.50",-0.000569900000000002
"51","ran51.hdr.51",-0.00065478
"51","ran51.hdr.52",-0.000114099999999999
"51","ran51.hdr.53",NA
"51","ran51.hdr.54",0.000197900000000001
"51","ran51.hdr.55",-0.00022498
"51","ran51.hdr.56",-0.000814100000000002
"51","ran51.hdr.57",-0.000764300000000002
"51","ran51.hdr.58",-0.00061173
"51","ran51.hdr.59",0.000126360000000001
"51","ran51.hdr.6",-0.0031082
"51","ran51.hdr.60",-0.001153
"51","ran51.hdr.61",-0.0003894
"51","ran51.hdr.62",-0.000907400000000001
"51","ran51.hdr.63",-0.0000578999999999996
"51","ran51.hdr.64",-0.0021686
"51","ran51.hdr.65",-0.000312099999999999
"51","ran51.hdr.66",-0.0005504
"51","ran51.hdr.67",-0.000792399999999999
"51","ran51.hdr.68",0.0000502999999999997
"51","ran51.hdr.69",-0.0037006
"51","ran51.hdr.7",-0.0054452
"51","ran51.hdr.70",-0.000870200000000002
"51","ran51.hdr.71",0.000100399999999999
"51","ran51.hdr.72",-0.0000461999999999997
"51","ran51.hdr.73",-0.000274399999999998
"51","ran51.hdr.74",-0.000649899999999998
"51","ran51.hdr.75",-0.0005561
"51","ran51.hdr.76",-0.000792599999999999
"51","ran51.hdr.77",-0.000399129999999999
"51","ran51.hdr.78",-0.0003186
"51","ran51.hdr.8",-0.0010404
"51","ran51.hdr.9",0.0003046
"52","ran52.hdr.1",-0.0003622
"52","ran52.hdr.10",-0.00010734
"52","ran52.hdr.11",-0.0000622000000000001
"52","ran52.hdr.12",-0.000713499999999999
"52","ran52.hdr.13",-0.0008751
"52","ran52.hdr.14",-0.000184699999999999
"52","ran52.hdr.15",-0.0010694
"52","ran52.hdr.16",-0.000248100000000001
"52","ran52.hdr.17",-0.0003756
"52","ran52.hdr.18",0.0000205000000000014
"52","ran52.hdr.19",-0.0010804
"52","ran52.hdr.2",-0.000115250000000001
"52","ran52.hdr.20",-0.00019801
"52","ran52.hdr.21",0.0000328100000000012
"52","ran52.hdr.22",-0.0000722500000000003
"52","ran52.hdr.23",-0.0003097
"52","ran52.hdr.24",-0.00023903
"52","ran52.hdr.25",-0.000143009999999999
"52","ran52.hdr.26",-0.0014853
"52","ran52.hdr.27",-0.0006427
"52","ran52.hdr.28",-0.0010877
"52","ran52.hdr.29",-0.0000894500000000005
"52","ran52.hdr.3",-0.000160850000000001
"52","ran52.hdr.30",-0.000138870000000001
"52","ran52.hdr.31",-0.000763300000000001
"52","ran52.hdr.32",-0.00012828
"52","ran52.hdr.33",-0.000583
"52","ran52.hdr.34",-0.0000777999999999994
"52","ran52.hdr.35",0.000207600000000002
"52","ran52.hdr.36",-0.0011
"52","ran52.hdr.37",-0.0008214
"52","ran52.hdr.38",-0.0001203
"52","ran52.hdr.39",0.0000540300000000001
"52","ran52.hdr.4",-0.0033457
"52","ran52.hdr.40",-0.000522599999999998
"52","ran52.hdr.41",-0.0030178
"52","ran52.hdr.42",-0.000717699999999998
"52","ran52.hdr.43",0.000207200000000001
"52","ran52.hdr.44",-0.000735400000000001
"52","ran52.hdr.45",-0.0070307
"52","ran52.hdr.46",-0.000377499999999999
"52","ran52.hdr.47",-0.000325299999999997
"52","ran52.hdr.48",-0.000315939999999999
"52","ran52.hdr.49",0.0002425
"52","ran52.hdr.5",-0.0044797
"52","ran52.hdr.50",-0.0019361
"52","ran52.hdr.51",-0.0011486
"52","ran52.hdr.52",0.0000326900000000001
"52","ran52.hdr.53",-0.000492100000000002
"52","ran52.hdr.54",-0.0015743
"52","ran52.hdr.55",-0.0000835000000000002
"52","ran52.hdr.56",-0.000425699999999999
"52","ran52.hdr.57",-0.0010605
"52","ran52.hdr.58",-0.000418799999999997
"52","ran52.hdr.59",-0.000706399999999999
"52","ran52.hdr.6",-0.000437670000000001
"52","ran52.hdr.60",-0.000477
"52","ran52.hdr.61",-0.0002054
"52","ran52.hdr.62",-0.000324099999999999
"52","ran52.hdr.63",-0.000735300000000001
"52","ran52.hdr.64",-0.00222635
"52","ran52.hdr.65",-0.0044594
"52","ran52.hdr.66",-0.000808099999999999
"52","ran52.hdr.67",-0.0012091
"52","ran52.hdr.68",-0.001507
"52","ran52.hdr.69",-0.000681889999999999
"52","ran52.hdr.7",-0.0006642
"52","ran52.hdr.70",-0.000361200000000001
"52","ran52.hdr.71",-0.0009818
"52","ran52.hdr.72",0.0000151999999999999
"52","ran52.hdr.73",0.0000390000000000008
"52","ran52.hdr.74",-0.0020861
"52","ran52.hdr.75",-0.0014277
"52","ran52.hdr.76",-0.0022335
"52","ran52.hdr.77",-0.0003604
"52","ran52.hdr.78",-0.0005872
"52","ran52.hdr.8",-0.00038213
"52","ran52.hdr.9",-0.0008879
"53","ran53.hdr.1",-0.00020446
"53","ran53.hdr.10",-0.000011800000000001
"53","ran53.hdr.11",-0.0002961
"53","ran53.hdr.12",-0.000911199999999997
"53","ran53.hdr.13",-0.0004314
"53","ran53.hdr.14",-0.00035301
"53","ran53.hdr.15",-0.0007074
"53","ran53.hdr.16",-0.0005983
"53","ran53.hdr.17",-0.0021765
"53","ran53.hdr.18",-0.000288400000000001
"53","ran53.hdr.19",-0.00158129
"53","ran53.hdr.2",-0.00119054
"53","ran53.hdr.20",-0.00015683
"53","ran53.hdr.21",-0.0010155
"53","ran53.hdr.22",-0.00043048
"53","ran53.hdr.23",-0.00141581
"53","ran53.hdr.24",-0.0000751000000000003
"53","ran53.hdr.25",-0.0000868339999999999
"53","ran53.hdr.26",-0.0002542
"53","ran53.hdr.27",-0.0000683000000000003
"53","ran53.hdr.28",-0.000383960000000001
"53","ran53.hdr.29",-0.001093
"53","ran53.hdr.3",0.000132
"53","ran53.hdr.30",0.000911599999999999
"53","ran53.hdr.31",-0.0011609
"53","ran53.hdr.32",-0.0030608
"53","ran53.hdr.33",-0.0000584000000000001
"53","ran53.hdr.34",-0.00018951
"53","ran53.hdr.35",0.000071100000000001
"53","ran53.hdr.36",0.0001451
"53","ran53.hdr.37",0.0000757000000000015
"53","ran53.hdr.38",0.000237399999999999
"53","ran53.hdr.39",-0.0000647699999999996
"53","ran53.hdr.4",-0.0000914000000000002
"53","ran53.hdr.40",-0.0014925
"53","ran53.hdr.41",-0.000404300000000002
"53","ran53.hdr.42",-0.0033085
"53","ran53.hdr.43",-0.0010611
"53","ran53.hdr.44",0.000295299999999998
"53","ran53.hdr.45",-0.0003643
"53","ran53.hdr.46",0.0000683999999999997
"53","ran53.hdr.47",-0.0015836
"53","ran53.hdr.48",-0.000228000000000001
"53","ran53.hdr.49",0.00019087
"53","ran53.hdr.5",-0.0053867
"53","ran53.hdr.50",-0.00009566
"53","ran53.hdr.51",-0.0000649599999999993
"53","ran53.hdr.52",-0.0004384
"53","ran53.hdr.53",-0.0023439
"53","ran53.hdr.54",-0.00011945
"53","ran53.hdr.55",0.0000555099999999999
"53","ran53.hdr.56",-0.000175700000000001
"53","ran53.hdr.57",0.0000282099999999999
"53","ran53.hdr.58",-0.000496
"53","ran53.hdr.6",-0.0004693
"53","ran53.hdr.60",-0.00015495
"53","ran53.hdr.61",-0.000763170000000001
"53","ran53.hdr.62",0.0000522999999999999
"53","ran53.hdr.63",-0.0005466
"53","ran53.hdr.64",0.000449379999999999
"53","ran53.hdr.65",-0.0010749
"53","ran53.hdr.66",-0.0010423
"53","ran53.hdr.67",0.000312099999999999
"53","ran53.hdr.68",-0.0013344
"53","ran53.hdr.69",-0.0011658
"53","ran53.hdr.7",0.00012763
"53","ran53.hdr.70",-0.00033063
"53","ran53.hdr.71",0.0000832999999999997
"53","ran53.hdr.72",-0.0016431
"53","ran53.hdr.73",-0.000589600000000003
"53","ran53.hdr.74",-0.000949499999999999
"53","ran53.hdr.75",0.0002433
"53","ran53.hdr.76",-0.0000286100000000001
"53","ran53.hdr.77",-0.0002862
"53","ran53.hdr.78",-0.0023484
"53","ran53.hdr.8",-0.00041678
"53","ran53.hdr.9",-0.0000702199999999997
"54","ran54.hdr.1",-0.0016743
"54","ran54.hdr.10",-0.0004966
"54","ran54.hdr.11",-0.00066134
"54","ran54.hdr.12",-0.0003821
"54","ran54.hdr.13",-0.0023044
"54","ran54.hdr.14",-0.0000116999999999999
"54","ran54.hdr.15",-0.00027193
"54","ran54.hdr.16",0.00000618000000000059
"54","ran54.hdr.17",-0.000198540000000001
"54","ran54.hdr.18",-0.0005968
"54","ran54.hdr.19",-0.00025741
"54","ran54.hdr.2",-0.0053867
"54","ran54.hdr.20",-0.0013108
"54","ran54.hdr.21",-0.000397499999999999
"54","ran54.hdr.22",-0.0075695
"54","ran54.hdr.23",-0.000605700000000001
"54","ran54.hdr.24",0.00018949
"54","ran54.hdr.25",0.0000328100000000012
"54","ran54.hdr.26",0.0000270699999999997
"54","ran54.hdr.27",0.0001034
"54","ran54.hdr.28",-0.00015958
"54","ran54.hdr.29",-0.00055601
"54","ran54.hdr.3",0.00049115
"54","ran54.hdr.30",NA
"54","ran54.hdr.31",-0.000165080000000001
"54","ran54.hdr.32",-0.000207189999999999
"54","ran54.hdr.33",-0.0000640999999999992
"54","ran54.hdr.34",-0.000292629999999999
"54","ran54.hdr.35",-0.0001753
"54","ran54.hdr.36",-0.0000683100000000002
"54","ran54.hdr.37",-0.00018725
"54","ran54.hdr.38",-0.0013637
"54","ran54.hdr.39",-0.00015777
"54","ran54.hdr.4",-0.000617699999999999
"54","ran54.hdr.40",-0.0019089
"54","ran54.hdr.41",-0.00026302
"54","ran54.hdr.42",-0.0022116
"54","ran54.hdr.43",-0.0014927
"54","ran54.hdr.44",-0.00112666
"54","ran54.hdr.45",-0.00035147
"54","ran54.hdr.46",0.000171900000000003
"54","ran54.hdr.47",-0.0011215
"54","ran54.hdr.48",-0.0070307
"54","ran54.hdr.49",0.0004708
"54","ran54.hdr.5",-0.0014125
"54","ran54.hdr.50",0.00002906
"54","ran54.hdr.51",-0.000436799999999998
"54","ran54.hdr.52",-0.001416
"54","ran54.hdr.53",-0.000000799999999999586
"54","ran54.hdr.54",-0.00010908
"54","ran54.hdr.55",-0.0003833
"54","ran54.hdr.56",0.000223899999999999
"54","ran54.hdr.57",-0.0022371
"54","ran54.hdr.58",-0.000907400000000001
"54","ran54.hdr.59",0.000118699999999999
"54","ran54.hdr.6",-0.00018871
"54","ran54.hdr.60",-0.012746
"54","ran54.hdr.61",0.0000727999999999996
"54","ran54.hdr.62",-0.0011402
"54","ran54.hdr.63",-0.0028671
"54","ran54.hdr.64",-0.0003058
"54","ran54.hdr.65",0.0002977
"54","ran54.hdr.66",-0.0023928
"54","ran54.hdr.67",-0.0001385
"54","ran54.hdr.68",-0.000290670000000001
"54","ran54.hdr.69",-0.00203165
"54","ran54.hdr.7",-0.0038288
"54","ran54.hdr.70",-0.00179129
"54","ran54.hdr.71",-0.000420299999999998
"54","ran54.hdr.72",-0.0007448
"54","ran54.hdr.73",-0.0014277
"54","ran54.hdr.74",0.0003344
"54","ran54.hdr.75",-0.0030263
"54","ran54.hdr.76",-0.0013901
"54","ran54.hdr.77",-0.0013565
"54","ran54.hdr.78",-0.000289600000000001
"54","ran54.hdr.8",-0.0001723
"54","ran54.hdr.9",-0.0003134
"55","ran55.hdr.1",-0.000311580000000001
"55","ran55.hdr.10",-0.000508749999999999
"55","ran55.hdr.11",-0.00154022
"55","ran55.hdr.12",-0.000232599999999999
"55","ran55.hdr.13",-0.0002244
"55","ran55.hdr.14",-0.0000621999999999984
"55","ran55.hdr.15",-0.00129969
"55","ran55.hdr.16",-0.00050998
"55","ran55.hdr.17",-0.00015777
"55","ran55.hdr.18",-0.0007074
"55","ran55.hdr.19",0.0000320000000000008
"55","ran55.hdr.2",-0.0026658
"55","ran55.hdr.20",-0.00106094
"55","ran55.hdr.21",-0.0008757
"55","ran55.hdr.22",0.0003128
"55","ran55.hdr.23",-0.0011183
"55","ran55.hdr.24",-0.000551599999999999
"55","ran55.hdr.25",-0.000890400000000001
"55","ran55.hdr.26",0.000329399999999999
"55","ran55.hdr.27",-0.0025984
"55","ran55.hdr.28",-0.00055319
"55","ran55.hdr.29",NA
"55","ran55.hdr.3",-0.0000470000000000002
"55","ran55.hdr.30",-0.0000481300000000004
"55","ran55.hdr.31",-0.000397000000000002
"55","ran55.hdr.32",0.0005539
"55","ran55.hdr.33",-0.0013637
"55","ran55.hdr.34",0.00039719
"55","ran55.hdr.35",0.000000420200000000003
"55","ran55.hdr.36",-0.000435399999999999
"55","ran55.hdr.37",-0.00046567
"55","ran55.hdr.38",0.000069399999999999
"55","ran55.hdr.39",-0.0005509
"55","ran55.hdr.4",0.0000445999999999988
"55","ran55.hdr.40",0.000258599999999999
"55","ran55.hdr.41",0.000560999999999999
"55","ran55.hdr.42",-0.0014463
"55","ran55.hdr.43",-0.00030301
"55","ran55.hdr.44",-0.0012106
"55","ran55.hdr.45",-0.000207300000000001
"55","ran55.hdr.46",0.0000373000000000005
"55","ran55.hdr.47",-0.000392
"55","ran55.hdr.48",-0.000207300000000001
"55","ran55.hdr.49",-0.00023654
"55","ran55.hdr.5",-0.00278592
"55","ran55.hdr.50",-0.000764300000000002
"55","ran55.hdr.51",-0.0005042
"55","ran55.hdr.52",0.0000771000000000001
"55","ran55.hdr.53",-0.000381660000000001
"55","ran55.hdr.54",-0.0010297
"55","ran55.hdr.55",-0.000162300000000001
"55","ran55.hdr.56",-0.000811599999999999
"55","ran55.hdr.57",-0.000296940000000001
"55","ran55.hdr.58",-0.0043602
"55","ran55.hdr.59",-0.0001288
"55","ran55.hdr.6",0.000579970000000001
"55","ran55.hdr.60",-0.00019203
"55","ran55.hdr.61",0.000607400000000001
"55","ran55.hdr.62",-0.00104738
"55","ran55.hdr.63",-0.0005187
"55","ran55.hdr.64",-0.0000376999999999999
"55","ran55.hdr.65",-0.0000736999999999995
"55","ran55.hdr.66",-0.0002646
"55","ran55.hdr.67",-0.0096339
"55","ran55.hdr.68",-0.000388300000000001
"55","ran55.hdr.69",-0.0009751
"55","ran55.hdr.7",-0.0000645900000000007
"55","ran55.hdr.70",-0.00033439
"55","ran55.hdr.71",-0.0011354
"55","ran55.hdr.72",-0.00119554
"55","ran55.hdr.73",0.000555399999999999
"55","ran55.hdr.74",-0.0000953799999999999
"55","ran55.hdr.75",-0.0046933
"55","ran55.hdr.76",-0.00288578
"55","ran55.hdr.77",-0.001318
"55","ran55.hdr.78",-0.0002015
"55","ran55.hdr.8",-0.000196790000000001
"55","ran55.hdr.9",-0.000183900000000001
"56","ran56.hdr.1",-0.000166100000000002
"56","ran56.hdr.10",-0.000229759999999999
"56","ran56.hdr.11",-0.00011542
"56","ran56.hdr.12",-0.00056426
"56","ran56.hdr.13",-0.000401799999999999
"56","ran56.hdr.14",0.00000119999999999981
"56","ran56.hdr.15",-0.000119060000000001
"56","ran56.hdr.16",-0.000274099999999999
"56","ran56.hdr.17",-0.000516000000000001
"56","ran56.hdr.18",-0.000864889999999999
"56","ran56.hdr.19",-0.000136260000000001
"56","ran56.hdr.2",0.0000859499999999996
"56","ran56.hdr.20",-0.00034688
"56","ran56.hdr.21",-0.0010564
"56","ran56.hdr.22",-0.000184699999999999
"56","ran56.hdr.23",-0.0013259
"56","ran56.hdr.24",-0.000217599999999998
"56","ran56.hdr.25",0.000145899999999999
"56","ran56.hdr.26",-0.0021765
"56","ran56.hdr.27",-0.000846999999999997
"56","ran56.hdr.28",0.0000514499999999998
"56","ran56.hdr.29",-0.0025984
"56","ran56.hdr.3",-0.0006856
"56","ran56.hdr.30",0.00005608
"56","ran56.hdr.31",-0.000213520000000001
"56","ran56.hdr.32",-0.000507499999999999
"56","ran56.hdr.33",-0.0036419
"56","ran56.hdr.34",-0.000480399999999999
"56","ran56.hdr.35",-0.0000584799999999996
"56","ran56.hdr.36",-0.00036563
"56","ran56.hdr.37",-0.00032408
"56","ran56.hdr.38",-0.00015777
"56","ran56.hdr.39",-0.000638400000000001
"56","ran56.hdr.4",-0.0053867
"56","ran56.hdr.40",-0.0014927
"56","ran56.hdr.41",-0.00025843
"56","ran56.hdr.42",-0.0000397000000000002
"56","ran56.hdr.43",-0.0016634
"56","ran56.hdr.44",-0.000569900000000002
"56","ran56.hdr.45",-0.0010032
"56","ran56.hdr.46",0.000844299999999999
"56","ran56.hdr.47",0.0001724
"56","ran56.hdr.48",-0.00077464
"56","ran56.hdr.49",-0.0001647
"56","ran56.hdr.5",-0.01280031
"56","ran56.hdr.50",-0.000299799999999999
"56","ran56.hdr.51",-0.000914999999999999
"56","ran56.hdr.52",-0.0000753999999999998
"56","ran56.hdr.53",-0.00016562
"56","ran56.hdr.54",-0.00011424
"56","ran56.hdr.55",-0.00035154
"56","ran56.hdr.57",-0.000618499999999999
"56","ran56.hdr.58",-0.000284700000000002
"56","ran56.hdr.59",-0.0000402400000000004
"56","ran56.hdr.6",-0.01541877
"56","ran56.hdr.60",-0.00038507
"56","ran56.hdr.61",-0.0019575
"56","ran56.hdr.62",-0.0001876
"56","ran56.hdr.63",-0.000239799999999998
"56","ran56.hdr.64",-0.000328449999999999
"56","ran56.hdr.65",-0.0011658
"56","ran56.hdr.66",-0.0019411
"56","ran56.hdr.67",-0.000607500000000002
"56","ran56.hdr.68",-0.0010706
"56","ran56.hdr.69",-0.00203165
"56","ran56.hdr.7",-0.0061766
"56","ran56.hdr.70",-0.000328200000000001
"56","ran56.hdr.71",-0.000407100000000001
"56","ran56.hdr.72",NA
"56","ran56.hdr.73",-0.000228
"56","ran56.hdr.74",-0.0000214000000000013
"56","ran56.hdr.75",-0.0011035
"56","ran56.hdr.76",-0.0008547
"56","ran56.hdr.77",-0.0010465
"56","ran56.hdr.78",-0.000314699999999999
"56","ran56.hdr.8",-0.0028274
"56","ran56.hdr.9",0.0000257999999999994
"57","ran57.hdr.1",-0.0004633
"57","ran57.hdr.10",-0.000617699999999999
"57","ran57.hdr.11",-0.0000253999999999983
"57","ran57.hdr.12",-0.00032649
"57","ran57.hdr.13",-0.000409400000000001
"57","ran57.hdr.14",-0.000979900000000001
"57","ran57.hdr.15",-0.000374649999999999
"57","ran57.hdr.16",-0.00066134
"57","ran57.hdr.17",-0.000714099999999999
"57","ran57.hdr.18",-0.0023044
"57","ran57.hdr.19",-0.000446700000000001
"57","ran57.hdr.2",0.000286720000000001
"57","ran57.hdr.20",-0.0000582479999999999
"57","ran57.hdr.21",-0.00065658
"57","ran57.hdr.22",-0.0000892099999999999
"57","ran57.hdr.23",-0.0001755
"57","ran57.hdr.24",-0.0001475
"57","ran57.hdr.25",-0.0004688
"57","ran57.hdr.26",-0.0012923
"57","ran57.hdr.27",0.00032532
"57","ran57.hdr.28",0.0000904899999999995
"57","ran57.hdr.29",-0.0003257
"57","ran57.hdr.3",-0.00119054
"57","ran57.hdr.30",-0.0000309000000000004
"57","ran57.hdr.31",-0.0006205
"57","ran57.hdr.32",-0.0012188
"57","ran57.hdr.33",-0.0016862
"57","ran57.hdr.34",-0.0015342
"57","ran57.hdr.35",-0.00010883
"57","ran57.hdr.36",0.0010979
"57","ran57.hdr.37",0.00013487
"57","ran57.hdr.38",-0.000759340000000001
"57","ran57.hdr.39",-0.0002542
"57","ran57.hdr.4",-0.000585199999999998
"57","ran57.hdr.40",-0.000310299999999999
"57","ran57.hdr.41",-0.0000851000000000011
"57","ran57.hdr.42",-0.0006427
"57","ran57.hdr.43",-0.000327999999999998
"57","ran57.hdr.44",-0.0000700600000000003
"57","ran57.hdr.45",-0.00012828
"57","ran57.hdr.46",-0.0024974
"57","ran57.hdr.47",-0.00027737
"57","ran57.hdr.48",-0.0011052
"57","ran57.hdr.49",-0.0006228
"57","ran57.hdr.5",-0.0011965
"57","ran57.hdr.50",-0.0010275
"57","ran57.hdr.51",-0.00112666
"57","ran57.hdr.52",-0.000241100000000001
"57","ran57.hdr.53",-0.0027946
"57","ran57.hdr.54",-0.0012169
"57","ran57.hdr.55",-0.00029094
"57","ran57.hdr.56",-0.00021542
"57","ran57.hdr.57",0.000194639999999999
"57","ran57.hdr.58",-0.000131600000000001
"57","ran57.hdr.59",0.000413299999999998
"57","ran57.hdr.6",0.00016548
"57","ran57.hdr.60",0.000274400000000001
"57","ran57.hdr.61",-0.0002054
"57","ran57.hdr.62",0.000313330000000001
"57","ran57.hdr.63",-0.0011783
"57","ran57.hdr.64",-0.00156
"57","ran57.hdr.65",-0.0010849
"57","ran57.hdr.66",-0.000822699999999999
"57","ran57.hdr.67",-0.000093939999999999
"57","ran57.hdr.68",-0.0096339
"57","ran57.hdr.69",-0.0000952000000000001
"57","ran57.hdr.7",-0.000171609999999999
"57","ran57.hdr.70",0.0000155000000000016
"57","ran57.hdr.71",-0.00025328
"57","ran57.hdr.72",-0.000546100000000001
"57","ran57.hdr.73",-0.000871300000000002
"57","ran57.hdr.74",0.000326549999999999
"57","ran57.hdr.75",-0.000297700000000001
"57","ran57.hdr.76",-0.0002612
"57","ran57.hdr.77",-0.0010032
"57","ran57.hdr.78",-0.0014428
"57","ran57.hdr.8",-0.0008313
"57","ran57.hdr.9",-0.000892799999999999
"58","ran58.hdr.1",-0.0014785
"58","ran58.hdr.10",-0.00056426
"58","ran58.hdr.11",-0.00041681
"58","ran58.hdr.12",-0.000204939999999999
"58","ran58.hdr.13",-0.0001706
"58","ran58.hdr.14",0.000128
"58","ran58.hdr.15",-0.0006677
"58","ran58.hdr.16",-0.000824699999999999
"58","ran58.hdr.17",-0.0011243
"58","ran58.hdr.18",-0.0004688
"58","ran58.hdr.19",-0.000506029999999999
"58","ran58.hdr.2",-0.000739499999999999
"58","ran58.hdr.20",-0.000385
"58","ran58.hdr.21",0.0006018
"58","ran58.hdr.22",-0.0002021
"58","ran58.hdr.23",-0.000994360000000001
"58","ran58.hdr.24",-0.00034688
"58","ran58.hdr.25",-0.0011179
"58","ran58.hdr.26",-0.001596
"58","ran58.hdr.27",-0.000668999999999999
"58","ran58.hdr.28",-0.000646799999999999
"58","ran58.hdr.29",-0.0008182
"58","ran58.hdr.3",-0.000637000000000002
"58","ran58.hdr.30",-0.000435399999999999
"58","ran58.hdr.31",-0.00031687
"58","ran58.hdr.32",0.0000194400000000008
"58","ran58.hdr.33",-0.000515720000000001
"58","ran58.hdr.34",-0.0004121
"58","ran58.hdr.35",-0.000582599999999999
"58","ran58.hdr.36",-0.00055319
"58","ran58.hdr.37",-0.000714700000000002
"58","ran58.hdr.38",-0.00038817
"58","ran58.hdr.39",-0.00000106999999999972
"58","ran58.hdr.4",0.000329000000000003
"58","ran58.hdr.40",-0.0035614
"58","ran58.hdr.41",-0.000962000000000001
"58","ran58.hdr.42",-0.000803359999999999
"58","ran58.hdr.43",-0.001081
"58","ran58.hdr.44",0.00004498
"58","ran58.hdr.45",-0.00007864
"58","ran58.hdr.46",-0.0007758
"58","ran58.hdr.47",-0.0007461
"58","ran58.hdr.48",-0.000307
"58","ran58.hdr.49",-0.000579200000000002
"58","ran58.hdr.5",-0.00010781
"58","ran58.hdr.50",-0.0011277
"58","ran58.hdr.51",-0.0001145
"58","ran58.hdr.52",-0.0017618
"58","ran58.hdr.53",0.000197900000000001
"58","ran58.hdr.54",-0.0000828000000000009
"58","ran58.hdr.55",-0.000189900000000001
"58","ran58.hdr.56",-0.000945399999999999
"58","ran58.hdr.57",-0.0015158
"58","ran58.hdr.58",-0.000652820000000001
"58","ran58.hdr.59",-0.000070321
"58","ran58.hdr.6",-0.00000823000000000056
"58","ran58.hdr.60",-0.00021542
"58","ran58.hdr.61",-0.00047522
"58","ran58.hdr.62",-0.00016591
"58","ran58.hdr.63",-0.0000495000000000009
"58","ran58.hdr.64",-0.000639499999999998
"58","ran58.hdr.65",-0.00023539
"58","ran58.hdr.66",-0.0002495
"58","ran58.hdr.67",-0.000919
"58","ran58.hdr.68",-0.00031509
"58","ran58.hdr.69",-0.000501400000000003
"58","ran58.hdr.7",-0.0031066
"58","ran58.hdr.70",0.0000351999999999991
"58","ran58.hdr.71",-0.0002237
"58","ran58.hdr.72",-0.0005033
"58","ran58.hdr.73",-0.000297700000000001
"58","ran58.hdr.74",-0.00086876
"58","ran58.hdr.75",-0.0021382
"58","ran58.hdr.76",-0.00080927
"58","ran58.hdr.77",-0.000776900000000001
"58","ran58.hdr.78",-0.0015052
"58","ran58.hdr.8",-0.0034088
"58","ran58.hdr.9",-0.0045035
"59","ran59.hdr.1",-0.000740699999999999
"59","ran59.hdr.10",-0.000446700000000001
"59","ran59.hdr.11",-0.000753839999999999
"59","ran59.hdr.12",-0.000725689999999999
"59","ran59.hdr.13",-0.000140400000000001
"59","ran59.hdr.14",-0.000954400000000001
"59","ran59.hdr.15",-0.000988359999999999
"59","ran59.hdr.16",-0.0003742
"59","ran59.hdr.17",0.000062099999999999
"59","ran59.hdr.18",-0.0000756000000000003
"59","ran59.hdr.19",-0.0002013
"59","ran59.hdr.2",NA
"59","ran59.hdr.20",-0.0008164
"59","ran59.hdr.21",-0.0004534
"59","ran59.hdr.22",-0.0010564
"59","ran59.hdr.23",-0.000397499999999999
"59","ran59.hdr.24",-0.0025625
"59","ran59.hdr.25",-0.000380700000000001
"59","ran59.hdr.26",-0.0002144
"59","ran59.hdr.27",-0.0000985999999999973
"59","ran59.hdr.28",-0.000256040000000001
"59","ran59.hdr.29",0.0000553900000000002
"59","ran59.hdr.3",-0.0044797
"59","ran59.hdr.30",-0.000397000000000002
"59","ran59.hdr.31",0.000035033
"59","ran59.hdr.32",-0.0018846
"59","ran59.hdr.33",-0.000106800000000001
"59","ran59.hdr.34",-0.0014229
"59","ran59.hdr.35",-0.0025053
"59","ran59.hdr.36",-0.0004522
"59","ran59.hdr.37",-0.000777200000000002
"59","ran59.hdr.38",-0.00018951
"59","ran59.hdr.39",0.000355000000000001
"59","ran59.hdr.4",-0.00021
"59","ran59.hdr.40",-0.000584600000000001
"59","ran59.hdr.41",-0.0016134
"59","ran59.hdr.42",-0.0013738
"59","ran59.hdr.43",-0.000946000000000002
"59","ran59.hdr.44",-0.0000261999999999971
"59","ran59.hdr.45",-0.004276
"59","ran59.hdr.46",0.00012679
"59","ran59.hdr.47",-0.000436799999999998
"59","ran59.hdr.48",-0.000691199999999999
"59","ran59.hdr.49",0.00004863
"59","ran59.hdr.5",-0.000177700000000001
"59","ran59.hdr.50",-0.00074359
"59","ran59.hdr.51",0.0000010642
"59","ran59.hdr.52",-0.000369599999999999
"59","ran59.hdr.53",-0.000058840000000001
"59","ran59.hdr.54",-0.0006896
"59","ran59.hdr.55",-0.00021542
"59","ran59.hdr.56",-0.000796399999999999
"59","ran59.hdr.57",-0.000118309
"59","ran59.hdr.58",-0.00050929
"59","ran59.hdr.59",-0.0010844
"59","ran59.hdr.6",-0.000979900000000001
"59","ran59.hdr.62",-0.0001099
"59","ran59.hdr.63",-0.000595
"59","ran59.hdr.64",-0.000425699999999999
"59","ran59.hdr.65",-0.000406799999999999
"59","ran59.hdr.66",-0.0003894
"59","ran59.hdr.67",0.0000236699999999999
"59","ran59.hdr.68",-0.00104738
"59","ran59.hdr.69",-0.000261
"59","ran59.hdr.7",-0.00083468
"59","ran59.hdr.70",-0.000417899999999999
"59","ran59.hdr.71",-0.0005631
"59","ran59.hdr.72",-0.0008821
"59","ran59.hdr.73",-0.0000400999999999995
"59","ran59.hdr.74",-0.0007443
"59","ran59.hdr.75",-0.000401100000000001
"59","ran59.hdr.76",-0.00029
"59","ran59.hdr.77",-0.000471699999999999
"59","ran59.hdr.78",-0.0029289
"59","ran59.hdr.8",-0.000437670000000001
"59","ran59.hdr.9",-0.000393299999999999
"60","ran60.hdr.1",-0.0014426
"60","ran60.hdr.10",-0.00036387
"60","ran60.hdr.11",-0.0004828
"60","ran60.hdr.12",-0.0008879
"60","ran60.hdr.13",-0.000753839999999999
"60","ran60.hdr.14",0.000277599999999999
"60","ran60.hdr.15",-0.000539240000000002
"60","ran60.hdr.16",-0.00065658
"60","ran60.hdr.17",-0.0005171
"60","ran60.hdr.18",-0.000515700000000001
"60","ran60.hdr.19",0.0000749199999999992
"60","ran60.hdr.2",-0.0008068
"60","ran60.hdr.20",0.0000146999999999994
"60","ran60.hdr.21",-0.00023074
"60","ran60.hdr.22",-0.0003435
"60","ran60.hdr.23",-0.0000923199999999999
"60","ran60.hdr.24",-0.0016769
"60","ran60.hdr.25",-0.0011219
"60","ran60.hdr.26",-0.000598599999999998
"60","ran60.hdr.27",-0.00107892
"60","ran60.hdr.28",-0.0007723
"60","ran60.hdr.29",-0.00175568
"60","ran60.hdr.3",-0.0001004
"60","ran60.hdr.30",-0.000453249999999999
"60","ran60.hdr.31",0.0000864100000000001
"60","ran60.hdr.32",-0.000572599999999999
"60","ran60.hdr.33",0.0002477
"60","ran60.hdr.34",0.000777699999999999
"60","ran60.hdr.35",-0.0019854
"60","ran60.hdr.36",-0.0010877
"60","ran60.hdr.37",-0.000844900000000001
"60","ran60.hdr.38",-0.00032408
"60","ran60.hdr.39",-0.00023755
"60","ran60.hdr.4",-0.0028987
"60","ran60.hdr.40",-0.000252799999999999
"60","ran60.hdr.41",-0.000768999999999999
"60","ran60.hdr.42",-0.0006558
"60","ran60.hdr.43",0.0001554
"60","ran60.hdr.44",0.000262999999999999
"60","ran60.hdr.45",-0.000720500000000002
"60","ran60.hdr.46",-0.000870699999999999
"60","ran60.hdr.47",-0.00018774
"60","ran60.hdr.48",-0.0000572999999999997
"60","ran60.hdr.49",-0.0003823
"60","ran60.hdr.5",-0.0013659
"60","ran60.hdr.50",-0.000107300000000001
"60","ran60.hdr.51",-0.0005532
"60","ran60.hdr.52",-0.0016044
"60","ran60.hdr.53",-0.0072374
"60","ran60.hdr.54",-0.0015158
"60","ran60.hdr.55",-0.000551949999999999
"60","ran60.hdr.56",0.0002778
"60","ran60.hdr.57",-0.00155443
"60","ran60.hdr.58",-0.0010313
"60","ran60.hdr.59",-0.0000202999999999991
"60","ran60.hdr.6",0.00008938
"60","ran60.hdr.60",-0.00023539
"60","ran60.hdr.61",0.00063302
"60","ran60.hdr.62",-0.011466
"60","ran60.hdr.63",-0.000221499999999999
"60","ran60.hdr.64",-0.000188800000000003
"60","ran60.hdr.65",-0.0011402
"60","ran60.hdr.66",-0.0003359
"60","ran60.hdr.67",0.000270800000000002
"60","ran60.hdr.68",-0.000854299999999999
"60","ran60.hdr.69",0.000350199999999998
"60","ran60.hdr.7",-0.00042476
"60","ran60.hdr.70",0.000267699999999999
"60","ran60.hdr.71",-0.0076155
"60","ran60.hdr.72",0.0000286000000000002
"60","ran60.hdr.73",-0.000426199999999998
"60","ran60.hdr.74",-0.0011457
"60","ran60.hdr.75",0.0002185
"60","ran60.hdr.76",-0.000584000000000001
"60","ran60.hdr.77",-0.000586100000000003
"60","ran60.hdr.78",-0.0011354
"60","ran60.hdr.8",-0.000409400000000001
"60","ran60.hdr.9",-0.000315299999999999
"61","ran61.hdr.1",-0.0005784
"61","ran61.hdr.10",-0.0043162
"61","ran61.hdr.11",-0.0000888
"61","ran61.hdr.12",-0.0005222
"61","ran61.hdr.13",-0.000063007
"61","ran61.hdr.14",-0.00173813
"61","ran61.hdr.15",-0.00040897
"61","ran61.hdr.16",-0.00154022
"61","ran61.hdr.17",-0.0000582479999999999
"61","ran61.hdr.18",-0.000434459999999999
"61","ran61.hdr.19",-0.0011386
"61","ran61.hdr.2",-0.0002114
"61","ran61.hdr.20",-0.0017655
"61","ran61.hdr.21",-0.001596
"61","ran61.hdr.22",-0.0008757
"61","ran61.hdr.23",-0.0013931
"61","ran61.hdr.24",0.0003406
"61","ran61.hdr.25",0.00035808
"61","ran61.hdr.26",-0.00000110000000000041
"61","ran61.hdr.27",-0.00015562
"61","ran61.hdr.28",-0.00081971
"61","ran61.hdr.29",0.0000741100000000005
"61","ran61.hdr.3",-0.0032872
"61","ran61.hdr.30",-0.000777899999999998
"61","ran61.hdr.31",-0.0010166
"61","ran61.hdr.32",-0.0010093
"61","ran61.hdr.33",-0.0004601
"61","ran61.hdr.34",-0.0009332
"61","ran61.hdr.35",-0.0005964
"61","ran61.hdr.36",-0.0030608
"61","ran61.hdr.37",-0.000803359999999999
"61","ran61.hdr.38",-0.001126
"61","ran61.hdr.39",0.0001668
"61","ran61.hdr.4",-0.0004513
"61","ran61.hdr.40",-0.00035637
"61","ran61.hdr.41",-0.00014642
"61","ran61.hdr.42",-0.0005707
"61","ran61.hdr.43",0.0003309
"61","ran61.hdr.44",-0.000316800000000001
"61","ran61.hdr.45",-0.0008214
"61","ran61.hdr.46",-0.0000555999999999994
"61","ran61.hdr.47",0.000844299999999999
"61","ran61.hdr.48",0.0000839000000000013
"61","ran61.hdr.49",-0.000136669999999998
"61","ran61.hdr.5",-0.000648599999999999
"61","ran61.hdr.50",-0.000228000000000001
"61","ran61.hdr.51",-0.000515500000000002
"61","ran61.hdr.52",-0.0011173
"61","ran61.hdr.53",-0.0011486
"61","ran61.hdr.54",-0.00165353
"61","ran61.hdr.55",0.0000691835
"61","ran61.hdr.56",0.00000257936
"61","ran61.hdr.57",0.000139
"61","ran61.hdr.58",-0.0002815
"61","ran61.hdr.59",-0.000253400000000001
"61","ran61.hdr.6",-0.0001102
"61","ran61.hdr.61",-0.00011027
"61","ran61.hdr.62",-0.0010605
"61","ran61.hdr.63",-0.00051952
"61","ran61.hdr.64",-0.00274956
"61","ran61.hdr.65",0.0002232
"61","ran61.hdr.66",-0.0000812
"61","ran61.hdr.67",-0.000808099999999999
"61","ran61.hdr.68",-0.000404369999999999
"61","ran61.hdr.69",-0.00672884
"61","ran61.hdr.7",-0.00012473
"61","ran61.hdr.70",-0.0011431
"61","ran61.hdr.71",-0.000347499999999997
"61","ran61.hdr.72",-0.0020861
"61","ran61.hdr.73",-0.000389500000000001
"61","ran61.hdr.74",-0.0003368
"61","ran61.hdr.75",-0.0000870000000000003
"61","ran61.hdr.76",-0.00050556
"61","ran61.hdr.77",-0.000908300000000001
"61","ran61.hdr.78",-0.000289600000000001
"61","ran61.hdr.8",-0.000171609999999999
"61","ran61.hdr.9",-0.0028486
"62","ran62.hdr.1",-0.0011152
"62","ran62.hdr.10",0.000109000000000001
"62","ran62.hdr.11",-0.0000870999999999997
"62","ran62.hdr.12",-0.000446700000000001
"62","ran62.hdr.13",0.000157600000000001
"62","ran62.hdr.14",-0.0000658600000000009
"62","ran62.hdr.15",-0.000409099999999999
"62","ran62.hdr.16",-0.0004688
"62","ran62.hdr.17",-0.000477
"62","ran62.hdr.18",-0.0002013
"62","ran62.hdr.19",-0.0000151999999999999
"62","ran62.hdr.2",-0.00036043
"62","ran62.hdr.20",-0.0000712999999999998
"62","ran62.hdr.21",-0.0023332
"62","ran62.hdr.22",0.00017578
"62","ran62.hdr.23",0.000369
"62","ran62.hdr.24",-0.000337999999999998
"62","ran62.hdr.25",-0.0030857
"62","ran62.hdr.26",-0.000347700000000001
"62","ran62.hdr.27",-0.0007723
"62","ran62.hdr.28",-0.00055601
"62","ran62.hdr.29",-0.0000185999999999999
"62","ran62.hdr.3",-0.0000987000000000002
"62","ran62.hdr.30",-0.000336700000000001
"62","ran62.hdr.31",-0.000187100000000001
"62","ran62.hdr.32",-0.0000856099999999999
"62","ran62.hdr.33",-0.00069205
"62","ran62.hdr.34",-0.0003193
"62","ran62.hdr.35",-0.000119399999999999
"62","ran62.hdr.36",-0.0049962
"62","ran62.hdr.37",-0.000480399999999999
"62","ran62.hdr.38",-0.00023755
"62","ran62.hdr.39",-0.0004972
"62","ran62.hdr.4",-0.0012446
"62","ran62.hdr.40",-0.000125399999999999
"62","ran62.hdr.41",NA
"62","ran62.hdr.42",-0.000844599999999997
"62","ran62.hdr.43",-0.0005707
"62","ran62.hdr.44",-0.0011599
"62","ran62.hdr.45",-0.000464300000000001
"62","ran62.hdr.46",-0.0010275
"62","ran62.hdr.47",-0.0000175000000000002
"62","ran62.hdr.48",0.000217800000000001
"62","ran62.hdr.49",-0.0010616
"62","ran62.hdr.5",-0.00449763
"62","ran62.hdr.50",-0.0011563
"62","ran62.hdr.51",-0.0012135
"62","ran62.hdr.52",-0.0017799
"62","ran62.hdr.53",-0.00057312
"62","ran62.hdr.54",-0.0000673000000000028
"62","ran62.hdr.55",-0.000070321
"62","ran62.hdr.56",-0.00155443
"62","ran62.hdr.57",-0.000381660000000001
"62","ran62.hdr.58",-0.000624599999999999
"62","ran62.hdr.6",-0.000443959999999998
"62","ran62.hdr.60",-0.0005766
"62","ran62.hdr.61",-0.000999000000000003
"62","ran62.hdr.62",-0.00017959
"62","ran62.hdr.63",-0.000811599999999999
"62","ran62.hdr.64",-0.000473900000000001
"62","ran62.hdr.65",0.00024384
"62","ran62.hdr.66",-0.000221499999999999
"62","ran62.hdr.67",0.000959069999999999
"62","ran62.hdr.68",0.0002232
"62","ran62.hdr.69",-0.000194100000000003
"62","ran62.hdr.7",-0.0054872
"62","ran62.hdr.70",0.000270800000000002
"62","ran62.hdr.71",-0.0039875
"62","ran62.hdr.72",-0.000949499999999999
"62","ran62.hdr.73",-0.0000153999999999987
"62","ran62.hdr.74",-0.000794900000000001
"62","ran62.hdr.75",-0.000586100000000003
"62","ran62.hdr.76",-0.0019926
"62","ran62.hdr.77",-0.000748700000000001
"62","ran62.hdr.78",-0.000733480000000001
"62","ran62.hdr.8",-0.0056785
"62","ran62.hdr.9",-0.0036308
"63","ran63.hdr.1",-0.0014785
"63","ran63.hdr.10",-0.00034287
"63","ran63.hdr.11",-0.001681
"63","ran63.hdr.12",-0.0061766
"63","ran63.hdr.13",-0.0109775
"63","ran63.hdr.14",-0.000248699999999999
"63","ran63.hdr.15",-0.00038711
"63","ran63.hdr.16",-0.000401799999999999
"63","ran63.hdr.17",-0.000549999999999998
"63","ran63.hdr.18",-0.00013863
"63","ran63.hdr.19",-0.000710199999999999
"63","ran63.hdr.2",0.0001343
"63","ran63.hdr.20",-0.000824699999999999
"63","ran63.hdr.21",-0.00019598
"63","ran63.hdr.22",-0.00084365
"63","ran63.hdr.23",-0.000934500000000001
"63","ran63.hdr.24",0.0001413
"63","ran63.hdr.25",0.000771959999999999
"63","ran63.hdr.26",0.0000116000000000005
"63","ran63.hdr.27",-0.00029554
"63","ran63.hdr.28",-0.00029017
"63","ran63.hdr.29",-0.000464099999999999
"63","ran63.hdr.3",-0.000373100000000001
"63","ran63.hdr.30",-0.00035023
"63","ran63.hdr.31",-0.00031339
"63","ran63.hdr.32",-0.001093
"63","ran63.hdr.33",-0.000119399999999999
"63","ran63.hdr.34",-0.000411400000000003
"63","ran63.hdr.35",-0.0001434
"63","ran63.hdr.36",-0.00025609
"63","ran63.hdr.37",-0.000687
"63","ran63.hdr.38",-0.00087888
"63","ran63.hdr.39",-0.000505799999999999
"63","ran63.hdr.4",-0.0032872
"63","ran63.hdr.40",0.0003309
"63","ran63.hdr.41",-0.0000886700000000001
"63","ran63.hdr.42",-0.0003076
"63","ran63.hdr.43",-0.000773600000000003
"63","ran63.hdr.44",-0.000041639999999999
"63","ran63.hdr.45",-0.000924100000000001
"63","ran63.hdr.46",0.00053199
"63","ran63.hdr.47",-0.0012357
"63","ran63.hdr.48",-0.0011887
"63","ran63.hdr.49",-0.01714898
"63","ran63.hdr.5",-0.0011965
"63","ran63.hdr.50",-0.000153199999999999
"63","ran63.hdr.51",0.0000839000000000013
"63","ran63.hdr.52",0.000279399999999999
"63","ran63.hdr.53",-0.0010614
"63","ran63.hdr.54",-0.0016606
"63","ran63.hdr.55",-0.00111662
"63","ran63.hdr.56",-0.0018695
"63","ran63.hdr.57",0.00023016
"63","ran63.hdr.59",-0.000262800000000001
"63","ran63.hdr.6",-0.000621999999999998
"63","ran63.hdr.60",-0.0017637
"63","ran63.hdr.61",-0.0022371
"63","ran63.hdr.62",-0.0021686
"63","ran63.hdr.63",-0.00017358
"63","ran63.hdr.64",-0.000194100000000003
"63","ran63.hdr.65",-0.0010621
"63","ran63.hdr.66",-0.0027675
"63","ran63.hdr.67",-0.0000186000000000006
"63","ran63.hdr.68",-0.0003058
"63","ran63.hdr.69",0.0000832999999999997
"63","ran63.hdr.7",0.0005275
"63","ran63.hdr.70",-0.000501400000000003
"63","ran63.hdr.71",-0.00029
"63","ran63.hdr.72",-0.0011679
"63","ran63.hdr.73",-0.000389599999999999
"63","ran63.hdr.74",-0.000481599999999999
"63","ran63.hdr.75",-0.000535300000000002
"63","ran63.hdr.76",-0.00050556
"63","ran63.hdr.77",-0.0016911
"63","ran63.hdr.78",-0.00118788
"63","ran63.hdr.8",-0.0008313
"63","ran63.hdr.9",0.00000720000000000061
"64","ran64.hdr.1",-0.000451700000000001
"64","ran64.hdr.10",0.0001099
"64","ran64.hdr.11",-0.0001604
"64","ran64.hdr.12",-0.0011481
"64","ran64.hdr.13",-0.00032687
"64","ran64.hdr.14",-0.00026025
"64","ran64.hdr.15",-0.0001177
"64","ran64.hdr.16",-0.0018782
"64","ran64.hdr.17",-0.0002013
"64","ran64.hdr.18",-0.000212299999999999
"64","ran64.hdr.19",-0.000779799999999999
"64","ran64.hdr.2",0.0000236000000000004
"64","ran64.hdr.20",-0.0001256
"64","ran64.hdr.21",-0.0011179
"64","ran64.hdr.22",0.0000490999999999998
"64","ran64.hdr.23",-0.0010873
"64","ran64.hdr.24",-0.000612299999999998
"64","ran64.hdr.25",0.000130460000000001
"64","ran64.hdr.26",-0.0002991
"64","ran64.hdr.27",-0.000246100000000003
"64","ran64.hdr.28",-0.00107892
"64","ran64.hdr.29",-0.00141581
"64","ran64.hdr.3",0.00046515
"64","ran64.hdr.30",0.00019619
"64","ran64.hdr.31",-0.0013929
"64","ran64.hdr.32",-0.0035614
"64","ran64.hdr.33",-0.0000584799999999996
"64","ran64.hdr.34",-0.0008564
"64","ran64.hdr.35",-0.0015268
"64","ran64.hdr.36",-0.0000071997
"64","ran64.hdr.37",-0.000423400000000001
"64","ran64.hdr.38",-0.0015552
"64","ran64.hdr.39",-0.000773600000000003
"64","ran64.hdr.4",-0.0011965
"64","ran64.hdr.40",-0.000250999999999999
"64","ran64.hdr.41",-0.0037192
"64","ran64.hdr.42",-0.000522199999999999
"64","ran64.hdr.43",-0.00081
"64","ran64.hdr.44",-0.000329799999999998
"64","ran64.hdr.45",-0.0000668000000000001
"64","ran64.hdr.46",0.00010489
"64","ran64.hdr.47",-0.01111509
"64","ran64.hdr.48",0.00026141
"64","ran64.hdr.49",-0.00017588
"64","ran64.hdr.5",-0.000180000000000003
"64","ran64.hdr.50",0.0000568604
"64","ran64.hdr.51",-0.0010767
"64","ran64.hdr.52",-0.000125780000000001
"64","ran64.hdr.53",-0.0040008
"64","ran64.hdr.54",0.00014678
"64","ran64.hdr.58",-0.00017852
"64","ran64.hdr.59",-0.0000596800000000012
"64","ran64.hdr.6",-0.0054872
"64","ran64.hdr.60",-0.0007846
"64","ran64.hdr.61",-0.0000495000000000009
"64","ran64.hdr.62",-0.00015495
"64","ran64.hdr.63",-0.0015743
"64","ran64.hdr.64",-0.0013065
"64","ran64.hdr.65",-0.00133469
"64","ran64.hdr.66",0.000324999999999999
"64","ran64.hdr.67",-0.0011892
"64","ran64.hdr.68",-0.0006041
"64","ran64.hdr.69",-0.0002646
"64","ran64.hdr.7",-0.0036308
"64","ran64.hdr.70",-0.000093939999999999
"64","ran64.hdr.71",-0.00179129
"64","ran64.hdr.72",-0.0011679
"64","ran64.hdr.73",-0.000550200000000001
"64","ran64.hdr.74",-0.0015308
"64","ran64.hdr.75",-0.000535300000000002
"64","ran64.hdr.76",-0.000637200000000001
"64","ran64.hdr.77",-0.0013154
"64","ran64.hdr.78",-0.00028371
"64","ran64.hdr.8",-0.000381399999999999
"64","ran64.hdr.9",-0.000154600000000001
"65","ran65.hdr.1",-0.0011152
"65","ran65.hdr.10",-0.00137783
"65","ran65.hdr.11",0.000155339999999999
"65","ran65.hdr.12",-0.0008879
"65","ran65.hdr.13",0.000087499999999999
"65","ran65.hdr.14",-0.0005524
"65","ran65.hdr.15",-0.0007302
"65","ran65.hdr.16",0.0001315
"65","ran65.hdr.17",-0.000113727
"65","ran65.hdr.18",-0.0008602
"65","ran65.hdr.19",-0.0011179
"65","ran65.hdr.2",-0.002469
"65","ran65.hdr.20",-0.0011219
"65","ran65.hdr.21",-0.0001083
"65","ran65.hdr.22",-0.000912500000000002
"65","ran65.hdr.23",-0.000369699999999999
"65","ran65.hdr.24",-0.0012838
"65","ran65.hdr.25",0.00018248
"65","ran65.hdr.26",-0.0025725
"65","ran65.hdr.27",-0.0000777700000000004
"65","ran65.hdr.28",0.0000487999999999999
"65","ran65.hdr.29",0.0001919
"65","ran65.hdr.3",-0.004515
"65","ran65.hdr.30",-0.00027682
"65","ran65.hdr.31",-0.00019075
"65","ran65.hdr.32",-0.000284799999999998
"65","ran65.hdr.33",-0.000155240000000001
"65","ran65.hdr.34",-0.0011573
"65","ran65.hdr.35",-0.00096386
"65","ran65.hdr.36",-0.0018523
"65","ran65.hdr.37",-0.000507200000000003
"65","ran65.hdr.38",-0.00017519
"65","ran65.hdr.39",-0.000530699999999999
"65","ran65.hdr.4",0.00026852
"65","ran65.hdr.40",-0.000810200000000001
"65","ran65.hdr.41",0.000208709999999999
"65","ran65.hdr.42",-0.000285400000000002
"65","ran65.hdr.43",0.00000829999999999928
"65","ran65.hdr.44",-0.0001046
"65","ran65.hdr.45",-0.0015247
"65","ran65.hdr.46",-0.002171
"65","ran65.hdr.47",-0.0025436
"65","ran65.hdr.48",-0.000329799999999998
"65","ran65.hdr.49",-0.0098876
"65","ran65.hdr.5",-0.0049685
"65","ran65.hdr.50",-0.0070307
"65","ran65.hdr.51",-0.0000420000000000004
"65","ran65.hdr.52",-0.000207300000000001
"65","ran65.hdr.53",0.0000506700000000001
"65","ran65.hdr.54",-0.00035325
"65","ran65.hdr.55",0.0000568604
"65","ran65.hdr.56",-0.0000833800000000001
"65","ran65.hdr.57",-0.000313299999999999
"65","ran65.hdr.6",-0.00039892
"65","ran65.hdr.61",-0.00685775
"65","ran65.hdr.62",0.000052410000000001
"65","ran65.hdr.63",-0.00048136
"65","ran65.hdr.64",-0.0013204
"65","ran65.hdr.65",-0.00038061
"65","ran65.hdr.66",-0.000454899999999998
"65","ran65.hdr.67",-0.000389500000000001
"65","ran65.hdr.68",0.0000553699999999999
"65","ran65.hdr.69",-0.0013741
"65","ran65.hdr.7",-0.0005222
"65","ran65.hdr.70",-0.000424799999999999
"65","ran65.hdr.71",-0.0000754900000000001
"65","ran65.hdr.72",-0.0003649
"65","ran65.hdr.73",-0.0002266
"65","ran65.hdr.74",-0.0014855
"65","ran65.hdr.75",-0.000880000000000002
"65","ran65.hdr.76",-0.0006976
"65","ran65.hdr.77",-0.0011126
"65","ran65.hdr.78",-0.000733480000000001
"65","ran65.hdr.8",-0.00047386
"65","ran65.hdr.9",-0.0015386
"66","ran66.hdr.1",-0.0002678
"66","ran66.hdr.10",-0.0002272
"66","ran66.hdr.11",0.000230070000000001
"66","ran66.hdr.12",-0.0008936
"66","ran66.hdr.13",0.00000845800000000001
"66","ran66.hdr.14",-0.0005371
"66","ran66.hdr.15",-0.000146299999999999
"66","ran66.hdr.16",-0.000604199999999999
"66","ran66.hdr.17",0.0002132
"66","ran66.hdr.18",-0.000779799999999999
"66","ran66.hdr.19",-0.000727600000000002
"66","ran66.hdr.2",-0.0014413
"66","ran66.hdr.20",-0.000111799999999999
"66","ran66.hdr.21",-0.0075695
"66","ran66.hdr.22",-0.0021765
"66","ran66.hdr.23",0.0003128
"66","ran66.hdr.24",-0.000379999999999998
"66","ran66.hdr.25",0.0000334200000000002
"66","ran66.hdr.26",-0.0007861
"66","ran66.hdr.27",-0.000215999999999999
"66","ran66.hdr.28",-0.00046126
"66","ran66.hdr.29",-0.0010791
"66","ran66.hdr.3",-0.0011965
"66","ran66.hdr.30",-0.00017027
"66","ran66.hdr.31",-0.00025349
"66","ran66.hdr.32",-0.0000683100000000002
"66","ran66.hdr.33",0.0000772100000000012
"66","ran66.hdr.34",-0.0012737
"66","ran66.hdr.35",-0.000114900000000001
"66","ran66.hdr.36",-0.0001799
"66","ran66.hdr.37",-0.000780199999999998
"66","ran66.hdr.38",0.000114
"66","ran66.hdr.39",-0.0018523
"66","ran66.hdr.4",0.0000545999999999997
"66","ran66.hdr.40",-0.0008168
"66","ran66.hdr.41",-0.000583
"66","ran66.hdr.42",-0.0003975
"66","ran66.hdr.43",-0.000924100000000001
"66","ran66.hdr.44",-0.000522599999999998
"66","ran66.hdr.45",-0.0000572999999999997
"66","ran66.hdr.46",-0.0005929
"66","ran66.hdr.47",-0.000452599999999999
"66","ran66.hdr.48",0.00003232
"66","ran66.hdr.49",-0.0010598
"66","ran66.hdr.5",-0.0021526
"66","ran66.hdr.50",-0.0023898
"66","ran66.hdr.51",-0.0034143
"66","ran66.hdr.52",-0.00031891
"66","ran66.hdr.53",-0.00015901
"66","ran66.hdr.54",-0.000369599999999999
"66","ran66.hdr.55",0.000265899999999999
"66","ran66.hdr.56",0.000350039999999999
"66","ran66.hdr.57",-0.0010297
"66","ran66.hdr.58",-0.000217699999999999
"66","ran66.hdr.6",-0.000942399999999999
"66","ran66.hdr.60",-0.000136499999999999
"66","ran66.hdr.61",-0.0010304
"66","ran66.hdr.62",-0.000967699999999998
"66","ran66.hdr.63",-0.000455400000000002
"66","ran66.hdr.64",0.000166699999999999
"66","ran66.hdr.65",0.000112600000000001
"66","ran66.hdr.66",-0.0000660000000000001
"66","ran66.hdr.67",-0.0012643
"66","ran66.hdr.68",-0.0014307
"66","ran66.hdr.69",-0.0027675
"66","ran66.hdr.7",-0.0082621
"66","ran66.hdr.70",-0.00056939
"66","ran66.hdr.71",-0.000417899999999999
"66","ran66.hdr.72",-0.0010023
"66","ran66.hdr.73",-0.000798899999999998
"66","ran66.hdr.74",-0.0014277
"66","ran66.hdr.75",-0.000825300000000001
"66","ran66.hdr.76",-0.0015308
"66","ran66.hdr.77",-0.0022821
"66","ran66.hdr.78",-0.000365799999999999
"66","ran66.hdr.8",-0.0038288
"66","ran66.hdr.9",-0.0000045900000000005
"67","ran67.hdr.1",-0.000740699999999999
"67","ran67.hdr.10",-0.002287
"67","ran67.hdr.11",-0.0013659
"67","ran67.hdr.12",-0.0056206
"67","ran67.hdr.13",-0.00010888
"67","ran67.hdr.14",-0.000679800000000001
"67","ran67.hdr.15",-0.0000770000000000007
"67","ran67.hdr.16",-0.000320599999999999
"67","ran67.hdr.17",-0.000434459999999999
"67","ran67.hdr.18",-0.001162
"67","ran67.hdr.19",-0.00047623
"67","ran67.hdr.2",-0.0014413
"67","ran67.hdr.20",-0.0003458
"67","ran67.hdr.21",-0.000934500000000001
"67","ran67.hdr.22",-0.00102123
"67","ran67.hdr.23",-0.00030432
"67","ran67.hdr.24",0.0001478
"67","ran67.hdr.25",-0.000710000000000002
"67","ran67.hdr.26",0.00018687
"67","ran67.hdr.27",-0.0002144
"67","ran67.hdr.28",-0.000595100000000001
"67","ran67.hdr.29",-0.000518899999999999
"67","ran67.hdr.3",0.000000199999999998812
"67","ran67.hdr.30",0.00004039
"67","ran67.hdr.31",-0.0004388
"67","ran67.hdr.32",-0.000336700000000001
"67","ran67.hdr.33",0.000468939999999999
"67","ran67.hdr.34",-0.0003193
"67","ran67.hdr.35",-0.0023372
"67","ran67.hdr.36",0.000223399999999999
"67","ran67.hdr.37",-0.000348000000000001
"67","ran67.hdr.38",-0.000300699999999999
"67","ran67.hdr.39",-0.000287379999999999
"67","ran67.hdr.4",-0.0001323
"67","ran67.hdr.40",-0.0002707
"67","ran67.hdr.41",-0.0005509
"67","ran67.hdr.42",-0.0010094
"67","ran67.hdr.43",-0.0018326
"67","ran67.hdr.44",-0.0000756000000000003
"67","ran67.hdr.45",-0.000499899999999998
"67","ran67.hdr.46",-0.0004983
"67","ran67.hdr.47",-0.000988299999999998
"67","ran67.hdr.48",-0.000246700000000001
"67","ran67.hdr.49",0.0001191
"67","ran67.hdr.5",-0.0054532
"67","ran67.hdr.50",-0.000464200000000001
"67","ran67.hdr.51",-0.00015647
"67","ran67.hdr.52",-0.000418910000000001
"67","ran67.hdr.53",-0.00027166
"67","ran67.hdr.54",-0.0009494
"67","ran67.hdr.55",-0.0009605
"67","ran67.hdr.56",-0.00015901
"67","ran67.hdr.57",-0.000175950000000001
"67","ran67.hdr.58",-0.0005042
"67","ran67.hdr.59",-0.0004577
"67","ran67.hdr.6",-0.004515
"67","ran67.hdr.61",0.000502859999999999
"67","ran67.hdr.62",0.000620300000000001
"67","ran67.hdr.63",-0.0014755
"67","ran67.hdr.64",-0.0003359
"67","ran67.hdr.65",-0.0007712
"67","ran67.hdr.66",-0.000727199999999997
"67","ran67.hdr.67",-0.000792399999999999
"67","ran67.hdr.68",-0.000836699999999999
"67","ran67.hdr.69",-0.0068051
"67","ran67.hdr.7",-0.0019788
"67","ran67.hdr.70",-0.0000376999999999999
"67","ran67.hdr.71",-0.00000323999999999984
"67","ran67.hdr.72",0.000100399999999999
"67","ran67.hdr.73",-0.000798899999999998
"67","ran67.hdr.74",-0.0000461999999999997
"67","ran67.hdr.75",-0.0005033
"67","ran67.hdr.76",-0.0020758
"67","ran67.hdr.77",-0.000299900000000001
"67","ran67.hdr.78",-0.0022866
"67","ran67.hdr.8",-0.000160799999999999
"67","ran67.hdr.9",-0.000225299999999998
"68","ran68.hdr.1",-0.0000225999999999976
"68","ran68.hdr.10",-0.000194699999999999
"68","ran68.hdr.11",-0.000419360000000001
"68","ran68.hdr.12",-0.000376899999999999
"68","ran68.hdr.13",-0.0002267
"68","ran68.hdr.14",-0.000725689999999999
"68","ran68.hdr.15",0.0002315
"68","ran68.hdr.16",-0.0006719
"68","ran68.hdr.17",-0.00071959
"68","ran68.hdr.18",-0.000799000000000001
"68","ran68.hdr.19",0.00045181
"68","ran68.hdr.2",-0.000833500000000001
"68","ran68.hdr.20",-0.000516000000000001
"68","ran68.hdr.21",-0.00049628
"68","ran68.hdr.22",-0.0000387000000000009
"68","ran68.hdr.23",-0.000291369999999999
"68","ran68.hdr.24",-0.0010564
"68","ran68.hdr.25",-0.000404499999999999
"68","ran68.hdr.26",-0.000710000000000002
"68","ran68.hdr.27",-0.000206
"68","ran68.hdr.28",0.000188900000000001
"68","ran68.hdr.29",0.00023438
"68","ran68.hdr.3",0.0000508000000000002
"68","ran68.hdr.30",-0.000163968
"68","ran68.hdr.31",-0.00026931
"68","ran68.hdr.32",-0.0025984
"68","ran68.hdr.33",-0.000582599999999999
"68","ran68.hdr.34",-0.00029017
"68","ran68.hdr.35",0.0000166000000000003
"68","ran68.hdr.36",-0.00000733999999999978
"68","ran68.hdr.37",-0.00014131
"68","ran68.hdr.38",-0.000177119999999999
"68","ran68.hdr.39",-0.0013929
"68","ran68.hdr.4",-0.0028274
"68","ran68.hdr.40",-0.00029141
"68","ran68.hdr.41",-0.0000624000000000006
"68","ran68.hdr.42",0.0000139000000000007
"68","ran68.hdr.43",-0.0000392999999999991
"68","ran68.hdr.44",-0.000444799999999999
"68","ran68.hdr.45",-0.000409099999999999
"68","ran68.hdr.46",-0.00034168
"68","ran68.hdr.47",0.0007192
"68","ran68.hdr.48",0.0001256
"68","ran68.hdr.49",-0.000390699999999999
"68","ran68.hdr.5",0.0000925000000000023
"68","ran68.hdr.50",-0.00056584
"68","ran68.hdr.51",-0.000583800000000001
"68","ran68.hdr.52",-0.0014927
"68","ran68.hdr.53",-0.000222399999999999
"68","ran68.hdr.54",0.0008024
"68","ran68.hdr.55",-0.00044375
"68","ran68.hdr.56",-0.00005857
"68","ran68.hdr.57",-0.000270000000000001
"68","ran68.hdr.58",0.000215399
"68","ran68.hdr.59",0.000419000000000001
"68","ran68.hdr.6",-0.0005222
"68","ran68.hdr.60",-0.0004577
"68","ran68.hdr.61",-0.0001315
"68","ran68.hdr.62",-0.0010723
"68","ran68.hdr.63",0.0001629
"68","ran68.hdr.64",-0.0040008
"68","ran68.hdr.67",-0.0000146999999999994
"68","ran68.hdr.68",-0.0009154
"68","ran68.hdr.69",-0.0007712
"68","ran68.hdr.7",0.0006338
"68","ran68.hdr.70",-0.0011783
"68","ran68.hdr.71",-0.0014307
"68","ran68.hdr.72",-0.000112899999999999
"68","ran68.hdr.73",-0.0001911
"68","ran68.hdr.74",-0.000559999999999998
"68","ran68.hdr.75",-0.0013828
"68","ran68.hdr.76",-0.0019926
"68","ran68.hdr.77",-0.000231200000000001
"68","ran68.hdr.78",-0.0014545
"68","ran68.hdr.8",-0.000409400000000001
"68","ran68.hdr.9",-0.000119528
"69","ran69.hdr.1",-0.000201799999999999
"69","ran69.hdr.10",0.00000960000000000023
"69","ran69.hdr.11",-0.000399699999999999
"69","ran69.hdr.12",0.00032532
"69","ran69.hdr.13",-0.0004112
"69","ran69.hdr.14",-0.0001574
"69","ran69.hdr.15",-0.0005795
"69","ran69.hdr.16",-0.00020244
"69","ran69.hdr.17",NA
"69","ran69.hdr.18",-0.0008182
"69","ran69.hdr.19",-0.000318300000000001
"69","ran69.hdr.2",-0.00449763
"69","ran69.hdr.20",-0.0003961
"69","ran69.hdr.21",-0.0001358
"69","ran69.hdr.22",0.00018759
"69","ran69.hdr.23",-0.000217700000000001
"69","ran69.hdr.24",0.000188900000000001
"69","ran69.hdr.25",-0.0012522
"69","ran69.hdr.26",-0.0004364
"69","ran69.hdr.27",-0.0000373999999999999
"69","ran69.hdr.28",0.0000686800000000007
"69","ran69.hdr.29",-0.00069205
"69","ran69.hdr.3",-0.0033457
"69","ran69.hdr.30",-0.0023372
"69","ran69.hdr.31",-0.0010452
"69","ran69.hdr.32",-0.000410600000000001
"69","ran69.hdr.33",0.00003097
"69","ran69.hdr.34",-0.0019144
"69","ran69.hdr.35",-0.000687
"69","ran69.hdr.36",0.00014714
"69","ran69.hdr.37",-0.000041641
"69","ran69.hdr.38",NA
"69","ran69.hdr.39",-0.0012186
"69","ran69.hdr.4",-0.000229759999999999
"69","ran69.hdr.40",-0.000214700000000002
"69","ran69.hdr.41",-0.000531
"69","ran69.hdr.42",-0.0023505
"69","ran69.hdr.43",0.000357900000000001
"69","ran69.hdr.44",-0.00102067
"69","ran69.hdr.45",-0.000522199999999999
"69","ran69.hdr.46",-0.0010616
"69","ran69.hdr.47",0.0000195999999999998
"69","ran69.hdr.48",-0.0076935
"69","ran69.hdr.49",-0.000436799999999998
"69","ran69.hdr.5",-0.0002307
"69","ran69.hdr.50",-0.0000958000000000001
"69","ran69.hdr.51",-0.000749
"69","ran69.hdr.52",0.00015967
"69","ran69.hdr.53",-0.000971
"69","ran69.hdr.54",-0.0004831
"69","ran69.hdr.55",0.00011506
"69","ran69.hdr.56",0.00000257936
"69","ran69.hdr.57",0.000126360000000001
"69","ran69.hdr.58",-0.0004014
"69","ran69.hdr.59",-0.000137030000000001
"69","ran69.hdr.6",-0.00014609
"69","ran69.hdr.60",-0.0007846
"69","ran69.hdr.61",-0.000363600000000002
"69","ran69.hdr.62",-0.0001987
"69","ran69.hdr.63",-0.000763170000000001
"69","ran69.hdr.64",-0.001971
"69","ran69.hdr.65",-0.0013065
"69","ran69.hdr.66",-0.000794200000000002
"69","ran69.hdr.67",-0.0007419
"69","ran69.hdr.68",-0.0018219
"69","ran69.hdr.69",-0.0008821
"69","ran69.hdr.7",-0.0000713600000000003
"69","ran69.hdr.70",-0.000345399999999999
"69","ran69.hdr.71",-0.000347499999999997
"69","ran69.hdr.72",0.0000233799999999999
"69","ran69.hdr.73",-0.0015308
"69","ran69.hdr.74",-0.0013741
"69","ran69.hdr.75",-0.0012116
"69","ran69.hdr.76",-0.0015597
"69","ran69.hdr.77",-0.0012143
"69","ran69.hdr.78",-0.0005872
"69","ran69.hdr.8",-0.00042711
"69","ran69.hdr.9",-0.000446700000000001
"70","ran70.hdr.1",0.000174899999999999
"70","ran70.hdr.10",-0.0000410000000000028
"70","ran70.hdr.11",-0.00036672
"70","ran70.hdr.12",-0.000217070000000001
"70","ran70.hdr.13",-0.0011386
"70","ran70.hdr.14",-0.0000977999999999986
"70","ran70.hdr.15",-0.0000381699999999997
"70","ran70.hdr.16",-0.000151500000000001
"70","ran70.hdr.17",0.00041194
"70","ran70.hdr.18",-0.0010386
"70","ran70.hdr.19",-0.00049628
"70","ran70.hdr.2",-0.0044934
"70","ran70.hdr.20",-0.000130699999999999
"70","ran70.hdr.21",-0.0011619
"70","ran70.hdr.22",-0.0007122
"70","ran70.hdr.23",-0.000634299999999999
"70","ran70.hdr.24",-0.0005322
"70","ran70.hdr.25",0.00041595
"70","ran70.hdr.26",-0.0008389
"70","ran70.hdr.27",-0.0025984
"70","ran70.hdr.28",-0.00029545
"70","ran70.hdr.29",-0.000165080000000001
"70","ran70.hdr.3",-0.0051698
"70","ran70.hdr.30",-0.0000410300000000001
"70","ran70.hdr.31",-0.0003021
"70","ran70.hdr.32",-0.000156699999999999
"70","ran70.hdr.33",-0.0035614
"70","ran70.hdr.34",-0.001081
"70","ran70.hdr.35",-0.0000894500000000005
"70","ran70.hdr.36",0.00003065
"70","ran70.hdr.37",-0.000507200000000003
"70","ran70.hdr.38",-0.0003861
"70","ran70.hdr.39",-0.00034168
"70","ran70.hdr.4",-0.0034598
"70","ran70.hdr.40",-0.00023078
"70","ran70.hdr.41",NA
"70","ran70.hdr.42",-0.000505799999999999
"70","ran70.hdr.43",-0.0010094
"70","ran70.hdr.44",-0.000574999999999999
"70","ran70.hdr.45",-0.0012739
"70","ran70.hdr.46",-0.0005226
"70","ran70.hdr.47",-0.000870699999999999
"70","ran70.hdr.48",-0.000298000000000001
"70","ran70.hdr.49",-0.000514700000000002
"70","ran70.hdr.5",-0.0000849000000000006
"70","ran70.hdr.50",-0.000246700000000001
"70","ran70.hdr.51",0.000279399999999999
"70","ran70.hdr.52",-0.000294639999999999
"70","ran70.hdr.53",-0.0046402
"70","ran70.hdr.54",-0.00074359
"70","ran70.hdr.55",-0.0034817
"70","ran70.hdr.56",-0.00000727000000000019
"70","ran70.hdr.57",-0.0011044
"70","ran70.hdr.58",-0.0012369
"70","ran70.hdr.59",-0.00025195
"70","ran70.hdr.6",-0.000906130000000002
"70","ran70.hdr.60",0.00006295
"70","ran70.hdr.61",0.000032840000000001
"70","ran70.hdr.62",-0.000262800000000001
"70","ran70.hdr.63",-0.000824100000000001
"70","ran70.hdr.64",-0.000580600000000001
"70","ran70.hdr.65",-0.0010347
"70","ran70.hdr.66",-0.0010234
"70","ran70.hdr.67",-0.01078825
"70","ran70.hdr.68",-0.0029365
"70","ran70.hdr.69",-0.001278
"70","ran70.hdr.7",-0.000979900000000001
"70","ran70.hdr.70",-0.0016152
"70","ran70.hdr.71",-0.000376000000000001
"70","ran70.hdr.72",-0.000165360000000001
"70","ran70.hdr.73",-0.0023429
"70","ran70.hdr.74",-0.000282660000000001
"70","ran70.hdr.75",-0.000333699999999999
"70","ran70.hdr.76",-0.0022866
"70","ran70.hdr.77",-0.0008628
"70","ran70.hdr.78",-0.0023497
"70","ran70.hdr.8",-0.000480399999999999
"70","ran70.hdr.9",-0.000204939999999999
"71","ran71.hdr.1",-0.000142300000000001
"71","ran71.hdr.10",-0.005769
"71","ran71.hdr.11",-0.0031124
"71","ran71.hdr.12",-0.0004828
"71","ran71.hdr.13",-0.000534900000000001
"71","ran71.hdr.14",-0.00016992
"71","ran71.hdr.15",0.0000112099999999993
"71","ran71.hdr.16",-0.000393909999999999
"71","ran71.hdr.17",-0.0000390000000000008
"71","ran71.hdr.18",-0.0008815
"71","ran71.hdr.19",-0.0000885999999999977
"71","ran71.hdr.2",-0.0014413
"71","ran71.hdr.20",-0.0004673
"71","ran71.hdr.21",0.000139150000000001
"71","ran71.hdr.22",-0.00061751
"71","ran71.hdr.23",0.000247599999999997
"71","ran71.hdr.24",-0.000130699999999999
"71","ran71.hdr.25",-0.001862
"71","ran71.hdr.26",-0.00032068
"71","ran71.hdr.27",-0.0010873
"71","ran71.hdr.28",-0.0003097
"71","ran71.hdr.29",-0.000383960000000001
"71","ran71.hdr.3",0.000329000000000003
"71","ran71.hdr.30",0.000230600000000001
"71","ran71.hdr.31",-0.00044142
"71","ran71.hdr.32",-0.00028711
"71","ran71.hdr.33",-0.000777899999999998
"71","ran71.hdr.34",-0.0028198
"71","ran71.hdr.35",0.00000290000000000012
"71","ran71.hdr.36",-0.000275399999999999
"71","ran71.hdr.37",-0.000135
"71","ran71.hdr.38",0.0000173000000000013
"71","ran71.hdr.39",0.0000270999999999987
"71","ran71.hdr.4",-0.0000461999999999997
"71","ran71.hdr.40",-0.000206699999999999
"71","ran71.hdr.41",-0.000982500000000001
"71","ran71.hdr.42",0.000353300000000001
"71","ran71.hdr.43",-0.000917300000000001
"71","ran71.hdr.44",-0.000411959999999999
"71","ran71.hdr.45",-0.000226
"71","ran71.hdr.46",-0.000713800000000001
"71","ran71.hdr.47",-0.0000673000000000028
"71","ran71.hdr.48",-0.00077464
"71","ran71.hdr.49",-0.000366
"71","ran71.hdr.5",-0.000833500000000001
"71","ran71.hdr.50",0.0003412
"71","ran71.hdr.51",-0.0011708
"71","ran71.hdr.52",0.0000263799999999995
"71","ran71.hdr.53",-0.000599799999999999
"71","ran71.hdr.54",0.0000521000000000002
"71","ran71.hdr.55",-0.00289142
"71","ran71.hdr.56",-0.000268079999999999
"71","ran71.hdr.58",-0.0000146999999999994
"71","ran71.hdr.59",-0.000263810000000001
"71","ran71.hdr.6",-0.0019788
"71","ran71.hdr.60",-0.0012438
"71","ran71.hdr.61",-0.0011067
"71","ran71.hdr.62",-0.0011376
"71","ran71.hdr.63",-0.003391
"71","ran71.hdr.64",-0.0001259
"71","ran71.hdr.65",-0.0005761
"71","ran71.hdr.66",0.0000502999999999997
"71","ran71.hdr.67",-0.0005272
"71","ran71.hdr.68",-0.00179129
"71","ran71.hdr.69",-0.0003493
"71","ran71.hdr.7",0.000479800000000002
"71","ran71.hdr.70",-0.000228
"71","ran71.hdr.71",-0.0014068
"71","ran71.hdr.72",-0.000794900000000001
"71","ran71.hdr.73",-0.0013232
"71","ran71.hdr.74",-0.000239000000000003
"71","ran71.hdr.75",-0.0011974
"71","ran71.hdr.76",-0.0027169
"71","ran71.hdr.77",-0.0013565
"71","ran71.hdr.78",-0.00080927
"71","ran71.hdr.8",-0.000233200000000003
"71","ran71.hdr.9",-0.0033457
"72","ran72.hdr.1",-0.00012473
"72","ran72.hdr.10",-0.00038213
"72","ran72.hdr.11",0.00045414
"72","ran72.hdr.12",-0.00038553
"72","ran72.hdr.13",-0.0003143
"72","ran72.hdr.14",-0.000713499999999999
"72","ran72.hdr.15",-0.0002961
"72","ran72.hdr.16",-0.00036797
"72","ran72.hdr.17",-0.000228750000000001
"72","ran72.hdr.18",0.000600400000000001
"72","ran72.hdr.19",-0.0016952
"72","ran72.hdr.2",-0.00120107
"72","ran72.hdr.20",-0.001596
"72","ran72.hdr.21",-0.0016792
"72","ran72.hdr.22",-0.0010563
"72","ran72.hdr.23",-0.000149400000000001
"72","ran72.hdr.24",0.00000329999999999948
"72","ran72.hdr.25",-0.00031687
"72","ran72.hdr.26",-0.0000709000000000005
"72","ran72.hdr.27",-0.0007817
"72","ran72.hdr.28",-0.0007861
"72","ran72.hdr.29",-0.0001239
"72","ran72.hdr.3",-0.0041794
"72","ran72.hdr.30",-0.00018774
"72","ran72.hdr.31",-0.000383960000000001
"72","ran72.hdr.32",-0.000507499999999999
"72","ran72.hdr.33",-0.000310299999999999
"72","ran72.hdr.34",-0.0028198
"72","ran72.hdr.35",0.0003162
"72","ran72.hdr.36",-0.0003937
"72","ran72.hdr.37",-0.0014027
"72","ran72.hdr.38",-0.000638400000000001
"72","ran72.hdr.39",-0.00018774
"72","ran72.hdr.4",-0.0000637999999999993
"72","ran72.hdr.40",-0.0000749000000000001
"72","ran72.hdr.41",-0.0000333999999999994
"72","ran72.hdr.42",0.0014528
"72","ran72.hdr.43",0.00002906
"72","ran72.hdr.44",-0.000693600000000001
"72","ran72.hdr.45",0.000143500000000001
"72","ran72.hdr.46",-0.000551949999999999
"72","ran72.hdr.47",-0.000564
"72","ran72.hdr.48",-0.0011708
"72","ran72.hdr.49",-0.0011511
"72","ran72.hdr.5",-0.000248699999999999
"72","ran72.hdr.50",-0.000366499999999999
"72","ran72.hdr.51",-0.0021164
"72","ran72.hdr.52",-0.0000536000000000009
"72","ran72.hdr.53",0.0000556099999999993
"72","ran72.hdr.55",-0.0005766
"72","ran72.hdr.56",-0.0007846
"72","ran72.hdr.57",-0.0043657
"72","ran72.hdr.58",0.000155600000000001
"72","ran72.hdr.59",0.000187600000000003
"72","ran72.hdr.6",-0.0000559100000000002
"72","ran72.hdr.60",-0.0017637
"72","ran72.hdr.61",0.000223899999999999
"72","ran72.hdr.62",-0.0012438
"72","ran72.hdr.63",-0.000719200000000001
"72","ran72.hdr.64",-0.0003359
"72","ran72.hdr.65",0.000525970000000001
"72","ran72.hdr.66",-0.000194100000000003
"72","ran72.hdr.67",-0.0016226
"72","ran72.hdr.68",-0.0001636
"72","ran72.hdr.69",-0.000103800000000001
"72","ran72.hdr.7",-0.000358290000000001
"72","ran72.hdr.70",-0.0027675
"72","ran72.hdr.71",-0.001507
"72","ran72.hdr.72",-0.000420499999999999
"72","ran72.hdr.73",-0.0004037
"72","ran72.hdr.74",0.0000251000000000001
"72","ran72.hdr.75",-0.0037006
"72","ran72.hdr.76",-0.000316540000000001
"72","ran72.hdr.77",-0.00038061
"72","ran72.hdr.78",-0.0014309
"72","ran72.hdr.8",-0.00018564
"72","ran72.hdr.9",-0.000549999999999998
"73","ran73.hdr.1",0.000127499999999999
"73","ran73.hdr.10",-0.0031465
"73","ran73.hdr.11",-0.00044199
"73","ran73.hdr.12",-0.0000556999999999988
"73","ran73.hdr.13",-0.0003059
"73","ran73.hdr.14",-0.00015088
"73","ran73.hdr.15",-0.00040897
"73","ran73.hdr.16",-0.0008936
"73","ran73.hdr.17",-0.0000559100000000002
"73","ran73.hdr.18",-0.000437670000000001
"73","ran73.hdr.19",-0.000714099999999999
"73","ran73.hdr.2",-0.0003622
"73","ran73.hdr.20",-0.0006642
"73","ran73.hdr.21",-0.000675400000000003
"73","ran73.hdr.22",-0.000239100000000003
"73","ran73.hdr.23",-0.0003143
"73","ran73.hdr.24",-0.00026025
"73","ran73.hdr.25",-0.0000854700000000007
"73","ran73.hdr.26",-0.0000437000000000007
"73","ran73.hdr.27",-0.000646799999999999
"73","ran73.hdr.28",-0.000230500000000002
"73","ran73.hdr.29",-0.0006865
"73","ran73.hdr.3",-0.0013435
"73","ran73.hdr.30",-0.000385699999999999
"73","ran73.hdr.31",-0.000215999999999999
"73","ran73.hdr.32",-0.0004995
"73","ran73.hdr.33",-0.000303699999999999
"73","ran73.hdr.34",-0.00055319
"73","ran73.hdr.35",-0.00013267
"73","ran73.hdr.36",-0.000397000000000002
"73","ran73.hdr.37",-0.0013929
"73","ran73.hdr.38",0.0000176400000000011
"73","ran73.hdr.39",-0.00019887
"73","ran73.hdr.4",-0.000481700000000002
"73","ran73.hdr.40",0.0003438
"73","ran73.hdr.41",-0.0005059
"73","ran73.hdr.42",-0.000579100000000001
"73","ran73.hdr.43",-0.0009637
"73","ran73.hdr.44",-0.0008214
"73","ran73.hdr.45",-0.0012106
"73","ran73.hdr.46",-0.0010067
"73","ran73.hdr.47",0.000227500000000002
"73","ran73.hdr.48",-0.00065478
"73","ran73.hdr.49",-0.000688599999999999
"73","ran73.hdr.5",-0.000220599999999998
"73","ran73.hdr.50",-0.0018642
"73","ran73.hdr.51",0.000369399999999999
"73","ran73.hdr.52",-0.004276
"73","ran73.hdr.53",0.000197900000000001
"73","ran73.hdr.54",-0.002897
"73","ran73.hdr.55",0.00013033
"73","ran73.hdr.56",0.00004863
"73","ran73.hdr.57",-0.0014392
"73","ran73.hdr.58",-0.0115458
"73","ran73.hdr.59",-0.000103599999999999
"73","ran73.hdr.6",-0.00449763
"73","ran73.hdr.60",-0.0010723
"73","ran73.hdr.61",-0.0002933
"73","ran73.hdr.62",0.0000861899999999999
"73","ran73.hdr.63",-0.000849699999999998
"73","ran73.hdr.64",-0.0015743
"73","ran73.hdr.65",-0.0000197000000000001
"73","ran73.hdr.66",0.0000164999999999992
"73","ran73.hdr.67",-0.0039875
"73","ran73.hdr.68",-0.0014372
"73","ran73.hdr.69",-0.0012699
"73","ran73.hdr.7",-0.0003254
"73","ran73.hdr.70",0.000132810000000001
"73","ran73.hdr.71",-0.0015308
"73","ran73.hdr.72",-0.000333699999999999
"73","ran73.hdr.73",-0.000299900000000001
"73","ran73.hdr.74",-0.0023484
"73","ran73.hdr.75",-0.00444969
"73","ran73.hdr.76",-0.0018567
"73","ran73.hdr.77",-0.0012143
"73","ran73.hdr.78",-0.001318
"73","ran73.hdr.8",-0.0053473
"73","ran73.hdr.9",-0.0037447
"74","ran74.hdr.1",-0.0003459
"74","ran74.hdr.10",-0.0041174
"74","ran74.hdr.11",-0.002828
"74","ran74.hdr.12",0.0000674299999999994
"74","ran74.hdr.13",-0.0002272
"74","ran74.hdr.14",-0.000602800000000001
"74","ran74.hdr.15",-0.0000149
"74","ran74.hdr.16",-0.000549999999999998
"74","ran74.hdr.17",-0.00042711
"74","ran74.hdr.18",0.000157600000000001
"74","ran74.hdr.19",-0.00038553
"74","ran74.hdr.2",-0.00010092
"74","ran74.hdr.20",-0.0004673
"74","ran74.hdr.21",-0.000291369999999999
"74","ran74.hdr.22",-0.000187900000000001
"74","ran74.hdr.23",-0.00035428
"74","ran74.hdr.24",0.00000329999999999948
"74","ran74.hdr.25",-0.0002319
"74","ran74.hdr.26",-0.0014492
"74","ran74.hdr.27",-0.0010873
"74","ran74.hdr.28",-0.000311800000000001
"74","ran74.hdr.29",-0.00022216
"74","ran74.hdr.3",-0.000203000000000002
"74","ran74.hdr.30",-0.0004121
"74","ran74.hdr.31",0.00030473
"74","ran74.hdr.32",NA
"74","ran74.hdr.33",-0.00175568
"74","ran74.hdr.34",0.000056719
"74","ran74.hdr.35",0.000666629999999999
"74","ran74.hdr.36",-0.0028198
"74","ran74.hdr.37",-0.0014576
"74","ran74.hdr.38",-0.00620406
"74","ran74.hdr.39",0.00014649
"74","ran74.hdr.4",-0.0000914000000000002
"74","ran74.hdr.40",-0.000275399999999999
"74","ran74.hdr.41",-0.0011115
"74","ran74.hdr.42",-0.000247900000000001
"74","ran74.hdr.43",-0.000266000000000002
"74","ran74.hdr.44",0.0007192
"74","ran74.hdr.45",-0.0012739
"74","ran74.hdr.46",-0.0017019
"74","ran74.hdr.47",-0.00071704
"74","ran74.hdr.48",-0.0022477
"74","ran74.hdr.49",-0.00010706
"74","ran74.hdr.5",-0.0000643999999999992
"74","ran74.hdr.50",-0.0000371
"74","ran74.hdr.51",-0.0006887
"74","ran74.hdr.52",-0.000691199999999999
"74","ran74.hdr.53",-0.00004207
"74","ran74.hdr.54",-0.0010598
"74","ran74.hdr.55",-0.000551949999999999
"74","ran74.hdr.56",-0.00030034
"74","ran74.hdr.57",-0.0010313
"74","ran74.hdr.58",-0.000118309
"74","ran74.hdr.59",0.00025507
"74","ran74.hdr.6",-0.000892799999999999
"74","ran74.hdr.61",-0.0007279
"74","ran74.hdr.62",-0.0010529
"74","ran74.hdr.63",-0.0012721
"74","ran74.hdr.64",0.000270800000000002
"74","ran74.hdr.65",-0.0000853
"74","ran74.hdr.66",-0.0028671
"74","ran74.hdr.67",-0.0010327
"74","ran74.hdr.68",-0.001085
"74","ran74.hdr.69",-0.0005982
"74","ran74.hdr.7",-0.0030528
"74","ran74.hdr.70",-0.0016673
"74","ran74.hdr.71",-0.000107400000000001
"74","ran74.hdr.72",-0.000198200000000001
"74","ran74.hdr.73",0.0003344
"74","ran74.hdr.74",-0.0014309
"74","ran74.hdr.75",-0.000302699999999999
"74","ran74.hdr.76",-0.000908300000000001
"74","ran74.hdr.77",-0.00080927
"74","ran74.hdr.78",0.00013512
"74","ran74.hdr.8",-0.003143
"74","ran74.hdr.9",-0.005769
"75","ran75.hdr.1",-0.0003459
"75","ran75.hdr.10",-0.00154022
"75","ran75.hdr.11",-0.0000057098
"75","ran75.hdr.12",-0.000721199999999998
"75","ran75.hdr.13",-0.000417799999999999
"75","ran75.hdr.14",-0.000320599999999999
"75","ran75.hdr.15",-0.0015955
"75","ran75.hdr.16",-0.000408459999999999
"75","ran75.hdr.17",-0.0011243
"75","ran75.hdr.18",-0.00019598
"75","ran75.hdr.19",-0.000333099999999999
"75","ran75.hdr.2",-0.000443959999999998
"75","ran75.hdr.20",-0.00061751
"75","ran75.hdr.21",-0.000700599999999999
"75","ran75.hdr.22",-0.0003102
"75","ran75.hdr.23",-0.0017045
"75","ran75.hdr.24",-0.000288400000000001
"75","ran75.hdr.25",-0.000288800000000001
"75","ran75.hdr.26",-0.0001443
"75","ran75.hdr.27",-0.00032068
"75","ran75.hdr.28",-0.00016025
"75","ran75.hdr.29",-0.000572599999999999
"75","ran75.hdr.3",-0.000226799999999999
"75","ran75.hdr.30",-0.0019854
"75","ran75.hdr.31",-0.0002611
"75","ran75.hdr.32",-0.0000624000000000006
"75","ran75.hdr.33",-0.000355399999999999
"75","ran75.hdr.34",-0.000247789999999999
"75","ran75.hdr.35",-0.000620599999999999
"75","ran75.hdr.36",-0.0013524
"75","ran75.hdr.37",-0.000041639999999999
"75","ran75.hdr.38",-0.00002191
"75","ran75.hdr.39",0.0000270999999999987
"75","ran75.hdr.4",-0.00163709
"75","ran75.hdr.40",-0.0014925
"75","ran75.hdr.41",-0.00034381
"75","ran75.hdr.42",-0.0033085
"75","ran75.hdr.43",-0.00011256
"75","ran75.hdr.44",-0.0000258999999999988
"75","ran75.hdr.45",0.000298799999999998
"75","ran75.hdr.46",0.0010466
"75","ran75.hdr.47",-0.0000717600000000006
"75","ran75.hdr.48",-0.0004384
"75","ran75.hdr.49",-0.000643990000000001
"75","ran75.hdr.5",-0.00013425
"75","ran75.hdr.50",0.0000521000000000002
"75","ran75.hdr.51",-0.0000283000000000002
"75","ran75.hdr.52",-0.00018122
"75","ran75.hdr.53",0.0000246199999999995
"75","ran75.hdr.54",0.00016133
"75","ran75.hdr.56",-0.0013724
"75","ran75.hdr.57",-0.000343400000000001
"75","ran75.hdr.58",-0.000540700000000002
"75","ran75.hdr.59",-0.0011885
"75","ran75.hdr.6",-0.000461899999999998
"75","ran75.hdr.60",-0.0180869
"75","ran75.hdr.61",-0.0039716
"75","ran75.hdr.62",0.000166699999999999
"75","ran75.hdr.63",-0.00000239999999999962
"75","ran75.hdr.64",-0.0012721
"75","ran75.hdr.65",-0.000581100000000001
"75","ran75.hdr.66",-0.000201800000000002
"75","ran75.hdr.67",-0.0013312
"75","ran75.hdr.68",0.0000390000000000008
"75","ran75.hdr.69",-0.0003088
"75","ran75.hdr.7",-0.00014336
"75","ran75.hdr.70",0.000268299999999999
"75","ran75.hdr.71",-0.0011097
"75","ran75.hdr.72",-0.00032338
"75","ran75.hdr.73",-0.000788199999999999
"75","ran75.hdr.74",-0.003339
"75","ran75.hdr.75",-0.00057689
"75","ran75.hdr.76",-0.0015872
"75","ran75.hdr.77",-0.0013233
"75","ran75.hdr.78",-0.0003604
"75","ran75.hdr.8",-0.000392959999999999
"75","ran75.hdr.9",-0.0002419
"76","ran76.hdr.1",-0.00100715
"76","ran76.hdr.10",-0.00126458
"76","ran76.hdr.11",-0.0008879
"76","ran76.hdr.12",-0.000146299999999999
"76","ran76.hdr.13",-0.0011243
"76","ran76.hdr.14",0.000357099999999999
"76","ran76.hdr.15",-0.0007302
"76","ran76.hdr.16",-0.000477
"76","ran76.hdr.17",-0.000350699999999999
"76","ran76.hdr.18",-0.0002951
"76","ran76.hdr.19",-0.0000309000000000004
"76","ran76.hdr.2",-0.000115250000000001
"76","ran76.hdr.20",-0.00045882
"76","ran76.hdr.21",-0.000435399999999999
"76","ran76.hdr.22",-0.000554499999999999
"76","ran76.hdr.23",-0.0006201
"76","ran76.hdr.24",-0.0013931
"76","ran76.hdr.25",-0.000303699999999999
"76","ran76.hdr.26",-0.000464099999999999
"76","ran76.hdr.27",0.00073494
"76","ran76.hdr.28",-0.0012737
"76","ran76.hdr.29",-0.000643000000000001
"76","ran76.hdr.3",-0.0026658
"76","ran76.hdr.30",-0.01686367
"76","ran76.hdr.31",-0.0058339
"76","ran76.hdr.32",-0.000306500000000001
"76","ran76.hdr.33",-0.0019854
"76","ran76.hdr.34",-0.00029141
"76","ran76.hdr.35",-0.00510713
"76","ran76.hdr.36",0.0000586000000000024
"76","ran76.hdr.37",-0.0000700600000000003
"76","ran76.hdr.38",0.00003065
"76","ran76.hdr.39",-0.00013584
"76","ran76.hdr.4",-0.0008068
"76","ran76.hdr.40",-0.001126
"76","ran76.hdr.41",-0.000390949999999999
"76","ran76.hdr.42",-0.000530699999999999
"76","ran76.hdr.43",-0.000125500000000001
"76","ran76.hdr.44",-0.0073875
"76","ran76.hdr.45",-0.0010009
"76","ran76.hdr.46",-0.000325299999999997
"76","ran76.hdr.47",-0.00057312
"76","ran76.hdr.48",-0.0070655
"76","ran76.hdr.49",-0.0000118100000000001
"76","ran76.hdr.5",-0.0053867
"76","ran76.hdr.50",-0.000551949999999999
"76","ran76.hdr.51",-0.0004831
"76","ran76.hdr.52",-0.00031891
"76","ran76.hdr.53",-0.00188647
"76","ran76.hdr.54",NA
"76","ran76.hdr.55",0.0001499
"76","ran76.hdr.56",-0.000238039999999999
"76","ran76.hdr.57",-0.00021542
"76","ran76.hdr.59",-0.0000495000000000009
"76","ran76.hdr.6",-0.000184100000000001
"76","ran76.hdr.60",-0.000290100000000001
"76","ran76.hdr.61",-0.000964599999999999
"76","ran76.hdr.62",-0.0019575
"76","ran76.hdr.63",0.0001358
"76","ran76.hdr.64",-0.0003231
"76","ran76.hdr.65",0.0000268999999999998
"76","ran76.hdr.66",-0.000261
"76","ran76.hdr.67",-0.0010444
"76","ran76.hdr.68",-0.0016013
"76","ran76.hdr.69",-0.000501400000000003
"76","ran76.hdr.7",-0.00063128
"76","ran76.hdr.70",0.0001838
"76","ran76.hdr.71",-0.0016673
"76","ran76.hdr.72",-0.0002339
"76","ran76.hdr.73",-0.000630200000000001
"76","ran76.hdr.74",-0.000482799999999999
"76","ran76.hdr.75",-0.000471699999999999
"76","ran76.hdr.76",-0.000766199999999998
"76","ran76.hdr.77",-0.0010028
"76","ran76.hdr.78",-0.000314699999999999
"76","ran76.hdr.8",NA
"76","ran76.hdr.9",0.0000567700000000011
"77","ran77.hdr.1",-0.0004633
"77","ran77.hdr.10",-0.0009067
"77","ran77.hdr.11",-0.0002244
"77","ran77.hdr.12",-0.000625899999999999
"77","ran77.hdr.13",-0.0000175000000000002
"77","ran77.hdr.14",-0.0011179
"77","ran77.hdr.15",0.000216599999999997
"77","ran77.hdr.16",-0.00034462
"77","ran77.hdr.17",-0.0010736
"77","ran77.hdr.18",-0.0001814
"77","ran77.hdr.19",-0.000257510000000001
"77","ran77.hdr.2",-0.0000914000000000002
"77","ran77.hdr.20",-0.00021302
"77","ran77.hdr.21",-0.0014725
"77","ran77.hdr.22",-0.0045505
"77","ran77.hdr.23",-0.0001239
"77","ran77.hdr.24",-0.0006546
"77","ran77.hdr.25",-0.00084943
"77","ran77.hdr.26",-0.00026379
"77","ran77.hdr.27",0.0000724000000000002
"77","ran77.hdr.28",-0.00037474
"77","ran77.hdr.29",-0.00021139
"77","ran77.hdr.3",-0.000637099999999998
"77","ran77.hdr.30",-0.0003079
"77","ran77.hdr.31",-0.0014853
"77","ran77.hdr.32",-0.0028198
"77","ran77.hdr.33",-0.0018031
"77","ran77.hdr.34",0.000505200000000001
"77","ran77.hdr.35",-0.0005206
"77","ran77.hdr.36",-0.0013224
"77","ran77.hdr.37",-0.0006827
"77","ran77.hdr.38",0.0000501000000000008
"77","ran77.hdr.39",-0.00017519
"77","ran77.hdr.4",0.000152000000000003
"77","ran77.hdr.40",-0.0000841000000000001
"77","ran77.hdr.41",-0.0007461
"77","ran77.hdr.42",0.0001796
"77","ran77.hdr.43",0.000433900000000001
"77","ran77.hdr.44",-0.0014927
"77","ran77.hdr.45",-0.000569999999999999
"77","ran77.hdr.46",-0.0007551
"77","ran77.hdr.47",0.000813400000000001
"77","ran77.hdr.48",-0.000341900000000003
"77","ran77.hdr.49",0.0000849800000000001
"77","ran77.hdr.5",-0.0003713
"77","ran77.hdr.50",-0.00022498
"77","ran77.hdr.51",-0.0027789
"77","ran77.hdr.52",-0.0013068
"77","ran77.hdr.53",0.0000326900000000001
"77","ran77.hdr.54",-0.00024603
"77","ran77.hdr.55",-0.000218899999999999
"77","ran77.hdr.56",0.000265899999999999
"77","ran77.hdr.57",-0.000119059999999999
"77","ran77.hdr.58",-0.00047522
"77","ran77.hdr.6",-0.000892799999999999
"77","ran77.hdr.62",-0.0002454
"77","ran77.hdr.63",-0.000271400000000002
"77","ran77.hdr.64",-0.000972200000000003
"77","ran77.hdr.65",-0.000262800000000001
"77","ran77.hdr.66",-0.00038507
"77","ran77.hdr.67",-0.000083200000000002
"77","ran77.hdr.68",-0.0013776
"77","ran77.hdr.69",0.0003371
"77","ran77.hdr.7",-0.000511400000000002
"77","ran77.hdr.70",0.000246699999999999
"77","ran77.hdr.71",-0.0009818
"77","ran77.hdr.72",0.00022553
"77","ran77.hdr.73",-0.00038061
"77","ran77.hdr.74",-0.000252499999999999
"77","ran77.hdr.75",-0.0017992
"77","ran77.hdr.76",-0.000792599999999999
"77","ran77.hdr.77",-0.00080927
"77","ran77.hdr.78",-0.000548699999999999
"77","ran77.hdr.8",-0.0053473
"77","ran77.hdr.9",0.00011312
"78","ran78.hdr.1",-0.00119054
"78","ran78.hdr.10",-0.000229759999999999
"78","ran78.hdr.11",0.0003189
"78","ran78.hdr.12",0.0000928000000000005
"78","ran78.hdr.13",NA
"78","ran78.hdr.14",-0.0016948
"78","ran78.hdr.15",-0.00137783
"78","ran78.hdr.16",0.00020913
"78","ran78.hdr.17",0.00000845800000000001
"78","ran78.hdr.18",-0.00039314
"78","ran78.hdr.19",-0.000725689999999999
"78","ran78.hdr.2",0.000132
"78","ran78.hdr.20",-0.0001177
"78","ran78.hdr.21",-0.000291369999999999
"78","ran78.hdr.22",-0.001596
"78","ran78.hdr.23",0.000483899999999999
"78","ran78.hdr.24",-0.0004364
"78","ran78.hdr.25",0.00004039
"78","ran78.hdr.26",-0.0000987999999999996
"78","ran78.hdr.27",-0.00016391
"78","ran78.hdr.28",-0.000464099999999999
"78","ran78.hdr.29",0.000035033
"78","ran78.hdr.3",-0.0025737
"78","ran78.hdr.30",-0.0014853
"78","ran78.hdr.31",-0.0044356
"78","ran78.hdr.32",-0.0107692
"78","ran78.hdr.33",-0.0014576
"78","ran78.hdr.34",-0.000176700000000002
"78","ran78.hdr.35",-0.0003333
"78","ran78.hdr.36",0.00024785
"78","ran78.hdr.37",0.000381299999999999
"78","ran78.hdr.38",-0.000944
"78","ran78.hdr.39",-0.0009637
"78","ran78.hdr.4",-0.000621999999999998
"78","ran78.hdr.40",-0.000152899999999999
"78","ran78.hdr.41",-0.000522199999999999
"78","ran78.hdr.42",-0.00057255
"78","ran78.hdr.43",-0.000189699999999999
"78","ran78.hdr.44",-0.0010202
"78","ran78.hdr.45",-0.00065478
"78","ran78.hdr.46",0.000276800000000001
"78","ran78.hdr.47",-0.000436799999999998
"78","ran78.hdr.48",-0.000390110000000001
"78","ran78.hdr.49",-0.0003459
"78","ran78.hdr.5",-0.004515
"78","ran78.hdr.50",-0.0015804
"78","ran78.hdr.51",-0.0009494
"78","ran78.hdr.52",-0.000366499999999999
"78","ran78.hdr.53",-0.0010844
"78","ran78.hdr.55",-0.0004014
"78","ran78.hdr.56",-0.0003873
"78","ran78.hdr.57",-0.0016397
"78","ran78.hdr.58",-0.0001548
"78","ran78.hdr.59",-0.000477
"78","ran78.hdr.6",-0.000290820000000001
"78","ran78.hdr.60",-0.000324099999999999
"78","ran78.hdr.61",-0.00000239999999999962
"78","ran78.hdr.62",0.000135650000000001
"78","ran78.hdr.63",-0.0003058
"78","ran78.hdr.64",-0.0023928
"78","ran78.hdr.65",-0.0023812
"78","ran78.hdr.66",-0.0000205499999999994
"78","ran78.hdr.67",-0.000387489999999999
"78","ran78.hdr.68",-0.000107400000000001
"78","ran78.hdr.69",-0.000282660000000001
"78","ran78.hdr.7",-0.00163709
"78","ran78.hdr.70",-0.000170780000000001
"78","ran78.hdr.71",-0.0003579
"78","ran78.hdr.72",-0.0014309
"78","ran78.hdr.73",-0.0011974
"78","ran78.hdr.74",-0.0015872
"78","ran78.hdr.75",-0.000535300000000002
"78","ran78.hdr.76",-0.0007968
"78","ran78.hdr.77",-0.0064447
"78","ran78.hdr.78",-0.000548699999999999
"78","ran78.hdr.8",NA
"78","ran78.hdr.9",-0.0034598
"79","ran79.hdr.1",-0.0012185
"79","ran79.hdr.10",-0.0000204900000000002
"79","ran79.hdr.11",-0.0006677
"79","ran79.hdr.12",0.0007071
"79","ran79.hdr.13",-0.000662999999999999
"79","ran79.hdr.14",-0.000954400000000001
"79","ran79.hdr.15",-0.000118400000000001
"79","ran79.hdr.16",-0.0008602
"79","ran79.hdr.17",-0.0005983
"79","ran79.hdr.18",-0.0017312
"79","ran79.hdr.19",-0.0023662
"79","ran79.hdr.2",-0.0004513
"79","ran79.hdr.20",0.000240199999999999
"79","ran79.hdr.21",-0.0012838
"79","ran79.hdr.22",-0.0025867
"79","ran79.hdr.23",0.00018949
"79","ran79.hdr.24",-0.000257510000000001
"79","ran79.hdr.25",-0.000418709999999999
"79","ran79.hdr.26",-0.0000858199999999995
"79","ran79.hdr.27",-0.00141581
"79","ran79.hdr.28",-0.000341280000000001
"79","ran79.hdr.29",-0.000450470000000001
"79","ran79.hdr.3",-0.0001323
"79","ran79.hdr.30",-0.0018031
"79","ran79.hdr.31",-0.00087039
"79","ran79.hdr.32",-0.000777200000000002
"79","ran79.hdr.33",-0.000830900000000002
"79","ran79.hdr.34",-0.0000862000000000016
"79","ran79.hdr.35",-0.000316499999999999
"79","ran79.hdr.36",-0.00036563
"79","ran79.hdr.37",-0.00013584
"79","ran79.hdr.38",-0.0005059
"79","ran79.hdr.39",-0.0000657999999999995
"79","ran79.hdr.4",-0.0066937
"79","ran79.hdr.40",-0.000104
"79","ran79.hdr.41",-0.0012186
"79","ran79.hdr.42",-0.000392100000000001
"79","ran79.hdr.43",-0.0017019
"79","ran79.hdr.44",-0.0002094
"79","ran79.hdr.45",-0.000452600000000001
"79","ran79.hdr.46",0.0001262
"79","ran79.hdr.47",-0.000522599999999998
"79","ran79.hdr.48",-0.000569900000000002
"79","ran79.hdr.49",-0.000241100000000001
"79","ran79.hdr.5",-0.002184
"79","ran79.hdr.50",NA
"79","ran79.hdr.51",-0.000742100000000002
"79","ran79.hdr.52",0.00027974
"79","ran79.hdr.53",0.0000712999999999998
"79","ran79.hdr.54",-0.00047324
"79","ran79.hdr.55",-0.0047786
"79","ran79.hdr.56",-0.0000869000000000009
"79","ran79.hdr.57",-0.000599799999999999
"79","ran79.hdr.58",-0.00022893
"79","ran79.hdr.59",0.00013157
"79","ran79.hdr.6",0.000214900000000001
"79","ran79.hdr.60",-0.0010767
"79","ran79.hdr.61",-0.0005941
"79","ran79.hdr.62",-0.0041063
"79","ran79.hdr.63",-0.0040338
"79","ran79.hdr.64",-0.001971
"79","ran79.hdr.65",-0.0007712
"79","ran79.hdr.66",-0.00104738
"79","ran79.hdr.67",-0.0012721
"79","ran79.hdr.68",-0.0017715
"79","ran79.hdr.69",0.0000937999999999998
"79","ran79.hdr.7",-0.001546
"79","ran79.hdr.70",-0.00048136
"79","ran79.hdr.71",-0.000112899999999999
"79","ran79.hdr.72",0.000431000000000001
"79","ran79.hdr.73",0.0002433
"79","ran79.hdr.74",-0.000281300000000002
"79","ran79.hdr.75",-0.000482799999999999
"79","ran79.hdr.76",-0.0016911
"79","ran79.hdr.77",-0.0030263
"79","ran79.hdr.78",-0.00028371
"79","ran79.hdr.8",-0.000223299999999999
"79","ran79.hdr.9",-0.000507199999999999
"80","ran80.hdr.1",-0.0000463000000000026
"80","ran80.hdr.10",-0.000197699999999999
"80","ran80.hdr.11",-0.000309469999999999
"80","ran80.hdr.12",-0.00020486
"80","ran80.hdr.13",-0.00036256
"80","ran80.hdr.14",-0.00066134
"80","ran80.hdr.15",-0.000401799999999999
"80","ran80.hdr.16",-0.0008879
"80","ran80.hdr.17",-0.000434459999999999
"80","ran80.hdr.18",-0.000600499999999999
"80","ran80.hdr.19",-0.0011619
"80","ran80.hdr.2",0.000357100000000001
"80","ran80.hdr.20",-0.00034462
"80","ran80.hdr.21",NA
"80","ran80.hdr.22",-0.0016862
"80","ran80.hdr.23",0.0000993499999999998
"80","ran80.hdr.24",-0.0001723
"80","ran80.hdr.25",-0.000429799999999999
"80","ran80.hdr.26",0.0002124
"80","ran80.hdr.27",-0.000953199999999998
"80","ran80.hdr.28",-0.0014853
"80","ran80.hdr.29",-0.000176700000000002
"80","ran80.hdr.3",-0.0018301
"80","ran80.hdr.30",-0.000115799999999999
"80","ran80.hdr.31",-0.000630099999999998
"80","ran80.hdr.32",-0.000125399999999999
"80","ran80.hdr.33",-0.000510400000000001
"80","ran80.hdr.34",-0.0010094
"80","ran80.hdr.35",-0.000266000000000002
"80","ran80.hdr.36",-0.00102067
"80","ran80.hdr.37",-0.0014925
"80","ran80.hdr.38",-0.000688599999999999
"80","ran80.hdr.39",-0.000846200000000002
"80","ran80.hdr.4",-0.000232639999999999
"80","ran80.hdr.40",-0.0005222
"80","ran80.hdr.41",0.00045514
"80","ran80.hdr.42",-0.0070655
"80","ran80.hdr.43",0.00010489
"80","ran80.hdr.44",-0.00328849
"80","ran80.hdr.45",-0.0018136
"80","ran80.hdr.46",-0.0010499
"80","ran80.hdr.47",-0.0035095
"80","ran80.hdr.48",0.0000326900000000001
"80","ran80.hdr.49",-0.000137699999999999
"80","ran80.hdr.5",-0.003143
"80","ran80.hdr.50",-0.0000584000000000001
"80","ran80.hdr.51",-0.0010723
"80","ran80.hdr.52",-0.000175700000000001
"80","ran80.hdr.53",-0.0010767
"80","ran80.hdr.54",-0.00035154
"80","ran80.hdr.55",-0.000697900000000001
"80","ran80.hdr.56",-0.000146299999999999
"80","ran80.hdr.57",-0.0001286
"80","ran80.hdr.58",-0.000763170000000001
"80","ran80.hdr.59",-0.000811599999999999
"80","ran80.hdr.6",-0.0061766
"80","ran80.hdr.60",0.000118699999999999
"80","ran80.hdr.61",-0.000663200000000001
"80","ran80.hdr.62",-0.00104738
"80","ran80.hdr.63",-0.000320829999999999
"80","ran80.hdr.64",-0.0011892
"80","ran80.hdr.65",-0.0027675
"80","ran80.hdr.66",-0.00012416
"80","ran80.hdr.67",0.000261499999999998
"80","ran80.hdr.68",-0.0008821
"80","ran80.hdr.69",-0.00163488
"80","ran80.hdr.7",-0.0056027
"80","ran80.hdr.70",-0.00179129
"80","ran80.hdr.71",-0.0012699
"80","ran80.hdr.72",-0.0013232
"80","ran80.hdr.73",-0.0011457
"80","ran80.hdr.74",-0.0053353
"80","ran80.hdr.75",-0.0005749
"80","ran80.hdr.76",-0.0023484
"80","ran80.hdr.77",-0.0025593
"80","ran80.hdr.78",-0.000289600000000001
"80","ran80.hdr.8",-0.0051698
"80","ran80.hdr.9",-0.000537139999999999
"81","ran81.hdr.1",-0.000740699999999999
"81","ran81.hdr.10",-0.000721199999999998
"81","ran81.hdr.11",0.0000449828
"81","ran81.hdr.12",-0.0006719
"81","ran81.hdr.13",-0.0000649700000000001
"81","ran81.hdr.14",-0.000935750000000001
"81","ran81.hdr.15",-0.0010564
"81","ran81.hdr.16",-0.000130699999999999
"81","ran81.hdr.17",-0.000710000000000002
"81","ran81.hdr.18",-0.0075695
"81","ran81.hdr.19",-0.000598599999999998
"81","ran81.hdr.2",0.0000496999999999997
"81","ran81.hdr.20",-0.00034284
"81","ran81.hdr.21",0.0000514499999999998
"81","ran81.hdr.22",-0.0025984
"81","ran81.hdr.23",-0.00068852
"81","ran81.hdr.24",-0.000132500000000001
"81","ran81.hdr.25",-0.000322500000000002
"81","ran81.hdr.26",-0.0031592
"81","ran81.hdr.27",-0.0051598
"81","ran81.hdr.28",0.000464099999999999
"81","ran81.hdr.29",-0.0000137999999999978
"81","ran81.hdr.3",-0.01685291
"81","ran81.hdr.30",-0.0000245000000000002
"81","ran81.hdr.31",-0.0009332
"81","ran81.hdr.32",-0.000295699999999999
"81","ran81.hdr.33",-0.0000700600000000003
"81","ran81.hdr.34",-0.000583
"81","ran81.hdr.35",-0.000202600000000001
"81","ran81.hdr.36",-0.0015247
"81","ran81.hdr.37",0.000528520000000001
"81","ran81.hdr.38",0.000519600000000002
"81","ran81.hdr.39",-0.0010611
"81","ran81.hdr.4",-0.0040885
"81","ran81.hdr.40",-0.0000563199999999995
"81","ran81.hdr.41",0.0002582
"81","ran81.hdr.42",-0.0006887
"81","ran81.hdr.43",-0.000691199999999999
"81","ran81.hdr.44",-0.0012528
"81","ran81.hdr.45",-0.0003459
"81","ran81.hdr.46",-0.000366499999999999
"81","ran81.hdr.47",-0.00270844
"81","ran81.hdr.48",-0.0015158
"81","ran81.hdr.49",-0.000551949999999999
"81","ran81.hdr.5",-0.0009196
"81","ran81.hdr.50",-0.00013051
"81","ran81.hdr.51",-0.0046284
"81","ran81.hdr.52",-0.00048754
"81","ran81.hdr.53",-0.00018941
"81","ran81.hdr.54",0.00041589
"81","ran81.hdr.55",-0.000247399999999998
"81","ran81.hdr.56",0.00015007
"81","ran81.hdr.57",-0.000999000000000003
"81","ran81.hdr.58",-0.0000330300000000016
"81","ran81.hdr.59",-0.000121599999999999
"81","ran81.hdr.6",-0.00033059
"81","ran81.hdr.60",0.000187600000000003
"81","ran81.hdr.61",-0.000623400000000001
"81","ran81.hdr.62",-0.00038507
"81","ran81.hdr.63",-0.0010605
"81","ran81.hdr.64",0.00013222
"81","ran81.hdr.65",-0.0016549
"81","ran81.hdr.66",-0.000164200000000001
"81","ran81.hdr.67",-0.0001875
"81","ran81.hdr.68",-0.000256870000000001
"81","ran81.hdr.69",-0.000356599999999999
"81","ran81.hdr.7",-0.0015953
"81","ran81.hdr.70",-0.000276200000000001
"81","ran81.hdr.71",-0.0000835999999999996
"81","ran81.hdr.72",-0.000299900000000001
"81","ran81.hdr.73",-0.0007366
"81","ran81.hdr.74",-0.000127701
"81","ran81.hdr.75",-0.004726
"81","ran81.hdr.76",-0.0012143
"81","ran81.hdr.77",-0.000548699999999999
"81","ran81.hdr.78",-0.000776900000000001
"81","ran81.hdr.8",-0.000358290000000001
"81","ran81.hdr.9",-0.00013863
"82","ran82.hdr.1",-0.0004317
"82","ran82.hdr.10",0.0002302
"82","ran82.hdr.11",-0.0000753799999999999
"82","ran82.hdr.12",-0.00032312
"82","ran82.hdr.13",-0.000671099999999999
"82","ran82.hdr.14",-0.0017674
"82","ran82.hdr.15",0.0001045
"82","ran82.hdr.16",-0.0017312
"82","ran82.hdr.17",-0.000912500000000002
"82","ran82.hdr.18",NA
"82","ran82.hdr.19",0.0001034
"82","ran82.hdr.2",-0.00011916
"82","ran82.hdr.20",-0.0003788
"82","ran82.hdr.21",-0.000515720000000001
"82","ran82.hdr.22",-0.00043048
"82","ran82.hdr.23",0.000940400000000001
"82","ran82.hdr.24",0.0000525500000000002
"82","ran82.hdr.25",-0.0000856099999999999
"82","ran82.hdr.26",-0.0005877
"82","ran82.hdr.27",-0.000122999999999998
"82","ran82.hdr.28",-0.000297
"82","ran82.hdr.29",-0.000359199999999999
"82","ran82.hdr.3",-0.000637000000000002
"82","ran82.hdr.30",-0.0013864
"82","ran82.hdr.31",-0.0006427
"82","ran82.hdr.32",-0.0000624000000000006
"82","ran82.hdr.33",-0.00036563
"82","ran82.hdr.34",-0.00046567
"82","ran82.hdr.35",-0.0005073
"82","ran82.hdr.36",0.000237449999999998
"82","ran82.hdr.37",-0.000041641
"82","ran82.hdr.38",-0.0010504
"82","ran82.hdr.39",-0.00065478
"82","ran82.hdr.4",-0.000296900000000001
"82","ran82.hdr.40",-0.00011256
"82","ran82.hdr.41",-0.0022656
"82","ran82.hdr.42",-0.0012963
"82","ran82.hdr.43",0.000885229999999999
"82","ran82.hdr.44",-0.00071791
"82","ran82.hdr.45",-0.0000371
"82","ran82.hdr.46",-0.000464200000000001
"82","ran82.hdr.47",-0.000366099999999998
"82","ran82.hdr.48",0.0000959300000000001
"82","ran82.hdr.49",0.00016459
"82","ran82.hdr.5",-0.00061467
"82","ran82.hdr.50",-0.000510450000000001
"82","ran82.hdr.51",-0.000227100000000001
"82","ran82.hdr.52",-0.000313299999999999
"82","ran82.hdr.53",-0.00035154
"82","ran82.hdr.54",-0.000578199999999999
"82","ran82.hdr.56",-0.00023275
"82","ran82.hdr.57",-0.000750500000000001
"82","ran82.hdr.58",-0.0010508
"82","ran82.hdr.59",0.000366500000000001
"82","ran82.hdr.6",-0.000154600000000001
"82","ran82.hdr.60",-0.001222
"82","ran82.hdr.61",-0.0021629
"82","ran82.hdr.62",-0.00039282
"82","ran82.hdr.63",0.000573300000000001
"82","ran82.hdr.64",-0.001224
"82","ran82.hdr.65",-0.000320829999999999
"82","ran82.hdr.66",-0.0015734
"82","ran82.hdr.67",-0.00203165
"82","ran82.hdr.68",0.0001706
"82","ran82.hdr.69",-0.0013697
"82","ran82.hdr.7",-0.0003795
"82","ran82.hdr.70",-0.00024505
"82","ran82.hdr.71",0.000398200000000001
"82","ran82.hdr.72",-0.000276200000000001
"82","ran82.hdr.73",0.0000262700000000001
"82","ran82.hdr.74",-0.0014068
"82","ran82.hdr.75",-0.000788199999999999
"82","ran82.hdr.76",-0.0002393
"82","ran82.hdr.77",-0.0001402
"82","ran82.hdr.78",-0.0000908000000000003
"82","ran82.hdr.8",-0.000534900000000001
"82","ran82.hdr.9",-0.001162
"83","ran83.hdr.1",-0.0000535799999999993
"83","ran83.hdr.10",-0.000454599999999999
"83","ran83.hdr.11",-0.001099
"83","ran83.hdr.12",-0.0000713600000000003
"83","ran83.hdr.13",-0.000434459999999999
"83","ran83.hdr.14",-0.00129969
"83","ran83.hdr.15",0.0002302
"83","ran83.hdr.16",0.0000695100000000001
"83","ran83.hdr.17",-0.000432999999999999
"83","ran83.hdr.18",-0.0005983
"83","ran83.hdr.19",0.0000143000000000018
"83","ran83.hdr.2",-0.000481700000000002
"83","ran83.hdr.20",-0.0001083
"83","ran83.hdr.21",-0.000454400000000001
"83","ran83.hdr.22",-0.000435399999999999
"83","ran83.hdr.23",-0.000345199999999997
"83","ran83.hdr.24",-0.000112000000000001
"83","ran83.hdr.25",-0.00033013
"83","ran83.hdr.26",-0.00035699
"83","ran83.hdr.27",0.0000553900000000002
"83","ran83.hdr.28",0.00020485
"83","ran83.hdr.29",-0.00016237
"83","ran83.hdr.3",-0.000220599999999998
"83","ran83.hdr.30",0.0001978
"83","ran83.hdr.31",0.000505200000000001
"83","ran83.hdr.32",-0.00350844
"83","ran83.hdr.33",-0.000962000000000001
"83","ran83.hdr.34",0.00039719
"83","ran83.hdr.35",-0.000252799999999999
"83","ran83.hdr.36",-0.00023078
"83","ran83.hdr.37",-0.001986
"83","ran83.hdr.38",-0.00048092
"83","ran83.hdr.39",-0.0012739
"83","ran83.hdr.4",-0.000637099999999998
"83","ran83.hdr.40",-0.000499899999999998
"83","ran83.hdr.41",-0.0001607
"83","ran83.hdr.42",0.00003286
"83","ran83.hdr.43",0.000163300000000002
"83","ran83.hdr.44",-0.0011887
"83","ran83.hdr.45",-0.0017191
"83","ran83.hdr.46",-0.000207299999999999
"83","ran83.hdr.47",-0.000343609999999999
"83","ran83.hdr.48",-0.000212240000000001
"83","ran83.hdr.49",-0.0000753999999999998
"83","ran83.hdr.5",-0.000942399999999999
"83","ran83.hdr.50",-0.0000335399999999999
"83","ran83.hdr.51",0.0000521000000000002
"83","ran83.hdr.52",-0.000000799999999999586
"83","ran83.hdr.53",-0.00029748
"83","ran83.hdr.54",-0.000141199999999999
"83","ran83.hdr.55",-0.0007846
"83","ran83.hdr.56",-0.0001286
"83","ran83.hdr.57",-0.000934999999999998
"83","ran83.hdr.58",-0.0000202999999999991
"83","ran83.hdr.59",-0.0012684
"83","ran83.hdr.6",-0.0033092
"83","ran83.hdr.60",-0.000290100000000001
"83","ran83.hdr.61",-0.0180869
"83","ran83.hdr.62",-0.0003826
"83","ran83.hdr.63",-0.0044594
"83","ran83.hdr.64",-0.0003435
"83","ran83.hdr.65",-0.000239799999999998
"83","ran83.hdr.66",-0.0010828
"83","ran83.hdr.67",-0.000290670000000001
"83","ran83.hdr.68",-0.00179129
"83","ran83.hdr.69",-0.000121900000000001
"83","ran83.hdr.7",-0.000409400000000001
"83","ran83.hdr.70",-0.00059999
"83","ran83.hdr.71",-0.0003707
"83","ran83.hdr.72",-0.0038792
"83","ran83.hdr.73",-0.0007229
"83","ran83.hdr.74",-0.000871399999999998
"83","ran83.hdr.75",-0.000276999999999999
"83","ran83.hdr.76",-0.000155199999999999
"83","ran83.hdr.77",-0.0013547
"83","ran83.hdr.78",-0.0014428
"83","ran83.hdr.8",-0.0010609
"83","ran83.hdr.9",-0.000032131
"84","ran84.hdr.1",-0.0005582
"84","ran84.hdr.10",-0.000292249999999999
"84","ran84.hdr.11",-0.000320599999999999
"84","ran84.hdr.12",-0.000477
"84","ran84.hdr.13",-0.000431160000000002
"84","ran84.hdr.14",-0.0010386
"84","ran84.hdr.15",-0.0000387000000000009
"84","ran84.hdr.16",-0.000919
"84","ran84.hdr.17",-0.0016769
"84","ran84.hdr.18",-0.000912500000000002
"84","ran84.hdr.19",-0.0000047999999999999
"84","ran84.hdr.2",-0.0019788
"84","ran84.hdr.20",0.0002121
"84","ran84.hdr.21",0.00016305
"84","ran84.hdr.22",-0.000106800000000001
"84","ran84.hdr.23",-0.000428899999999999
"84","ran84.hdr.24",-0.0018392
"84","ran84.hdr.25",0.0000315799999999998
"84","ran84.hdr.26",-0.00028523
"84","ran84.hdr.27",-0.00087888
"84","ran84.hdr.28",-0.000247559999999999
"84","ran84.hdr.29",-0.000291899999999999
"84","ran84.hdr.3",0.000712299999999999
"84","ran84.hdr.30",0.000100250000000001
"84","ran84.hdr.31",-0.0000119000000000005
"84","ran84.hdr.32",-0.000178299999999999
"84","ran84.hdr.33",0.0003374
"84","ran84.hdr.34",-0.000507800000000001
"84","ran84.hdr.35",-0.000691199999999999
"84","ran84.hdr.36",0.000121899999999999
"84","ran84.hdr.37",0.000374129999999999
"84","ran84.hdr.38",0.00017578
"84","ran84.hdr.39",-0.00062953
"84","ran84.hdr.4",-0.00589385
"84","ran84.hdr.40",-0.00077464
"84","ran84.hdr.41",-0.00037555
"84","ran84.hdr.42",-0.000814100000000002
"84","ran84.hdr.43",0.000114200000000002
"84","ran84.hdr.44",0.000215399
"84","ran84.hdr.45",0.00026141
"84","ran84.hdr.46",-0.00013051
"84","ran84.hdr.47",-0.00011554
"84","ran84.hdr.48",-0.000070321
"84","ran84.hdr.49",-0.000381660000000001
"84","ran84.hdr.5",-0.0002951
"84","ran84.hdr.50",-0.00018122
"84","ran84.hdr.51",-0.000193199999999999
"84","ran84.hdr.52",-0.000268079999999999
"84","ran84.hdr.54",-0.0000994599999999991
"84","ran84.hdr.55",-0.000477600000000002
"84","ran84.hdr.56",0.00000550000000000203
"84","ran84.hdr.57",-0.00033125
"84","ran84.hdr.58",-0.0015428
"84","ran84.hdr.59",-0.0009154
"84","ran84.hdr.6",0.0000789059999999999
"84","ran84.hdr.60",-0.00574057
"84","ran84.hdr.61",-0.0021686
"84","ran84.hdr.62",-0.0014307
"84","ran84.hdr.63",-0.0001875
"84","ran84.hdr.64",-0.000474
"84","ran84.hdr.65",-0.000417899999999999
"84","ran84.hdr.66",-0.0009818
"84","ran84.hdr.67",0.0000255200000000002
"84","ran84.hdr.68",-0.000121900000000001
"84","ran84.hdr.69",0.00032069
"84","ran84.hdr.7",-0.0011219
"84","ran84.hdr.70",-0.0007592
"84","ran84.hdr.71",-0.0044168
"84","ran84.hdr.72",-0.0002731
"84","ran84.hdr.73",-0.0011035
"84","ran84.hdr.74",-0.0013233
"84","ran84.hdr.75",-0.002875
"84","ran84.hdr.76",-0.0007297
"84","ran84.hdr.77",-0.000584000000000001
"84","ran84.hdr.78",-0.0005872
"84","ran84.hdr.8",-0.0000151700000000001
"84","ran84.hdr.9",-0.000701999999999999
"85","ran85.hdr.1",-0.00100715
"85","ran85.hdr.10",-0.0028195
"85","ran85.hdr.11",-0.0005222
"85","ran85.hdr.12",-0.0000191500000000008
"85","ran85.hdr.13",-0.00066134
"85","ran85.hdr.14",-0.00018564
"85","ran85.hdr.15",-0.000710199999999999
"85","ran85.hdr.16",-0.000198540000000001
"85","ran85.hdr.17",-0.00017436
"85","ran85.hdr.18",-0.0003458
"85","ran85.hdr.19",-0.000935750000000001
"85","ran85.hdr.2",-0.000311580000000001
"85","ran85.hdr.20",-0.0013446
"85","ran85.hdr.21",NA
"85","ran85.hdr.22",-0.0000923199999999999
"85","ran85.hdr.23",-0.0010563
"85","ran85.hdr.24",-0.0011183
"85","ran85.hdr.25",-0.0000709000000000005
"85","ran85.hdr.26",-0.000379999999999998
"85","ran85.hdr.27",-0.00019286
"85","ran85.hdr.28",-0.000429799999999999
"85","ran85.hdr.29",-0.0019493
"85","ran85.hdr.3",-0.0014413
"85","ran85.hdr.30",-0.00055319
"85","ran85.hdr.31",0.000177500000000001
"85","ran85.hdr.32",0.000353800000000001
"85","ran85.hdr.33",0.000144799999999999
"85","ran85.hdr.34",0.000205900000000002
"85","ran85.hdr.35",-0.00029141
"85","ran85.hdr.36",0.0000537000000000003
"85","ran85.hdr.37",-0.00046567
"85","ran85.hdr.38",-0.0003861
"85","ran85.hdr.39",0.000022900000000001
"85","ran85.hdr.4",-0.000203000000000002
"85","ran85.hdr.40",-0.000332000000000001
"85","ran85.hdr.41",-0.00087888
"85","ran85.hdr.42",-0.000643399999999999
"85","ran85.hdr.43",-0.000666099999999999
"85","ran85.hdr.44",0.000342339999999999
"85","ran85.hdr.45",0.0000173000000000013
"85","ran85.hdr.46",-0.000583800000000001
"85","ran85.hdr.47",0.000262999999999999
"85","ran85.hdr.48",-0.0004983
"85","ran85.hdr.49",-0.000946000000000002
"85","ran85.hdr.5",-0.0032872
"85","ran85.hdr.50",-0.0034509
"85","ran85.hdr.51",-0.000248500000000002
"85","ran85.hdr.52",-0.000034158
"85","ran85.hdr.53",-0.0012528
"85","ran85.hdr.54",-0.000991599999999999
"85","ran85.hdr.55",-0.00055
"85","ran85.hdr.56",-0.000248099999999999
"85","ran85.hdr.57",-0.000578199999999999
"85","ran85.hdr.58",-0.0000202999999999991
"85","ran85.hdr.59",-0.000540700000000002
"85","ran85.hdr.6",-0.000296900000000001
"85","ran85.hdr.60",-0.000639499999999998
"85","ran85.hdr.61",-0.001222
"85","ran85.hdr.62",-0.0011481
"85","ran85.hdr.63",-0.0014755
"85","ran85.hdr.64",0.00033137
"85","ran85.hdr.65",0.00044457
"85","ran85.hdr.66",-0.000681889999999999
"85","ran85.hdr.67",-0.0028229
"85","ran85.hdr.68",-0.0006934
"85","ran85.hdr.69",-0.0000296799999999989
"85","ran85.hdr.7",-0.0033457
"85","ran85.hdr.70",-0.0001271
"85","ran85.hdr.71",-0.000819
"85","ran85.hdr.72",-0.0000717600000000001
"85","ran85.hdr.73",-0.0044168
"85","ran85.hdr.74",0.0001168
"85","ran85.hdr.75",0.00003549
"85","ran85.hdr.76",-0.0016949
"85","ran85.hdr.77",-0.0018567
"85","ran85.hdr.78",-0.0005602
"85","ran85.hdr.8",-0.0037976
"85","ran85.hdr.9",-0.0031082
"86","ran86.hdr.1",-0.000481700000000002
"86","ran86.hdr.10",-0.0009067
"86","ran86.hdr.11",-0.0006719
"86","ran86.hdr.12",0.0000345999999999992
"86","ran86.hdr.13",-0.00043339
"86","ran86.hdr.14",0.00016851
"86","ran86.hdr.15",0.0005602
"86","ran86.hdr.16",-0.0024928
"86","ran86.hdr.17",0.000223299999999999
"86","ran86.hdr.18",-0.0006335
"86","ran86.hdr.19",-0.00000790000000000166
"86","ran86.hdr.2",-0.000239700000000001
"86","ran86.hdr.20",-0.0014853
"86","ran86.hdr.21",-0.0019854
"86","ran86.hdr.22",-0.000803359999999999
"86","ran86.hdr.23",-0.000193700000000002
"86","ran86.hdr.24",-0.000250599999999998
"86","ran86.hdr.25",-0.0013244
"86","ran86.hdr.26",-0.000548
"86","ran86.hdr.27",-0.000831499999999999
"86","ran86.hdr.28",-0.00200113
"86","ran86.hdr.29",-0.00025136
"86","ran86.hdr.3",-0.0022515
"86","ran86.hdr.30",0.0000905000000000001
"86","ran86.hdr.31",NA
"86","ran86.hdr.32",-0.000617899999999998
"86","ran86.hdr.33",-0.0005707
"86","ran86.hdr.34",0.000527199999999999
"86","ran86.hdr.35",-0.00102067
"86","ran86.hdr.36",-0.0001811
"86","ran86.hdr.37",-0.00018774
"86","ran86.hdr.38",-0.00065478
"86","ran86.hdr.39",0.0003395
"86","ran86.hdr.4",-0.000443959999999998
"86","ran86.hdr.40",-0.0000627999999999983
"86","ran86.hdr.41",-0.0012169
"86","ran86.hdr.42",-0.00119342
"86","ran86.hdr.43",-0.000334300000000001
"86","ran86.hdr.44",-0.000228000000000001
"86","ran86.hdr.45",-0.00057095
"86","ran86.hdr.46",0.0000530699999999997
"86","ran86.hdr.47",-0.0070655
"86","ran86.hdr.48",-0.000343609999999999
"86","ran86.hdr.49",-0.000282899999999999
"86","ran86.hdr.5",-0.00143173
"86","ran86.hdr.50",-0.0001382
"86","ran86.hdr.51",-0.000591700000000001
"86","ran86.hdr.52",-0.000212240000000001
"86","ran86.hdr.53",-0.000643990000000001
"86","ran86.hdr.54",-0.000932299999999999
"86","ran86.hdr.55",-0.00048754
"86","ran86.hdr.59",-0.000162300000000001
"86","ran86.hdr.6",-0.0037929
"86","ran86.hdr.60",-0.0000546999999999995
"86","ran86.hdr.61",-0.0000330300000000016
"86","ran86.hdr.62",-0.0012438
"86","ran86.hdr.63",-0.0043602
"86","ran86.hdr.64",-0.000477
"86","ran86.hdr.65",0.000607400000000001
"86","ran86.hdr.66",0.000228300000000001
"86","ran86.hdr.67",-0.000598000000000001
"86","ran86.hdr.68",-0.0009818
"86","ran86.hdr.69",-0.000889800000000001
"86","ran86.hdr.7",0.0000674299999999994
"86","ran86.hdr.70",-0.000798899999999998
"86","ran86.hdr.71",0.000132810000000001
"86","ran86.hdr.72",0.0000301800000000003
"86","ran86.hdr.73",-0.0012012
"86","ran86.hdr.74",-0.000586100000000003
"86","ran86.hdr.75",-0.0008547
"86","ran86.hdr.76",-0.00089669
"86","ran86.hdr.77",-0.000692410000000001
"86","ran86.hdr.78",-0.0003888
"86","ran86.hdr.8",-0.0006119
"86","ran86.hdr.9",-0.0001052
"87","ran87.hdr.1",-0.000175400000000001
"87","ran87.hdr.10",-0.000145270000000001
"87","ran87.hdr.11",-0.0005222
"87","ran87.hdr.12",-0.00029246
"87","ran87.hdr.13",-0.00093515
"87","ran87.hdr.14",-0.0004419
"87","ran87.hdr.15",-0.00059283
"87","ran87.hdr.16",-0.00021846
"87","ran87.hdr.17",0.000234499999999999
"87","ran87.hdr.18",-0.00066134
"87","ran87.hdr.19",-0.0004092
"87","ran87.hdr.2",-0.000637000000000002
"87","ran87.hdr.20",-0.000341899999999999
"87","ran87.hdr.21",-0.0011243
"87","ran87.hdr.22",-0.0003499
"87","ran87.hdr.23",-0.0000977999999999986
"87","ran87.hdr.24",-0.0000160999999999998
"87","ran87.hdr.25",-0.00013079
"87","ran87.hdr.26",0.0000146999999999994
"87","ran87.hdr.27",-0.000727600000000002
"87","ran87.hdr.28",0.0000636999999999999
"87","ran87.hdr.29",-0.0017655
"87","ran87.hdr.3",-0.0016743
"87","ran87.hdr.30",-0.0005795
"87","ran87.hdr.31",-0.000318300000000001
"87","ran87.hdr.32",-0.000771500000000001
"87","ran87.hdr.33",-0.000288800000000001
"87","ran87.hdr.34",0.000794900000000001
"87","ran87.hdr.35",-0.0026503
"87","ran87.hdr.36",-0.0012522
"87","ran87.hdr.37",-0.0004445
"87","ran87.hdr.38",-0.0028616
"87","ran87.hdr.39",-0.00022216
"87","ran87.hdr.4",0.00018692
"87","ran87.hdr.40",-0.00024853
"87","ran87.hdr.41",-0.000453249999999999
"87","ran87.hdr.42",-0.0051598
"87","ran87.hdr.43",-0.0019572
"87","ran87.hdr.44",-0.00510713
"87","ran87.hdr.45",0.0000578999999999996
"87","ran87.hdr.46",-0.0013224
"87","ran87.hdr.47",-0.000504299999999999
"87","ran87.hdr.48",-0.00073436
"87","ran87.hdr.49",-0.0004972
"87","ran87.hdr.5",-0.00449763
"87","ran87.hdr.50",0.00003065
"87","ran87.hdr.51",-0.000768999999999999
"87","ran87.hdr.52",-0.0000607120000000001
"87","ran87.hdr.53",-0.0008214
"87","ran87.hdr.54",0.000133899999999999
"87","ran87.hdr.55",0.0000681499999999995
"87","ran87.hdr.56",-0.00074314
"87","ran87.hdr.57",-0.0035095
"87","ran87.hdr.58",-0.0013068
"87","ran87.hdr.59",-0.00029187
"87","ran87.hdr.6",-0.000077743
"87","ran87.hdr.60",-0.000569500000000001
"87","ran87.hdr.61",-0.0000678899999999993
"87","ran87.hdr.62",-0.000268079999999999
"87","ran87.hdr.63",0.00041589
"87","ran87.hdr.64",-0.0006637
"87","ran87.hdr.65",0.000502859999999999
"87","ran87.hdr.66",-0.000775500000000002
"87","ran87.hdr.67",0.0000194084
"87","ran87.hdr.68",-0.000188000000000001
"87","ran87.hdr.69",-0.000448899999999999
"87","ran87.hdr.7",-0.00041678
"87","ran87.hdr.70",-0.0005631
"87","ran87.hdr.71",-0.000839700000000002
"87","ran87.hdr.72",-0.00672884
"87","ran87.hdr.73",-0.00179129
"87","ran87.hdr.74",-0.000401100000000001
"87","ran87.hdr.75",-0.0010769
"87","ran87.hdr.76",-0.000137399999999999
"87","ran87.hdr.77",-0.000630200000000001
"87","ran87.hdr.78",-0.004726
"87","ran87.hdr.8",-0.0000302099999999993
"87","ran87.hdr.9",0.00000526999999999993
"88","ran88.hdr.1",-0.000115250000000001
"88","ran88.hdr.10",-0.0000649700000000001
"88","ran88.hdr.11",0.000681399999999999
"88","ran88.hdr.12",-0.0008974
"88","ran88.hdr.13",-0.000163999999999999
"88","ran88.hdr.14",-0.000377500000000001
"88","ran88.hdr.15",-0.000948300000000003
"88","ran88.hdr.16",-0.000912500000000002
"88","ran88.hdr.17",-0.000997100000000001
"88","ran88.hdr.18",-0.00098458
"88","ran88.hdr.19",0.0000920000000000001
"88","ran88.hdr.2",0.000132
"88","ran88.hdr.20",-0.000271739999999999
"88","ran88.hdr.21",-0.000576
"88","ran88.hdr.22",-0.00039436
"88","ran88.hdr.23",-0.0003097
"88","ran88.hdr.24",-0.000505799999999999
"88","ran88.hdr.25",-0.00110569
"88","ran88.hdr.26",-0.0010845
"88","ran88.hdr.27",-0.002439
"88","ran88.hdr.28",-0.000763300000000001
"88","ran88.hdr.29",-0.0019144
"88","ran88.hdr.3",0.0000546000000000001
"88","ran88.hdr.30",-0.0000511999999999995
"88","ran88.hdr.31",-0.000616499999999999
"88","ran88.hdr.32",0.0007396
"88","ran88.hdr.33",-0.002021
"88","ran88.hdr.34",-0.000787299999999999
"88","ran88.hdr.35",-0.0008214
"88","ran88.hdr.36",-0.000707100000000002
"88","ran88.hdr.37",-0.000733699999999999
"88","ran88.hdr.38",-0.000289599999999999
"88","ran88.hdr.39",-0.00029489
"88","ran88.hdr.4",-0.0016743
"88","ran88.hdr.40",0.0000647999999999985
"88","ran88.hdr.41",-0.000846200000000002
"88","ran88.hdr.42",0.0000920999999999995
"88","ran88.hdr.43",-0.000408800000000001
"88","ran88.hdr.44",-0.000226
"88","ran88.hdr.45",0.000121899999999999
"88","ran88.hdr.46",-0.0016606
"88","ran88.hdr.47",-0.0014392
"88","ran88.hdr.48",-0.000773900000000001
"88","ran88.hdr.49",-0.000137489
"88","ran88.hdr.5",-0.000443959999999998
"88","ran88.hdr.50",-0.000366499999999999
"88","ran88.hdr.51",0.0003666
"88","ran88.hdr.52",-0.0006896
"88","ran88.hdr.54",-0.00011027
"88","ran88.hdr.55",0.00015665
"88","ran88.hdr.56",-0.0015743
"88","ran88.hdr.57",-0.000706399999999999
"88","ran88.hdr.58",-0.000811599999999999
"88","ran88.hdr.59",-0.001222
"88","ran88.hdr.6",-0.0007992
"88","ran88.hdr.60",-0.000719200000000001
"88","ran88.hdr.61",0.00024384
"88","ran88.hdr.62",-0.00024239
"88","ran88.hdr.63",-0.0043602
"88","ran88.hdr.64",-0.0007712
"88","ran88.hdr.65",-0.0012721
"88","ran88.hdr.66",-0.000485049999999999
"88","ran88.hdr.67",-0.000792399999999999
"88","ran88.hdr.68",-0.0009818
"88","ran88.hdr.69",0.0003297
"88","ran88.hdr.7",-0.0021526
"88","ran88.hdr.70",-0.0006
"88","ran88.hdr.71",-0.0013792
"88","ran88.hdr.72",-0.000955899999999999
"88","ran88.hdr.73",-0.000819
"88","ran88.hdr.74",0.0001794
"88","ran88.hdr.75",0.000560000000000001
"88","ran88.hdr.76",-0.000535300000000002
"88","ran88.hdr.77",-0.001383
"88","ran88.hdr.78",-0.0032639
"88","ran88.hdr.8",-0.00021846
"88","ran88.hdr.9",-0.0010879
"89","ran89.hdr.1",-0.0001004
"89","ran89.hdr.10",-0.0008751
"89","ran89.hdr.11",0.00001413
"89","ran89.hdr.12",-0.000881099999999999
"89","ran89.hdr.13",-0.0016942
"89","ran89.hdr.14",0.00013967
"89","ran89.hdr.15",-0.000686199999999998
"89","ran89.hdr.16",-0.0007279
"89","ran89.hdr.17",-0.0004966
"89","ran89.hdr.18",-0.0005906
"89","ran89.hdr.19",-0.0001723
"89","ran89.hdr.2",-0.0008533
"89","ran89.hdr.20",-0.0000257999999999994
"89","ran89.hdr.21",-0.000759340000000001
"89","ran89.hdr.22",-0.00020409
"89","ran89.hdr.23",-0.0002091
"89","ran89.hdr.24",-0.0013929
"89","ran89.hdr.25",-0.0032627
"89","ran89.hdr.26",-0.000478900000000001
"89","ran89.hdr.27",-0.00036563
"89","ran89.hdr.28",-0.0000700600000000003
"89","ran89.hdr.29",-0.0000747000000000005
"89","ran89.hdr.3",-0.0054872
"89","ran89.hdr.30",-0.00015038
"89","ran89.hdr.31",-0.00087888
"89","ran89.hdr.32",-0.000722799999999999
"89","ran89.hdr.33",-0.000788499999999999
"89","ran89.hdr.34",-0.0013524
"89","ran89.hdr.35",-0.0022116
"89","ran89.hdr.36",-0.000138299999999997
"89","ran89.hdr.37",0.000262999999999999
"89","ran89.hdr.38",0.000177299999999998
"89","ran89.hdr.39",-0.000730900000000001
"89","ran89.hdr.4",-0.0054452
"89","ran89.hdr.40",-0.000569999999999999
"89","ran89.hdr.41",-0.000113099999999998
"89","ran89.hdr.42",-0.0022656
"89","ran89.hdr.43",0.000542899999999999
"89","ran89.hdr.44",-0.0010055
"89","ran89.hdr.45",-0.00000997999999999993
"89","ran89.hdr.46",0.0000683999999999997
"89","ran89.hdr.47",-0.0024639
"89","ran89.hdr.48",-0.0000828000000000009
"89","ran89.hdr.49",-0.000837099999999999
"89","ran89.hdr.5",-0.0037447
"89","ran89.hdr.50",-0.00035604
"89","ran89.hdr.51",-0.0011708
"89","ran89.hdr.53",-0.000155800000000001
"89","ran89.hdr.54",-0.0001829
"89","ran89.hdr.55",-0.0043657
"89","ran89.hdr.56",-0.000934999999999998
"89","ran89.hdr.57",0.00035748
"89","ran89.hdr.58",-0.0004244
"89","ran89.hdr.59",-0.0006038
"89","ran89.hdr.6",-0.00041681
"89","ran89.hdr.60",0.000244869999999999
"89","ran89.hdr.61",-0.0068252
"89","ran89.hdr.62",-0.000312099999999999
"89","ran89.hdr.63",-0.000735300000000001
"89","ran89.hdr.64",-0.000589599999999999
"89","ran89.hdr.65",0.0001525
"89","ran89.hdr.66",-0.00348
"89","ran89.hdr.67",-0.0004019
"89","ran89.hdr.68",-0.0004732
"89","ran89.hdr.69",-0.000386900000000003
"89","ran89.hdr.7",-0.0004594
"89","ran89.hdr.70",-0.00059999
"89","ran89.hdr.71",-0.000211700000000002
"89","ran89.hdr.72",-0.0000153999999999987
"89","ran89.hdr.73",0.00011249
"89","ran89.hdr.74",-0.000579
"89","ran89.hdr.75",-0.0007968
"89","ran89.hdr.76",-0.0003721
"89","ran89.hdr.77",-0.0032639
"89","ran89.hdr.78",-0.0010032
"89","ran89.hdr.8",-0.00026544
"89","ran89.hdr.9",-0.0011243
"90","ran90.hdr.1",-0.00010092
"90","ran90.hdr.10",-0.00013959
"90","ran90.hdr.11",-0.00033059
"90","ran90.hdr.12",0.00056994
"90","ran90.hdr.13",-0.00058509
"90","ran90.hdr.14",-0.000428030000000001
"90","ran90.hdr.15",-0.0008879
"90","ran90.hdr.16",-0.00042711
"90","ran90.hdr.17",-0.0010879
"90","ran90.hdr.18",0.0000449828
"90","ran90.hdr.19",0.0001871
"90","ran90.hdr.2",0.000132
"90","ran90.hdr.20",-0.00047623
"90","ran90.hdr.21",-0.00030432
"90","ran90.hdr.22",-0.0013108
"90","ran90.hdr.23",-0.00035428
"90","ran90.hdr.24",-0.001596
"90","ran90.hdr.25",-0.0023332
"90","ran90.hdr.26",-0.000257800000000001
"90","ran90.hdr.27",0.000350800000000002
"90","ran90.hdr.28",-0.000382199999999999
"90","ran90.hdr.29",-0.000207189999999999
"90","ran90.hdr.3",-0.000358239999999999
"90","ran90.hdr.30",-0.00175568
"90","ran90.hdr.31",-0.0003797
"90","ran90.hdr.32",-0.00041873
"90","ran90.hdr.33",-0.000119399999999999
"90","ran90.hdr.34",-0.0000914000000000002
"90","ran90.hdr.35",-0.000607699999999999
"90","ran90.hdr.36",0.0000833000000000014
"90","ran90.hdr.37",-0.000258600000000001
"90","ran90.hdr.38",-0.0013695
"90","ran90.hdr.39",-0.0000841000000000001
"90","ran90.hdr.4",-0.000708700000000001
"90","ran90.hdr.40",-0.0000631999999999994
"90","ran90.hdr.41",-0.0011052
"90","ran90.hdr.42",-0.000214700000000002
"90","ran90.hdr.43",-0.0010094
"90","ran90.hdr.44",0.00000829999999999928
"90","ran90.hdr.45",-0.0009237
"90","ran90.hdr.46",-0.000641599999999999
"90","ran90.hdr.47",-0.000752999999999998
"90","ran90.hdr.48",-0.0007499
"90","ran90.hdr.49",-0.0011836
"90","ran90.hdr.5",-0.002115
"90","ran90.hdr.50",-0.0003341
"90","ran90.hdr.51",-0.0005222
"90","ran90.hdr.52",-0.00023654
"90","ran90.hdr.53",-0.0019361
"90","ran90.hdr.54",-0.0025824
"90","ran90.hdr.55",-0.0000978999999999997
"90","ran90.hdr.56",-0.00022893
"90","ran90.hdr.6",-0.0021526
"90","ran90.hdr.60",-0.000588982
"90","ran90.hdr.61",0.00041589
"90","ran90.hdr.62",-0.000262800000000001
"90","ran90.hdr.63",-0.000290100000000001
"90","ran90.hdr.64",-0.000746799999999999
"90","ran90.hdr.65",0.000264199999999999
"90","ran90.hdr.66",-0.000221499999999999
"90","ran90.hdr.67",-0.0008071
"90","ran90.hdr.68",-0.00037024
"90","ran90.hdr.69",0.0000923
"90","ran90.hdr.7",-0.0059011
"90","ran90.hdr.70",-0.000649899999999998
"90","ran90.hdr.71",-0.001624
"90","ran90.hdr.72",-0.0009914
"90","ran90.hdr.73",-0.00033557
"90","ran90.hdr.74",-0.0005749
"90","ran90.hdr.75",-0.000694699999999999
"90","ran90.hdr.76",-0.000535300000000002
"90","ran90.hdr.77",-0.0023484
"90","ran90.hdr.78",-0.000365799999999999
"90","ran90.hdr.8",-0.0037447
"90","ran90.hdr.9",-0.0052846
"91","ran91.hdr.1",-0.000175400000000001
"91","ran91.hdr.10",-0.000301300000000001
"91","ran91.hdr.11",-0.000401799999999999
"91","ran91.hdr.12",-0.00053636
"91","ran91.hdr.13",-0.0000770000000000007
"91","ran91.hdr.14",0.000286099999999997
"91","ran91.hdr.15",-0.0000950400000000011
"91","ran91.hdr.16",-0.00065658
"91","ran91.hdr.17",-0.000409099999999999
"91","ran91.hdr.18",-0.000554099999999998
"91","ran91.hdr.19",-0.0000649700000000001
"91","ran91.hdr.2",-0.0003622
"91","ran91.hdr.20",-0.0032234
"91","ran91.hdr.21",-0.000789400000000003
"91","ran91.hdr.22",-0.0023662
"91","ran91.hdr.23",-0.000533099999999998
"91","ran91.hdr.24",-0.0005926
"91","ran91.hdr.25",-0.00026379
"91","ran91.hdr.26",-0.000280899999999999
"91","ran91.hdr.27",0.0000525500000000002
"91","ran91.hdr.28",-0.0018846
"91","ran91.hdr.29",-0.0044356
"91","ran91.hdr.3",-0.000358239999999999
"91","ran91.hdr.30",-0.0107692
"91","ran91.hdr.31",0.000505200000000001
"91","ran91.hdr.32",-0.001081
"91","ran91.hdr.33",-0.0003116
"91","ran91.hdr.34",0.00003065
"91","ran91.hdr.35",-0.00012828
"91","ran91.hdr.36",-0.0003861
"91","ran91.hdr.37",0.0000463000000000009
"91","ran91.hdr.38",-0.00027737
"91","ran91.hdr.39",-0.000942499999999999
"91","ran91.hdr.4",-0.0001323
"91","ran91.hdr.40",-0.0017019
"91","ran91.hdr.41",0.0000771999999999995
"91","ran91.hdr.42",0.000885229999999999
"91","ran91.hdr.43",0.0000712999999999998
"91","ran91.hdr.44",-0.000225599999999999
"91","ran91.hdr.45",-0.000670899999999999
"91","ran91.hdr.46",-0.00047324
"91","ran91.hdr.47",-0.000092715
"91","ran91.hdr.48",-0.000584899999999999
"91","ran91.hdr.49",-0.0072374
"91","ran91.hdr.5",0.000317900000000001
"91","ran91.hdr.50",-0.00038213
"91","ran91.hdr.51",-0.0000584000000000001
"91","ran91.hdr.52",0.00010445
"91","ran91.hdr.53",-0.000270960000000001
"91","ran91.hdr.54",0.00020633
"91","ran91.hdr.55",-0.0003331
"91","ran91.hdr.56",-0.0007279
"91","ran91.hdr.57",-0.001222
"91","ran91.hdr.58",-0.0180869
"91","ran91.hdr.59",0.0002153
"91","ran91.hdr.6",0.0012395
"91","ran91.hdr.60",-0.0001259
"91","ran91.hdr.61",-0.0029365
"91","ran91.hdr.62",-0.000540200000000001
"91","ran91.hdr.63",-0.000480599999999998
"91","ran91.hdr.64",-0.0001875
"91","ran91.hdr.65",-0.000681889999999999
"91","ran91.hdr.66",0.000256500000000002
"91","ran91.hdr.67",-0.000250410000000001
"91","ran91.hdr.68",-0.0005631
"91","ran91.hdr.69",-0.0010706
"91","ran91.hdr.7",0.000712299999999999
"91","ran91.hdr.70",-0.0076155
"91","ran91.hdr.71",-0.0000952000000000001
"91","ran91.hdr.72",-0.0004732
"91","ran91.hdr.73",-0.000228
"91","ran91.hdr.74",-0.000297700000000001
"91","ran91.hdr.75",-0.000424799999999999
"91","ran91.hdr.76",-0.00119554
"91","ran91.hdr.77",0.000456100000000001
"91","ran91.hdr.78",-0.000399129999999999
"91","ran91.hdr.8",-0.0056027
"91","ran91.hdr.9",-0.0013379
"92","ran92.hdr.1",-0.000175400000000001
"92","ran92.hdr.10",-0.000198540000000001
"92","ran92.hdr.11",-0.0005524
"92","ran92.hdr.12",-0.000413510000000001
"92","ran92.hdr.13",0.000100399999999999
"92","ran92.hdr.14",-0.0011143
"92","ran92.hdr.15",-0.00062684
"92","ran92.hdr.16",-0.0002021
"92","ran92.hdr.17",-0.00008435
"92","ran92.hdr.18",-0.000217409999999999
"92","ran92.hdr.19",-0.0012819
"92","ran92.hdr.2",-0.00019184
"92","ran92.hdr.20",-0.0011179
"92","ran92.hdr.21",-0.0010564
"92","ran92.hdr.22",-0.0023662
"92","ran92.hdr.23",-0.0023332
"92","ran92.hdr.24",0.00018949
"92","ran92.hdr.25",0.00038818
"92","ran92.hdr.26",-0.0000858199999999995
"92","ran92.hdr.27",-0.0000451000000000002
"92","ran92.hdr.28",-0.0002538
"92","ran92.hdr.29",-0.00033577
"92","ran92.hdr.3",-0.00124593
"92","ran92.hdr.30",-0.00069205
"92","ran92.hdr.31",-0.000284
"92","ran92.hdr.32",-0.00345372
"92","ran92.hdr.33",-0.0018031
"92","ran92.hdr.34",-0.000348000000000001
"92","ran92.hdr.35",0.000202000000000001
"92","ran92.hdr.36",-0.0013244
"92","ran92.hdr.37",-0.0006827
"92","ran92.hdr.38",0.0001451
"92","ran92.hdr.39",-0.000469799999999999
"92","ran92.hdr.4",-0.0020013
"92","ran92.hdr.40",-0.0012186
"92","ran92.hdr.41",-0.000429500000000003
"92","ran92.hdr.42",-0.0076935
"92","ran92.hdr.43",-0.0071472
"92","ran92.hdr.44",-0.000464200000000001
"92","ran92.hdr.45",-0.000228000000000001
"92","ran92.hdr.46",0.00003232
"92","ran92.hdr.47",-0.00270844
"92","ran92.hdr.48",-0.00029094
"92","ran92.hdr.49",0.000027885
"92","ran92.hdr.5",-0.0053867
"92","ran92.hdr.50",-0.0000351400000000003
"92","ran92.hdr.51",0.0001703
"92","ran92.hdr.52",-0.000842700000000002
"92","ran92.hdr.53",0.000218600000000001
"92","ran92.hdr.54",0.000158940000000001
"92","ran92.hdr.55",-0.000193329999999999
"92","ran92.hdr.56",-0.0010297
"92","ran92.hdr.59",-0.000141199999999999
"92","ran92.hdr.6",-0.000906130000000002
"92","ran92.hdr.60",-0.000967699999999998
"92","ran92.hdr.61",-0.000737700000000001
"92","ran92.hdr.62",-0.0040338
"92","ran92.hdr.63",0.0000525999999999999
"92","ran92.hdr.64",-0.00274956
"92","ran92.hdr.65",-0.0013776
"92","ran92.hdr.66",-0.000170999999999999
"92","ran92.hdr.67",0.0003701
"92","ran92.hdr.68",-0.000328200000000001
"92","ran92.hdr.69",-0.0013697
"92","ran92.hdr.7",-0.000507480000000001
"92","ran92.hdr.70",-0.0008768
"92","ran92.hdr.71",0.000301900000000001
"92","ran92.hdr.72",-0.000649899999999998
"92","ran92.hdr.73",-0.000720800000000001
"92","ran92.hdr.74",-0.0000595999999999999
"92","ran92.hdr.75",0.0002185
"92","ran92.hdr.76",-0.0022821
"92","ran92.hdr.77",-0.0013154
"92","ran92.hdr.78",-0.0003826
"92","ran92.hdr.8",-0.0000713600000000003
"92","ran92.hdr.9",-0.0000117999999999993
"93","ran93.hdr.1",-0.0012446
"93","ran93.hdr.10",-0.000466400000000002
"93","ran93.hdr.11",-0.0002267
"93","ran93.hdr.12",-0.0001922
"93","ran93.hdr.13",-0.000727600000000002
"93","ran93.hdr.14",-0.0016211
"93","ran93.hdr.15",-0.00252268
"93","ran93.hdr.16",-0.0010873
"93","ran93.hdr.17",-0.0016281
"93","ran93.hdr.18",-0.00084943
"93","ran93.hdr.19",-0.00026379
"93","ran93.hdr.2",0.000412699999999998
"93","ran93.hdr.20",-0.000376700000000001
"93","ran93.hdr.21",-0.0000373999999999999
"93","ran93.hdr.22",0.0000686800000000007
"93","ran93.hdr.23",-0.0003271
"93","ran93.hdr.24",-0.00041873
"93","ran93.hdr.25",0.0006037
"93","ran93.hdr.26",-0.00665937
"93","ran93.hdr.27",0.000316899999999998
"93","ran93.hdr.28",0.000609599999999998
"93","ran93.hdr.29",0.00039719
"93","ran93.hdr.3",0.0003963
"93","ran93.hdr.30",0.000583699999999999
"93","ran93.hdr.31",-0.00023093
"93","ran93.hdr.32",-0.00012828
"93","ran93.hdr.33",-0.00034168
"93","ran93.hdr.34",-0.00087888
"93","ran93.hdr.35",-0.000214700000000002
"93","ran93.hdr.36",-0.0003076
"93","ran93.hdr.37",-0.000306899999999999
"93","ran93.hdr.38",-0.0006786
"93","ran93.hdr.39",-0.0015836
"93","ran93.hdr.4",-0.0002056
"93","ran93.hdr.40",-0.00019346
"93","ran93.hdr.41",-0.000946000000000002
"93","ran93.hdr.42",-0.0034509
"93","ran93.hdr.43",0.0002582
"93","ran93.hdr.44",-0.00074314
"93","ran93.hdr.45",-0.0011337
"93","ran93.hdr.46",-0.0019361
"93","ran93.hdr.47",-0.000945399999999999
"93","ran93.hdr.48",-0.0000518599999999999
"93","ran93.hdr.49",-0.0046284
"93","ran93.hdr.5",-0.00120107
"93","ran93.hdr.50",-0.000268079999999999
"93","ran93.hdr.51",-0.0010844
"93","ran93.hdr.52",0.000165
"93","ran93.hdr.53",-0.000595
"93","ran93.hdr.54",-0.0015743
"93","ran93.hdr.55",-0.000425699999999999
"93","ran93.hdr.56",-0.00039517
"93","ran93.hdr.57",0.0000782999999999999
"93","ran93.hdr.58",-0.0003461
"93","ran93.hdr.59",-0.0003826
"93","ran93.hdr.6",-0.0051096
"93","ran93.hdr.60",-0.0003154
"93","ran93.hdr.61",-0.000617400000000001
"93","ran93.hdr.62",0.000600100000000001
"93","ran93.hdr.63",-0.000266830000000001
"93","ran93.hdr.64",0.000163899999999998
"93","ran93.hdr.65",-0.000113210000000001
"93","ran93.hdr.66",-0.0003698
"93","ran93.hdr.67",-0.0005272
"93","ran93.hdr.68",-0.000316540000000001
"93","ran93.hdr.69",-0.0009932
"93","ran93.hdr.7",-0.0003059
"93","ran93.hdr.70",-0.0007592
"93","ran93.hdr.71",0.0002185
"93","ran93.hdr.72",-0.000126299999999999
"93","ran93.hdr.73",-0.0005749
"93","ran93.hdr.74",-0.00083164
"93","ran93.hdr.75",-0.000336199999999998
"93","ran93.hdr.76",-0.0016949
"93","ran93.hdr.77",-0.0010032
"93","ran93.hdr.78",-0.0014027
"93","ran93.hdr.8",-0.0000787700000000001
"93","ran93.hdr.9",-0.00018784
"94","ran94.hdr.1",-0.000221499999999999
"94","ran94.hdr.10",-0.000128
"94","ran94.hdr.11",-0.000309469999999999
"94","ran94.hdr.12",-0.000701999999999999
"94","ran94.hdr.13",0.000127671
"94","ran94.hdr.14",-0.0000253000000000007
"94","ran94.hdr.15",-0.0000204900000000002
"94","ran94.hdr.16",0.000624599999999999
"94","ran94.hdr.17",-0.000393909999999999
"94","ran94.hdr.18",-0.00062684
"94","ran94.hdr.19",-0.0002013
"94","ran94.hdr.2",-0.0018301
"94","ran94.hdr.20",-0.0010476
"94","ran94.hdr.21",0.000645400000000001
"94","ran94.hdr.22",-0.0015418
"94","ran94.hdr.23",0.00001738
"94","ran94.hdr.24",-0.000407600000000001
"94","ran94.hdr.25",-0.0008757
"94","ran94.hdr.26",-0.0003254
"94","ran94.hdr.27",-0.00026931
"94","ran94.hdr.28",0.000940400000000001
"94","ran94.hdr.29",-0.00107892
"94","ran94.hdr.3",-0.0003713
"94","ran94.hdr.30",0.0000853599999999996
"94","ran94.hdr.31",-0.00024082
"94","ran94.hdr.32",-0.0076907
"94","ran94.hdr.33",-0.0014222
"94","ran94.hdr.34",-0.000962000000000001
"94","ran94.hdr.35",-0.0017371
"94","ran94.hdr.36",-0.0001826
"94","ran94.hdr.37",-0.00033054
"94","ran94.hdr.38",0.00014699
"94","ran94.hdr.39",-0.00015038
"94","ran94.hdr.4",-0.000290820000000001
"94","ran94.hdr.40",-0.000975
"94","ran94.hdr.41",-0.000617899999999998
"94","ran94.hdr.42",-0.00048092
"94","ran94.hdr.43",-0.0000784999999999987
"94","ran94.hdr.44",-0.000207300000000001
"94","ran94.hdr.45",-0.0014925
"94","ran94.hdr.46",-0.00112666
"94","ran94.hdr.47",-0.0030178
"94","ran94.hdr.48",-0.000080199999999999
"94","ran94.hdr.49",-0.0017191
"94","ran94.hdr.5",0.000367099999999999
"94","ran94.hdr.50",-0.0000750999999999981
"94","ran94.hdr.51",0.0000185000000000012
"94","ran94.hdr.52",-0.0005872
"94","ran94.hdr.53",-0.00074314
"94","ran94.hdr.54",0.0000833999999999991
"94","ran94.hdr.55",-0.0001431
"94","ran94.hdr.56",-0.000302470000000001
"94","ran94.hdr.57",0.0000555099999999999
"94","ran94.hdr.58",-0.0010767
"94","ran94.hdr.59",-0.00035154
"94","ran94.hdr.6",-0.0051698
"94","ran94.hdr.60",-0.00023275
"94","ran94.hdr.61",-0.000162300000000001
"94","ran94.hdr.62",-0.000694199999999999
"94","ran94.hdr.63",-0.000999000000000003
"94","ran94.hdr.64",-0.0012643
"94","ran94.hdr.65",-0.0003058
"94","ran94.hdr.66",-0.00203165
"94","ran94.hdr.67",-0.00006251
"94","ran94.hdr.68",-0.0012506
"94","ran94.hdr.69",-0.0011679
"94","ran94.hdr.7",-0.0010609
"94","ran94.hdr.70",-0.000522900000000001
"94","ran94.hdr.71",0.00060482
"94","ran94.hdr.72",-0.0009914
"94","ran94.hdr.73",-0.000580499999999999
"94","ran94.hdr.74",-0.0002862
"94","ran94.hdr.75",-0.0022821
"94","ran94.hdr.76",-0.0016911
"94","ran94.hdr.77",-0.0013565
"94","ran94.hdr.78",-0.0004317
"94","ran94.hdr.8",-0.00037472
"94","ran94.hdr.9",-0.0004419
"95","ran95.hdr.1",-0.000203000000000002
"95","ran95.hdr.10",-0.00047386
"95","ran95.hdr.11",0.000701940000000001
"95","ran95.hdr.12",0.00010952
"95","ran95.hdr.13",-0.00154022
"95","ran95.hdr.14",-0.0006481
"95","ran95.hdr.15",0.0000479899999999999
"95","ran95.hdr.16",-0.0002725
"95","ran95.hdr.17",-0.000881099999999999
"95","ran95.hdr.18",-0.00039311
"95","ran95.hdr.19",0.0000345999999999992
"95","ran95.hdr.2",-0.0004119
"95","ran95.hdr.20",-0.000846699999999999
"95","ran95.hdr.21",-0.0024132
"95","ran95.hdr.22",-0.0045794
"95","ran95.hdr.23",-0.000318099999999998
"95","ran95.hdr.24",-0.000510400000000001
"95","ran95.hdr.25",-0.000249299999999999
"95","ran95.hdr.26",-0.0000276999999999986
"95","ran95.hdr.27",-0.00033013
"95","ran95.hdr.28",-0.000285000000000001
"95","ran95.hdr.29",-0.00018725
"95","ran95.hdr.3",-0.0020013
"95","ran95.hdr.30",-0.0032627
"95","ran95.hdr.31",-0.0019854
"95","ran95.hdr.32",-0.0013244
"95","ran95.hdr.33",0.000049999999999998
"95","ran95.hdr.34",-0.0007116
"95","ran95.hdr.35",-0.00048092
"95","ran95.hdr.36",-0.000830000000000001
"95","ran95.hdr.37",-0.00037394
"95","ran95.hdr.38",0.00020773
"95","ran95.hdr.39",-0.000522199999999999
"95","ran95.hdr.4",-0.0027476
"95","ran95.hdr.40",-0.0022477
"95","ran95.hdr.41",-0.0000239999999999997
"95","ran95.hdr.42",-0.000730900000000001
"95","ran95.hdr.43",-0.0016596
"95","ran95.hdr.44",-0.001747
"95","ran95.hdr.45",-0.000218300000000001
"95","ran95.hdr.46",0.0001595
"95","ran95.hdr.47",-0.0027946
"95","ran95.hdr.48",0.0002582
"95","ran95.hdr.49",-0.0017799
"95","ran95.hdr.5",-0.0078616
"95","ran95.hdr.50",0.0000185000000000012
"95","ran95.hdr.51",0.0000792999999999992
"95","ran95.hdr.52",-0.00021661
"95","ran95.hdr.53",-0.000162499999999999
"95","ran95.hdr.54",-0.00055
"95","ran95.hdr.55",-0.0011708
"95","ran95.hdr.56",-0.000293069999999999
"95","ran95.hdr.57",-0.0003833
"95","ran95.hdr.58",-0.001153
"95","ran95.hdr.59",-0.000972200000000003
"95","ran95.hdr.6",-0.0045035
"95","ran95.hdr.60",0.0000303000000000005
"95","ran95.hdr.61",0.0012307
"95","ran95.hdr.62",-0.0011074
"95","ran95.hdr.63",0.000203400000000001
"95","ran95.hdr.64",0.000228300000000001
"95","ran95.hdr.65",0.000066034
"95","ran95.hdr.66",-0.0037006
"95","ran95.hdr.67",-0.00060945
"95","ran95.hdr.68",-0.0013697
"95","ran95.hdr.69",-0.000949499999999999
"95","ran95.hdr.7",-0.00013959
"95","ran95.hdr.70",-0.000407100000000001
"95","ran95.hdr.71",0.000151800000000001
"95","ran95.hdr.72",-0.0024365
"95","ran95.hdr.73",-0.000630200000000001
"95","ran95.hdr.74",-0.000871399999999998
"95","ran95.hdr.75",-0.000443599999999999
"95","ran95.hdr.76",-0.000894099999999998
"95","ran95.hdr.77",-0.0030586
"95","ran95.hdr.78",0.00000149999999999803
"95","ran95.hdr.8",-0.0005222
"95","ran95.hdr.9",-0.000571100000000001
"96","ran96.hdr.1",-0.0004633
"96","ran96.hdr.10",-0.0033989
"96","ran96.hdr.11",0.0001203
"96","ran96.hdr.12",-0.00025102
"96","ran96.hdr.13",-0.00093515
"96","ran96.hdr.14",-0.000456600000000001
"96","ran96.hdr.15",-0.0006642
"96","ran96.hdr.16",-0.0004594
"96","ran96.hdr.17",-0.000217070000000001
"96","ran96.hdr.18",-0.0005673
"96","ran96.hdr.19",-0.0011386
"96","ran96.hdr.2",0.0000171999999999985
"96","ran96.hdr.20",-0.000339470000000001
"96","ran96.hdr.21",-0.0002877
"96","ran96.hdr.22",-0.0002249
"96","ran96.hdr.23",-0.0013108
"96","ran96.hdr.24",-0.0016952
"96","ran96.hdr.25",-0.0002319
"96","ran96.hdr.26",-0.000385699999999999
"96","ran96.hdr.27",-0.000582599999999999
"96","ran96.hdr.28",-0.0016281
"96","ran96.hdr.29",-0.0002773
"96","ran96.hdr.3",-0.00021007
"96","ran96.hdr.30",-0.00084943
"96","ran96.hdr.31",-0.000541900000000001
"96","ran96.hdr.32",-0.00024082
"96","ran96.hdr.33",-0.0001554
"96","ran96.hdr.34",-0.0014853
"96","ran96.hdr.35",-0.00665937
"96","ran96.hdr.36",-0.001677
"96","ran96.hdr.37",-0.0010877
"96","ran96.hdr.38",-0.0000624000000000006
"96","ran96.hdr.39",-0.00036563
"96","ran96.hdr.4",-0.000279100000000001
"96","ran96.hdr.40",-0.001142
"96","ran96.hdr.41",-0.0008168
"96","ran96.hdr.42",-0.000469799999999999
"96","ran96.hdr.43",0.0002453
"96","ran96.hdr.44",-0.0010616
"96","ran96.hdr.45",-0.0006164
"96","ran96.hdr.46",-0.0010008
"96","ran96.hdr.47",-0.0010009
"96","ran96.hdr.48",0.0000712999999999998
"96","ran96.hdr.49",-0.0012528
"96","ran96.hdr.5",-0.000366200000000001
"96","ran96.hdr.50",-0.000162499999999999
"96","ran96.hdr.51",-0.0012038
"96","ran96.hdr.52",-0.0009668
"96","ran96.hdr.53",-0.00055
"96","ran96.hdr.54",0.000169599999999999
"96","ran96.hdr.55",-0.000832100000000001
"96","ran96.hdr.56",0.00014678
"96","ran96.hdr.57",-0.00016094
"96","ran96.hdr.58",-0.001074
"96","ran96.hdr.59",0.000103800000000001
"96","ran96.hdr.6",-0.000585199999999998
"96","ran96.hdr.60",-0.000270299999999998
"96","ran96.hdr.61",-0.000595
"96","ran96.hdr.62",0.0000675999999999993
"96","ran96.hdr.63",-0.0180869
"96","ran96.hdr.64",-0.0011457
"96","ran96.hdr.65",-0.0014307
"96","ran96.hdr.66",0.000401200000000001
"96","ran96.hdr.67",-0.000925489999999999
"96","ran96.hdr.68",-0.0035232
"96","ran96.hdr.69",-0.00124621
"96","ran96.hdr.7",-0.000290820000000001
"96","ran96.hdr.70",0.0000233799999999999
"96","ran96.hdr.71",-0.0012699
"96","ran96.hdr.72",-0.000720800000000001
"96","ran96.hdr.73",-0.0011354
"96","ran96.hdr.74",-0.0014309
"96","ran96.hdr.75",-0.000302699999999999
"96","ran96.hdr.76",-0.000553600000000001
"96","ran96.hdr.77",0.00000149999999999803
"96","ran96.hdr.78",-0.000289600000000001
"96","ran96.hdr.8",-0.0021526
"96","ran96.hdr.9",-0.0041174
"97","ran97.hdr.1",-0.000166100000000002
"97","ran97.hdr.10",-0.0054872
"97","ran97.hdr.11",-0.0027538
"97","ran97.hdr.12",-0.00259746
"97","ran97.hdr.13",-0.0051698
"97","ran97.hdr.14",-0.000301300000000001
"97","ran97.hdr.15",-0.000534900000000001
"97","ran97.hdr.16",0.0000191700000000006
"97","ran97.hdr.17",-0.0000801099999999996
"97","ran97.hdr.18",-0.0011143
"97","ran97.hdr.19",-0.0000977999999999986
"97","ran97.hdr.2",-0.000279100000000001
"97","ran97.hdr.20",-0.000988359999999999
"97","ran97.hdr.21",-0.00047309
"97","ran97.hdr.22",0.0004128
"97","ran97.hdr.23",-0.0002951
"97","ran97.hdr.24",-0.001596
"97","ran97.hdr.25",-0.0005322
"97","ran97.hdr.26",-0.000598599999999998
"97","ran97.hdr.27",-0.0005666
"97","ran97.hdr.28",-0.00031687
"97","ran97.hdr.29",-0.0024928
"97","ran97.hdr.3",-0.0010315
"97","ran97.hdr.30",-0.0000786399999999996
"97","ran97.hdr.31",-0.00022216
"97","ran97.hdr.32",-0.00053928
"97","ran97.hdr.33",0.000313819999999999
"97","ran97.hdr.34",0.00020485
"97","ran97.hdr.35",-0.00009449
"97","ran97.hdr.36",-0.000155240000000001
"97","ran97.hdr.37",-0.00081971
"97","ran97.hdr.38",-0.000803500000000002
"97","ran97.hdr.39",-0.00073436
"97","ran97.hdr.4",0.000475
"97","ran97.hdr.40",-0.0004679
"97","ran97.hdr.41",-0.00037394
"97","ran97.hdr.42",-0.0025436
"97","ran97.hdr.43",-0.0007499
"97","ran97.hdr.44",-0.0011836
"97","ran97.hdr.45",-0.000276499999999999
"97","ran97.hdr.46",-0.00011256
"97","ran97.hdr.47",0.000161699999999999
"97","ran97.hdr.48",-0.00047324
"97","ran97.hdr.49",-0.00035325
"97","ran97.hdr.5",-0.00364684
"97","ran97.hdr.50",-0.0018699
"97","ran97.hdr.51",-0.00029187
"97","ran97.hdr.52",-0.00010923
"97","ran97.hdr.53",-0.0001172
"97","ran97.hdr.54",NA
"97","ran97.hdr.55",-0.0021164
"97","ran97.hdr.56",-0.000796399999999999
"97","ran97.hdr.57",-0.000193329999999999
"97","ran97.hdr.58",-0.00005666
"97","ran97.hdr.6",-0.0026461
"97","ran97.hdr.60",-0.000141199999999999
"97","ran97.hdr.61",0.00041589
"97","ran97.hdr.62",0.0000455999999999998
"97","ran97.hdr.63",-0.0000280999999999997
"97","ran97.hdr.64",0.000170999999999999
"97","ran97.hdr.65",-0.0011457
"97","ran97.hdr.66",-0.0003231
"97","ran97.hdr.67",-0.000485049999999999
"97","ran97.hdr.68",-0.00040548
"97","ran97.hdr.69",-0.00039478
"97","ran97.hdr.7",-0.0003713
"97","ran97.hdr.70",-0.000781999999999998
"97","ran97.hdr.71",-0.0013792
"97","ran97.hdr.72",-0.0023812
"97","ran97.hdr.73",-0.0038792
"97","ran97.hdr.74",-0.00014392
"97","ran97.hdr.75",0.0001008
"97","ran97.hdr.76",-0.0009914
"97","ran97.hdr.77",-0.0018985
"97","ran97.hdr.78",-0.0012143
"97","ran97.hdr.8",0.00012763
"97","ran97.hdr.9",-0.000184100000000001
"98","ran98.hdr.1",-0.000195000000000001
"98","ran98.hdr.10",-0.0003304
"98","ran98.hdr.11",-0.0000411000000000005
"98","ran98.hdr.12",-0.000405638
"98","ran98.hdr.13",-0.000349700000000001
"98","ran98.hdr.14",-0.0000446999999999999
"98","ran98.hdr.15",-0.0000210000000000002
"98","ran98.hdr.16",-0.0000776100000000001
"98","ran98.hdr.17",-0.00129969
"98","ran98.hdr.18",-0.000351200000000001
"98","ran98.hdr.19",-0.000988359999999999
"98","ran98.hdr.2",0.000570899999999999
"98","ran98.hdr.20",-0.000911199999999997
"98","ran98.hdr.21",0.000152999999999999
"98","ran98.hdr.22",-0.000397499999999999
"98","ran98.hdr.23",-0.000241700000000001
"98","ran98.hdr.24",-0.000581499999999999
"98","ran98.hdr.25",-0.0015342
"98","ran98.hdr.26",-0.000167799999999999
"98","ran98.hdr.27",0.0003146
"98","ran98.hdr.28",-0.0024132
"98","ran98.hdr.29",-0.000747600000000001
"98","ran98.hdr.3",-0.000105300000000001
"98","ran98.hdr.30",-0.000327499999999998
"98","ran98.hdr.31",-0.0000626000000000012
"98","ran98.hdr.32",-0.00053928
"98","ran98.hdr.33",-0.00029017
"98","ran98.hdr.34",-0.001167
"98","ran98.hdr.35",-0.000413999999999999
"98","ran98.hdr.36",-0.00031339
"98","ran98.hdr.37",-0.0009823
"98","ran98.hdr.38",-0.0035614
"98","ran98.hdr.39",-0.0000392999999999991
"98","ran98.hdr.4",-0.000571
"98","ran98.hdr.40",-0.000507200000000003
"98","ran98.hdr.41",0.000361500000000001
"98","ran98.hdr.42",-0.0013356
"98","ran98.hdr.43",-0.000565699999999999
"98","ran98.hdr.44",-0.000752999999999998
"98","ran98.hdr.45",-0.0011563
"98","ran98.hdr.46",0.0005894
"98","ran98.hdr.47",0.00013718
"98","ran98.hdr.48",-0.000418910000000001
"98","ran98.hdr.49",-0.0004384
"98","ran98.hdr.5",0.0003686
"98","ran98.hdr.50",NA
"98","ran98.hdr.51",0.0000323700000000003
"98","ran98.hdr.52",0.000139
"98","ran98.hdr.53",-0.000313409999999999
"98","ran98.hdr.54",-0.000338599999999998
"98","ran98.hdr.57",0.000148612
"98","ran98.hdr.58",-0.000588982
"98","ran98.hdr.59",-0.0008541
"98","ran98.hdr.6",-0.0007992
"98","ran98.hdr.60",-0.000737700000000001
"98","ran98.hdr.61",-0.0180869
"98","ran98.hdr.62",0.0000988399999999993
"98","ran98.hdr.63",-0.0032377
"98","ran98.hdr.64",-0.0001464
"98","ran98.hdr.65",0.000569800000000001
"98","ran98.hdr.66",-0.0000829000000000003
"98","ran98.hdr.67",-0.000540200000000001
"98","ran98.hdr.68",-0.0011074
"98","ran98.hdr.69",-0.0004568
"98","ran98.hdr.7",-0.0000253999999999983
"98","ran98.hdr.70",-0.0010621
"98","ran98.hdr.71",-0.0011436
"98","ran98.hdr.72",-0.000607500000000002
"98","ran98.hdr.73",-0.000768900000000003
"98","ran98.hdr.74",-0.0004732
"98","ran98.hdr.75",-0.0015308
"98","ran98.hdr.76",-0.000302699999999999
"98","ran98.hdr.77",-0.0025593
"98","ran98.hdr.78",-0.0014428
"98","ran98.hdr.8",-0.0056027
"98","ran98.hdr.9",0.000186599999999999
"99","ran99.hdr.1",-0.0002114
"99","ran99.hdr.10",-0.0011382
"99","ran99.hdr.11",-0.0001755
"99","ran99.hdr.12",-0.00024315
"99","ran99.hdr.13",-0.0006747
"99","ran99.hdr.14",0.00027367
"99","ran99.hdr.15",0.0000456699999999994
"99","ran99.hdr.16",-0.0000255200000000002
"99","ran99.hdr.17",-0.0002775
"99","ran99.hdr.18",-0.0003756
"99","ran99.hdr.19",-0.000771500000000001
"99","ran99.hdr.2",-0.0008068
"99","ran99.hdr.20",-0.000288800000000001
"99","ran99.hdr.21",-0.00031687
"99","ran99.hdr.22",-0.000347700000000001
"99","ran99.hdr.23",-0.0006201
"99","ran99.hdr.24",0.0001235
"99","ran99.hdr.25",-0.0015236
"99","ran99.hdr.26",-0.00141581
"99","ran99.hdr.27",-0.00055319
"99","ran99.hdr.28",0.00000704000000000156
"99","ran99.hdr.29",-0.00023674
"99","ran99.hdr.3",-0.0009196
"99","ran99.hdr.30",-0.000207189999999999
"99","ran99.hdr.31",-0.00018809
"99","ran99.hdr.32",-0.00175568
"99","ran99.hdr.33",0.0000345999999999992
"99","ran99.hdr.34",-0.01715588
"99","ran99.hdr.35",0.000592200000000001
"99","ran99.hdr.36",-0.002439
"99","ran99.hdr.37",-0.000140850000000001
"99","ran99.hdr.38",-0.000630099999999998
"99","ran99.hdr.39",0.0001668
"99","ran99.hdr.4",-0.001099
"99","ran99.hdr.40",-0.000530699999999999
"99","ran99.hdr.41",-0.0012739
"99","ran99.hdr.42",0.000206599999999999
"99","ran99.hdr.43",-0.001261
"99","ran99.hdr.44",-0.0018642
"99","ran99.hdr.45",-0.000329799999999998
"99","ran99.hdr.46",-0.0011215
"99","ran99.hdr.47",-0.0000261999999999971
"99","ran99.hdr.48",-0.000411959999999999
"99","ran99.hdr.49",-0.0003341
"99","ran99.hdr.5",-0.0009067
"99","ran99.hdr.50",0.0000849800000000001
"99","ran99.hdr.51",0.0000506700000000001
"99","ran99.hdr.52",-0.0011173
"99","ran99.hdr.53",-0.0000134699999999998
"99","ran99.hdr.54",-0.0000765000000000002
"99","ran99.hdr.55",-0.0006896
"99","ran99.hdr.56",-0.0000566400000000002
"99","ran99.hdr.57",-0.0000202999999999991
"99","ran99.hdr.58",-0.000139299999999998
"99","ran99.hdr.59",-0.000102700000000001
"99","ran99.hdr.6",-0.0000713600000000003
"99","ran99.hdr.60",-0.00095777
"99","ran99.hdr.61",-0.001061
"99","ran99.hdr.62",-0.00051952
"99","ran99.hdr.63",-0.012746
"99","ran99.hdr.64",-0.0013065
"99","ran99.hdr.65",-0.00017358
"99","ran99.hdr.66",-0.00031509
"99","ran99.hdr.67",-0.000854299999999999
"99","ran99.hdr.68",-0.0010706
"99","ran99.hdr.69",-0.000157000000000001
"99","ran99.hdr.7",-0.00045021
"99","ran99.hdr.70",-0.0009818
"99","ran99.hdr.71",-0.0000952000000000001
"99","ran99.hdr.72",0.0000759199999999993
"99","ran99.hdr.73",-0.0009037
"99","ran99.hdr.74",-0.0010157
"99","ran99.hdr.75",-0.0005535
"99","ran99.hdr.76",-0.00096858
"99","ran99.hdr.77",-0.000626700000000001
"99","ran99.hdr.78",-0.0003017
"99","ran99.hdr.8",-0.000653000000000001
"99","ran99.hdr.9",-0.000417799999999999
"100","ran100.hdr.1",0.000292299999999999
"100","ran100.hdr.10",-0.0006119
"100","ran100.hdr.11",-0.00011195
"100","ran100.hdr.12",0.0000106099999999994
"100","ran100.hdr.13",-0.00021846
"100","ran100.hdr.14",-0.0000446999999999999
"100","ran100.hdr.15",-0.00066134
"100","ran100.hdr.16",0.000140100000000001
"100","ran100.hdr.17",-0.000807199999999999
"100","ran100.hdr.18",-0.000208399999999999
"100","ran100.hdr.19",-0.00039314
"100","ran100.hdr.2",-0.000849200000000001
"100","ran100.hdr.20",-0.000446700000000001
"100","ran100.hdr.21",-0.00067323
"100","ran100.hdr.22",-0.000547299999999997
"100","ran100.hdr.23",-0.0002877
"100","ran100.hdr.24",-0.00161496
"100","ran100.hdr.25",0.00033826
"100","ran100.hdr.26",-0.0002013
"100","ran100.hdr.27",-0.0008602
"100","ran100.hdr.28",0.00000735000000000015
"100","ran100.hdr.29",-0.000796499999999999
"100","ran100.hdr.3",-0.0012446
"100","ran100.hdr.30",-0.000174299999999999
"100","ran100.hdr.31",-0.0004364
"100","ran100.hdr.32",-0.0006201
"100","ran100.hdr.33",-0.0000276999999999986
"100","ran100.hdr.34",-0.000576
"100","ran100.hdr.35",-0.000148799999999999
"100","ran100.hdr.36",-0.000507499999999999
"100","ran100.hdr.37",-0.0000683100000000002
"100","ran100.hdr.38",-0.000777899999999998
"100","ran100.hdr.39",-0.0019854
"100","ran100.hdr.4",-0.0005346
"100","ran100.hdr.40",-0.0004601
"100","ran100.hdr.41",-0.0000624000000000006
"100","ran100.hdr.42",-0.0005964
"100","ran100.hdr.43",0.00020067
"100","ran100.hdr.44",-0.00031338
"100","ran100.hdr.45",-0.000291899999999999
"100","ran100.hdr.46",-0.0000784999999999987
"100","ran100.hdr.47",0.000262999999999999
"100","ran100.hdr.48",-0.0010616
"100","ran100.hdr.49",0.0000336799999999999
"100","ran100.hdr.5",-0.0017832
"100","ran100.hdr.50",0.000898200000000002
"100","ran100.hdr.51",-0.0016606
"100","ran100.hdr.52",-0.0009668
"100","ran100.hdr.53",-0.000551949999999999
"100","ran100.hdr.54",-0.00035154
"100","ran100.hdr.56",-0.0000330300000000016
"100","ran100.hdr.57",-0.0040338
"100","ran100.hdr.58",0.0004714
"100","ran100.hdr.59",0.000324999999999999
"100","ran100.hdr.6",0.00015914
"100","ran100.hdr.60",-0.0014755
"100","ran100.hdr.61",0.000477
"100","ran100.hdr.62",0.000190600000000003
"100","ran100.hdr.63",-0.0001259
"100","ran100.hdr.64",-0.0000573999999999991
"100","ran100.hdr.65",-0.0013204
"100","ran100.hdr.66",-0.0007501
"100","ran100.hdr.67",-0.0037006
"100","ran100.hdr.68",-0.0001385
"100","ran100.hdr.69",-0.0043812
"100","ran100.hdr.7",-0.0013522
"100","ran100.hdr.70",-0.00179129
"100","ran100.hdr.71",-0.0002275
"100","ran100.hdr.72",-0.0000256000000000006
"100","ran100.hdr.73",0.00013489
"100","ran100.hdr.74",-0.0015308
"100","ran100.hdr.75",-0.0015886
"100","ran100.hdr.76",-0.0013565
"100","ran100.hdr.77",-0.000748700000000001
"100","ran100.hdr.78",-0.000548699999999999
"100","ran100.hdr.8",-0.0017379
"100","ran100.hdr.9",-0.0056785
"101","ran101.hdr.1",0.0000701999999999994
"101","ran101.hdr.10",-0.000204939999999999
"101","ran101.hdr.11",-0.0005371
"101","ran101.hdr.12",-0.0000976999999999992
"101","ran101.hdr.13",0.0000449828
"101","ran101.hdr.14",0.00023279
"101","ran101.hdr.15",-0.000431160000000002
"101","ran101.hdr.16",-0.0004884
"101","ran101.hdr.17",0.000213399999999999
"101","ran101.hdr.18",-0.000506100000000002
"101","ran101.hdr.19",-0.00158129
"101","ran101.hdr.2",-0.0029162
"101","ran101.hdr.20",0.0002964
"101","ran101.hdr.21",-0.000518899999999999
"101","ran101.hdr.22",-0.00032336
"101","ran101.hdr.23",-0.0012417
"101","ran101.hdr.24",-0.0012522
"101","ran101.hdr.25",-0.0024928
"101","ran101.hdr.26",-0.000747600000000001
"101","ran101.hdr.27",-0.0003788
"101","ran101.hdr.28",0.00000545000000000016
"101","ran101.hdr.29",-0.00023832
"101","ran101.hdr.3",-0.0037976
"101","ran101.hdr.30",-0.00022865
"101","ran101.hdr.31",-0.0010791
"101","ran101.hdr.32",0.00051959
"101","ran101.hdr.33",-0.00041873
"101","ran101.hdr.34",-0.0013929
"101","ran101.hdr.35",0.0002477
"101","ran101.hdr.36",-0.0028198
"101","ran101.hdr.37",-0.000757799999999999
"101","ran101.hdr.38",-0.0007758
"101","ran101.hdr.39",0.00032646
"101","ran101.hdr.4",-0.0023
"101","ran101.hdr.40",-0.0015552
"101","ran101.hdr.41",-0.000643399999999999
"101","ran101.hdr.42",-0.0002538
"101","ran101.hdr.43",-0.0013524
"101","ran101.hdr.44",-0.000584600000000001
"101","ran101.hdr.45",-0.0001145
"101","ran101.hdr.46",-0.000522199999999999
"101","ran101.hdr.47",-0.0025436
"101","ran101.hdr.48",-0.0004539
"101","ran101.hdr.49",0.000131700000000002
"101","ran101.hdr.5",-0.0053473
"101","ran101.hdr.50",-0.0022656
"101","ran101.hdr.51",-0.000988299999999998
"101","ran101.hdr.52",-0.00000997999999999993
"101","ran101.hdr.53",-0.0000250599999999999
"101","ran101.hdr.54",-0.0030547
"101","ran101.hdr.55",-0.0013781
"101","ran101.hdr.56",-0.0011708
"101","ran101.hdr.57",0.000039785
"101","ran101.hdr.58",-0.00000449999999999995
"101","ran101.hdr.59",0.000111999999999999
"101","ran101.hdr.6",-0.0050769
"101","ran101.hdr.60",-0.000263810000000001
"101","ran101.hdr.61",-0.0011481
"101","ran101.hdr.62",-0.0073105
"101","ran101.hdr.63",0.0000727999999999996
"101","ran101.hdr.64",-0.000617400000000001
"101","ran101.hdr.65",-0.000373099999999998
"101","ran101.hdr.66",-0.000420900000000002
"101","ran101.hdr.67",0.0001846
"101","ran101.hdr.68",-0.0005982
"101","ran101.hdr.69",-0.0008682
"101","ran101.hdr.7",-0.00013959
"101","ran101.hdr.70",-0.0007215
"101","ran101.hdr.71",-0.0011431
"101","ran101.hdr.72",-0.0013312
"101","ran101.hdr.73",-0.000228
"101","ran101.hdr.74",-0.000481099999999998
"101","ran101.hdr.75",-0.00118788
"101","ran101.hdr.76",-0.000287200000000001
"101","ran101.hdr.77",-0.0025593
"101","ran101.hdr.78",-0.00069294
"101","ran101.hdr.8",-0.00000749999999999883
"101","ran101.hdr.9",0.000201669999999999
"102","ran102.hdr.1",-0.00021007
"102","ran102.hdr.10",-0.0053473
"102","ran102.hdr.11",-0.0051096
"102","ran102.hdr.12",-0.000461899999999998
"102","ran102.hdr.13",0.000151199999999999
"102","ran102.hdr.14",0.00000320000000000008
"102","ran102.hdr.15",-0.0008936
"102","ran102.hdr.16",-0.000393299999999999
"102","ran102.hdr.17",-0.0008879
"102","ran102.hdr.18",-0.00016992
"102","ran102.hdr.19",-0.00039314
"102","ran102.hdr.2",-0.000510899999999998
"102","ran102.hdr.20",-0.000269400000000001
"102","ran102.hdr.21",-0.000250199999999999
"102","ran102.hdr.22",-0.000785500000000001
"102","ran102.hdr.23",-0.00026025
"102","ran102.hdr.24",-0.000657
"102","ran102.hdr.25",-0.000217409999999999
"102","ran102.hdr.26",-0.000651099999999998
"102","ran102.hdr.27",-0.000253800000000002
"102","ran102.hdr.28",-0.000130699999999999
"102","ran102.hdr.29",-0.000682600000000002
"102","ran102.hdr.3",0.0000906999999999991
"102","ran102.hdr.30",-0.00045882
"102","ran102.hdr.31",-0.0003237
"102","ran102.hdr.32",-0.0026503
"102","ran102.hdr.33",-0.00034284
"102","ran102.hdr.34",-0.0004445
"102","ran102.hdr.35",-0.0025725
"102","ran102.hdr.36",-0.00029545
"102","ran102.hdr.37",-0.00084943
"102","ran102.hdr.38",-0.000358299999999999
"102","ran102.hdr.39",0.000071100000000001
"102","ran102.hdr.4",-0.0013435
"102","ran102.hdr.40",0.000381299999999999
"102","ran102.hdr.41",-0.000399060000000001
"102","ran102.hdr.42",-0.0011052
"102","ran102.hdr.43",-0.000945600000000001
"102","ran102.hdr.44",-0.000110499999999999
"102","ran102.hdr.45",-0.0023505
"102","ran102.hdr.46",-0.000583800000000001
"102","ran102.hdr.47",-0.0010275
"102","ran102.hdr.48",-0.0000402000000000007
"102","ran102.hdr.49",0.000100250000000001
"102","ran102.hdr.5",-0.000203000000000002
"102","ran102.hdr.50",-0.0013244
"102","ran102.hdr.51",-0.0005222
"102","ran102.hdr.52",0.00004863
"102","ran102.hdr.53",0.000694520000000001
"102","ran102.hdr.54",0.00029062
"102","ran102.hdr.55",-0.00384145
"102","ran102.hdr.56",-0.000599799999999999
"102","ran102.hdr.57",-0.000000799999999999586
"102","ran102.hdr.6",-0.000443959999999998
"102","ran102.hdr.60",-0.001153
"102","ran102.hdr.61",-0.000639499999999998
"102","ran102.hdr.62",-0.000268299999999999
"102","ran102.hdr.63",0.000166699999999999
"102","ran102.hdr.64",-0.0043602
"102","ran102.hdr.65",0.0000171200000000002
"102","ran102.hdr.66",-0.000589599999999999
"102","ran102.hdr.67",-0.0000853
"102","ran102.hdr.68",-0.0016696
"102","ran102.hdr.69",-0.0096339
"102","ran102.hdr.7",0.0003963
"102","ran102.hdr.70",0.0000275999999999992
"102","ran102.hdr.71",-0.0004414
"102","ran102.hdr.72",-0.000369599999999999
"102","ran102.hdr.73",-0.0012012
"102","ran102.hdr.74",-0.000793269999999999
"102","ran102.hdr.75",-0.0014673
"102","ran102.hdr.76",-0.0046933
"102","ran102.hdr.77",-0.0056199
"102","ran102.hdr.78",-0.000802599999999999
"102","ran102.hdr.8",-0.0027476
"102","ran102.hdr.9",-0.0015109
"103","ran103.hdr.1",-0.00119054
"103","ran103.hdr.10",-0.0002267
"103","ran103.hdr.11",-0.001162
"103","ran103.hdr.12",-0.000824699999999999
"103","ran103.hdr.13",-0.000506029999999999
"103","ran103.hdr.14",-0.0002877
"103","ran103.hdr.15",-0.0000977999999999986
"103","ran103.hdr.16",-0.000911199999999997
"103","ran103.hdr.17",-0.000657
"103","ran103.hdr.18",-0.0017649
"103","ran103.hdr.19",-0.0004314
"103","ran103.hdr.2",-0.0000461999999999997
"103","ran103.hdr.20",-0.002734
"103","ran103.hdr.21",-0.000841600000000001
"103","ran103.hdr.22",0.00000735000000000015
"103","ran103.hdr.23",-0.0000348000000000015
"103","ran103.hdr.24",-0.0010155
"103","ran103.hdr.25",-0.00019286
"103","ran103.hdr.26",-0.000418709999999999
"103","ran103.hdr.27",-0.00018809
"103","ran103.hdr.28",-0.000464099999999999
"103","ran103.hdr.29",-0.0076907
"103","ran103.hdr.3",-0.000849200000000001
"103","ran103.hdr.30",-0.00350844
"103","ran103.hdr.31",-0.0000865999999999992
"103","ran103.hdr.32",-0.0000862000000000016
"103","ran103.hdr.33",-0.000831499999999999
"103","ran103.hdr.34",-0.00013584
"103","ran103.hdr.35",-0.00034168
"103","ran103.hdr.36",-0.00013875
"103","ran103.hdr.37",-0.000627829999999999
"103","ran103.hdr.38",0.000158699999999998
"103","ran103.hdr.39",-0.0005891
"103","ran103.hdr.4",-0.0018301
"103","ran103.hdr.40",-0.0005404
"103","ran103.hdr.41",-0.000431000000000001
"103","ran103.hdr.42",0.000727199999999999
"103","ran103.hdr.43",-0.000217700000000001
"103","ran103.hdr.44",0.0000583000000000007
"103","ran103.hdr.45",-0.0001393
"103","ran103.hdr.46",-0.0010611
"103","ran103.hdr.47",-0.00011256
"103","ran103.hdr.48",-0.0010777
"103","ran103.hdr.49",-0.004276
"103","ran103.hdr.5",-0.01685291
"103","ran103.hdr.50",0.000643100000000001
"103","ran103.hdr.51",0.0000792999999999992
"103","ran103.hdr.52",0.000114200000000002
"103","ran103.hdr.53",-0.000375
"103","ran103.hdr.54",-0.0006896
"103","ran103.hdr.55",-0.00047522
"103","ran103.hdr.56",-0.000175700000000001
"103","ran103.hdr.57",-0.000162300000000001
"103","ran103.hdr.58",-0.0004551
"103","ran103.hdr.59",-0.000999000000000003
"103","ran103.hdr.6",-0.00039892
"103","ran103.hdr.60",-0.000967699999999998
"103","ran103.hdr.61",-0.0013942
"103","ran103.hdr.62",0.000125799999999999
"103","ran103.hdr.63",-0.0009592
"103","ran103.hdr.64",-0.00274956
"103","ran103.hdr.65",0.0007899
"103","ran103.hdr.66",-0.000540200000000001
"103","ran103.hdr.67",-0.000164539999999999
"103","ran103.hdr.68",-0.000604199999999999
"103","ran103.hdr.69",-0.000376000000000001
"103","ran103.hdr.7",-0.000507199999999999
"103","ran103.hdr.70",0.000343
"103","ran103.hdr.71",-0.000201800000000002
"103","ran103.hdr.72",-0.0023812
"103","ran103.hdr.73",-0.0001492
"103","ran103.hdr.74",0.0000450999999999993
"103","ran103.hdr.75",-0.0000270999999999987
"103","ran103.hdr.76",-0.0014673
"103","ran103.hdr.77",-0.00080927
"103","ran103.hdr.78",-0.000547499999999999
"103","ran103.hdr.8",0.00016704
"103","ran103.hdr.9",-0.00039314
"104","ran104.hdr.1",-0.00131489
"104","ran104.hdr.10",-0.000602800000000001
"104","ran104.hdr.11",-0.000315299999999999
"104","ran104.hdr.12",-0.000223299999999999
"104","ran104.hdr.13",-0.00053636
"104","ran104.hdr.14",-0.000118400000000001
"104","ran104.hdr.15",0.0003678
"104","ran104.hdr.16",-0.0004112
"104","ran104.hdr.17",0.00009183
"104","ran104.hdr.18",-0.0005983
"104","ran104.hdr.19",-0.0011163
"104","ran104.hdr.2",-0.0000461999999999997
"104","ran104.hdr.20",-0.0045794
"104","ran104.hdr.21",-0.000257510000000001
"104","ran104.hdr.22",-0.0045505
"104","ran104.hdr.23",-0.000249299999999999
"104","ran104.hdr.24",-0.000284299999999998
"104","ran104.hdr.25",-0.0025984
"104","ran104.hdr.26",-0.00031556
"104","ran104.hdr.27",0.0003322
"104","ran104.hdr.28",0.0000187099999999999
"104","ran104.hdr.29",0.0000686800000000007
"104","ran104.hdr.3",-0.0004437
"104","ran104.hdr.30",-0.0004084
"104","ran104.hdr.31",-0.000310299999999999
"104","ran104.hdr.32",-0.000505799999999999
"104","ran104.hdr.33",-0.0051598
"104","ran104.hdr.34",-0.0010093
"104","ran104.hdr.35",-0.000623100000000001
"104","ran104.hdr.36",-0.0005509
"104","ran104.hdr.37",-0.00026
"104","ran104.hdr.38",-0.0023505
"104","ran104.hdr.39",-0.0009237
"104","ran104.hdr.4",0.0003963
"104","ran104.hdr.40",0.000527199999999999
"104","ran104.hdr.41",-0.0015247
"104","ran104.hdr.42",-0.000707100000000002
"104","ran104.hdr.43",-0.0013244
"104","ran104.hdr.44",-0.00081
"104","ran104.hdr.45",-0.0022353
"104","ran104.hdr.46",-0.00003691
"104","ran104.hdr.47",0.000156099999999999
"104","ran104.hdr.48",-0.000971
"104","ran104.hdr.49",-0.000551949999999999
"104","ran104.hdr.5",-0.000225299999999998
"104","ran104.hdr.50",-0.000375
"104","ran104.hdr.51",-0.000248099999999999
"104","ran104.hdr.56",-0.0005766
"104","ran104.hdr.57",-0.000137030000000001
"104","ran104.hdr.58",-0.000934999999999998
"104","ran104.hdr.59",-0.0015112
"104","ran104.hdr.6",-0.00259746
"104","ran104.hdr.60",-0.0010508
"104","ran104.hdr.61",-0.0015743
"104","ran104.hdr.62",-0.0021629
"104","ran104.hdr.63",-0.0007712
"104","ran104.hdr.64",-0.0001259
"104","ran104.hdr.65",-0.000361200000000001
"104","ran104.hdr.66",-0.000417899999999999
"104","ran104.hdr.67",0.0000832999999999997
"104","ran104.hdr.68",-0.000407100000000001
"104","ran104.hdr.69",-0.0007443
"104","ran104.hdr.7",-0.0056785
"104","ran104.hdr.70",-0.0002275
"104","ran104.hdr.71",-0.0003493
"104","ran104.hdr.72",-0.000347499999999997
"104","ran104.hdr.73",-0.000145900000000001
"104","ran104.hdr.74",0.000310899999999999
"104","ran104.hdr.75",-0.0011035
"104","ran104.hdr.76",-0.0030263
"104","ran104.hdr.77",-0.0035566
"104","ran104.hdr.78",-0.0016399
"104","ran104.hdr.8",-0.0031909
"104","ran104.hdr.9",0.0000789059999999999
"105","ran105.hdr.1",-0.000366200000000001
"105","ran105.hdr.10",-0.0007343
"105","ran105.hdr.11",-0.000376899999999999
"105","ran105.hdr.12",-0.0006677
"105","ran105.hdr.13",-0.0000542299999999997
"105","ran105.hdr.14",-0.000476399999999998
"105","ran105.hdr.15",-0.00017436
"105","ran105.hdr.16",-0.0003397
"105","ran105.hdr.17",-0.0002013
"105","ran105.hdr.18",-0.000111799999999999
"105","ran105.hdr.19",-0.00020244
"105","ran105.hdr.2",-0.0000903599999999998
"105","ran105.hdr.20",-0.0075695
"105","ran105.hdr.21",-0.0010563
"105","ran105.hdr.22",-0.000759000000000001
"105","ran105.hdr.23",-0.000796499999999999
"105","ran105.hdr.24",-0.000189700000000001
"105","ran105.hdr.25",-0.00037474
"105","ran105.hdr.26",-0.000397399999999999
"105","ran105.hdr.27",0.000281300000000002
"105","ran105.hdr.28",-0.002134
"105","ran105.hdr.29",-0.0014853
"105","ran105.hdr.3",-0.0026658
"105","ran105.hdr.30",0.000316299999999999
"105","ran105.hdr.31",-0.0019854
"105","ran105.hdr.32",-0.00087039
"105","ran105.hdr.33",-0.0000660000000000001
"105","ran105.hdr.34",-0.000208900000000001
"105","ran105.hdr.35",-0.00027737
"105","ran105.hdr.36",-0.00087888
"105","ran105.hdr.37",0.00011464
"105","ran105.hdr.38",-0.000944
"105","ran105.hdr.39",NA
"105","ran105.hdr.4",-0.0000923999999999994
"105","ran105.hdr.40",-0.000942499999999999
"105","ran105.hdr.41",-0.000908200000000001
"105","ran105.hdr.42",0.000237399999999999
"105","ran105.hdr.43",-0.0006496
"105","ran105.hdr.44",-0.0001411
"105","ran105.hdr.45",-0.000707100000000002
"105","ran105.hdr.46",-0.0000466900000000003
"105","ran105.hdr.47",-0.0016134
"105","ran105.hdr.48",-0.0011836
"105","ran105.hdr.49",-0.00081
"105","ran105.hdr.5",-0.0000225999999999976
"105","ran105.hdr.50",-0.0012558
"105","ran105.hdr.51",-0.0001866
"105","ran105.hdr.52",-0.00017032
"105","ran105.hdr.53",-0.000092715
"105","ran105.hdr.54",-0.0000118100000000001
"105","ran105.hdr.55",-0.0047786
"105","ran105.hdr.56",-0.0025824
"105","ran105.hdr.58",-0.0000312699999999999
"105","ran105.hdr.59",-0.0007279
"105","ran105.hdr.6",-0.0003713
"105","ran105.hdr.60",-0.0020934
"105","ran105.hdr.61",0.000118699999999999
"105","ran105.hdr.62",-0.0180869
"105","ran105.hdr.63",-0.000746799999999999
"105","ran105.hdr.64",0.000053000000000001
"105","ran105.hdr.65",-0.00039282
"105","ran105.hdr.66",-0.0003231
"105","ran105.hdr.67",0.0000888
"105","ran105.hdr.68",-0.0000143999999999995
"105","ran105.hdr.69",-0.001085
"105","ran105.hdr.7",-0.0005974
"105","ran105.hdr.70",-0.00010376
"105","ran105.hdr.71",-0.0028829
"105","ran105.hdr.72",-0.000328200000000001
"105","ran105.hdr.73",-0.0023812
"105","ran105.hdr.74",-0.0016673
"105","ran105.hdr.75",-0.000281300000000002
"105","ran105.hdr.76",0.000208400000000001
"105","ran105.hdr.77",-0.000343000000000003
"105","ran105.hdr.78",-0.000314699999999999
"105","ran105.hdr.8",-0.0044934
"105","ran105.hdr.9",-0.00041618
"106","ran106.hdr.1",-0.0022515
"106","ran106.hdr.10",-0.000118400000000001
"106","ran106.hdr.11",0.000681399999999999
"106","ran106.hdr.12",-0.000657
"106","ran106.hdr.13",0.000262399999999999
"106","ran106.hdr.14",-0.000356
"106","ran106.hdr.15",0.00013967
"106","ran106.hdr.16",-0.0007723
"106","ran106.hdr.17",-0.000303699999999999
"106","ran106.hdr.18",-0.00000110000000000041
"106","ran106.hdr.19",-0.0000851000000000011
"106","ran106.hdr.2",-0.000892799999999999
"106","ran106.hdr.20",-0.00069205
"106","ran106.hdr.21",-0.000660600000000001
"106","ran106.hdr.22",-0.0014222
"106","ran106.hdr.23",-0.0018137
"106","ran106.hdr.24",-0.0010452
"106","ran106.hdr.25",-0.0006427
"106","ran106.hdr.26",-0.0019572
"106","ran106.hdr.27",-0.000276169999999999
"106","ran106.hdr.28",-0.00018951
"106","ran106.hdr.29",-0.001022
"106","ran106.hdr.3",-0.0033457
"106","ran106.hdr.30",0.000161600000000001
"106","ran106.hdr.31",-0.001126
"106","ran106.hdr.32",-0.000327900000000001
"106","ran106.hdr.33",-0.0000657999999999995
"106","ran106.hdr.34",0.00011464
"106","ran106.hdr.35",-0.000423400000000001
"106","ran106.hdr.36",-0.00082841
"106","ran106.hdr.37",0.000377029999999999
"106","ran106.hdr.38",-0.000291899999999999
"106","ran106.hdr.39",-0.0011836
"106","ran106.hdr.4",-0.0000556999999999988
"106","ran106.hdr.40",-0.0022656
"106","ran106.hdr.41",-0.00001509
"106","ran106.hdr.42",-0.000940400000000001
"106","ran106.hdr.43",-0.000764300000000002
"106","ran106.hdr.44",-0.000599799999999999
"106","ran106.hdr.45",0.00036038
"106","ran106.hdr.46",0.000126360000000001
"106","ran106.hdr.47",0.00006295
"106","ran106.hdr.5",0.00034726
"106","ran106.hdr.50",-0.000271219999999999
"106","ran106.hdr.51",-0.000658
"106","ran106.hdr.52",-0.000694199999999999
"106","ran106.hdr.53",-0.0004576
"106","ran106.hdr.54",-0.0012634
"106","ran106.hdr.55",-0.000455400000000002
"106","ran106.hdr.56",0.000502859999999999
"106","ran106.hdr.57",-0.000763170000000001
"106","ran106.hdr.58",0.000282950000000001
"106","ran106.hdr.59",-0.001007
"106","ran106.hdr.6",-0.000825599999999999
"106","ran106.hdr.60",-0.000328449999999999
"106","ran106.hdr.61",-0.0010327
"106","ran106.hdr.62",-0.000417899999999999
"106","ran106.hdr.63",-0.0015557
"106","ran106.hdr.64",-0.000201800000000002
"106","ran106.hdr.65",-0.000964700000000002
"106","ran106.hdr.66",-0.0000461999999999997
"106","ran106.hdr.67",-0.000327399999999999
"106","ran106.hdr.68",0.0000821000000000016
"106","ran106.hdr.69",-0.0005561
"106","ran106.hdr.7",-0.000414400000000001
"106","ran106.hdr.70",-0.0012116
"106","ran106.hdr.71",-0.000818700000000002
"106","ran106.hdr.72",-0.0016949
"106","ran106.hdr.73",-0.0013154
"106","ran106.hdr.74",-0.0023497
"106","ran106.hdr.75",-0.0010028
"106","ran106.hdr.76",-0.000314699999999999
"106","ran106.hdr.77",-0.0016399
"106","ran106.hdr.78",-0.0014428
"106","ran106.hdr.8",-0.0000389920000000001
"106","ran106.hdr.9",-0.000409099999999999
"107","ran107.hdr.1",-0.000585199999999998
"107","ran107.hdr.10",0.0000496000000000003
"107","ran107.hdr.11",-0.00023695
"107","ran107.hdr.12",-0.000431160000000002
"107","ran107.hdr.13",-0.0019612
"107","ran107.hdr.14",0.000262399999999999
"107","ran107.hdr.15",-0.00041587
"107","ran107.hdr.16",-0.0011619
"107","ran107.hdr.17",-0.0011746
"107","ran107.hdr.18",-0.000581499999999999
"107","ran107.hdr.19",-0.0000357000000000014
"107","ran107.hdr.2",-0.000203000000000002
"107","ran107.hdr.20",-0.0000960500000000003
"107","ran107.hdr.21",-0.0045505
"107","ran107.hdr.22",-0.000239700000000001
"107","ran107.hdr.23",-0.000013599999999999
"107","ran107.hdr.24",0.00006777
"107","ran107.hdr.25",-0.000383960000000001
"107","ran107.hdr.26",-0.001167
"107","ran107.hdr.27",-0.00010709
"107","ran107.hdr.28",-0.0005877
"107","ran107.hdr.29",-0.00025349
"107","ran107.hdr.3",-0.000160799999999999
"107","ran107.hdr.30",-0.0018846
"107","ran107.hdr.31",0.000165800000000001
"107","ran107.hdr.32",-0.0032627
"107","ran107.hdr.33",-0.0107692
"107","ran107.hdr.34",-0.0019854
"107","ran107.hdr.35",-0.00510713
"107","ran107.hdr.36",0.0000184400000000002
"107","ran107.hdr.37",-0.0000461399999999996
"107","ran107.hdr.38",-0.0003137
"107","ran107.hdr.39",-0.0010275
"107","ran107.hdr.4",0.00000720000000000061
"107","ran107.hdr.40",-0.0006786
"107","ran107.hdr.41",0.0003897
"107","ran107.hdr.42",-0.0011215
"107","ran107.hdr.43",-0.000107300000000001
"107","ran107.hdr.44",-0.0008938
"107","ran107.hdr.45",0.000189099999999999
"107","ran107.hdr.46",-0.000464200000000001
"107","ran107.hdr.47",-0.000837099999999999
"107","ran107.hdr.48",-0.00077464
"107","ran107.hdr.49",-0.0004384
"107","ran107.hdr.5",-0.0053473
"107","ran107.hdr.50",-0.0016606
"107","ran107.hdr.51",-0.0012793
"107","ran107.hdr.52",-0.0000283000000000002
"107","ran107.hdr.53",-0.0040008
"107","ran107.hdr.54",0.0003353
"107","ran107.hdr.55",0.0000603900000000004
"107","ran107.hdr.57",-0.00011027
"107","ran107.hdr.58",-0.000728099999999999
"107","ran107.hdr.59",-0.00039517
"107","ran107.hdr.6",-0.000128
"107","ran107.hdr.60",-0.000680699999999999
"107","ran107.hdr.61",-0.0009154
"107","ran107.hdr.62",0.000078700000000001
"107","ran107.hdr.63",-0.000535400000000002
"107","ran107.hdr.64",-0.000251999999999999
"107","ran107.hdr.65",-0.0035597
"107","ran107.hdr.66",-0.0002646
"107","ran107.hdr.67",-0.000157000000000001
"107","ran107.hdr.68",-0.0000296799999999989
"107","ran107.hdr.69",0.0000275999999999992
"107","ran107.hdr.7",-0.000428030000000001
"107","ran107.hdr.70",-0.000228699999999998
"107","ran107.hdr.71",-0.0001492
"107","ran107.hdr.72",0.000306760000000001
"107","ran107.hdr.73",-0.000198200000000001
"107","ran107.hdr.74",-0.0002688
"107","ran107.hdr.75",-0.0022069
"107","ran107.hdr.76",-0.0016949
"107","ran107.hdr.77",-0.0013154
"107","ran107.hdr.78",-0.0020513
"107","ran107.hdr.8",-0.0011382
"107","ran107.hdr.9",-0.00033671
"108","ran108.hdr.1",-0.0004633
"108","ran108.hdr.10",-0.00021846
"108","ran108.hdr.11",-0.00041618
"108","ran108.hdr.12",-0.0023044
"108","ran108.hdr.13",-0.00154022
"108","ran108.hdr.14",-0.000549999999999998
"108","ran108.hdr.15",-0.0000117999999999993
"108","ran108.hdr.16",-0.000419360000000001
"108","ran108.hdr.17",-0.0006374
"108","ran108.hdr.18",-0.00037651
"108","ran108.hdr.19",-0.0008815
"108","ran108.hdr.2",-0.000740699999999999
"108","ran108.hdr.20",-0.0008751
"108","ran108.hdr.21",-0.000359400000000001
"108","ran108.hdr.22",-0.00016964
"108","ran108.hdr.23",-0.000199399999999999
"108","ran108.hdr.24",-0.0011003
"108","ran108.hdr.25",-0.00182421
"108","ran108.hdr.26",-0.0014586
"108","ran108.hdr.27",-0.000771500000000001
"108","ran108.hdr.28",-0.0002906
"108","ran108.hdr.29",-0.0005906
"108","ran108.hdr.3",-0.000290820000000001
"108","ran108.hdr.30",0.00013487
"108","ran108.hdr.31",0.000511099999999999
"108","ran108.hdr.32",-0.000418709999999999
"108","ran108.hdr.33",0.000318539999999999
"108","ran108.hdr.34",-0.00035699
"108","ran108.hdr.35",-0.000213520000000001
"108","ran108.hdr.36",-0.00018809
"108","ran108.hdr.37",0.00015824
"108","ran108.hdr.38",-0.000413999999999999
"108","ran108.hdr.39",-0.0058339
"108","ran108.hdr.4",-0.0033457
"108","ran108.hdr.40",-0.00018085
"108","ran108.hdr.41",-0.000210999999999999
"108","ran108.hdr.42",-0.000507200000000003
"108","ran108.hdr.43",0.0000336999999999994
"108","ran108.hdr.44",-0.000247900000000001
"108","ran108.hdr.45",-0.0015749
"108","ran108.hdr.46",-0.0023505
"108","ran108.hdr.47",-0.000658299999999997
"108","ran108.hdr.48",-0.000113099999999998
"108","ran108.hdr.49",-0.0011215
"108","ran108.hdr.5",-0.0011071
"108","ran108.hdr.50",-0.000226
"108","ran108.hdr.51",NA
"108","ran108.hdr.52",-0.000212240000000001
"108","ran108.hdr.53",-0.00025008
"108","ran108.hdr.54",-0.00000727000000000019
"108","ran108.hdr.55",0.00036038
"108","ran108.hdr.56",-0.00048754
"108","ran108.hdr.57",-0.0034825
"108","ran108.hdr.58",-0.0000295999999999977
"108","ran108.hdr.59",-0.000849699999999998
"108","ran108.hdr.6",-0.0030338
"108","ran108.hdr.60",-0.000537899999999999
"108","ran108.hdr.61",0.000118699999999999
"108","ran108.hdr.62",-0.000663200000000001
"108","ran108.hdr.63",-0.0021629
"108","ran108.hdr.64",-0.00019203
"108","ran108.hdr.65",-0.000252200000000001
"108","ran108.hdr.66",-0.000361200000000001
"108","ran108.hdr.67",-0.0011658
"108","ran108.hdr.68",-0.000870200000000002
"108","ran108.hdr.69",-0.0013792
"108","ran108.hdr.7",-0.0031066
"108","ran108.hdr.70",-0.00038061
"108","ran108.hdr.71",-0.0000273000000000009
"108","ran108.hdr.72",-0.000550200000000001
"108","ran108.hdr.73",-0.0015308
"108","ran108.hdr.74",-0.000535300000000002
"108","ran108.hdr.75",-0.000637200000000001
"108","ran108.hdr.76",-0.0013233
"108","ran108.hdr.77",-0.0016911
"108","ran108.hdr.78",-0.0025593
"108","ran108.hdr.8",-0.00015088
"108","ran108.hdr.9",-0.0000637999999999993
"109","ran109.hdr.1",0.000127499999999999
"109","ran109.hdr.10",-0.00042476
"109","ran109.hdr.11",-0.001546
"109","ran109.hdr.12",-0.00025102
"109","ran109.hdr.13",-0.000223299999999999
"109","ran109.hdr.14",-0.000387700000000001
"109","ran109.hdr.15",-0.000675400000000003
"109","ran109.hdr.16",-0.0010879
"109","ran109.hdr.17",-0.000539240000000002
"109","ran109.hdr.18",-0.000320599999999999
"109","ran109.hdr.19",-0.001162
"109","ran109.hdr.2",-0.0002678
"109","ran109.hdr.20",-0.000713499999999999
"109","ran109.hdr.21",-0.0005171
"109","ran109.hdr.22",-0.0002322
"109","ran109.hdr.23",-0.00049628
"109","ran109.hdr.24",0.000524
"109","ran109.hdr.25",-0.0013259
"109","ran109.hdr.26",-0.0009639
"109","ran109.hdr.27",-0.000438299999999999
"109","ran109.hdr.28",-0.00026931
"109","ran109.hdr.29",0.0000534000000000003
"109","ran109.hdr.3",0.0004017
"109","ran109.hdr.30",-0.0019493
"109","ran109.hdr.31",-0.00055319
"109","ran109.hdr.32",0.0000602900000000002
"109","ran109.hdr.33",-0.000212320000000001
"109","ran109.hdr.34",-0.000413999999999999
"109","ran109.hdr.35",0.0000498999999999999
"109","ran109.hdr.36",-0.000217149999999999
"109","ran109.hdr.37",0.0009695
"109","ran109.hdr.38",0.000316899999999998
"109","ran109.hdr.39",-0.000777200000000002
"109","ran109.hdr.4",-0.0003713
"109","ran109.hdr.40",-0.001142
"109","ran109.hdr.41",-0.001126
"109","ran109.hdr.42",-0.00017519
"109","ran109.hdr.43",0.0000712999999999998
"109","ran109.hdr.44",0.0007192
"109","ran109.hdr.45",-0.0000756000000000003
"109","ran109.hdr.46",-0.00056584
"109","ran109.hdr.47",-0.000206699999999999
"109","ran109.hdr.48",-0.0071472
"109","ran109.hdr.49",-0.0022371
"109","ran109.hdr.5",-0.0021506
"109","ran109.hdr.50",-0.000228000000000001
"109","ran109.hdr.51",-0.00021661
"109","ran109.hdr.52",-0.0000649599999999993
"109","ran109.hdr.53",NA
"109","ran109.hdr.54",-0.00057659
"109","ran109.hdr.55",0.00019544
"109","ran109.hdr.56",-0.0000833800000000001
"109","ran109.hdr.57",0.00008457
"109","ran109.hdr.59",-0.0007846
"109","ran109.hdr.6",-0.0030338
"109","ran109.hdr.60",-0.0000770000000000007
"109","ran109.hdr.61",0.000028061
"109","ran109.hdr.62",-0.000719200000000001
"109","ran109.hdr.63",-0.000115399999999998
"109","ran109.hdr.64",-0.0000428700000000004
"109","ran109.hdr.65",0.0007899
"109","ran109.hdr.66",-0.000546500000000002
"109","ran109.hdr.67",-0.0044594
"109","ran109.hdr.68",-0.000589599999999999
"109","ran109.hdr.69",0.000598100000000001
"109","ran109.hdr.7",-0.0066937
"109","ran109.hdr.70",-0.000836699999999999
"109","ran109.hdr.71",-0.000602399999999999
"109","ran109.hdr.72",-0.0008821
"109","ran109.hdr.73",0.0000233799999999999
"109","ran109.hdr.74",-0.000720800000000001
"109","ran109.hdr.75",-0.0012012
"109","ran109.hdr.76",-0.000276999999999999
"109","ran109.hdr.77",-0.0007951
"109","ran109.hdr.78",-0.000220500000000002
"109","ran109.hdr.8",-0.00246744
"109","ran109.hdr.9",-0.0038288
"110","ran110.hdr.1",-0.000676
"110","ran110.hdr.10",-0.0011481
"110","ran110.hdr.11",-0.0004688
"110","ran110.hdr.12",-0.0011143
"110","ran110.hdr.13",-0.0004673
"110","ran110.hdr.14",-0.0000525999999999999
"110","ran110.hdr.15",-0.0004066
"110","ran110.hdr.16",-0.0002006
"110","ran110.hdr.17",-0.0011929
"110","ran110.hdr.18",-0.001482
"110","ran110.hdr.19",-0.0010439
"110","ran110.hdr.2",-0.000849200000000001
"110","ran110.hdr.20",-0.002999
"110","ran110.hdr.21",-0.00011659
"110","ran110.hdr.22",-0.00020663
"110","ran110.hdr.23",0.0003987
"110","ran110.hdr.24",-0.00024889
"110","ran110.hdr.25",-0.000730600000000001
"110","ran110.hdr.26",-0.0019572
"110","ran110.hdr.27",-0.00000899999999999859
"110","ran110.hdr.28",-0.000735299999999998
"110","ran110.hdr.29",-0.0018962
"110","ran110.hdr.3",-0.0023043
"110","ran110.hdr.30",-0.0000700600000000003
"110","ran110.hdr.31",0.000049999999999998
"110","ran110.hdr.32",-0.00013584
"110","ran110.hdr.33",0.00024785
"110","ran110.hdr.34",0.0002824
"110","ran110.hdr.35",-0.0011052
"110","ran110.hdr.36",NA
"110","ran110.hdr.37",-0.0000756000000000003
"110","ran110.hdr.38",-0.0001262
"110","ran110.hdr.39",-0.0013244
"110","ran110.hdr.4",-0.000443959999999998
"110","ran110.hdr.40",-0.000114100000000002
"110","ran110.hdr.41",-0.0000258999999999988
"110","ran110.hdr.42",-0.000735400000000001
"110","ran110.hdr.43",0.0000683999999999997
"110","ran110.hdr.44",-0.00029094
"110","ran110.hdr.45",-0.0011173
"110","ran110.hdr.46",-0.00016562
"110","ran110.hdr.47",0.0000789999999999992
"110","ran110.hdr.48",0.00008457
"110","ran110.hdr.49",-0.000253400000000001
"110","ran110.hdr.5",-0.000315299999999999
"110","ran110.hdr.50",0.00019218
"110","ran110.hdr.51",-0.0004551
"110","ran110.hdr.52",-0.0013104
"110","ran110.hdr.53",-0.00015495
"110","ran110.hdr.54",-0.0012684
"110","ran110.hdr.55",-0.000425699999999999
"110","ran110.hdr.56",-0.000455400000000002
"110","ran110.hdr.57",-0.00088812
"110","ran110.hdr.58",-0.0093999
"110","ran110.hdr.59",-0.0068252
"110","ran110.hdr.6",-0.0000151700000000001
"110","ran110.hdr.60",-0.0038969
"110","ran110.hdr.61",-0.00016
"110","ran110.hdr.62",-0.000373099999999998
"110","ran110.hdr.63",0.0000879000000000001
"110","ran110.hdr.64",-0.000376000000000001
"110","ran110.hdr.65",-0.000170999999999999
"110","ran110.hdr.66",-0.0000736999999999995
"110","ran110.hdr.67",-0.000607500000000002
"110","ran110.hdr.68",-0.000692700000000001
"110","ran110.hdr.69",-0.0009818
"110","ran110.hdr.7",-0.000405638
"110","ran110.hdr.70",-0.0000952000000000001
"110","ran110.hdr.71",-0.000603300000000001
"110","ran110.hdr.72",-0.0012556
"110","ran110.hdr.73",0.00029028
"110","ran110.hdr.74",-0.000327399999999999
"110","ran110.hdr.75",-0.000427199999999999
"110","ran110.hdr.76",-0.000901700000000002
"110","ran110.hdr.77",-0.0008628
"110","ran110.hdr.78",-0.0015057
"110","ran110.hdr.8",-0.0000293799999999999
"110","ran110.hdr.9",-0.0000389920000000001
"111","ran111.hdr.1",-0.0002744
"111","ran111.hdr.10",0.000283200000000001
"111","ran111.hdr.11",0.00015839
"111","ran111.hdr.12",-0.0000976999999999992
"111","ran111.hdr.13",0.00023989
"111","ran111.hdr.14",-0.000547299999999997
"111","ran111.hdr.15",-0.0007302
"111","ran111.hdr.16",-0.0016824
"111","ran111.hdr.17",-0.000789400000000003
"111","ran111.hdr.18",-0.0002951
"111","ran111.hdr.19",-0.0011179
"111","ran111.hdr.2",-0.00000992000000000007
"111","ran111.hdr.20",-0.00041587
"111","ran111.hdr.21",-0.0011619
"111","ran111.hdr.22",-0.0012963
"111","ran111.hdr.23",-0.000867099999999999
"111","ran111.hdr.24",-0.0021765
"111","ran111.hdr.25",-0.0084394
"111","ran111.hdr.26",-0.000079029999999999
"111","ran111.hdr.27",-0.0010873
"111","ran111.hdr.28",-0.00046126
"111","ran111.hdr.29",-0.0005158
"111","ran111.hdr.3",-0.0027813
"111","ran111.hdr.30",-0.00039436
"111","ran111.hdr.31",-0.00175568
"111","ran111.hdr.32",-0.0001799
"111","ran111.hdr.33",-0.000709920000000001
"111","ran111.hdr.34",-0.000358299999999999
"111","ran111.hdr.35",-0.000618100000000002
"111","ran111.hdr.36",-0.0014452
"111","ran111.hdr.37",-0.0018523
"111","ran111.hdr.38",0.00044584
"111","ran111.hdr.39",-0.000787299999999999
"111","ran111.hdr.4",-0.000794599999999999
"111","ran111.hdr.40",-0.0011545
"111","ran111.hdr.41",0.0000045761
"111","ran111.hdr.42",-0.000576500000000001
"111","ran111.hdr.43",-0.0020892
"111","ran111.hdr.44",-0.0015836
"111","ran111.hdr.45",-0.00074314
"111","ran111.hdr.46",0.000195099999999998
"111","ran111.hdr.47",-0.000773900000000001
"111","ran111.hdr.48",-0.00013051
"111","ran111.hdr.49",-0.0010313
"111","ran111.hdr.5",-0.0033457
"111","ran111.hdr.50",0.000172299999999998
"111","ran111.hdr.51",-0.0004551
"111","ran111.hdr.52",-0.0007279
"111","ran111.hdr.53",-0.000805999999999999
"111","ran111.hdr.54",0.000959069999999999
"111","ran111.hdr.55",0.0003053
"111","ran111.hdr.56",-0.0006961
"111","ran111.hdr.57",0.0001565
"111","ran111.hdr.58",-0.0005504
"111","ran111.hdr.59",-0.0035597
"111","ran111.hdr.6",-0.0044797
"111","ran111.hdr.60",-0.0003435
"111","ran111.hdr.61",-0.0000186000000000006
"111","ran111.hdr.62",-0.000376000000000001
"111","ran111.hdr.63",-0.0013204
"111","ran111.hdr.64",-0.001085
"111","ran111.hdr.65",-0.000607500000000002
"111","ran111.hdr.66",0.000114399999999999
"111","ran111.hdr.67",-0.000643899999999999
"111","ran111.hdr.68",-0.0007215
"111","ran111.hdr.69",0.0001805
"111","ran111.hdr.7",0.00016477
"111","ran111.hdr.70",-0.000386900000000003
"111","ran111.hdr.71",-0.0037745
"111","ran111.hdr.72",-0.0006286
"111","ran111.hdr.73",-0.000471699999999999
"111","ran111.hdr.74",-0.0014309
"111","ran111.hdr.75",-0.000979000000000001
"111","ran111.hdr.76",-0.0017455
"111","ran111.hdr.77",-0.0010028
"111","ran111.hdr.78",0.0000916000000000007
"111","ran111.hdr.8",-0.000405638
"111","ran111.hdr.9",-0.0000185000000000012
"112","ran112.hdr.1",-0.000220599999999998
"112","ran112.hdr.10",0.000234499999999999
"112","ran112.hdr.11",-0.00020486
"112","ran112.hdr.12",-0.00085353
"112","ran112.hdr.13",-0.0003742
"112","ran112.hdr.14",0.0001061
"112","ran112.hdr.15",-0.0134706
"112","ran112.hdr.16",-0.00030432
"112","ran112.hdr.17",-0.0003148
"112","ran112.hdr.18",-0.0009639
"112","ran112.hdr.19",-0.0023332
"112","ran112.hdr.2",-0.000171609999999999
"112","ran112.hdr.20",-0.0021765
"112","ran112.hdr.21",0.00016851
"112","ran112.hdr.22",-0.0004445
"112","ran112.hdr.23",-0.000616499999999999
"112","ran112.hdr.24",0.0000491999999999992
"112","ran112.hdr.25",-0.000336700000000001
"112","ran112.hdr.26",-0.00025349
"112","ran112.hdr.27",-0.000420199999999999
"112","ran112.hdr.28",-0.00069205
"112","ran112.hdr.29",-0.0023372
"112","ran112.hdr.3",-0.0046226
"112","ran112.hdr.30",-0.000784
"112","ran112.hdr.31",0.00004498
"112","ran112.hdr.32",0.000069399999999999
"112","ran112.hdr.33",-0.001022
"112","ran112.hdr.34",-0.0001115
"112","ran112.hdr.35",-0.00022876
"112","ran112.hdr.36",-0.00233042
"112","ran112.hdr.37",0.0000373000000000005
"112","ran112.hdr.38",-0.0016134
"112","ran112.hdr.39",-0.0013244
"112","ran112.hdr.4",-0.0051096
"112","ran112.hdr.40",-0.0007499
"112","ran112.hdr.41",-0.00081
"112","ran112.hdr.42",0.0000551000000000024
"112","ran112.hdr.43",-0.0034509
"112","ran112.hdr.44",-0.000917300000000001
"112","ran112.hdr.45",-0.02102894
"112","ran112.hdr.46",-0.0012169
"112","ran112.hdr.47",-0.0046402
"112","ran112.hdr.48",-0.000201640000000001
"112","ran112.hdr.49",-0.000435700000000001
"112","ran112.hdr.5",-0.0030406
"112","ran112.hdr.50",-0.000551949999999999
"112","ran112.hdr.51",-0.00079426
"112","ran112.hdr.52",-0.00013051
"112","ran112.hdr.53",0.0000434099999999998
"112","ran112.hdr.54",-0.000586400000000001
"112","ran112.hdr.55",-0.0003833
"112","ran112.hdr.57",-0.00017852
"112","ran112.hdr.58",-0.000064100000000001
"112","ran112.hdr.59",-0.000477600000000002
"112","ran112.hdr.6",-0.000635699999999999
"112","ran112.hdr.60",0.0000782999999999999
"112","ran112.hdr.61",-0.0002463
"112","ran112.hdr.62",-0.0043602
"112","ran112.hdr.63",0.000449379999999999
"112","ran112.hdr.64",-0.000727199999999997
"112","ran112.hdr.65",-0.0011783
"112","ran112.hdr.66",-0.00039478
"112","ran112.hdr.67",-0.0003382
"112","ran112.hdr.68",-0.000170999999999999
"112","ran112.hdr.69",-0.0001385
"112","ran112.hdr.7",-0.00062661
"112","ran112.hdr.70",-0.000841399999999999
"112","ran112.hdr.71",-0.000690100000000003
"112","ran112.hdr.72",-0.0000170400000000003
"112","ran112.hdr.73",0.000384799999999999
"112","ran112.hdr.74",-0.00025328
"112","ran112.hdr.75",0.000483099999999998
"112","ran112.hdr.76",-0.0012012
"112","ran112.hdr.77",-0.00057689
"112","ran112.hdr.78",-0.0032639
"112","ran112.hdr.8",-0.000602800000000001
"112","ran112.hdr.9",-0.00024783
"113","ran113.hdr.1",-0.000893399999999999
"113","ran113.hdr.10",-0.000979900000000001
"113","ran113.hdr.11",-0.000429499999999999
"113","ran113.hdr.12",-0.000309469999999999
"113","ran113.hdr.13",-0.0000410000000000028
"113","ran113.hdr.14",0.00020913
"113","ran113.hdr.15",0.0000449828
"113","ran113.hdr.16",-0.000292499999999999
"113","ran113.hdr.17",-0.000351200000000001
"113","ran113.hdr.18",0.0001315
"113","ran113.hdr.19",0.0001454
"113","ran113.hdr.2",0.0000845999999999989
"113","ran113.hdr.20",-0.0014586
"113","ran113.hdr.21",-0.000352700000000001
"113","ran113.hdr.22",-0.000747600000000001
"113","ran113.hdr.23",0.0000270699999999997
"113","ran113.hdr.24",0.000281
"113","ran113.hdr.25",-0.0019493
"113","ran113.hdr.26",-0.00084943
"113","ran113.hdr.27",-0.00035699
"113","ran113.hdr.28",-0.0003097
"113","ran113.hdr.29",-0.00000110000000000041
"113","ran113.hdr.3",-0.0011152
"113","ran113.hdr.30",-0.0001338
"113","ran113.hdr.31",0.0000724000000000002
"113","ran113.hdr.32",-0.0011807
"113","ran113.hdr.33",-0.00046567
"113","ran113.hdr.34",-0.000408799999999999
"113","ran113.hdr.35",0.0000501000000000008
"113","ran113.hdr.36",-0.0021188
"113","ran113.hdr.37",-0.000385200000000002
"113","ran113.hdr.38",-0.0000457900000000004
"113","ran113.hdr.39",-0.000543500000000001
"113","ran113.hdr.4",0.0001343
"113","ran113.hdr.40",-0.000522199999999999
"113","ran113.hdr.41",-0.0013244
"113","ran113.hdr.42",-0.000717699999999998
"113","ran113.hdr.43",-0.0010611
"113","ran113.hdr.44",0.0005076
"113","ran113.hdr.45",-0.0020086
"113","ran113.hdr.46",-0.000384600000000002
"113","ran113.hdr.47",0.0000832000000000003
"113","ran113.hdr.48",-0.000207300000000001
"113","ran113.hdr.49",-0.0000697999999999983
"113","ran113.hdr.5",-0.000224699999999998
"113","ran113.hdr.50",-0.00270844
"113","ran113.hdr.51",-0.000814100000000002
"113","ran113.hdr.52",-0.000270000000000001
"113","ran113.hdr.53",-0.0011044
"113","ran113.hdr.54",0.00033385
"113","ran113.hdr.56",-0.000203699999999999
"113","ran113.hdr.57",-0.0012684
"113","ran113.hdr.58",-0.0022371
"113","ran113.hdr.59",-0.001222
"113","ran113.hdr.6",-0.000358239999999999
"113","ran113.hdr.60",-0.0093999
"113","ran113.hdr.61",-0.0003461
"113","ran113.hdr.62",-0.0003826
"113","ran113.hdr.63",0.0000217999999999989
"113","ran113.hdr.64",-0.000735300000000001
"113","ran113.hdr.65",-0.000404369999999999
"113","ran113.hdr.66",0.0004227
"113","ran113.hdr.67",-0.0013509
"113","ran113.hdr.68",-0.0000376999999999999
"113","ran113.hdr.69",-0.000417899999999999
"113","ran113.hdr.7",-0.0020013
"113","ran113.hdr.70",-0.0000338000000000005
"113","ran113.hdr.71",-0.000112899999999999
"113","ran113.hdr.72",0.0000351999999999991
"113","ran113.hdr.73",0.000248199999999999
"113","ran113.hdr.74",-0.0000205499999999994
"113","ran113.hdr.75",-0.0027169
"113","ran113.hdr.76",-0.00118788
"113","ran113.hdr.77",-0.000748700000000001
"113","ran113.hdr.78",-0.0000290799999999999
"113","ran113.hdr.8",-0.00120107
"113","ran113.hdr.9",-0.0005302
"114","ran114.hdr.1",-0.0013584
"114","ran114.hdr.10",-0.000376899999999999
"114","ran114.hdr.11",-0.0002244
"114","ran114.hdr.12",-0.0002267
"114","ran114.hdr.13",-0.000954400000000001
"114","ran114.hdr.14",-0.0000657000000000001
"114","ran114.hdr.15",-0.000151239999999999
"114","ran114.hdr.16",-0.000136260000000001
"114","ran114.hdr.17",-0.000410499999999999
"114","ran114.hdr.18",-0.000872700000000001
"114","ran114.hdr.19",-0.0024928
"114","ran114.hdr.2",-0.000180700000000001
"114","ran114.hdr.20",-0.000458800000000001
"114","ran114.hdr.21",-0.0004121
"114","ran114.hdr.22",-0.0013931
"114","ran114.hdr.23",-0.00018774
"114","ran114.hdr.24",-0.000714700000000002
"114","ran114.hdr.25",-0.00018809
"114","ran114.hdr.26",-0.0000828099999999991
"114","ran114.hdr.27",-0.00037474
"114","ran114.hdr.28",0.0000383999999999992
"114","ran114.hdr.29",-0.000902
"114","ran114.hdr.3",-0.0050769
"114","ran114.hdr.30",-0.0015516
"114","ran114.hdr.31",-0.000140850000000001
"114","ran114.hdr.32",-0.0011807
"114","ran114.hdr.33",-0.00046567
"114","ran114.hdr.34",-0.000468900000000001
"114","ran114.hdr.35",0.0000366999999999989
"114","ran114.hdr.36",-0.0000429300000000001
"114","ran114.hdr.37",0.00011464
"114","ran114.hdr.38",-0.000583
"114","ran114.hdr.39",-0.0001264
"114","ran114.hdr.4",-0.0039147
"114","ran114.hdr.40",-0.0023505
"114","ran114.hdr.41",-0.000402600000000001
"114","ran114.hdr.42",-0.001261
"114","ran114.hdr.43",-0.0021208
"114","ran114.hdr.44",-0.0007499
"114","ran114.hdr.45",-0.0000239999999999997
"114","ran114.hdr.46",-0.0000333999999999994
"114","ran114.hdr.47",-0.0005929
"114","ran114.hdr.48",-0.00022562
"114","ran114.hdr.49",0.0000551000000000024
"114","ran114.hdr.5",-0.000063007
"114","ran114.hdr.50",-0.0022656
"114","ran114.hdr.51",-0.000982800000000002
"114","ran114.hdr.52",-0.000258099999999999
"114","ran114.hdr.53",0.000784699999999999
"114","ran114.hdr.54",-0.000225599999999999
"114","ran114.hdr.55",-0.00015647
"114","ran114.hdr.56",0.00004863
"114","ran114.hdr.57",-0.0011044
"114","ran114.hdr.58",-0.0000432200000000001
"114","ran114.hdr.59",-0.000624599999999999
"114","ran114.hdr.6",-0.000422980000000001
"114","ran114.hdr.63",-0.000162300000000001
"114","ran114.hdr.64",-0.0001115
"114","ran114.hdr.65",-0.000425699999999999
"114","ran114.hdr.66",-0.000337039999999999
"114","ran114.hdr.67",0.0000100400000000002
"114","ran114.hdr.68",-0.00104738
"114","ran114.hdr.69",-0.0016226
"114","ran114.hdr.7",-0.00093515
"114","ran114.hdr.70",-0.0010621
"114","ran114.hdr.71",-0.000794200000000002
"114","ran114.hdr.72",0.00013489
"114","ran114.hdr.73",-0.0053353
"114","ran114.hdr.74",-0.0011354
"114","ran114.hdr.75",-0.000806600000000001
"114","ran114.hdr.76",-0.0016621
"114","ran114.hdr.77",-0.0057067
"114","ran114.hdr.78",-0.000584000000000001
"114","ran114.hdr.8",-0.0004419
"114","ran114.hdr.9",-0.000292249999999999
"115","ran115.hdr.1",-0.00021007
"115","ran115.hdr.10",-0.0006642
"115","ran115.hdr.11",-0.0007343
"115","ran115.hdr.12",-0.000408459999999999
"115","ran115.hdr.13",-0.000385
"115","ran115.hdr.14",-0.000274099999999999
"115","ran115.hdr.15",-0.00026025
"115","ran115.hdr.16",-0.0000712300000000003
"115","ran115.hdr.17",-0.0011929
"115","ran115.hdr.18",-0.000452899999999999
"115","ran115.hdr.19",-0.000473100000000001
"115","ran115.hdr.2",-0.0000914000000000002
"115","ran115.hdr.20",-0.0000923199999999999
"115","ran115.hdr.21",-0.000415599999999999
"115","ran115.hdr.22",-0.0017655
"115","ran115.hdr.23",-0.000432999999999999
"115","ran115.hdr.24",-0.000867099999999999
"115","ran115.hdr.25",0.000240199999999999
"115","ran115.hdr.26",-0.0014586
"115","ran115.hdr.27",-0.000204100000000002
"115","ran115.hdr.28",-0.0006865
"115","ran115.hdr.29",-0.0013931
"115","ran115.hdr.3",0.000233599999999997
"115","ran115.hdr.30",-0.00029545
"115","ran115.hdr.31",-0.00018774
"115","ran115.hdr.32",-0.000243760000000001
"115","ran115.hdr.33",-0.000292799999999999
"115","ran115.hdr.34",0.000206880000000001
"115","ran115.hdr.35",-0.000310299999999999
"115","ran115.hdr.36",-0.000359199999999999
"115","ran115.hdr.37",-0.0049962
"115","ran115.hdr.38",0.0001648
"115","ran115.hdr.39",-0.0000477999999999989
"115","ran115.hdr.4",-0.0036577
"115","ran115.hdr.40",0.000306799999999999
"115","ran115.hdr.41",-0.000773600000000003
"115","ran115.hdr.42",-0.0011277
"115","ran115.hdr.43",-0.0002132
"115","ran115.hdr.44",-0.000569900000000002
"115","ran115.hdr.45",-0.00034381
"115","ran115.hdr.46",0.0003897
"115","ran115.hdr.47",-0.0073875
"115","ran115.hdr.48",-0.004276
"115","ran115.hdr.49",-0.0008558
"115","ran115.hdr.5",-0.0054532
"115","ran115.hdr.50",-0.00017032
"115","ran115.hdr.51",0.0000833999999999991
"115","ran115.hdr.52",-0.0000118100000000001
"115","ran115.hdr.53",-0.000776200000000001
"115","ran115.hdr.54",-0.000212240000000001
"115","ran115.hdr.55",-0.0002716
"115","ran115.hdr.56",0.00026023
"115","ran115.hdr.59",-0.000602269999999999
"115","ran115.hdr.6",-0.000160850000000001
"115","ran115.hdr.60",0.00000550000000000203
"115","ran115.hdr.61",-0.0020934
"115","ran115.hdr.62",NA
"115","ran115.hdr.63",-0.011466
"115","ran115.hdr.64",0.00048652
"115","ran115.hdr.65",-0.0011457
"115","ran115.hdr.66",-0.0010621
"115","ran115.hdr.67",-0.000315199999999998
"115","ran115.hdr.68",0.000872000000000001
"115","ran115.hdr.69",-0.0021688
"115","ran115.hdr.7",-0.00259746
"115","ran115.hdr.70",0.0000390000000000008
"115","ran115.hdr.71",-0.00029
"115","ran115.hdr.72",-0.000386900000000003
"115","ran115.hdr.73",0.000268299999999999
"115","ran115.hdr.74",-0.0022011
"115","ran115.hdr.75",0.000132810000000001
"115","ran115.hdr.76",-0.0009751
"115","ran115.hdr.77",-0.0019926
"115","ran115.hdr.78",-0.0057067
"115","ran115.hdr.8",-0.00025442
"115","ran115.hdr.9",-0.000701999999999999
"116","ran116.hdr.1",0.0000236000000000004
"116","ran116.hdr.10",-0.0004419
"116","ran116.hdr.11",0.00027519
"116","ran116.hdr.12",-0.0002828
"116","ran116.hdr.13",0.0000112099999999993
"116","ran116.hdr.14",-0.000954400000000001
"116","ran116.hdr.15",-0.0003143
"116","ran116.hdr.16",-0.000824699999999999
"116","ran116.hdr.17",-0.0000559799999999997
"116","ran116.hdr.18",-0.00161496
"116","ran116.hdr.19",-0.000113727
"116","ran116.hdr.2",0.000220700000000001
"116","ran116.hdr.20",-0.0002725
"116","ran116.hdr.21",0.0000675200000000006
"116","ran116.hdr.22",-0.000911199999999997
"116","ran116.hdr.23",0.0000146999999999994
"116","ran116.hdr.24",-0.000257800000000001
"116","ran116.hdr.25",-0.0006806
"116","ran116.hdr.26",-0.0013931
"116","ran116.hdr.27",-0.000714700000000002
"116","ran116.hdr.28",-0.0000985000000000014
"116","ran116.hdr.29",-0.000341280000000001
"116","ran116.hdr.3",0.0000146
"116","ran116.hdr.30",-0.00037474
"116","ran116.hdr.31",0.000177500000000001
"116","ran116.hdr.32",0.000107599999999999
"116","ran116.hdr.33",0.0000409999999999994
"116","ran116.hdr.34",0.0000934000000000004
"116","ran116.hdr.35",-0.00032897
"116","ran116.hdr.36",-0.0001545
"116","ran116.hdr.37",0.000049999999999998
"116","ran116.hdr.38",0.0001583
"116","ran116.hdr.39",-0.000627829999999999
"116","ran116.hdr.4",-0.0002056
"116","ran116.hdr.40",-0.0000391499999999999
"116","ran116.hdr.41",-0.0012106
"116","ran116.hdr.42",-0.00013712
"116","ran116.hdr.43",-0.00019346
"116","ran116.hdr.44",-0.0011215
"116","ran116.hdr.45",-0.00005857
"116","ran116.hdr.46",0.00004863
"116","ran116.hdr.47",-0.0000823899999999999
"116","ran116.hdr.48",-0.0070655
"116","ran116.hdr.49",-0.0013907
"116","ran116.hdr.5",-0.00210631
"116","ran116.hdr.50",-0.0034143
"116","ran116.hdr.51",-0.0000753999999999998
"116","ran116.hdr.52",-0.0005042
"116","ran116.hdr.53",-0.000238039999999999
"116","ran116.hdr.54",-0.00011554
"116","ran116.hdr.55",-0.00048754
"116","ran116.hdr.56",-0.0013817
"116","ran116.hdr.57",-0.001153
"116","ran116.hdr.58",-0.0015743
"116","ran116.hdr.59",-0.000406799999999999
"116","ran116.hdr.6",-0.0056027
"116","ran116.hdr.60",0.000452299999999999
"116","ran116.hdr.61",0.000477
"116","ran116.hdr.62",-0.0011892
"116","ran116.hdr.63",-0.0015961
"116","ran116.hdr.64",-0.0027675
"116","ran116.hdr.65",-0.00048136
"116","ran116.hdr.66",0.000541300000000002
"116","ran116.hdr.67",-0.0037006
"116","ran116.hdr.68",0.0000255200000000002
"116","ran116.hdr.69",-0.000204899999999999
"116","ran116.hdr.7",-0.0009196
"116","ran116.hdr.70",-0.000389599999999999
"116","ran116.hdr.71",-0.0004414
"116","ran116.hdr.72",-0.0014277
"116","ran116.hdr.73",-0.001624
"116","ran116.hdr.74",-0.0002559
"116","ran116.hdr.75",-0.000358600000000001
"116","ran116.hdr.76",-0.0014309
"116","ran116.hdr.77",-0.00057689
"116","ran116.hdr.78",-0.000547499999999999
"116","ran116.hdr.8",-0.00021
"116","ran116.hdr.9",-0.00011542
"117","ran117.hdr.1",0.000507800000000001
"117","ran117.hdr.10",0.00000759999999999997
"117","ran117.hdr.11",NA
"117","ran117.hdr.12",-0.000428030000000001
"117","ran117.hdr.13",0.0000692099999999997
"117","ran117.hdr.14",0.0000509400000000002
"117","ran117.hdr.15",-0.000506029999999999
"117","ran117.hdr.16",0.000024999999999999
"117","ran117.hdr.17",-0.0000692999999999996
"117","ran117.hdr.18",-0.0008974
"117","ran117.hdr.19",-0.0018782
"117","ran117.hdr.2",-0.0032872
"117","ran117.hdr.20",-0.0004534
"117","ran117.hdr.21",-0.00033068
"117","ran117.hdr.22",0.00029245
"117","ran117.hdr.23",-0.000184699999999999
"117","ran117.hdr.24",0.0001045
"117","ran117.hdr.25",-0.001596
"117","ran117.hdr.26",-0.000446100000000001
"117","ran117.hdr.27",-0.000379999999999998
"117","ran117.hdr.28",-0.00032068
"117","ran117.hdr.29",-0.00007594
"117","ran117.hdr.3",-0.000290820000000001
"117","ran117.hdr.30",-0.0006865
"117","ran117.hdr.31",-0.0001559
"117","ran117.hdr.32",-0.00029017
"117","ran117.hdr.33",-0.0017024
"117","ran117.hdr.34",-0.000358299999999999
"117","ran117.hdr.35",-0.00029141
"117","ran117.hdr.36",-0.00000899999999999859
"117","ran117.hdr.37",-0.000478900000000001
"117","ran117.hdr.38",-0.000768999999999999
"117","ran117.hdr.39",-0.0005509
"117","ran117.hdr.4",0.00000720000000000061
"117","ran117.hdr.40",-0.0008168
"117","ran117.hdr.41",-0.000472420000000001
"117","ran117.hdr.42",-0.000666099999999999
"117","ran117.hdr.43",0.0001175
"117","ran117.hdr.44",-0.0033395
"117","ran117.hdr.45",-0.0010777
"117","ran117.hdr.46",-0.0022656
"117","ran117.hdr.47",-0.02102894
"117","ran117.hdr.48",-0.000576500000000001
"117","ran117.hdr.49",-0.000334300000000001
"117","ran117.hdr.5",-0.0036814
"117","ran117.hdr.50",0.000012144
"117","ran117.hdr.51",-0.000569500000000001
"117","ran117.hdr.52",-0.0004577
"117","ran117.hdr.53",-0.0013645
"117","ran117.hdr.54",-0.0010313
"117","ran117.hdr.55",-0.0003198
"117","ran117.hdr.56",-0.001074
"117","ran117.hdr.59",-0.000478599999999999
"117","ran117.hdr.6",-0.0061766
"117","ran117.hdr.60",0.000090208
"117","ran117.hdr.61",-0.000547800000000001
"117","ran117.hdr.62",0.0011807
"117","ran117.hdr.63",-0.000268299999999999
"117","ran117.hdr.64",-0.0001213
"117","ran117.hdr.65",0.0000897999999999993
"117","ran117.hdr.66",-0.0021629
"117","ran117.hdr.67",-0.000266830000000001
"117","ran117.hdr.68",-0.000154400000000002
"117","ran117.hdr.69",-0.00045068
"117","ran117.hdr.7",-0.0031066
"117","ran117.hdr.70",-0.001507
"117","ran117.hdr.71",-0.0037006
"117","ran117.hdr.72",-0.000870200000000002
"117","ran117.hdr.73",-0.0010098
"117","ran117.hdr.74",-0.000596000000000003
"117","ran117.hdr.75",-0.000590700000000003
"117","ran117.hdr.76",-0.000806600000000001
"117","ran117.hdr.77",-0.00039613
"117","ran117.hdr.78",-0.0015057
"117","ran117.hdr.8",-0.0009196
"117","ran117.hdr.9",-0.00044229
"118","ran118.hdr.1",-0.0026949
"118","ran118.hdr.10",-0.00031262
"118","ran118.hdr.11",-0.0000787700000000001
"118","ran118.hdr.12",0.00016704
"118","ran118.hdr.13",0.000299799999999999
"118","ran118.hdr.14",0.00000960000000000023
"118","ran118.hdr.15",-0.0002471
"118","ran118.hdr.16",-0.000320800000000001
"118","ran118.hdr.17",-0.000868799999999999
"118","ran118.hdr.18",-0.00047309
"118","ran118.hdr.19",-0.000600499999999999
"118","ran118.hdr.2",-0.0023191
"118","ran118.hdr.20",-0.000587000000000001
"118","ran118.hdr.21",-0.0004586
"118","ran118.hdr.22",0.000241600000000002
"118","ran118.hdr.23",-0.0008602
"118","ran118.hdr.24",-0.0003435
"118","ran118.hdr.25",-0.0006914
"118","ran118.hdr.26",-0.000509900000000001
"118","ran118.hdr.27",-0.0002792
"118","ran118.hdr.28",-0.0021231
"118","ran118.hdr.29",-0.0026503
"118","ran118.hdr.3",-0.00218825
"118","ran118.hdr.30",-0.0010804
"118","ran118.hdr.31",-0.0006806
"118","ran118.hdr.32",0.000113199999999999
"118","ran118.hdr.33",0.0000788999999999998
"118","ran118.hdr.34",-0.000322500000000002
"118","ran118.hdr.35",-0.00017027
"118","ran118.hdr.36",-0.0003079
"118","ran118.hdr.37",-0.00024082
"118","ran118.hdr.38",-0.0000663
"118","ran118.hdr.39",-0.000712399999999998
"118","ran118.hdr.4",-0.0049685
"118","ran118.hdr.40",-0.0076907
"118","ran118.hdr.41",-0.00023755
"118","ran118.hdr.42",0.0004154
"118","ran118.hdr.43",0.00010494
"118","ran118.hdr.44",-0.0011115
"118","ran118.hdr.45",-0.000687
"118","ran118.hdr.46",NA
"118","ran118.hdr.47",-0.000446100000000001
"118","ran118.hdr.48",0.0000583000000000007
"118","ran118.hdr.49",-0.000569999999999999
"118","ran118.hdr.5",-0.0037976
"118","ran118.hdr.50",-0.0016596
"118","ran118.hdr.51",-0.00022562
"118","ran118.hdr.52",-0.0022656
"118","ran118.hdr.53",-0.0011337
"118","ran118.hdr.54",0.000137
"118","ran118.hdr.55",-0.000153
"118","ran118.hdr.56",-0.000551949999999999
"118","ran118.hdr.57",-0.000643990000000001
"118","ran118.hdr.58",-0.000175950000000001
"118","ran118.hdr.59",0.0000281999999999999
"118","ran118.hdr.6",-0.0032486
"118","ran118.hdr.60",-0.000217699999999999
"118","ran118.hdr.62",0.0000943000000000003
"118","ran118.hdr.63",-0.00024239
"118","ran118.hdr.64",-0.0013065
"118","ran118.hdr.65",-0.0021686
"118","ran118.hdr.66",-0.00016
"118","ran118.hdr.67",-0.0003435
"118","ran118.hdr.68",0.0000390000000000008
"118","ran118.hdr.69",-0.0004414
"118","ran118.hdr.7",-0.00259746
"118","ran118.hdr.70",-0.0014277
"118","ran118.hdr.71",-0.00032338
"118","ran118.hdr.72",0.0001239
"118","ran118.hdr.73",0.00015336
"118","ran118.hdr.74",-0.000809499999999998
"118","ran118.hdr.75",-0.0012827
"118","ran118.hdr.76",-0.0001966
"118","ran118.hdr.77",-0.0014426
"118","ran118.hdr.78",-0.00030704
"118","ran118.hdr.8",-0.00021
"118","ran118.hdr.9",-0.0006119
"119","ran119.hdr.1",-0.0009493
"119","ran119.hdr.10",-0.0003795
"119","ran119.hdr.11",-0.0005448
"119","ran119.hdr.12",-0.000438800000000001
"119","ran119.hdr.13",0.0000659100000000006
"119","ran119.hdr.14",-0.00029445
"119","ran119.hdr.15",-0.000262800000000001
"119","ran119.hdr.16",-0.00026025
"119","ran119.hdr.17",-0.00037709
"119","ran119.hdr.18",-0.0002013
"119","ran119.hdr.19",-0.000212299999999999
"119","ran119.hdr.2",-0.002469
"119","ran119.hdr.20",-0.0008164
"119","ran119.hdr.21",-0.000727600000000002
"119","ran119.hdr.22",-0.001596
"119","ran119.hdr.23",-0.0012838
"119","ran119.hdr.24",-0.001862
"119","ran119.hdr.25",-0.00055319
"119","ran119.hdr.26",0.0000400000000000001
"119","ran119.hdr.27",-0.000148799999999999
"119","ran119.hdr.28",-0.0002538
"119","ran119.hdr.29",0.0000166000000000003
"119","ran119.hdr.3",-0.0005816
"119","ran119.hdr.30",-0.000420199999999999
"119","ran119.hdr.31",-0.0076907
"119","ran119.hdr.32",-0.0044356
"119","ran119.hdr.33",0.00000920000000000087
"119","ran119.hdr.34",-0.00000899999999999859
"119","ran119.hdr.35",-0.000735299999999998
"119","ran119.hdr.36",-0.0009332
"119","ran119.hdr.37",-0.000475400000000001
"119","ran119.hdr.38",-0.00028523
"119","ran119.hdr.39",-0.000583
"119","ran119.hdr.4",-0.0028401
"119","ran119.hdr.40",0.000250999999999999
"119","ran119.hdr.41",0.0003309
"119","ran119.hdr.42",-0.0000886700000000001
"119","ran119.hdr.43",-0.000464300000000001
"119","ran119.hdr.44",-0.0000755699999999996
"119","ran119.hdr.45",0.000204900000000001
"119","ran119.hdr.46",-0.0006733
"119","ran119.hdr.47",-0.0012558
"119","ran119.hdr.48",NA
"119","ran119.hdr.49",-0.000940400000000001
"119","ran119.hdr.5",-0.00044199
"119","ran119.hdr.50",-0.000325299999999997
"119","ran119.hdr.51",-0.00017032
"119","ran119.hdr.52",-0.000713800000000001
"119","ran119.hdr.53",-0.0002421
"119","ran119.hdr.54",-0.000425500000000001
"119","ran119.hdr.55",0.000140899999999999
"119","ran119.hdr.58",-0.00029748
"119","ran119.hdr.59",-0.0043657
"119","ran119.hdr.6",-0.000480399999999999
"119","ran119.hdr.60",-0.000639499999999998
"119","ran119.hdr.61",-0.0000474999999999989
"119","ran119.hdr.62",-0.000290100000000001
"119","ran119.hdr.63",-0.0010529
"119","ran119.hdr.64",0.0000100400000000002
"119","ran119.hdr.65",-0.000662299999999998
"119","ran119.hdr.66",-0.000128400000000001
"119","ran119.hdr.67",-0.000382200000000003
"119","ran119.hdr.68",-0.000834999999999999
"119","ran119.hdr.69",-0.001084
"119","ran119.hdr.7",-0.00056426
"119","ran119.hdr.70",-0.0010444
"119","ran119.hdr.71",0.0000251000000000001
"119","ran119.hdr.72",-0.0028229
"119","ran119.hdr.73",-0.000345399999999999
"119","ran119.hdr.74",-0.000401100000000001
"119","ran119.hdr.75",0.00013489
"119","ran119.hdr.76",-0.0002688
"119","ran119.hdr.77",-0.000458999999999998
"119","ran119.hdr.78",-0.0007951
"119","ran119.hdr.8",-0.00021846
"119","ran119.hdr.9",-0.00020486
"120","ran120.hdr.1",0.000362100000000001
"120","ran120.hdr.10",-0.00037472
"120","ran120.hdr.11",-0.0004828
"120","ran120.hdr.12",0.00016704
"120","ran120.hdr.13",-0.00033671
"120","ran120.hdr.14",-0.0015955
"120","ran120.hdr.15",-0.0000390000000000008
"120","ran120.hdr.16",-0.0000692999999999996
"120","ran120.hdr.17",-0.000988359999999999
"120","ran120.hdr.18",-0.000457879999999999
"120","ran120.hdr.19",0.00000759999999999997
"120","ran120.hdr.2",-0.000905800000000002
"120","ran120.hdr.20",-0.0000309000000000004
"120","ran120.hdr.21",-0.000356
"120","ran120.hdr.22",-0.00098458
"120","ran120.hdr.23",-0.00043339
"120","ran120.hdr.24",0.000808400000000001
"120","ran120.hdr.25",-0.0002542
"120","ran120.hdr.26",-0.0019493
"120","ran120.hdr.27",-0.000234649999999999
"120","ran120.hdr.28",-0.000507499999999999
"120","ran120.hdr.29",-0.00024082
"120","ran120.hdr.3",-0.0013435
"120","ran120.hdr.30",-0.000347699999999999
"120","ran120.hdr.31",-0.0044356
"120","ran120.hdr.32",-0.0010845
"120","ran120.hdr.33",-0.000709920000000001
"120","ran120.hdr.34",-0.000730600000000001
"120","ran120.hdr.35",-0.00029141
"120","ran120.hdr.36",-0.000140850000000001
"120","ran120.hdr.37",-0.0006306
"120","ran120.hdr.38",-0.000281700000000001
"120","ran120.hdr.39",-0.00087888
"120","ran120.hdr.4",-0.000290820000000001
"120","ran120.hdr.40",-0.000016600000000002
"120","ran120.hdr.41",-0.000307
"120","ran120.hdr.42",0.000355000000000001
"120","ran120.hdr.43",-0.0009972
"120","ran120.hdr.44",-0.0002126
"120","ran120.hdr.45",-0.0003389
"120","ran120.hdr.46",-0.0000371
"120","ran120.hdr.47",-0.0015836
"120","ran120.hdr.48",0.00004863
"120","ran120.hdr.49",-0.00062953
"120","ran120.hdr.5",-0.00195907
"120","ran120.hdr.50",-0.0015158
"120","ran120.hdr.51",-0.0006619
"120","ran120.hdr.52",0.000215399
"120","ran120.hdr.53",0.00015145
"120","ran120.hdr.54",-0.0000509000000000013
"120","ran120.hdr.55",-0.0040008
"120","ran120.hdr.56",-0.000578199999999999
"120","ran120.hdr.58",-0.00017852
"120","ran120.hdr.59",0.0001806
"120","ran120.hdr.6",-0.0109775
"120","ran120.hdr.60",-0.000999000000000003
"120","ran120.hdr.61",-0.0015743
"120","ran120.hdr.62",-0.0000185000000000012
"120","ran120.hdr.63",-0.000120599999999998
"120","ran120.hdr.64",-0.001222
"120","ran120.hdr.65",0.0003231
"120","ran120.hdr.66",-0.01280889
"120","ran120.hdr.67",-0.00017358
"120","ran120.hdr.68",-0.0014307
"120","ran120.hdr.69",-0.0005504
"120","ran120.hdr.7",-0.00039892
"120","ran120.hdr.70",-0.0010621
"120","ran120.hdr.71",-0.0013312
"120","ran120.hdr.72",-0.00059999
"120","ran120.hdr.73",-0.0010843
"120","ran120.hdr.74",-0.0022866
"120","ran120.hdr.75",-0.000220500000000002
"120","ran120.hdr.76",-0.000498099999999998
"120","ran120.hdr.77",-0.000547499999999999
"120","ran120.hdr.78",-0.000776900000000001
"120","ran120.hdr.8",-0.0002951
"120","ran120.hdr.9",0.0000511000000000001
"121","ran121.hdr.1",-0.00020446
"121","ran121.hdr.10",-0.0004966
"121","ran121.hdr.11",-0.0004419
"121","ran121.hdr.12",0.00027519
"121","ran121.hdr.13",0.000294599999999999
"121","ran121.hdr.14",-0.000385
"121","ran121.hdr.15",-0.000911199999999997
"121","ran121.hdr.16",-0.000516000000000001
"121","ran121.hdr.17",-0.0015418
"121","ran121.hdr.18",-0.00020244
"121","ran121.hdr.19",-0.000646799999999999
"121","ran121.hdr.2",-0.0024371
"121","ran121.hdr.20",-0.0011163
"121","ran121.hdr.21",-0.00032068
"121","ran121.hdr.22",-0.0000480399999999992
"121","ran121.hdr.23",-0.00046126
"121","ran121.hdr.24",-0.00034293
"121","ran121.hdr.25",0.0000553900000000002
"121","ran121.hdr.26",0.0000166000000000003
"121","ran121.hdr.27",0.0000686800000000007
"121","ran121.hdr.28",-0.000397000000000002
"121","ran121.hdr.29",0.000056719
"121","ran121.hdr.3",-0.000511400000000002
"121","ran121.hdr.30",-0.000310299999999999
"121","ran121.hdr.31",-0.0023372
"121","ran121.hdr.32",-0.0038148
"121","ran121.hdr.33",-0.0032627
"121","ran121.hdr.34",-0.00350844
"121","ran121.hdr.35",-0.0051598
"121","ran121.hdr.36",-0.000962000000000001
"121","ran121.hdr.37",-0.000777200000000002
"121","ran121.hdr.38",-0.000154000000000001
"121","ran121.hdr.39",-0.000390949999999999
"121","ran121.hdr.4",-0.000653600000000001
"121","ran121.hdr.40",NA
"121","ran121.hdr.41",-0.0005707
"121","ran121.hdr.42",-0.0014927
"121","ran121.hdr.43",-0.0001145
"121","ran121.hdr.44",-0.001261
"121","ran121.hdr.45",-0.0002047
"121","ran121.hdr.46",-0.0000280999999999997
"121","ran121.hdr.47",-0.01714898
"121","ran121.hdr.48",0.00019344
"121","ran121.hdr.49",0.0000530699999999997
"121","ran121.hdr.5",-0.0037929
"121","ran121.hdr.50",-0.000879130000000001
"121","ran121.hdr.51",0.0002425
"121","ran121.hdr.52",-0.00031891
"121","ran121.hdr.53",-0.0000283000000000002
"121","ran121.hdr.54",-0.0011511
"121","ran121.hdr.55",0.0000452999999999999
"121","ran121.hdr.56",-0.000267940000000001
"121","ran121.hdr.57",-0.00073559
"121","ran121.hdr.58",-0.0003339
"121","ran121.hdr.59",-0.000999000000000003
"121","ran121.hdr.6",-0.0056785
"121","ran121.hdr.60",-0.00095777
"121","ran121.hdr.61",-0.0004244
"121","ran121.hdr.62",-0.0011885
"121","ran121.hdr.63",0.00000670600000000001
"121","ran121.hdr.64",-0.0013718
"121","ran121.hdr.65",-0.0010749
"121","ran121.hdr.66",-0.000334099999999999
"121","ran121.hdr.67",-0.000113210000000001
"121","ran121.hdr.68",-0.000420499999999999
"121","ran121.hdr.69",-0.000331100000000001
"121","ran121.hdr.7",-0.0045035
"121","ran121.hdr.70",-0.001085
"121","ran121.hdr.71",-0.0014352
"121","ran121.hdr.72",0.0000255200000000002
"121","ran121.hdr.73",-0.000407100000000001
"121","ran121.hdr.74",-0.0001492
"121","ran121.hdr.75",-0.00025328
"121","ran121.hdr.76",-0.000630200000000001
"121","ran121.hdr.77",-0.0002862
"121","ran121.hdr.78",0.0001543
"121","ran121.hdr.8",-0.00061467
"121","ran121.hdr.9",-0.00013959
"122","ran122.hdr.1",-0.0016743
"122","ran122.hdr.10",-0.0003059
"122","ran122.hdr.11",-0.000480399999999999
"122","ran122.hdr.12",-0.000301300000000001
"122","ran122.hdr.13",-0.000032131
"122","ran122.hdr.14",-0.000681099999999999
"122","ran122.hdr.15",-0.000414400000000001
"122","ran122.hdr.16",0.000321200000000001
"122","ran122.hdr.17",-0.000274099999999999
"122","ran122.hdr.18",-0.000126800000000002
"122","ran122.hdr.19",-0.000377500000000001
"122","ran122.hdr.2",-0.0005246
"122","ran122.hdr.20",-0.0002232
"122","ran122.hdr.21",-0.0000187
"122","ran122.hdr.22",-0.0016211
"122","ran122.hdr.23",-0.0012838
"122","ran122.hdr.24",-0.001862
"122","ran122.hdr.25",-0.000206
"122","ran122.hdr.26",-0.0003826
"122","ran122.hdr.27",-0.000257800000000001
"122","ran122.hdr.28",-0.00021302
"122","ran122.hdr.29",-0.0007746
"122","ran122.hdr.3",0.00015914
"122","ran122.hdr.30",-0.0113291
"122","ran122.hdr.31",-0.0000570099999999997
"122","ran122.hdr.32",0.0000111
"122","ran122.hdr.33",NA
"122","ran122.hdr.34",-0.00044142
"122","ran122.hdr.35",-0.000572599999999999
"122","ran122.hdr.36",-0.000284
"122","ran122.hdr.37",0.0002477
"122","ran122.hdr.38",-0.00345372
"122","ran122.hdr.39",0.000893600000000001
"122","ran122.hdr.4",-0.00097862
"122","ran122.hdr.40",-0.0004601
"122","ran122.hdr.41",-0.0017336
"122","ran122.hdr.42",-0.00036563
"122","ran122.hdr.43",0.0001668
"122","ran122.hdr.44",0.0000467000000000002
"122","ran122.hdr.45",-0.0015782
"122","ran122.hdr.46",-0.0011836
"122","ran122.hdr.47",-0.00081
"122","ran122.hdr.48",-0.0015836
"122","ran122.hdr.49",0.000377580000000001
"122","ran122.hdr.5",-0.0054872
"122","ran122.hdr.50",-0.0016063
"122","ran122.hdr.51",0.000542899999999999
"122","ran122.hdr.52",-0.001384
"122","ran122.hdr.53",-0.0005872
"122","ran122.hdr.54",-0.00017032
"122","ran122.hdr.55",-0.000280989999999999
"122","ran122.hdr.56",-0.000879130000000001
"122","ran122.hdr.57",-0.00062953
"122","ran122.hdr.58",-0.00270844
"122","ran122.hdr.59",-0.002475
"122","ran122.hdr.6",-0.000540269999999999
"122","ran122.hdr.60",-0.0015162
"122","ran122.hdr.61",-0.0034143
"122","ran122.hdr.62",-0.0000202000000000015
"122","ran122.hdr.63",-0.00010923
"122","ran122.hdr.64",0.0000982199999999996
"122","ran122.hdr.65",0.00006295
"122","ran122.hdr.66",-0.000540700000000002
"122","ran122.hdr.67",-0.0010605
"122","ran122.hdr.68",-0.000738799999999998
"122","ran122.hdr.69",-0.0010023
"122","ran122.hdr.7",-0.01541877
"122","ran122.hdr.70",0.00000170000000000031
"122","ran122.hdr.71",-0.00021431
"122","ran122.hdr.72",-0.000388300000000001
"122","ran122.hdr.73",-0.0003147
"122","ran122.hdr.74",-0.0000844099999999996
"122","ran122.hdr.75",-0.00029302
"122","ran122.hdr.76",-0.000578
"122","ran122.hdr.77",-0.000218699999999999
"122","ran122.hdr.78",-0.00096858
"122","ran122.hdr.8",-0.0030949
"122","ran122.hdr.9",-0.00000749999999999883
"123","ran123.hdr.1",-0.000739499999999999
"123","ran123.hdr.10",-0.00093515
"123","ran123.hdr.11",-0.0000149
"123","ran123.hdr.12",-0.000223299999999999
"123","ran123.hdr.13",-0.000405638
"123","ran123.hdr.14",0.000283200000000001
"123","ran123.hdr.15",-0.000507199999999999
"123","ran123.hdr.16",-0.0016948
"123","ran123.hdr.17",0.0001871
"123","ran123.hdr.18",-0.0000342699999999994
"123","ran123.hdr.19",-0.00085353
"123","ran123.hdr.2",-0.0013435
"123","ran123.hdr.20",-0.000515700000000001
"123","ran123.hdr.21",-0.00032312
"123","ran123.hdr.22",-0.0002166
"123","ran123.hdr.23",-0.000382
"123","ran123.hdr.24",-0.000779799999999999
"123","ran123.hdr.25",-0.0017674
"123","ran123.hdr.26",-0.0016952
"123","ran123.hdr.27",-0.0035352
"123","ran123.hdr.28",-0.0000169000000000002
"123","ran123.hdr.29",-0.000174299999999999
"123","ran123.hdr.3",0.000279300000000001
"123","ran123.hdr.30",-0.0024928
"123","ran123.hdr.31",0.0000328100000000012
"123","ran123.hdr.32",-0.0000702999999999988
"123","ran123.hdr.33",-0.000154699999999999
"123","ran123.hdr.34",0.00026201
"123","ran123.hdr.35",-0.000468900000000001
"123","ran123.hdr.36",-0.0008652
"123","ran123.hdr.37",-0.0076907
"123","ran123.hdr.38",-0.0050666
"123","ran123.hdr.39",-0.0049962
"123","ran123.hdr.4",-0.00009361
"123","ran123.hdr.40",0.000049999999999998
"123","ran123.hdr.41",0.000276050000000002
"123","ran123.hdr.42",-0.000316800000000001
"123","ran123.hdr.43",0.000191180000000001
"123","ran123.hdr.44",0.000354
"123","ran123.hdr.45",-0.0001145
"123","ran123.hdr.46",-0.0025436
"123","ran123.hdr.47",-0.000127200000000001
"123","ran123.hdr.48",0.000898900000000001
"123","ran123.hdr.49",-0.0003643
"123","ran123.hdr.5",-0.002115
"123","ran123.hdr.50",-0.0001597
"123","ran123.hdr.51",0.00027974
"123","ran123.hdr.52",0.000156099999999999
"123","ran123.hdr.53",-0.000765099999999998
"123","ran123.hdr.54",-0.0072374
"123","ran123.hdr.55",-0.000821700000000002
"123","ran123.hdr.56",-0.0025824
"123","ran123.hdr.57",-0.00013051
"123","ran123.hdr.58",-0.000313299999999999
"123","ran123.hdr.59",-0.000410299999999999
"123","ran123.hdr.6",-0.0056027
"123","ran123.hdr.60",-0.0020265
"123","ran123.hdr.61",-0.0000994599999999991
"123","ran123.hdr.62",0.000212799999999999
"123","ran123.hdr.63",-0.0015428
"123","ran123.hdr.64",-0.001222
"123","ran123.hdr.65",0.000166699999999999
"123","ran123.hdr.66",0.0000303000000000005
"123","ran123.hdr.67",-0.00104738
"123","ran123.hdr.68",-0.000850799999999999
"123","ran123.hdr.69",-0.0021688
"123","ran123.hdr.7",-0.0044797
"123","ran123.hdr.70",-0.00000323999999999984
"123","ran123.hdr.71",-0.0000461999999999997
"123","ran123.hdr.72",-0.0016673
"123","ran123.hdr.73",-0.0003147
"123","ran123.hdr.74",-0.000389500000000001
"123","ran123.hdr.75",-0.000630200000000001
"123","ran123.hdr.76",-0.00444969
"123","ran123.hdr.77",-0.0023497
"123","ran123.hdr.78",-0.000776900000000001
"123","ran123.hdr.8",-0.002828
"123","ran123.hdr.9",-0.000571100000000001
"124","ran124.hdr.1",-0.0000511000000000001
"124","ran124.hdr.10",-0.00038711
"124","ran124.hdr.11",-0.000458999999999999
"124","ran124.hdr.12",-0.000456600000000001
"124","ran124.hdr.13",-0.0015386
"124","ran124.hdr.14",-0.00154022
"124","ran124.hdr.15",-0.00018093
"124","ran124.hdr.16",0.000188412
"124","ran124.hdr.17",-0.0000950400000000011
"124","ran124.hdr.18",-0.00016698
"124","ran124.hdr.19",-0.000320599999999999
"124","ran124.hdr.2",0.000214480000000001
"124","ran124.hdr.20",-0.00085353
"124","ran124.hdr.21",-0.0011143
"124","ran124.hdr.22",-0.0000977999999999986
"124","ran124.hdr.23",-0.00036797
"124","ran124.hdr.24",0.000288699999999999
"124","ran124.hdr.25",-0.000473100000000001
"124","ran124.hdr.26",-0.00023074
"124","ran124.hdr.27",-0.000111799999999999
"124","ran124.hdr.28",-0.0023662
"124","ran124.hdr.29",-0.000435399999999999
"124","ran124.hdr.3",-0.0016682
"124","ran124.hdr.30",-0.0010804
"124","ran124.hdr.31",-0.0000786399999999996
"124","ran124.hdr.32",-0.000714700000000002
"124","ran124.hdr.33",-0.000258899999999999
"124","ran124.hdr.34",-0.0001764
"124","ran124.hdr.35",-0.000450470000000001
"124","ran124.hdr.36",-0.0000851000000000011
"124","ran124.hdr.37",-0.000572599999999999
"124","ran124.hdr.38",0.0000948100000000007
"124","ran124.hdr.39",-0.00345372
"124","ran124.hdr.4",-0.0053867
"124","ran124.hdr.40",-0.000114900000000001
"124","ran124.hdr.41",-0.000348000000000001
"124","ran124.hdr.42",0.000271899999999999
"124","ran124.hdr.43",-0.0000142300000000005
"124","ran124.hdr.44",-0.000214700000000002
"124","ran124.hdr.45",-0.0013898
"124","ran124.hdr.46",-0.0002538
"124","ran124.hdr.47",0.0000173000000000013
"124","ran124.hdr.48",-0.0037192
"124","ran124.hdr.49",0.0000336799999999999
"124","ran124.hdr.5",-0.000233200000000003
"124","ran124.hdr.50",-0.0017191
"124","ran124.hdr.51",0.0000297000000000006
"124","ran124.hdr.52",-0.0041082
"124","ran124.hdr.53",-0.0010055
"124","ran124.hdr.54",-0.000377499999999999
"124","ran124.hdr.55",0.00017578
"124","ran124.hdr.56",-0.00029094
"124","ran124.hdr.57",-0.00077464
"124","ran124.hdr.58",-0.000814100000000002
"124","ran124.hdr.59",-0.00015901
"124","ran124.hdr.6",0.0000743100000000002
"124","ran124.hdr.60",0.00026858
"124","ran124.hdr.61",-0.00021408
"124","ran124.hdr.62",-0.0001099
"124","ran124.hdr.63",-0.000162300000000001
"124","ran124.hdr.64",0.00015665
"124","ran124.hdr.65",-0.000540700000000002
"124","ran124.hdr.66",-0.0015743
"124","ran124.hdr.67",-0.000680699999999999
"124","ran124.hdr.68",-0.000477
"124","ran124.hdr.69",0.0001323
"124","ran124.hdr.7",-0.003143
"124","ran124.hdr.70",-0.0004463
"124","ran124.hdr.71",-0.0000420399999999999
"124","ran124.hdr.72",-0.000454899999999998
"124","ran124.hdr.73",-0.0018724
"124","ran124.hdr.74",-0.0005561
"124","ran124.hdr.75",-0.0003579
"124","ran124.hdr.76",-0.0007951
"124","ran124.hdr.77",-0.0013154
"124","ran124.hdr.78",-0.0007595
"124","ran124.hdr.8",-0.0053473
"124","ran124.hdr.9",-0.0005222
"125","ran125.hdr.1",-0.0011152
"125","ran125.hdr.10",-0.000405638
"125","ran125.hdr.11",0.00016704
"125","ran125.hdr.12",0.00021628
"125","ran125.hdr.13",-0.000409099999999999
"125","ran125.hdr.14",-0.0008815
"125","ran125.hdr.15",-0.000118400000000001
"125","ran125.hdr.16",-0.000274099999999999
"125","ran125.hdr.17",-0.000416400000000001
"125","ran125.hdr.18",-0.000527999999999999
"125","ran125.hdr.19",-0.0000387000000000009
"125","ran125.hdr.2",-0.00036043
"125","ran125.hdr.20",-0.000377500000000001
"125","ran125.hdr.21",-0.0010372
"125","ran125.hdr.22",0.000158100000000001
"125","ran125.hdr.23",0.0000786999999999993
"125","ran125.hdr.24",-0.0007861
"125","ran125.hdr.25",-0.000277900000000001
"125","ran125.hdr.26",-0.00018017
"125","ran125.hdr.27",-0.0001311
"125","ran125.hdr.28",-0.000643000000000001
"125","ran125.hdr.29",-0.0031592
"125","ran125.hdr.3",0.0000546000000000001
"125","ran125.hdr.30",-0.000709920000000001
"125","ran125.hdr.31",-0.0025053
"125","ran125.hdr.32",-0.000349499999999999
"125","ran125.hdr.33",0.0000578999999999996
"125","ran125.hdr.34",-0.000968999999999999
"125","ran125.hdr.35",-0.0006558
"125","ran125.hdr.36",0.0000455000000000004
"125","ran125.hdr.37",-0.002021
"125","ran125.hdr.38",-0.0011
"125","ran125.hdr.39",-0.000638400000000001
"125","ran125.hdr.4",0.000470999999999999
"125","ran125.hdr.40",-0.000464300000000001
"125","ran125.hdr.41",-0.0006496
"125","ran125.hdr.42",-0.0014925
"125","ran125.hdr.43",-0.00081
"125","ran125.hdr.44",-0.0013738
"125","ran125.hdr.45",-0.0018642
"125","ran125.hdr.46",-0.002897
"125","ran125.hdr.47",-0.00021278
"125","ran125.hdr.48",-0.0046402
"125","ran125.hdr.49",-0.000180100000000001
"125","ran125.hdr.5",-0.0030338
"125","ran125.hdr.50",-0.0011173
"125","ran125.hdr.51",-0.0010598
"125","ran125.hdr.52",-0.0047786
"125","ran125.hdr.53",0.0000692499999999999
"125","ran125.hdr.54",-0.0000283000000000002
"125","ran125.hdr.55",0.00033385
"125","ran125.hdr.56",-0.000119059999999999
"125","ran125.hdr.57",-0.000263810000000001
"125","ran125.hdr.58",0.0000675999999999993
"125","ran125.hdr.59",-0.0011376
"125","ran125.hdr.6",-0.0013722
"125","ran125.hdr.60",-0.0040338
"125","ran125.hdr.61",0.0000727999999999996
"125","ran125.hdr.62",-0.0003064
"125","ran125.hdr.63",-0.0040765
"125","ran125.hdr.64",-0.00039282
"125","ran125.hdr.65",-0.0016226
"125","ran125.hdr.66",-0.0000738000000000006
"125","ran125.hdr.67",0.000228300000000001
"125","ran125.hdr.68",-0.0016152
"125","ran125.hdr.69",-0.00056939
"125","ran125.hdr.7",-0.000154600000000001
"125","ran125.hdr.70",-0.000841399999999999
"125","ran125.hdr.71",-0.0012677
"125","ran125.hdr.72",-0.000649899999999998
"125","ran125.hdr.73",-0.0003579
"125","ran125.hdr.74",0.000163099999999999
"125","ran125.hdr.75",-0.00017841
"125","ran125.hdr.76",-0.0017177
"125","ran125.hdr.77",-0.000676700000000002
"125","ran125.hdr.78",-0.000114400000000001
"125","ran125.hdr.8",-0.0004966
"125","ran125.hdr.9",0.000505750000000001
"126","ran126.hdr.1",-0.0001899
"126","ran126.hdr.10",-0.0000204900000000002
"126","ran126.hdr.11",-0.000657
"126","ran126.hdr.12",-0.0002951
"126","ran126.hdr.13",-0.000651099999999998
"126","ran126.hdr.14",-0.0013108
"126","ran126.hdr.15",-0.0002991
"126","ran126.hdr.16",-0.0007746
"126","ran126.hdr.17",-0.0014725
"126","ran126.hdr.18",-0.000714700000000002
"126","ran126.hdr.19",-0.000383960000000001
"126","ran126.hdr.2",-0.000532600000000001
"126","ran126.hdr.20",-0.000464099999999999
"126","ran126.hdr.21",-0.00060842
"126","ran126.hdr.22",-0.000119399999999999
"126","ran126.hdr.23",-0.0000805300000000005
"126","ran126.hdr.24",-0.00198339
"126","ran126.hdr.25",-0.000115799999999999
"126","ran126.hdr.26",-0.0015268
"126","ran126.hdr.27",-0.000104399999999999
"126","ran126.hdr.28",0.00005648
"126","ran126.hdr.29",0.0000636899999999999
"126","ran126.hdr.3",-0.0000573999999999991
"126","ran126.hdr.30",-0.00015401
"126","ran126.hdr.31",-0.001986
"126","ran126.hdr.32",-0.000575500000000001
"126","ran126.hdr.33",-0.0012739
"126","ran126.hdr.34",0.00000829999999999928
"126","ran126.hdr.35",0.000237399999999999
"126","ran126.hdr.36",-0.0001203
"126","ran126.hdr.37",-0.0004679
"126","ran126.hdr.38",-0.000206699999999999
"126","ran126.hdr.39",-0.000189699999999999
"126","ran126.hdr.4",-0.0015444
"126","ran126.hdr.40",-0.00022582
"126","ran126.hdr.41",-0.0039113
"126","ran126.hdr.42",-0.000514700000000002
"126","ran126.hdr.43",-0.0010055
"126","ran126.hdr.44",-0.00077238
"126","ran126.hdr.45",-0.0012528
"126","ran126.hdr.46",-0.0010527
"126","ran126.hdr.47",-0.000282899999999999
"126","ran126.hdr.48",-0.0018136
"126","ran126.hdr.49",-0.000302470000000001
"126","ran126.hdr.5",-0.0035328
"126","ran126.hdr.50",-0.00017588
"126","ran126.hdr.51",0.000032840000000001
"126","ran126.hdr.55",-0.0000972000000000004
"126","ran126.hdr.56",0.00063302
"126","ran126.hdr.57",-0.000942700000000001
"126","ran126.hdr.58",-0.000746799999999999
"126","ran126.hdr.59",-0.00574057
"126","ran126.hdr.6",-0.00044229
"126","ran126.hdr.60",0.0011488
"126","ran126.hdr.61",-0.0001259
"126","ran126.hdr.62",-0.0012643
"126","ran126.hdr.63",-0.000164600000000001
"126","ran126.hdr.64",-0.000836699999999999
"126","ran126.hdr.65",-0.000143899999999999
"126","ran126.hdr.66",0.0000832999999999997
"126","ran126.hdr.67",-0.000267199999999999
"126","ran126.hdr.68",-0.000949499999999999
"126","ran126.hdr.69",-0.00124621
"126","ran126.hdr.7",-0.0010609
"126","ran126.hdr.70",0.000023845
"126","ran126.hdr.71",0.00000527999999999987
"126","ran126.hdr.72",-0.0006096
"126","ran126.hdr.73",0.0000502000000000002
"126","ran126.hdr.74",-0.00050556
"126","ran126.hdr.75",-0.0017455
"126","ran126.hdr.76",-0.000692410000000001
"126","ran126.hdr.77",-0.0025593
"126","ran126.hdr.78",-0.0016399
"126","ran126.hdr.8",0.00003681
"126","ran126.hdr.9",-0.0000253000000000007
"127","ran127.hdr.1",-0.0001598
"127","ran127.hdr.10",-0.0015386
"127","ran127.hdr.11",-0.00038213
"127","ran127.hdr.12",-0.000598200000000001
"127","ran127.hdr.13",-0.000217070000000001
"127","ran127.hdr.14",-0.0001755
"127","ran127.hdr.15",-0.000146299999999999
"127","ran127.hdr.16",-0.0011243
"127","ran127.hdr.17",-0.0013508
"127","ran127.hdr.18",-0.0000712300000000003
"127","ran127.hdr.19",-0.000431160000000002
"127","ran127.hdr.2",-0.0014413
"127","ran127.hdr.20",-0.0011929
"127","ran127.hdr.21",-0.0004534
"127","ran127.hdr.22",-0.00030432
"127","ran127.hdr.23",-0.00026376
"127","ran127.hdr.24",-0.0010694
"127","ran127.hdr.25",-0.00041587
"127","ran127.hdr.26",-0.000473700000000001
"127","ran127.hdr.27",0.00000603000000000062
"127","ran127.hdr.28",0.0000328100000000012
"127","ran127.hdr.29",-0.000582599999999999
"127","ran127.hdr.3",0.0000508000000000002
"127","ran127.hdr.30",0.0000854900000000006
"127","ran127.hdr.31",-0.0002538
"127","ran127.hdr.32",-0.00038817
"127","ran127.hdr.33",-0.000284
"127","ran127.hdr.34",-0.0025053
"127","ran127.hdr.35",-0.0013244
"127","ran127.hdr.36",-0.0015268
"127","ran127.hdr.37",-0.0000142300000000005
"127","ran127.hdr.38",-0.0019089
"127","ran127.hdr.39",-0.00029242
"127","ran127.hdr.4",-0.000232639999999999
"127","ran127.hdr.40",-0.0015552
"127","ran127.hdr.41",-0.0005707
"127","ran127.hdr.42",-0.0000464000000000003
"127","ran127.hdr.43",-0.0011599
"127","ran127.hdr.44",-0.0003076
"127","ran127.hdr.45",-0.00013712
"127","ran127.hdr.46",-0.0011914
"127","ran127.hdr.47",-0.0005872
"127","ran127.hdr.48",-0.0011486
"127","ran127.hdr.49",-0.00011378
"127","ran127.hdr.5",-0.000184100000000001
"127","ran127.hdr.50",-0.0006619
"127","ran127.hdr.51",-0.00384145
"127","ran127.hdr.52",0.00011802
"127","ran127.hdr.53",0.00019534
"127","ran127.hdr.54",-0.0046284
"127","ran127.hdr.55",-0.00048754
"127","ran127.hdr.56",-0.00035154
"127","ran127.hdr.58",-0.000137030000000001
"127","ran127.hdr.59",-0.000392199999999999
"127","ran127.hdr.6",-0.00163709
"127","ran127.hdr.60",0.000209000000000001
"127","ran127.hdr.61",-0.000588982
"127","ran127.hdr.62",-0.000580600000000001
"127","ran127.hdr.63",-0.01281643
"127","ran127.hdr.64",-0.0007712
"127","ran127.hdr.65",-0.000348800000000002
"127","ran127.hdr.66",-0.000474
"127","ran127.hdr.67",-0.001641
"127","ran127.hdr.68",-0.00740309
"127","ran127.hdr.69",-0.0007215
"127","ran127.hdr.7",-0.0034399
"127","ran127.hdr.70",-0.000316540000000001
"127","ran127.hdr.71",-0.0023812
"127","ran127.hdr.72",-0.0001271
"127","ran127.hdr.73",-0.000798899999999998
"127","ran127.hdr.74",-0.000039273
"127","ran127.hdr.75",-0.000579
"127","ran127.hdr.76",-0.000133299999999999
"127","ran127.hdr.77",-0.0011704
"127","ran127.hdr.78",0.000226799999999999
"127","ran127.hdr.8",-0.000409400000000001
"127","ran127.hdr.9",-0.0011219
"128","ran128.hdr.1",-0.0004633
"128","ran128.hdr.10",-0.0005968
"128","ran128.hdr.11",-0.000113727
"128","ran128.hdr.12",-0.0018782
"128","ran128.hdr.13",-0.0004586
"128","ran128.hdr.14",-0.0017649
"128","ran128.hdr.15",-0.0015418
"128","ran128.hdr.16",-0.000867099999999999
"128","ran128.hdr.17",0.0004528
"128","ran128.hdr.18",-0.0010873
"128","ran128.hdr.19",-0.0014586
"128","ran128.hdr.2",-0.0003459
"128","ran128.hdr.20",-0.0013895
"128","ran128.hdr.21",-0.0014492
"128","ran128.hdr.22",-0.000257510000000001
"128","ran128.hdr.23",-0.0000682000000000009
"128","ran128.hdr.24",-0.0028616
"128","ran128.hdr.25",-0.0006335
"128","ran128.hdr.26",-0.00044134
"128","ran128.hdr.27",-0.000453249999999999
"128","ran128.hdr.28",-0.000310299999999999
"128","ran128.hdr.29",0.0000772100000000012
"128","ran128.hdr.3",-0.000311580000000001
"128","ran128.hdr.30",-0.003795
"128","ran128.hdr.31",-0.0015104
"128","ran128.hdr.32",-0.000411400000000003
"128","ran128.hdr.33",-0.00087039
"128","ran128.hdr.34",-0.00106
"128","ran128.hdr.35",-0.0005801
"128","ran128.hdr.36",-0.0001115
"128","ran128.hdr.37",-0.000687
"128","ran128.hdr.38",-0.0007461
"128","ran128.hdr.39",-0.0023505
"128","ran128.hdr.4",-0.0000431300000000006
"128","ran128.hdr.40",-0.0011277
"128","ran128.hdr.41",-0.000565699999999999
"128","ran128.hdr.42",-0.000446100000000001
"128","ran128.hdr.43",-0.00017526
"128","ran128.hdr.44",-0.0006786
"128","ran128.hdr.45",-0.000569200000000002
"128","ran128.hdr.46",-0.0011887
"128","ran128.hdr.47",-0.0011409
"128","ran128.hdr.48",-0.01714898
"128","ran128.hdr.49",-0.000246700000000001
"128","ran128.hdr.5",-0.00061467
"128","ran128.hdr.50",-0.000377499999999999
"128","ran128.hdr.51",-0.00119342
"128","ran128.hdr.52",-0.000879130000000001
"128","ran128.hdr.53",-0.00077464
"128","ran128.hdr.54",-0.0001431
"128","ran128.hdr.55",-0.0011511
"128","ran128.hdr.56",-0.000123359999999999
"128","ran128.hdr.57",-0.0000728099999999995
"128","ran128.hdr.58",-0.0003331
"128","ran128.hdr.6",-0.00021846
"128","ran128.hdr.60",-0.0005393
"128","ran128.hdr.61",-0.000967699999999998
"128","ran128.hdr.62",-0.000544600000000003
"128","ran128.hdr.63",-0.0046125
"128","ran128.hdr.64",-0.000746799999999999
"128","ran128.hdr.65",-0.0043602
"128","ran128.hdr.66",-0.00017847
"128","ran128.hdr.67",-0.00101417
"128","ran128.hdr.68",-0.000154400000000002
"128","ran128.hdr.69",-0.0001875
"128","ran128.hdr.7",-0.000437670000000001
"128","ran128.hdr.70",0.000150899999999999
"128","ran128.hdr.71",-0.000889800000000001
"128","ran128.hdr.72",0.0000275999999999992
"128","ran128.hdr.73",-0.000276200000000001
"128","ran128.hdr.74",-0.000550200000000001
"128","ran128.hdr.75",-0.0006002
"128","ran128.hdr.76",-0.000871300000000002
"128","ran128.hdr.77",-0.001383
"128","ran128.hdr.78",-0.0023497
"128","ran128.hdr.8",-0.0007343
"128","ran128.hdr.9",-0.0002267
"129","ran129.hdr.1",-0.00131489
"129","ran129.hdr.10",-0.000032131
"129","ran129.hdr.11",-0.0000410000000000028
"129","ran129.hdr.12",-0.0000204900000000002
"129","ran129.hdr.13",-0.000808199999999999
"129","ran129.hdr.14",-0.00037651
"129","ran129.hdr.15",-0.000320800000000001
"129","ran129.hdr.16",-0.0010992
"129","ran129.hdr.17",-0.000348220000000002
"129","ran129.hdr.18",-0.0015014
"129","ran129.hdr.19",-0.000206000000000001
"129","ran129.hdr.2",0.00069375
"129","ran129.hdr.20",-0.0013259
"129","ran129.hdr.21",-0.0014586
"129","ran129.hdr.22",-0.0015342
"129","ran129.hdr.23",0.00016851
"129","ran129.hdr.24",-0.0010804
"129","ran129.hdr.25",-0.00005407
"129","ran129.hdr.26",-0.0000786399999999996
"129","ran129.hdr.27",-0.0003903
"129","ran129.hdr.28",-0.000383960000000001
"129","ran129.hdr.29",-0.00019303
"129","ran129.hdr.3",0.0000546000000000001
"129","ran129.hdr.30",-0.00044142
"129","ran129.hdr.31",-0.000341280000000001
"129","ran129.hdr.32",-0.000359799999999999
"129","ran129.hdr.33",-0.01066571
"129","ran129.hdr.34",-0.0050666
"129","ran129.hdr.35",0.000316899999999998
"129","ran129.hdr.36",-0.0015516
"129","ran129.hdr.37",-0.0035614
"129","ran129.hdr.38",0.00039719
"129","ran129.hdr.39",-0.0012339
"129","ran129.hdr.4",-0.0013964
"129","ran129.hdr.40",-0.000487100000000001
"129","ran129.hdr.41",-0.000399060000000001
"129","ran129.hdr.42",-0.000975
"129","ran129.hdr.43",NA
"129","ran129.hdr.44",-0.0017019
"129","ran129.hdr.45",-0.0011
"129","ran129.hdr.46",-0.0013524
"129","ran129.hdr.47",-0.000419800000000001
"129","ran129.hdr.48",0.000237399999999999
"129","ran129.hdr.49",-0.000688599999999999
"129","ran129.hdr.5",-0.000540269999999999
"129","ran129.hdr.50",-0.000408800000000001
"129","ran129.hdr.51",-0.000940400000000001
"129","ran129.hdr.52",-0.00032122
"129","ran129.hdr.53",0.000143500000000001
"129","ran129.hdr.54",0.0000835000000000002
"129","ran129.hdr.55",0.00000739999999999942
"129","ran129.hdr.56",-0.00025195
"129","ran129.hdr.57",-0.0010844
"129","ran129.hdr.58",0.00027659
"129","ran129.hdr.59",-0.0034825
"129","ran129.hdr.6",-0.003143
"129","ran129.hdr.60",-0.01280889
"129","ran129.hdr.61",-0.0047173
"129","ran129.hdr.62",0.00007886
"129","ran129.hdr.63",-0.0024046
"129","ran129.hdr.64",-0.00740309
"129","ran129.hdr.65",-0.000965599999999997
"129","ran129.hdr.66",-0.0000222999999999994
"129","ran129.hdr.67",-0.0014277
"129","ran129.hdr.68",-0.000198200000000001
"129","ran129.hdr.69",-0.000482799999999999
"129","ran129.hdr.7",-0.0026628
"129","ran129.hdr.70",-0.0004913
"129","ran129.hdr.71",-0.00233944
"129","ran129.hdr.72",-0.0030586
"129","ran129.hdr.73",-0.00444969
"129","ran129.hdr.74",-0.000880000000000002
"129","ran129.hdr.75",-0.0010666
"129","ran129.hdr.76",-0.0005872
"129","ran129.hdr.77",-0.0007595
"129","ran129.hdr.78",0.0000916000000000007
"129","ran129.hdr.8",-0.0034399
"129","ran129.hdr.9",0.00000320000000000008
"130","ran130.hdr.1",-0.0013435
"130","ran130.hdr.10",-0.000333099999999999
"130","ran130.hdr.11",-0.000452899999999999
"130","ran130.hdr.12",-0.000779799999999999
"130","ran130.hdr.13",0.0003429
"130","ran130.hdr.14",0.0001454
"130","ran130.hdr.15",-0.000433899999999997
"130","ran130.hdr.16",-0.0084394
"130","ran130.hdr.17",-0.0007746
"130","ran130.hdr.18",-0.0002523
"130","ran130.hdr.19",-0.0001771
"130","ran130.hdr.2",-0.0026658
"130","ran130.hdr.20",-0.0002614
"130","ran130.hdr.21",0.00037395
"130","ran130.hdr.22",-0.00060842
"130","ran130.hdr.23",-0.00044134
"130","ran130.hdr.24",-0.00033577
"130","ran130.hdr.25",-0.0031592
"130","ran130.hdr.26",-0.000410600000000001
"130","ran130.hdr.27",-0.000777200000000002
"130","ran130.hdr.28",-0.00000899999999999859
"130","ran130.hdr.29",-0.0023193
"130","ran130.hdr.3",-0.0009043
"130","ran130.hdr.30",-0.00510713
"130","ran130.hdr.31",-0.00025217
"130","ran130.hdr.32",-0.0007116
"130","ran130.hdr.33",0.0005658
"130","ran130.hdr.34",-0.0023505
"130","ran130.hdr.35",0.000262999999999999
"130","ran130.hdr.36",-0.0015247
"130","ran130.hdr.37",0.000177999999999998
"130","ran130.hdr.38",-0.0000333999999999994
"130","ran130.hdr.39",-0.0016596
"130","ran130.hdr.4",-0.0025708
"130","ran130.hdr.40",-0.000688599999999999
"130","ran130.hdr.41",-0.0076935
"130","ran130.hdr.42",0.0000960599999999985
"130","ran130.hdr.43",-0.0010055
"130","ran130.hdr.44",-0.000336299999999999
"130","ran130.hdr.45",-0.0005872
"130","ran130.hdr.46",-0.000560139999999999
"130","ran130.hdr.47",-0.0067332
"130","ran130.hdr.48",-0.0018136
"130","ran130.hdr.49",-0.000564
"130","ran130.hdr.5",-0.0034399
"130","ran130.hdr.50",-0.00037772
"130","ran130.hdr.51",0.000039785
"130","ran130.hdr.52",-0.0004598
"130","ran130.hdr.53",-0.0000422999999999986
"130","ran130.hdr.54",-0.0010297
"130","ran130.hdr.55",0.00001404374
"130","ran130.hdr.56",-0.000639499999999998
"130","ran130.hdr.57",-0.0015743
"130","ran130.hdr.58",-0.000907400000000001
"130","ran130.hdr.59",-0.000746799999999999
"130","ran130.hdr.6",-0.000725689999999999
"130","ran130.hdr.60",-0.000979899999999999
"130","ran130.hdr.61",-0.0013776
"130","ran130.hdr.62",-0.000808099999999999
"130","ran130.hdr.63",0.000203400000000001
"130","ran130.hdr.64",-0.000315199999999998
"130","ran130.hdr.65",-0.000891099999999999
"130","ran130.hdr.66",-0.0011658
"130","ran130.hdr.67",-0.0003058
"130","ran130.hdr.68",-0.0002646
"130","ran130.hdr.69",NA
"130","ran130.hdr.7",0.0000498700000000005
"130","ran130.hdr.70",0.00013489
"130","ran130.hdr.71",-0.0002956
"130","ran130.hdr.72",-0.000482799999999999
"130","ran130.hdr.73",-0.000458999999999998
"130","ran130.hdr.74",-0.0003368
"130","ran130.hdr.75",-0.0022866
"130","ran130.hdr.76",-0.0018985
"130","ran130.hdr.77",-0.0023497
"130","ran130.hdr.78",-0.000776900000000001
"130","ran130.hdr.8",-0.0015955
"130","ran130.hdr.9",-0.000554099999999998
"131","ran131.hdr.1",-0.0004317
"131","ran131.hdr.10",-0.0039147
"131","ran131.hdr.11",-0.000236699999999999
"131","ran131.hdr.12",-0.0000556999999999988
"131","ran131.hdr.13",0.0002886
"131","ran131.hdr.14",-0.000140000000000001
"131","ran131.hdr.15",-0.0006119
"131","ran131.hdr.16",-0.0000149
"131","ran131.hdr.17",-0.00018433
"131","ran131.hdr.18",-0.0004986
"131","ran131.hdr.19",-0.000392959999999999
"131","ran131.hdr.2",-0.00036043
"131","ran131.hdr.20",0.0000338000000000005
"131","ran131.hdr.21",-0.0002267
"131","ran131.hdr.22",-0.000713499999999999
"131","ran131.hdr.23",0.000254799999999999
"131","ran131.hdr.24",-0.0015418
"131","ran131.hdr.25",-0.000847199999999999
"131","ran131.hdr.26",-0.0000858199999999995
"131","ran131.hdr.27",-0.0007723
"131","ran131.hdr.28",-0.00021843
"131","ran131.hdr.29",-0.0002538
"131","ran131.hdr.3",0.000273800000000001
"131","ran131.hdr.30",-0.00031339
"131","ran131.hdr.31",-0.0072815
"131","ran131.hdr.32",-0.0000881999999999966
"131","ran131.hdr.33",-0.0003861
"131","ran131.hdr.34",-0.000399060000000001
"131","ran131.hdr.35",0.000032569
"131","ran131.hdr.36",-0.000247900000000001
"131","ran131.hdr.37",-0.00035637
"131","ran131.hdr.38",0.000189000000000002
"131","ran131.hdr.39",-0.0013524
"131","ran131.hdr.4",-0.0025737
"131","ran131.hdr.40",0.000352430000000001
"131","ran131.hdr.41",-0.000402600000000001
"131","ran131.hdr.42",-0.0030178
"131","ran131.hdr.43",-0.000730900000000001
"131","ran131.hdr.44",-0.0000572999999999997
"131","ran131.hdr.45",-0.00065478
"131","ran131.hdr.46",-0.004512
"131","ran131.hdr.47",-0.0027946
"131","ran131.hdr.48",-0.002897
"131","ran131.hdr.49",-0.000228000000000001
"131","ran131.hdr.5",-0.0046226
"131","ran131.hdr.50",-0.0001373
"131","ran131.hdr.51",-0.000652820000000001
"131","ran131.hdr.52",-0.0000509000000000013
"131","ran131.hdr.53",-0.0010313
"131","ran131.hdr.54",-0.0002815
"131","ran131.hdr.59",-0.00017852
"131","ran131.hdr.6",-0.00574258
"131","ran131.hdr.60",-0.0004492
"131","ran131.hdr.61",-0.000694199999999999
"131","ran131.hdr.62",-0.000268600000000001
"131","ran131.hdr.63",-0.0011268
"131","ran131.hdr.64",-0.0043602
"131","ran131.hdr.65",0.000324999999999999
"131","ran131.hdr.66",0.000127700000000001
"131","ran131.hdr.67",-0.000256870000000001
"131","ran131.hdr.68",-0.000854299999999999
"131","ran131.hdr.69",-0.0000143999999999995
"131","ran131.hdr.7",-0.0042194
"131","ran131.hdr.70",-0.000448899999999999
"131","ran131.hdr.71",-0.0024046
"131","ran131.hdr.72",-0.000204899999999999
"131","ran131.hdr.73",-0.000955899999999999
"131","ran131.hdr.74",-0.0003088
"131","ran131.hdr.75",-0.0001492
"131","ran131.hdr.76",-0.0037745
"131","ran131.hdr.77",-0.000299900000000001
"131","ran131.hdr.78",-0.0025593
"131","ran131.hdr.8",-0.0048952
"131","ran131.hdr.9",-0.0051698
"132","ran132.hdr.1",-0.0001598
"132","ran132.hdr.10",-0.00041681
"132","ran132.hdr.11",-0.0001096
"132","ran132.hdr.12",-0.000393299999999999
"132","ran132.hdr.13",-0.000399699999999999
"132","ran132.hdr.14",-0.00065658
"132","ran132.hdr.15",-0.000350699999999999
"132","ran132.hdr.16",-0.00030432
"132","ran132.hdr.17",-0.000291369999999999
"132","ran132.hdr.18",-0.00020936
"132","ran132.hdr.19",-0.0005983
"132","ran132.hdr.2",-0.000740699999999999
"132","ran132.hdr.20",-0.000710000000000002
"132","ran132.hdr.21",0.0001045
"132","ran132.hdr.22",-0.0002991
"132","ran132.hdr.23",-0.0030857
"132","ran132.hdr.24",-0.000027554
"132","ran132.hdr.25",-0.0006158
"132","ran132.hdr.26",-0.00141581
"132","ran132.hdr.27",-0.00046126
"132","ran132.hdr.28",-0.00034293
"132","ran132.hdr.29",-0.0022818
"132","ran132.hdr.3",0.0001086
"132","ran132.hdr.30",-0.0019572
"132","ran132.hdr.31",-0.000176700000000002
"132","ran132.hdr.32",-0.000332000000000001
"132","ran132.hdr.33",-0.000480400000000001
"132","ran132.hdr.34",-0.00082841
"132","ran132.hdr.35",0.00011855
"132","ran132.hdr.36",-0.0000485800000000003
"132","ran132.hdr.37",-0.0011545
"132","ran132.hdr.38",-0.0025436
"132","ran132.hdr.39",-0.000114100000000002
"132","ran132.hdr.4",-0.0014413
"132","ran132.hdr.40",-0.00065478
"132","ran132.hdr.41",-0.000230900000000003
"132","ran132.hdr.42",0.0005076
"132","ran132.hdr.43",-0.0098876
"132","ran132.hdr.44",-0.0027946
"132","ran132.hdr.45",0.000118134
"132","ran132.hdr.46",-0.0010499
"132","ran132.hdr.47",-0.00055
"132","ran132.hdr.48",-0.00188647
"132","ran132.hdr.49",-0.000643990000000001
"132","ran132.hdr.5",-0.0023043
"132","ran132.hdr.50",-0.000245800000000001
"132","ran132.hdr.51",0.00171483
"132","ran132.hdr.52",-0.0004198
"132","ran132.hdr.53",-0.0000566400000000002
"132","ran132.hdr.54",-0.0000947200000000002
"132","ran132.hdr.57",-0.00015495
"132","ran132.hdr.58",-0.0039716
"132","ran132.hdr.59",-0.000247000000000001
"132","ran132.hdr.6",-0.000573799999999999
"132","ran132.hdr.60",-0.000453599999999998
"132","ran132.hdr.61",-0.0027675
"132","ran132.hdr.62",-0.0011658
"132","ran132.hdr.63",-0.0004732
"132","ran132.hdr.64",0.000300799999999999
"132","ran132.hdr.65",-0.0023812
"132","ran132.hdr.66",NA
"132","ran132.hdr.67",0.000301900000000001
"132","ran132.hdr.68",-0.00006813
"132","ran132.hdr.69",-0.0010769
"132","ran132.hdr.7",-0.0049685
"132","ran132.hdr.70",-0.0037745
"132","ran132.hdr.71",-0.0014277
"132","ran132.hdr.72",-0.0012116
"132","ran132.hdr.73",-0.000871300000000002
"132","ran132.hdr.74",-0.0035566
"132","ran132.hdr.75",-0.000220500000000002
"132","ran132.hdr.76",-0.0018567
"132","ran132.hdr.77",-0.0003225
"132","ran132.hdr.78",-0.000753
"132","ran132.hdr.8",-0.00013959
"132","ran132.hdr.9",NA
"133","ran133.hdr.1",-0.000740699999999999
"133","ran133.hdr.10",-0.000248699999999999
"133","ran133.hdr.11",-0.0000191500000000008
"133","ran133.hdr.12",0.0002167
"133","ran133.hdr.13",-0.00018433
"133","ran133.hdr.14",-0.0004828
"133","ran133.hdr.15",0.000080455
"133","ran133.hdr.16",-0.0000108700000000005
"133","ran133.hdr.17",-0.000351200000000001
"133","ran133.hdr.18",-0.000327600000000001
"133","ran133.hdr.19",-0.000113727
"133","ran133.hdr.2",-0.000115250000000001
"133","ran133.hdr.20",-0.0033496
"133","ran133.hdr.21",-0.0007122
"133","ran133.hdr.22",-0.00021087
"133","ran133.hdr.23",-0.0024928
"133","ran133.hdr.24",-0.0067609
"133","ran133.hdr.25",-0.0007723
"133","ran133.hdr.26",0.0003788
"133","ran133.hdr.27",-0.0000626000000000012
"133","ran133.hdr.28",-0.000383960000000001
"133","ran133.hdr.29",-0.00013827
"133","ran133.hdr.3",-0.0000216000000000001
"133","ran133.hdr.30",-0.00010709
"133","ran133.hdr.31",-0.00017027
"133","ran133.hdr.32",-0.000310299999999999
"133","ran133.hdr.33",-0.0012418
"133","ran133.hdr.34",-0.0036419
"133","ran133.hdr.35",-0.000804199999999998
"133","ran133.hdr.36",-0.0000899999999999998
"133","ran133.hdr.37",0.0001668
"133","ran133.hdr.38",-0.000469799999999999
"133","ran133.hdr.39",-0.000666099999999999
"133","ran133.hdr.4",-0.00131489
"133","ran133.hdr.40",-0.000492200000000002
"133","ran133.hdr.41",-0.0002384
"133","ran133.hdr.42",-0.00019346
"133","ran133.hdr.43",-0.00013614
"133","ran133.hdr.44",-0.00011256
"133","ran133.hdr.45",0.000775600000000001
"133","ran133.hdr.46",-0.000692699999999999
"133","ran133.hdr.47",-0.0021068
"133","ran133.hdr.48",-0.004276
"133","ran133.hdr.49",0.000555099999999999
"133","ran133.hdr.5",-0.0007992
"133","ran133.hdr.50",-0.00035604
"133","ran133.hdr.51",0.0000691835
"133","ran133.hdr.52",-0.000456100000000001
"133","ran133.hdr.53",-0.000313299999999999
"133","ran133.hdr.54",-0.0000834000000000008
"133","ran133.hdr.55",-0.000117300000000001
"133","ran133.hdr.56",0.000172299999999998
"133","ran133.hdr.57",-0.0003362
"133","ran133.hdr.58",-0.0043602
"133","ran133.hdr.59",-0.0001464
"133","ran133.hdr.6",-0.002932
"133","ran133.hdr.60",-0.0005466
"133","ran133.hdr.61",-0.000850799999999999
"133","ran133.hdr.62",-0.0010621
"133","ran133.hdr.63",-0.000256870000000001
"133","ran133.hdr.64",-0.000566599999999999
"133","ran133.hdr.65",-0.000525600000000001
"133","ran133.hdr.66",-0.0008768
"133","ran133.hdr.67",0.000239400000000001
"133","ran133.hdr.68",-0.00124621
"133","ran133.hdr.69",0.000681299999999999
"133","ran133.hdr.7",-0.0056035
"133","ran133.hdr.70",-0.000102700000000001
"133","ran133.hdr.71",-0.0023685
"133","ran133.hdr.72",-0.0014855
"133","ran133.hdr.73",-0.0057067
"133","ran133.hdr.74",-0.000498099999999998
"133","ran133.hdr.75",-0.00028371
"133","ran133.hdr.76",-0.0007764
"133","ran133.hdr.77",-0.0016978
"133","ran133.hdr.78",-0.0003017
"133","ran133.hdr.8",-0.002828
"133","ran133.hdr.9",-0.0039147
"134","ran134.hdr.1",-0.002469
"134","ran134.hdr.10",-0.000183300000000001
"134","ran134.hdr.11",-0.000217200000000001
"134","ran134.hdr.12",-0.000725689999999999
"134","ran134.hdr.13",-0.001162
"134","ran134.hdr.14",-0.0002877
"134","ran134.hdr.15",-0.0000692999999999996
"134","ran134.hdr.16",-0.0000559799999999997
"134","ran134.hdr.17",-0.0010992
"134","ran134.hdr.18",-0.0032234
"134","ran134.hdr.19",-0.000912500000000002
"134","ran134.hdr.2",-0.0023191
"134","ran134.hdr.20",-0.000556399999999999
"134","ran134.hdr.21",-0.0011853
"134","ran134.hdr.22",-0.000551599999999999
"134","ran134.hdr.23",0.000158100000000001
"134","ran134.hdr.24",-0.0000276999999999986
"134","ran134.hdr.25",-0.000213520000000001
"134","ran134.hdr.26",-0.0001338
"134","ran134.hdr.27",-0.00017027
"134","ran134.hdr.28",-0.0018846
"134","ran134.hdr.29",-0.000140850000000001
"134","ran134.hdr.3",-0.0034989
"134","ran134.hdr.30",-0.0013244
"134","ran134.hdr.31",-0.000276169999999999
"134","ran134.hdr.32",0.0000833000000000014
"134","ran134.hdr.33",-0.00012828
"134","ran134.hdr.34",-0.000507200000000003
"134","ran134.hdr.35",0.00025878
"134","ran134.hdr.36",0.0000670599999999999
"134","ran134.hdr.37",-0.00028523
"134","ran134.hdr.38",-0.00011013
"134","ran134.hdr.39",-0.000214700000000002
"134","ran134.hdr.4",-0.001546
"134","ran134.hdr.40",0.000207600000000002
"134","ran134.hdr.41",0.000208709999999999
"134","ran134.hdr.42",-0.000666099999999999
"134","ran134.hdr.43",-0.000450700000000002
"134","ran134.hdr.44",0.0004306
"134","ran134.hdr.45",-0.0004679
"134","ran134.hdr.46",-0.00002191
"134","ran134.hdr.47",-0.000565699999999999
"134","ran134.hdr.48",-0.00081
"134","ran134.hdr.49",-0.0022656
"134","ran134.hdr.5",-0.0035262
"134","ran134.hdr.50",-0.000982500000000001
"134","ran134.hdr.51",-0.0041082
"134","ran134.hdr.52",-0.000258099999999999
"134","ran134.hdr.53",-0.00057312
"134","ran134.hdr.54",-0.000231500000000003
"134","ran134.hdr.55",0.000449880000000001
"134","ran134.hdr.56",-0.00077464
"134","ran134.hdr.57",-0.01111509
"134","ran134.hdr.58",-0.000395
"134","ran134.hdr.59",-0.0001028
"134","ran134.hdr.6",NA
"134","ran134.hdr.60",-0.000362299999999999
"134","ran134.hdr.62",-0.000363600000000002
"134","ran134.hdr.63",0.000107299999999999
"134","ran134.hdr.64",-0.0004576
"134","ran134.hdr.65",NA
"134","ran134.hdr.66",-0.0008071
"134","ran134.hdr.67",0.000285500000000001
"134","ran134.hdr.68",0.0001121
"134","ran134.hdr.69",0.0000251000000000001
"134","ran134.hdr.7",-0.000653000000000001
"134","ran134.hdr.70",0.0000759199999999993
"134","ran134.hdr.71",-0.0006
"134","ran134.hdr.72",-0.0000835999999999996
"134","ran134.hdr.73",-0.0016673
"134","ran134.hdr.74",-0.0003563
"134","ran134.hdr.75",-0.000871300000000002
"134","ran134.hdr.76",-0.000694699999999999
"134","ran134.hdr.77",-0.0046933
"134","ran134.hdr.78",-0.000678990000000001
"134","ran134.hdr.8",0.0000509400000000002
"134","ran134.hdr.9",-0.00010734
"135","ran135.hdr.1",-0.0004633
"135","ran135.hdr.10",-0.0013747
"135","ran135.hdr.11",-0.0045035
"135","ran135.hdr.12",-0.00021
"135","ran135.hdr.13",-0.000130499999999999
"135","ran135.hdr.14",-0.00014336
"135","ran135.hdr.15",-0.000571100000000001
"135","ran135.hdr.16",-0.00025
"135","ran135.hdr.17",-0.000456600000000001
"135","ran135.hdr.18",-0.00036672
"135","ran135.hdr.19",0.0000112099999999993
"135","ran135.hdr.2",0.000183300000000001
"135","ran135.hdr.20",-0.0008751
"135","ran135.hdr.21",0.0006018
"135","ran135.hdr.22",-0.000348220000000002
"135","ran135.hdr.23",-0.000578499999999999
"135","ran135.hdr.24",-0.000220930000000001
"135","ran135.hdr.25",-0.00041587
"135","ran135.hdr.26",-0.000890400000000001
"135","ran135.hdr.27",-0.0008389
"135","ran135.hdr.28",-0.00026379
"135","ran135.hdr.29",-0.0005877
"135","ran135.hdr.3",-0.000149890000000001
"135","ran135.hdr.30",-0.0004084
"135","ran135.hdr.31",-0.0023372
"135","ran135.hdr.32",-0.0054799
"135","ran135.hdr.33",-0.0032627
"135","ran135.hdr.34",0.000487700000000001
"135","ran135.hdr.35",-0.0003207
"135","ran135.hdr.36",-0.000115799999999999
"135","ran135.hdr.37",-0.00032408
"135","ran135.hdr.38",0.0000324999999999995
"135","ran135.hdr.39",-0.0019144
"135","ran135.hdr.4",-0.000637099999999998
"135","ran135.hdr.40",-0.0007116
"135","ran135.hdr.41",-0.000830000000000001
"135","ran135.hdr.42",-0.0008214
"135","ran135.hdr.43",0.0000149199999999999
"135","ran135.hdr.44",-0.00018774
"135","ran135.hdr.45",-0.000755800000000001
"135","ran135.hdr.46",-0.0007499
"135","ran135.hdr.47",-0.00057255
"135","ran135.hdr.48",-0.001739
"135","ran135.hdr.49",0.0002583
"135","ran135.hdr.5",-0.0025708
"135","ran135.hdr.50",-0.000982800000000002
"135","ran135.hdr.51",0.0005877
"135","ran135.hdr.52",-0.0001486
"135","ran135.hdr.53",-0.0047786
"135","ran135.hdr.54",-0.0004037
"135","ran135.hdr.55",-0.000238039999999999
"135","ran135.hdr.56",-0.0001315
"135","ran135.hdr.57",-0.000395
"135","ran135.hdr.58",-0.00022118
"135","ran135.hdr.59",-0.000118309
"135","ran135.hdr.6",-0.004515
"135","ran135.hdr.60",0.0000485199999999998
"135","ran135.hdr.61",0.0000637999999999993
"135","ran135.hdr.62",0.00004348
"135","ran135.hdr.63",-0.000121599999999999
"135","ran135.hdr.64",-0.001061
"135","ran135.hdr.65",-0.00017452
"135","ran135.hdr.66",-0.000455400000000002
"135","ran135.hdr.67",-0.0010828
"135","ran135.hdr.68",-0.0037006
"135","ran135.hdr.69",-0.000290670000000001
"135","ran135.hdr.7",-0.0008313
"135","ran135.hdr.70",-0.0018219
"135","ran135.hdr.71",0.000300799999999999
"135","ran135.hdr.72",-0.0002275
"135","ran135.hdr.73",-0.0023812
"135","ran135.hdr.74",0.0000930999999999987
"135","ran135.hdr.75",-0.0026397
"135","ran135.hdr.76",-0.000692410000000001
"135","ran135.hdr.77",-0.0007595
"135","ran135.hdr.78",-0.000399129999999999
"135","ran135.hdr.8",-0.0004139
"135","ran135.hdr.9",-0.00034287
"136","ran136.hdr.1",-0.00119054
"136","ran136.hdr.10",0.0002904
"136","ran136.hdr.11",-0.0002419
"136","ran136.hdr.12",-0.000807199999999999
"136","ran136.hdr.13",-0.000446700000000001
"136","ran136.hdr.14",-0.0000950400000000011
"136","ran136.hdr.15",0.00007186
"136","ran136.hdr.16",-0.000320800000000001
"136","ran136.hdr.17",-0.0012923
"136","ran136.hdr.18",-0.000657
"136","ran136.hdr.19",-0.0000923199999999999
"136","ran136.hdr.2",-0.000103800000000001
"136","ran136.hdr.20",0.00022531
"136","ran136.hdr.21",-0.000369699999999999
"136","ran136.hdr.22",-0.00142531
"136","ran136.hdr.23",0.0001624
"136","ran136.hdr.24",-0.000352700000000001
"136","ran136.hdr.25",0.0000328100000000012
"136","ran136.hdr.26",-0.000379600000000001
"136","ran136.hdr.27",-0.000154699999999999
"136","ran136.hdr.28",-0.0002915
"136","ran136.hdr.29",0.00009055
"136","ran136.hdr.3",-0.000325500000000003
"136","ran136.hdr.30",-0.000507499999999999
"136","ran136.hdr.31",-0.000310299999999999
"136","ran136.hdr.32",-0.0012418
"136","ran136.hdr.33",0.00069544
"136","ran136.hdr.34",0.000720500000000002
"136","ran136.hdr.35",-0.0050666
"136","ran136.hdr.36",-0.0001799
"136","ran136.hdr.37",-0.0013637
"136","ran136.hdr.38",-0.0000862000000000016
"136","ran136.hdr.39",-0.0000245000000000002
"136","ran136.hdr.4",-0.004515
"136","ran136.hdr.40",0.000271899999999999
"136","ran136.hdr.41",0.0003867
"136","ran136.hdr.42",0.0000372700000000007
"136","ran136.hdr.43",-0.00055201
"136","ran136.hdr.44",-0.000945600000000001
"136","ran136.hdr.45",-0.0011413
"136","ran136.hdr.46",-0.0002167
"136","ran136.hdr.47",0.000163699999999999
"136","ran136.hdr.48",-0.0016063
"136","ran136.hdr.49",-0.00005857
"136","ran136.hdr.5",-0.0003254
"136","ran136.hdr.50",0.00021564
"136","ran136.hdr.51",-0.00021661
"136","ran136.hdr.52",-0.000404599999999998
"136","ran136.hdr.53",-0.0072374
"136","ran136.hdr.54",-0.000442600000000001
"136","ran136.hdr.55",-0.00045368
"136","ran136.hdr.56",-0.0000518599999999999
"136","ran136.hdr.57",-0.00003125
"136","ran136.hdr.58",-0.000362299999999999
"136","ran136.hdr.59",0.000032840000000001
"136","ran136.hdr.6",0.000367099999999999
"136","ran136.hdr.60",-0.000706399999999999
"136","ran136.hdr.61",-0.000473900000000001
"136","ran136.hdr.62",0.00000142999999999931
"136","ran136.hdr.63",-0.001971
"136","ran136.hdr.64",-0.000557700000000001
"136","ran136.hdr.65",-0.0000829000000000003
"136","ran136.hdr.66",-0.0016226
"136","ran136.hdr.67",0.0001323
"136","ran136.hdr.68",-0.0003058
"136","ran136.hdr.69",-0.0015557
"136","ran136.hdr.7",-0.0048415
"136","ran136.hdr.70",0.000343
"136","ran136.hdr.71",-0.000596000000000003
"136","ran136.hdr.72",-0.0002275
"136","ran136.hdr.73",-0.00029
"136","ran136.hdr.74",-0.000428600000000001
"136","ran136.hdr.75",-0.0011974
"136","ran136.hdr.76",-0.000818700000000002
"136","ran136.hdr.77",-0.00062796
"136","ran136.hdr.78",-0.0025593
"136","ran136.hdr.8",-0.00337548
"136","ran136.hdr.9",-0.00032649
"137","ran137.hdr.1",-0.0004633
"137","ran137.hdr.10",-0.0010879
"137","ran137.hdr.11",-0.000808199999999999
"137","ran137.hdr.12",-0.0000390000000000008
"137","ran137.hdr.13",-0.000118400000000001
"137","ran137.hdr.14",0.0001315
"137","ran137.hdr.15",-0.000527999999999999
"137","ran137.hdr.16",-0.000291369999999999
"137","ran137.hdr.17",0.0002343
"137","ran137.hdr.18",-0.000912500000000002
"137","ran137.hdr.19",-0.0003756
"137","ran137.hdr.2",-0.000195000000000001
"137","ran137.hdr.20",-0.0014725
"137","ran137.hdr.21",-0.0002137
"137","ran137.hdr.22",-0.000292629999999999
"137","ran137.hdr.23",0.00054054
"137","ran137.hdr.24",-0.00038817
"137","ran137.hdr.25",-0.00041873
"137","ran137.hdr.26",-0.0107692
"137","ran137.hdr.27",-0.000122000000000001
"137","ran137.hdr.28",-0.00665937
"137","ran137.hdr.29",-0.0035614
"137","ran137.hdr.3",-0.00020446
"137","ran137.hdr.30",-0.0010452
"137","ran137.hdr.31",-0.000730600000000001
"137","ran137.hdr.32",-0.0004562
"137","ran137.hdr.33",-0.000176700000000002
"137","ran137.hdr.34",-0.00029141
"137","ran137.hdr.35",-0.000394099999999998
"137","ran137.hdr.36",0.0000664100000000003
"137","ran137.hdr.37",-0.0006558
"137","ran137.hdr.38",NA
"137","ran137.hdr.39",-0.000392100000000001
"137","ran137.hdr.4",-0.0000461999999999997
"137","ran137.hdr.40",0.0000239999999999997
"137","ran137.hdr.41",0.000694500000000001
"137","ran137.hdr.42",-0.0006164
"137","ran137.hdr.43",-0.0033085
"137","ran137.hdr.44",-0.0000446000000000005
"137","ran137.hdr.45",-0.0028342
"137","ran137.hdr.46",-0.0000261999999999971
"137","ran137.hdr.47",-0.0000828000000000009
"137","ran137.hdr.48",-0.0011337
"137","ran137.hdr.49",-0.000560139999999999
"137","ran137.hdr.5",-0.000171609999999999
"137","ran137.hdr.50",0.000143500000000001
"137","ran137.hdr.51",-0.0070655
"137","ran137.hdr.52",-0.0010636
"137","ran137.hdr.53",-0.0011486
"137","ran137.hdr.54",-0.0025824
"137","ran137.hdr.55",-0.0003721
"137","ran137.hdr.56",0.00011252
"137","ran137.hdr.57",-0.00111662
"137","ran137.hdr.58",-0.0046284
"137","ran137.hdr.59",-0.000421599999999999
"137","ran137.hdr.6",-0.0017379
"137","ran137.hdr.60",-0.000193329999999999
"137","ran137.hdr.61",0.000194639999999999
"137","ran137.hdr.62",0.00007814
"137","ran137.hdr.63",-0.000753399999999998
"137","ran137.hdr.64",-0.000141199999999999
"137","ran137.hdr.65",-0.000728099999999999
"137","ran137.hdr.66",-0.011466
"137","ran137.hdr.67",-0.0003709
"137","ran137.hdr.68",-0.0011892
"137","ran137.hdr.69",-0.001085
"137","ran137.hdr.7",-0.00259746
"137","ran137.hdr.70",-0.000839700000000002
"137","ran137.hdr.71",0.0000351999999999991
"137","ran137.hdr.72",-0.000407100000000001
"137","ran137.hdr.73",0.00011249
"137","ran137.hdr.74",-0.001624
"137","ran137.hdr.75",-0.000558799999999998
"137","ran137.hdr.76",-0.0018567
"137","ran137.hdr.77",-0.000314699999999999
"137","ran137.hdr.78",-0.000289600000000001
"137","ran137.hdr.8",-0.000422980000000001
"137","ran137.hdr.9",-0.000549999999999998
"138","ran138.hdr.1",-0.000739499999999999
"138","ran138.hdr.10",-0.00023931
"138","ran138.hdr.11",-0.0029382
"138","ran138.hdr.12",-0.000401799999999999
"138","ran138.hdr.13",-0.0000844999999999995
"138","ran138.hdr.14",-0.000476399999999998
"138","ran138.hdr.15",-0.0003458
"138","ran138.hdr.16",-0.0007302
"138","ran138.hdr.17",-0.000113727
"138","ran138.hdr.18",-0.000333099999999999
"138","ran138.hdr.19",-0.000336900000000001
"138","ran138.hdr.2",0.00029176
"138","ran138.hdr.20",-0.00014701
"138","ran138.hdr.21",-0.000369699999999999
"138","ran138.hdr.22",-0.000846699999999999
"138","ran138.hdr.23",-0.000110299999999999
"138","ran138.hdr.24",-0.0000717800000000005
"138","ran138.hdr.25",-0.00019894
"138","ran138.hdr.26",-0.00130484
"138","ran138.hdr.27",-0.00035023
"138","ran138.hdr.28",-0.0009151
"138","ran138.hdr.29",-0.0001434
"138","ran138.hdr.3",-0.0014426
"138","ran138.hdr.30",0.0000979999999999991
"138","ran138.hdr.31",-0.00023093
"138","ran138.hdr.32",-0.0005509
"138","ran138.hdr.33",-0.0003937
"138","ran138.hdr.34",-0.000352100000000001
"138","ran138.hdr.35",-0.0014027
"138","ran138.hdr.36",-0.0013621
"138","ran138.hdr.37",-0.000773600000000003
"138","ran138.hdr.38",0.00028795
"138","ran138.hdr.39",-0.0014927
"138","ran138.hdr.4",-0.0030338
"138","ran138.hdr.40",-0.000391699999999998
"138","ran138.hdr.41",-0.000522199999999999
"138","ran138.hdr.42",-0.000335810000000001
"138","ran138.hdr.43",-0.0010611
"138","ran138.hdr.44",-0.0011887
"138","ran138.hdr.45",-0.0000750999999999981
"138","ran138.hdr.46",0.0000599999999999976
"138","ran138.hdr.47",0.00028232
"138","ran138.hdr.48",-0.0002202
"138","ran138.hdr.49",-0.00015647
"138","ran138.hdr.5",-0.000310240000000001
"138","ran138.hdr.50",-0.000583800000000001
"138","ran138.hdr.51",-0.0004037
"138","ran138.hdr.52",-0.0000509000000000013
"138","ran138.hdr.53",-0.000362299999999999
"138","ran138.hdr.57",-0.0001829
"138","ran138.hdr.58",-0.000262800000000001
"138","ran138.hdr.59",-0.000263810000000001
"138","ran138.hdr.6",-0.0000302099999999993
"138","ran138.hdr.60",-0.000737700000000001
"138","ran138.hdr.61",-0.000775500000000002
"138","ran138.hdr.62",-0.0011481
"138","ran138.hdr.63",0.000166699999999999
"138","ran138.hdr.64",-0.000867699999999999
"138","ran138.hdr.65",-0.00104738
"138","ran138.hdr.66",-0.000508999999999999
"138","ran138.hdr.67",-0.000382200000000003
"138","ran138.hdr.68",-0.0027675
"138","ran138.hdr.69",-0.0028671
"138","ran138.hdr.7",-0.000585499999999999
"138","ran138.hdr.70",-0.000417899999999999
"138","ran138.hdr.71",-0.0016673
"138","ran138.hdr.72",-0.00010929
"138","ran138.hdr.73",-0.0009751
"138","ran138.hdr.74",-0.000137399999999999
"138","ran138.hdr.75",-0.0015308
"138","ran138.hdr.76",-0.0012012
"138","ran138.hdr.77",-0.0064447
"138","ran138.hdr.78",-0.00028371
"138","ran138.hdr.8",-0.00000749999999999883
"138","ran138.hdr.9",-0.001546
"139","ran139.hdr.1",-0.0003459
"139","ran139.hdr.10",-0.000108
"139","ran139.hdr.11",0.000478220000000001
"139","ran139.hdr.12",-0.000359400000000001
"139","ran139.hdr.13",0.0003303
"139","ran139.hdr.14",-0.0000692999999999996
"139","ran139.hdr.15",-0.0001826
"139","ran139.hdr.16",-0.00012832
"139","ran139.hdr.17",-0.000840899999999999
"139","ran139.hdr.18",-0.000533099999999998
"139","ran139.hdr.19",0.000130460000000001
"139","ran139.hdr.2",-0.000676
"139","ran139.hdr.20",0.0000853599999999996
"139","ran139.hdr.21",0.00005104
"139","ran139.hdr.22",-0.000207189999999999
"139","ran139.hdr.23",-0.0000851000000000011
"139","ran139.hdr.24",0.000205500000000001
"139","ran139.hdr.25",-0.000216899999999999
"139","ran139.hdr.26",-0.01414423
"139","ran139.hdr.27",-0.0050804
"139","ran139.hdr.28",-0.0001799
"139","ran139.hdr.29",-0.000830900000000002
"139","ran139.hdr.3",-0.0025708
"139","ran139.hdr.30",-0.000735299999999998
"139","ran139.hdr.31",0.00000510000000000094
"139","ran139.hdr.32",-0.00013875
"139","ran139.hdr.33",-0.000389499999999999
"139","ran139.hdr.34",-0.000189699999999999
"139","ran139.hdr.35",-0.000569900000000002
"139","ran139.hdr.36",-0.00035147
"139","ran139.hdr.37",0.0000169300000000001
"139","ran139.hdr.38",-0.00022562
"139","ran139.hdr.39",-0.00011256
"139","ran139.hdr.4",-0.0023191
"139","ran139.hdr.40",-0.00029489
"139","ran139.hdr.41",-0.01714898
"139","ran139.hdr.42",0.0005877
"139","ran139.hdr.43",-0.000408800000000001
"139","ran139.hdr.44",-0.000693600000000001
"139","ran139.hdr.45",-0.0000593299999999998
"139","ran139.hdr.46",-0.0000649599999999993
"139","ran139.hdr.47",-0.00077464
"139","ran139.hdr.48",-0.000180100000000001
"139","ran139.hdr.49",0.0000576000000000014
"139","ran139.hdr.5",0.0004258
"139","ran139.hdr.50",-0.000268079999999999
"139","ran139.hdr.51",-0.0010844
"139","ran139.hdr.52",-0.0007846
"139","ran139.hdr.53",-0.0004551
"139","ran139.hdr.54",-0.0000202999999999991
"139","ran139.hdr.55",-0.000139299999999998
"139","ran139.hdr.56",-0.0010508
"139","ran139.hdr.57",-0.0015743
"139","ran139.hdr.58",-0.0022371
"139","ran139.hdr.59",-0.000617400000000001
"139","ran139.hdr.6",-0.0027476
"139","ran139.hdr.60",0.000404499999999999
"139","ran139.hdr.61",-0.0012643
"139","ran139.hdr.62",-0.000103800000000001
"139","ran139.hdr.63",0.000199399999999999
"139","ran139.hdr.64",-0.000256870000000001
"139","ran139.hdr.65",-0.0000303999999999999
"139","ran139.hdr.66",-0.000326299999999998
"139","ran139.hdr.67",-0.0043812
"139","ran139.hdr.68",0.000127200000000001
"139","ran139.hdr.69",NA
"139","ran139.hdr.7",-0.00246744
"139","ran139.hdr.70",-0.000147399999999999
"139","ran139.hdr.71",-0.0016673
"139","ran139.hdr.72",-0.0003147
"139","ran139.hdr.73",-0.0000447299999999998
"139","ran139.hdr.74",-0.000806600000000001
"139","ran139.hdr.75",-0.0013547
"139","ran139.hdr.76",-0.0010666
"139","ran139.hdr.77",-0.000748700000000001
"139","ran139.hdr.78",0.0000627000000000023
"139","ran139.hdr.8",-0.00066134
"139","ran139.hdr.9",-0.000428030000000001
"140","ran140.hdr.1",-0.0000463000000000026
"140","ran140.hdr.10",-0.00019458
"140","ran140.hdr.11",-0.000515700000000001
"140","ran140.hdr.12",-0.00026025
"140","ran140.hdr.13",-0.00016964
"140","ran140.hdr.14",-0.000151239999999999
"140","ran140.hdr.15",0.0000456699999999994
"140","ran140.hdr.16",-0.000789400000000003
"140","ran140.hdr.17",0.0003146
"140","ran140.hdr.18",-0.0012522
"140","ran140.hdr.19",-0.0000960500000000003
"140","ran140.hdr.2",0.000623700000000001
"140","ran140.hdr.20",0.0000913000000000008
"140","ran140.hdr.21",-0.00026931
"140","ran140.hdr.22",0.000145640000000001
"140","ran140.hdr.23",-0.000714700000000002
"140","ran140.hdr.24",-0.0000800499999999999
"140","ran140.hdr.25",-0.00017027
"140","ran140.hdr.26",0.00064158
"140","ran140.hdr.27",-0.000450470000000001
"140","ran140.hdr.28",-0.0050666
"140","ran140.hdr.29",-0.00198339
"140","ran140.hdr.3",-0.001546
"140","ran140.hdr.30",0.00003065
"140","ran140.hdr.31",-0.001986
"140","ran140.hdr.32",-0.000643399999999999
"140","ran140.hdr.33",-0.000942499999999999
"140","ran140.hdr.34",-0.0013524
"140","ran140.hdr.35",-0.0012106
"140","ran140.hdr.36",-0.000115199999999999
"140","ran140.hdr.37",-0.0000755699999999996
"140","ran140.hdr.38",-0.000616299999999997
"140","ran140.hdr.39",-0.0010884
"140","ran140.hdr.4",-0.00018325
"140","ran140.hdr.40",0.0000754800000000002
"140","ran140.hdr.41",-0.0000572999999999997
"140","ran140.hdr.42",-0.000080199999999999
"140","ran140.hdr.43",-0.02102894
"140","ran140.hdr.44",0.000189099999999999
"140","ran140.hdr.45",-0.0000583999999999984
"140","ran140.hdr.46",0.0000833999999999991
"140","ran140.hdr.47",-0.00026183
"140","ran140.hdr.48",-0.00041977
"140","ran140.hdr.49",-0.0034143
"140","ran140.hdr.5",-0.000602800000000001
"140","ran140.hdr.50",-0.000434999999999998
"140","ran140.hdr.51",0.000215399
"140","ran140.hdr.52",-0.0000335399999999999
"140","ran140.hdr.53",-0.0000134699999999998
"140","ran140.hdr.54",0.0001629
"140","ran140.hdr.55",-0.0040008
"140","ran140.hdr.56",-0.0000914999999999996
"140","ran140.hdr.57",-0.0004576
"140","ran140.hdr.58",-0.0041063
"140","ran140.hdr.59",-0.00685775
"140","ran140.hdr.6",-0.00066134
"140","ran140.hdr.60",-0.000221499999999999
"140","ran140.hdr.61",-0.000190900000000001
"140","ran140.hdr.62",-0.000388199999999998
"140","ran140.hdr.63",-0.000334099999999999
"140","ran140.hdr.64",-0.0000850799999999995
"140","ran140.hdr.65",-0.0010828
"140","ran140.hdr.66",-0.0000376999999999999
"140","ran140.hdr.67",-0.0000736999999999995
"140","ran140.hdr.68",-0.0037006
"140","ran140.hdr.69",0.0004553
"140","ran140.hdr.7",0.00037323
"140","ran140.hdr.70",-0.0046587
"140","ran140.hdr.71",-0.0015712
"140","ran140.hdr.72",-0.0013697
"140","ran140.hdr.73",-0.000057719999999999
"140","ran140.hdr.74",-0.000388300000000001
"140","ran140.hdr.75",-0.0032639
"140","ran140.hdr.76",-0.0046933
"140","ran140.hdr.77",-0.0017455
"140","ran140.hdr.78",-0.0015971
"140","ran140.hdr.8",0.00016113
"140","ran140.hdr.9",-0.0011382
"141","ran141.hdr.1",-0.000481700000000002
"141","ran141.hdr.10",-0.0000712999999999998
"141","ran141.hdr.11",-0.00031262
"141","ran141.hdr.12",-0.0015953
"141","ran141.hdr.13",-0.0003795
"141","ran141.hdr.14",-0.00013863
"141","ran141.hdr.15",-0.000653000000000001
"141","ran141.hdr.16",0.00000960000000000023
"141","ran141.hdr.17",-0.000399699999999999
"141","ran141.hdr.18",-0.0002471
"141","ran141.hdr.19",-0.00012599
"141","ran141.hdr.2",0.000220700000000001
"141","ran141.hdr.20",-0.0011386
"141","ran141.hdr.21",-0.00032687
"141","ran141.hdr.22",-0.0003499
"141","ran141.hdr.23",-0.000118400000000001
"141","ran141.hdr.24",-0.000136260000000001
"141","ran141.hdr.25",-0.0075695
"141","ran141.hdr.26",-0.0017312
"141","ran141.hdr.27",NA
"141","ran141.hdr.28",-0.00098458
"141","ran141.hdr.29",-0.000612299999999998
"141","ran141.hdr.3",-0.0032872
"141","ran141.hdr.30",-0.0014725
"141","ran141.hdr.31",-0.0001785
"141","ran141.hdr.32",-0.00037474
"141","ran141.hdr.33",-0.00044134
"141","ran141.hdr.34",-0.000420199999999999
"141","ran141.hdr.35",-0.0000805300000000005
"141","ran141.hdr.36",-0.0000624000000000006
"141","ran141.hdr.37",-0.000469900000000001
"141","ran141.hdr.38",-0.000287379999999999
"141","ran141.hdr.39",-0.000174199999999999
"141","ran141.hdr.4",-0.0007992
"141","ran141.hdr.40",-0.0009637
"141","ran141.hdr.41",-0.000844599999999997
"141","ran141.hdr.42",-0.0000886700000000001
"141","ran141.hdr.43",-0.0001607
"141","ran141.hdr.44",-0.00065478
"141","ran141.hdr.45",-0.0033085
"141","ran141.hdr.46",-0.000988299999999998
"141","ran141.hdr.47",0.0000839000000000013
"141","ran141.hdr.48",-0.00026183
"141","ran141.hdr.49",-0.000765099999999998
"141","ran141.hdr.5",-0.0000431300000000006
"141","ran141.hdr.50",0.00019983
"141","ran141.hdr.51",-0.0004831
"141","ran141.hdr.52",0.00015462
"141","ran141.hdr.53",-0.0021164
"141","ran141.hdr.54",-0.0006896
"141","ran141.hdr.55",-0.000421599999999999
"141","ran141.hdr.56",0.0000288600000000003
"141","ran141.hdr.58",-0.00017852
"141","ran141.hdr.59",-0.000618499999999999
"141","ran141.hdr.6",-0.002806
"141","ran141.hdr.60",-0.000263810000000001
"141","ran141.hdr.61",-0.0003572
"141","ran141.hdr.62",-0.000405300000000001
"141","ran141.hdr.63",-0.000113210000000001
"141","ran141.hdr.64",-0.0013204
"141","ran141.hdr.65",-0.000356599999999999
"141","ran141.hdr.66",-0.0000374500000000014
"141","ran141.hdr.67",0.00029028
"141","ran141.hdr.68",-0.0044168
"141","ran141.hdr.69",-0.0006002
"141","ran141.hdr.7",-0.0009196
"141","ran141.hdr.70",-0.000825300000000001
"141","ran141.hdr.71",-0.0006286
"141","ran141.hdr.72",-0.000198200000000001
"141","ran141.hdr.73",-0.0006967
"141","ran141.hdr.74",0.000560000000000001
"141","ran141.hdr.75",-0.0014309
"141","ran141.hdr.76",-0.00096858
"141","ran141.hdr.77",-0.0007595
"141","ran141.hdr.78",0.00024605
"141","ran141.hdr.8",-0.0005222
"141","ran141.hdr.9",-0.0005444
"142","ran142.hdr.1",-0.0012446
"142","ran142.hdr.10",-0.00154022
"142","ran142.hdr.11",-0.000679800000000001
"142","ran142.hdr.12",-0.000808199999999999
"142","ran142.hdr.13",-0.0003397
"142","ran142.hdr.14",0.000345099999999999
"142","ran142.hdr.15",-0.000527999999999999
"142","ran142.hdr.16",-0.0004347
"142","ran142.hdr.17",0.0000547099999999999
"142","ran142.hdr.18",-0.0006201
"142","ran142.hdr.19",-0.0067609
"142","ran142.hdr.2",-0.0014125
"142","ran142.hdr.20",-0.00022865
"142","ran142.hdr.21",0.0000429000000000002
"142","ran142.hdr.22",0.0002039
"142","ran142.hdr.23",-0.00016391
"142","ran142.hdr.24",-0.00009449
"142","ran142.hdr.25",0.0000498999999999999
"142","ran142.hdr.26",0.00019941
"142","ran142.hdr.27",-0.002134
"142","ran142.hdr.28",-0.0011573
"142","ran142.hdr.29",0.000205900000000002
"142","ran142.hdr.3",-0.003143
"142","ran142.hdr.30",-0.0000865999999999992
"142","ran142.hdr.31",-0.0019854
"142","ran142.hdr.32",-0.000411400000000003
"142","ran142.hdr.33",-0.0000660000000000001
"142","ran142.hdr.34",-0.000348000000000001
"142","ran142.hdr.35",-0.000777200000000002
"142","ran142.hdr.36",-0.000140850000000001
"142","ran142.hdr.37",-0.000735299999999998
"142","ran142.hdr.38",0.0000443000000000006
"142","ran142.hdr.39",-0.000287379999999999
"142","ran142.hdr.4",-0.002785
"142","ran142.hdr.40",0.000361500000000001
"142","ran142.hdr.41",0.0000336999999999994
"142","ran142.hdr.42",-0.0014927
"142","ran142.hdr.43",-0.000306899999999999
"142","ran142.hdr.44",-0.00034381
"142","ran142.hdr.45",0.000276800000000001
"142","ran142.hdr.46",-0.000026974
"142","ran142.hdr.47",-0.000988299999999998
"142","ran142.hdr.48",-0.0013068
"142","ran142.hdr.49",-0.000442600000000001
"142","ran142.hdr.5",-0.0043666
"142","ran142.hdr.50",-0.00010923
"142","ran142.hdr.51",-0.0011511
"142","ran142.hdr.52",-0.0006896
"142","ran142.hdr.53",-0.00018941
"142","ran142.hdr.54",0.0000255384
"142","ran142.hdr.55",-0.0001099
"142","ran142.hdr.56",-0.000728099999999999
"142","ran142.hdr.57",-0.0010508
"142","ran142.hdr.58",-0.0003064
"142","ran142.hdr.59",-0.00024239
"142","ran142.hdr.6",0.0000797799999999998
"142","ran142.hdr.60",0.000078700000000001
"142","ran142.hdr.61",-0.0002716
"142","ran142.hdr.62",-0.000546500000000002
"142","ran142.hdr.63",-0.000154400000000002
"142","ran142.hdr.64",-0.00039478
"142","ran142.hdr.65",-0.00045068
"142","ran142.hdr.66",-0.000681889999999999
"142","ran142.hdr.67",-0.00672884
"142","ran142.hdr.68",0.0001677
"142","ran142.hdr.69",-0.0008821
"142","ran142.hdr.7",-0.000130499999999999
"142","ran142.hdr.70",-0.000107400000000001
"142","ran142.hdr.71",-0.0044168
"142","ran142.hdr.72",-0.000369599999999999
"142","ran142.hdr.73",-0.0014673
"142","ran142.hdr.74",-0.00089669
"142","ran142.hdr.75",-0.000880000000000002
"142","ran142.hdr.76",-0.000498099999999998
"142","ran142.hdr.77",-0.000399129999999999
"142","ran142.hdr.78",-0.0002015
"142","ran142.hdr.8",-0.000066394
"142","ran142.hdr.9",-0.001099
"143","ran143.hdr.1",-0.000154699999999999
"143","ran143.hdr.10",-0.00259746
"143","ran143.hdr.11",-0.0040816
"143","ran143.hdr.12",-0.0051096
"143","ran143.hdr.13",-0.0000302099999999993
"143","ran143.hdr.14",0.00011099
"143","ran143.hdr.15",-0.000145533
"143","ran143.hdr.16",-0.00011195
"143","ran143.hdr.17",-0.000507480000000001
"143","ran143.hdr.18",-0.0016948
"143","ran143.hdr.19",-0.0002419
"143","ran143.hdr.2",0.000132
"143","ran143.hdr.20",-0.0002267
"143","ran143.hdr.21",-0.0011386
"143","ran143.hdr.22",-0.0002877
"143","ran143.hdr.23",-0.00008435
"143","ran143.hdr.24",0.0007163
"143","ran143.hdr.25",-0.00061751
"143","ran143.hdr.26",-0.000874099999999999
"143","ran143.hdr.27",-0.000163999999999999
"143","ran143.hdr.28",-0.0001083
"143","ran143.hdr.29",-0.0017312
"143","ran143.hdr.3",-0.000220599999999998
"143","ran143.hdr.30",-0.0007279
"143","ran143.hdr.31",-0.0014492
"143","ran143.hdr.32",0.000346600000000001
"143","ran143.hdr.33",-0.00026931
"143","ran143.hdr.34",-0.000148799999999999
"143","ran143.hdr.35",-0.000292629999999999
"143","ran143.hdr.36",-0.0010566
"143","ran143.hdr.37",-0.0014853
"143","ran143.hdr.38",-0.0000696199999999994
"143","ran143.hdr.39",-0.000411400000000003
"143","ran143.hdr.4",-0.0016743
"143","ran143.hdr.40",-0.000654399999999999
"143","ran143.hdr.41",0.0001028
"143","ran143.hdr.42",-0.0013244
"143","ran143.hdr.43",-0.00016097
"143","ran143.hdr.44",0.000161600000000001
"143","ran143.hdr.45",NA
"143","ran143.hdr.46",-0.00026
"143","ran143.hdr.47",0.000237399999999999
"143","ran143.hdr.48",-0.000289599999999999
"143","ran143.hdr.49",-0.0000750999999999981
"143","ran143.hdr.5",-0.0008068
"143","ran143.hdr.50",-0.000735400000000001
"143","ran143.hdr.51",0.0001577
"143","ran143.hdr.52",0.000197900000000001
"143","ran143.hdr.53",-0.0004434
"143","ran143.hdr.54",0.000136669
"143","ran143.hdr.55",-0.0012528
"143","ran143.hdr.56",-0.0014596
"143","ran143.hdr.57",-0.0010527
"143","ran143.hdr.58",-0.0000869000000000009
"143","ran143.hdr.59",0.0000323700000000003
"143","ran143.hdr.6",0.0000146
"143","ran143.hdr.60",-0.0000363999999999989
"143","ran143.hdr.61",-0.0011044
"143","ran143.hdr.62",-0.000175700000000001
"143","ran143.hdr.63",0.0000186600000000002
"143","ran143.hdr.65",-0.00023539
"143","ran143.hdr.66",NA
"143","ran143.hdr.67",-0.0001548
"143","ran143.hdr.68",-0.0107924
"143","ran143.hdr.69",0.000078700000000001
"143","ran143.hdr.7",0.000192080000000001
"143","ran143.hdr.70",0.000119899999999999
"143","ran143.hdr.71",0.0004466
"143","ran143.hdr.72",-0.000157899999999999
"143","ran143.hdr.73",-0.0009932
"143","ran143.hdr.74",-0.000550200000000001
"143","ran143.hdr.75",-0.0012699
"143","ran143.hdr.76",-0.0001829
"143","ran143.hdr.77",-0.0023484
"143","ran143.hdr.78",-0.0064447
"143","ran143.hdr.8",-0.0014125
"143","ran143.hdr.9",-0.0030338
"144","ran144.hdr.1",-0.000905800000000002
"144","ran144.hdr.10",0.00000320000000000008
"144","ran144.hdr.11",-0.0001738
"144","ran144.hdr.12",0.00022729
"144","ran144.hdr.13",-0.000358290000000001
"144","ran144.hdr.14",-0.00154022
"144","ran144.hdr.15",-0.00042711
"144","ran144.hdr.16",-0.00037024
"144","ran144.hdr.17",-0.000438800000000001
"144","ran144.hdr.18",-0.0000976999999999992
"144","ran144.hdr.19",-0.000320800000000001
"144","ran144.hdr.2",-0.0024371
"144","ran144.hdr.20",-0.0006719
"144","ran144.hdr.21",0.0000650099999999999
"144","ran144.hdr.22",-0.0010596
"144","ran144.hdr.23",0.000174039999999999
"144","ran144.hdr.24",-0.000136245
"144","ran144.hdr.25",-0.0017674
"144","ran144.hdr.26",-0.0002758
"144","ran144.hdr.27",-0.0005795
"144","ran144.hdr.28",-0.0024132
"144","ran144.hdr.29",-0.0002991
"144","ran144.hdr.3",0.000177399999999999
"144","ran144.hdr.30",-0.0004995
"144","ran144.hdr.31",-0.0006158
"144","ran144.hdr.32",-0.0016281
"144","ran144.hdr.33",-0.00055601
"144","ran144.hdr.34",-0.0011926
"144","ran144.hdr.35",-0.000187100000000001
"144","ran144.hdr.36",-0.001167
"144","ran144.hdr.37",-0.00016025
"144","ran144.hdr.38",-0.0001419
"144","ran144.hdr.39",-0.00000790000000000166
"144","ran144.hdr.4",-0.000358239999999999
"144","ran144.hdr.40",0.000035033
"144","ran144.hdr.41",-0.0014222
"144","ran144.hdr.42",-0.000804199999999998
"144","ran144.hdr.43",-0.000478900000000001
"144","ran144.hdr.44",-0.0030608
"144","ran144.hdr.45",0.000022900000000001
"144","ran144.hdr.46",NA
"144","ran144.hdr.47",-0.0003798
"144","ran144.hdr.48",-0.0009237
"144","ran144.hdr.49",-0.000755800000000001
"144","ran144.hdr.5",-0.000443959999999998
"144","ran144.hdr.50",-0.0011563
"144","ran144.hdr.51",-0.00034381
"144","ran144.hdr.52",0.000267400000000001
"144","ran144.hdr.53",0.00004863
"144","ran144.hdr.54",-0.0000781000000000011
"144","ran144.hdr.55",-0.00035604
"144","ran144.hdr.56",-0.0010723
"144","ran144.hdr.57",-0.000102099999999999
"144","ran144.hdr.58",-0.000253400000000001
"144","ran144.hdr.6",-0.000160850000000001
"144","ran144.hdr.60",-0.00095777
"144","ran144.hdr.61",-0.0020934
"144","ran144.hdr.62",-0.011466
"144","ran144.hdr.63",-0.0000494999999999992
"144","ran144.hdr.64",-0.0009592
"144","ran144.hdr.65",0.000229200000000002
"144","ran144.hdr.66",-0.0044594
"144","ran144.hdr.67",-0.000190900000000001
"144","ran144.hdr.68",-0.000854299999999999
"144","ran144.hdr.69",-0.0001385
"144","ran144.hdr.7",-0.0032486
"144","ran144.hdr.70",-0.00124621
"144","ran144.hdr.71",-0.000052345
"144","ran144.hdr.72",-0.000428600000000001
"144","ran144.hdr.73",-0.0018724
"144","ran144.hdr.74",-0.0015872
"144","ran144.hdr.75",-0.0022821
"144","ran144.hdr.76",-0.0015886
"144","ran144.hdr.77",-0.000511299999999999
"144","ran144.hdr.78",-0.0016621
"144","ran144.hdr.8",-0.0052846
"144","ran144.hdr.9",0.00000526999999999993
"145","ran145.hdr.1",-0.000195000000000001
"145","ran145.hdr.10",-0.000315299999999999
"145","ran145.hdr.11",-0.0000057098
"145","ran145.hdr.12",-0.000954400000000001
"145","ran145.hdr.13",-0.00030091
"145","ran145.hdr.14",-0.000118400000000001
"145","ran145.hdr.15",-0.00062684
"145","ran145.hdr.16",-0.000785500000000001
"145","ran145.hdr.17",-0.0010386
"145","ran145.hdr.18",-0.000473100000000001
"145","ran145.hdr.19",-0.0010564
"145","ran145.hdr.2",-0.0007518
"145","ran145.hdr.20",-0.0017674
"145","ran145.hdr.21",-0.0000295899999999999
"145","ran145.hdr.22",-0.000682600000000002
"145","ran145.hdr.23",-0.000114100000000002
"145","ran145.hdr.24",-0.000747600000000001
"145","ran145.hdr.25",-0.00034293
"145","ran145.hdr.26",-0.00023903
"145","ran145.hdr.27",-0.0005877
"145","ran145.hdr.28",-0.000712399999999998
"145","ran145.hdr.29",-0.0032627
"145","ran145.hdr.3",-0.0011965
"145","ran145.hdr.30",-0.0051598
"145","ran145.hdr.31",-0.000359199999999999
"145","ran145.hdr.32",-0.0019854
"145","ran145.hdr.33",-0.000382
"145","ran145.hdr.34",0.000583699999999999
"145","ran145.hdr.35",-0.00025136
"145","ran145.hdr.36",-0.00018951
"145","ran145.hdr.37",0.00003065
"145","ran145.hdr.38",-0.000468900000000001
"145","ran145.hdr.39",0.000032569
"145","ran145.hdr.4",-0.0008068
"145","ran145.hdr.40",-0.0012186
"145","ran145.hdr.41",-0.0013524
"145","ran145.hdr.42",-0.0008214
"145","ran145.hdr.43",0.000528520000000001
"145","ran145.hdr.44",0.0002331
"145","ran145.hdr.45",-0.001739
"145","ran145.hdr.46",0.0000195999999999998
"145","ran145.hdr.47",-0.000743199999999999
"145","ran145.hdr.48",0.000844299999999999
"145","ran145.hdr.49",0.000657600000000001
"145","ran145.hdr.5",-0.000713199999999999
"145","ran145.hdr.50",0.00012679
"145","ran145.hdr.51",-0.00014185
"145","ran145.hdr.52",-0.0012528
"145","ran145.hdr.53",-0.000129839
"145","ran145.hdr.54",-0.000231500000000003
"145","ran145.hdr.55",-0.0135865
"145","ran145.hdr.56",-0.00017588
"145","ran145.hdr.57",NA
"145","ran145.hdr.58",-0.0046284
"145","ran145.hdr.59",-0.000119059999999999
"145","ran145.hdr.6",-0.0046226
"145","ran145.hdr.60",-0.00025195
"145","ran145.hdr.61",-0.000268079999999999
"145","ran145.hdr.64",-0.0020934
"145","ran145.hdr.65",0.000588100000000001
"145","ran145.hdr.66",-0.0011658
"145","ran145.hdr.67",-0.0028229
"145","ran145.hdr.68",-0.00672884
"145","ran145.hdr.69",-0.0014372
"145","ran145.hdr.7",-0.00163709
"145","ran145.hdr.70",-0.000407100000000001
"145","ran145.hdr.71",0.000480400000000002
"145","ran145.hdr.72",-0.0005561
"145","ran145.hdr.73",-0.000630200000000001
"145","ran145.hdr.74",-0.000297700000000001
"145","ran145.hdr.75",-0.0013233
"145","ran145.hdr.76",-0.0023484
"145","ran145.hdr.77",-0.0003888
"145","ran145.hdr.78",-0.000802599999999999
"145","ran145.hdr.8",-0.0028486
"145","ran145.hdr.9",0.0000928000000000005
"146","ran146.hdr.1",-0.000860900000000001
"146","ran146.hdr.10",-0.0000976999999999992
"146","ran146.hdr.11",-0.000320599999999999
"146","ran146.hdr.12",-0.00152345
"146","ran146.hdr.13",-0.000409099999999999
"146","ran146.hdr.14",-0.0011386
"146","ran146.hdr.15",-0.00085353
"146","ran146.hdr.16",-0.0004688
"146","ran146.hdr.17",-0.000118400000000001
"146","ran146.hdr.18",-0.0010596
"146","ran146.hdr.19",-0.00014701
"146","ran146.hdr.2",0.0008661
"146","ran146.hdr.20",0.00000759999999999997
"146","ran146.hdr.21",0.0001478
"146","ran146.hdr.22",-0.0025625
"146","ran146.hdr.23",-0.0010053
"146","ran146.hdr.24",0.0001712
"146","ran146.hdr.25",-0.000796499999999999
"146","ran146.hdr.26",0.00000603000000000062
"146","ran146.hdr.27",0.000165219999999999
"146","ran146.hdr.28",-0.0013931
"146","ran146.hdr.29",-0.00039436
"146","ran146.hdr.3",-0.0052722
"146","ran146.hdr.30",-0.000468900000000001
"146","ran146.hdr.31",-0.000341280000000001
"146","ran146.hdr.32",-0.0013929
"146","ran146.hdr.33",0.000381300000000001
"146","ran146.hdr.34",-0.0011573
"146","ran146.hdr.35",-0.000576900000000002
"146","ran146.hdr.36",-0.000548
"146","ran146.hdr.37",-0.000844900000000001
"146","ran146.hdr.38",-0.000469900000000001
"146","ran146.hdr.39",0.0000586000000000024
"146","ran146.hdr.4",-0.0052846
"146","ran146.hdr.40",-0.0030608
"146","ran146.hdr.41",-0.0002003
"146","ran146.hdr.42",0.0000336999999999994
"146","ran146.hdr.43",0.0005091
"146","ran146.hdr.44",-0.000135
"146","ran146.hdr.45",-0.0023505
"146","ran146.hdr.46",-0.0002384
"146","ran146.hdr.47",-0.0022656
"146","ran146.hdr.48",-0.0000958999999999995
"146","ran146.hdr.49",-0.000377499999999999
"146","ran146.hdr.5",-0.00033059
"146","ran146.hdr.50",-0.000971
"146","ran146.hdr.51",-0.000551949999999999
"146","ran146.hdr.52",0.000163369999999999
"146","ran146.hdr.53",-0.000586400000000001
"146","ran146.hdr.54",0.0001629
"146","ran146.hdr.58",-0.0015112
"146","ran146.hdr.59",-0.000967699999999998
"146","ran146.hdr.6",-0.0015386
"146","ran146.hdr.60",-0.000513100000000002
"146","ran146.hdr.61",-0.0000474999999999989
"146","ran146.hdr.62",0.0000943000000000003
"146","ran146.hdr.63",-0.00039282
"146","ran146.hdr.64",-0.00018396
"146","ran146.hdr.65",-0.000727199999999997
"146","ran146.hdr.66",-0.000164200000000001
"146","ran146.hdr.67",-0.000474
"146","ran146.hdr.68",0.000256500000000002
"146","ran146.hdr.69",-0.0010327
"146","ran146.hdr.7",-0.000401799999999999
"146","ran146.hdr.70",0.000450900000000001
"146","ran146.hdr.71",-0.00031983
"146","ran146.hdr.72",-0.000316540000000001
"146","ran146.hdr.73",-0.000890599999999998
"146","ran146.hdr.74",-0.0027704
"146","ran146.hdr.75",-0.0015872
"146","ran146.hdr.76",-0.000792599999999999
"146","ran146.hdr.77",-0.0010028
"146","ran146.hdr.78",-0.000802599999999999
"146","ran146.hdr.8",-0.000534900000000001
"146","ran146.hdr.9",-0.00038213
"147","ran147.hdr.1",-0.000319699999999999
"147","ran147.hdr.10",-0.00033059
"147","ran147.hdr.11",0.00024838
"147","ran147.hdr.12",-0.00154022
"147","ran147.hdr.13",-0.000414400000000001
"147","ran147.hdr.14",-0.00017451
"147","ran147.hdr.15",0.0002302
"147","ran147.hdr.16",-0.0007302
"147","ran147.hdr.17",0.000707699999999999
"147","ran147.hdr.18",-0.0000387000000000009
"147","ran147.hdr.19",-0.0012188
"147","ran147.hdr.2",-0.000203000000000002
"147","ran147.hdr.20",-0.0005322
"147","ran147.hdr.21",-0.00031687
"147","ran147.hdr.22",0.00019389
"147","ran147.hdr.23",-0.00175568
"147","ran147.hdr.24",-0.000122999999999998
"147","ran147.hdr.25",-0.000297
"147","ran147.hdr.26",-0.00350844
"147","ran147.hdr.27",-0.00198339
"147","ran147.hdr.28",-0.0025053
"147","ran147.hdr.29",-0.000533599999999999
"147","ran147.hdr.3",-0.0000346800000000005
"147","ran147.hdr.30",-0.0006549
"147","ran147.hdr.31",-0.000250599999999998
"147","ran147.hdr.32",-0.0001826
"147","ran147.hdr.33",-0.000344299999999999
"147","ran147.hdr.34",-0.0013224
"147","ran147.hdr.35",-0.0015552
"147","ran147.hdr.36",-0.0015749
"147","ran147.hdr.37",-0.0011599
"147","ran147.hdr.38",-0.0009972
"147","ran147.hdr.39",-0.0005404
"147","ran147.hdr.4",-0.0032872
"147","ran147.hdr.40",-0.0001811
"147","ran147.hdr.41",-0.00018774
"147","ran147.hdr.42",-0.0030178
"147","ran147.hdr.43",-0.0021208
"147","ran147.hdr.44",-0.0013738
"147","ran147.hdr.45",-0.0002945
"147","ran147.hdr.46",-0.0001866
"147","ran147.hdr.47",0.000197900000000001
"147","ran147.hdr.48",0.000279399999999999
"147","ran147.hdr.49",-0.000121400000000001
"147","ran147.hdr.5",-0.000119600000000001
"147","ran147.hdr.50",-0.00042634
"147","ran147.hdr.51",-0.000294639999999999
"147","ran147.hdr.52",-0.00378069
"147","ran147.hdr.53",0.0000742100000000001
"147","ran147.hdr.54",-0.00250854
"147","ran147.hdr.55",-0.0011708
"147","ran147.hdr.56",0.00000490000000000212
"147","ran147.hdr.57",0.0000948199999999998
"147","ran147.hdr.58",-0.000728099999999999
"147","ran147.hdr.59",0.0001308
"147","ran147.hdr.6",-0.0053867
"147","ran147.hdr.60",-0.0015743
"147","ran147.hdr.61",-0.00114221
"147","ran147.hdr.62",0.000632799999999999
"147","ran147.hdr.63",-0.0010711
"147","ran147.hdr.64",-0.0011376
"147","ran147.hdr.65",0.0000100400000000002
"147","ran147.hdr.66",-0.00104738
"147","ran147.hdr.67",-0.000485049999999999
"147","ran147.hdr.68",0.000401200000000001
"147","ran147.hdr.69",-0.000128400000000001
"147","ran147.hdr.7",-0.00163709
"147","ran147.hdr.70",-0.000566599999999999
"147","ran147.hdr.71",-0.0011658
"147","ran147.hdr.72",-0.0068051
"147","ran147.hdr.73",-0.0010327
"147","ran147.hdr.74",-0.0008821
"147","ran147.hdr.75",-0.0011679
"147","ran147.hdr.76",-0.0003324
"147","ran147.hdr.77",-0.0015886
"147","ran147.hdr.78",-0.0014855
"147","ran147.hdr.8",-0.00053103
"147","ran147.hdr.9",-0.000229759999999999
"148","ran148.hdr.1",-0.0002056
"148","ran148.hdr.10",-0.0000801099999999996
"148","ran148.hdr.11",-0.0000622000000000001
"148","ran148.hdr.12",-0.000409099999999999
"148","ran148.hdr.13",-0.00085353
"148","ran148.hdr.14",0.0006018
"148","ran148.hdr.15",0.000062099999999999
"148","ran148.hdr.16",0.000174039999999999
"148","ran148.hdr.17",NA
"148","ran148.hdr.18",-0.000382
"148","ran148.hdr.19",-0.00041587
"148","ran148.hdr.2",-0.0014125
"148","ran148.hdr.20",-0.0009639
"148","ran148.hdr.21",-0.0016952
"148","ran148.hdr.22",0.00000735000000000015
"148","ran148.hdr.23",-0.000140599999999999
"148","ran148.hdr.24",0.0001549743
"148","ran148.hdr.25",-0.00291982
"148","ran148.hdr.26",0.000258240000000001
"148","ran148.hdr.27",0.000128130000000001
"148","ran148.hdr.28",-0.0004084
"148","ran148.hdr.29",-0.000450470000000001
"148","ran148.hdr.3",-0.00259746
"148","ran148.hdr.30",-0.00034286
"148","ran148.hdr.31",-0.0107692
"148","ran148.hdr.32",-0.0012989
"148","ran148.hdr.33",-0.0011609
"148","ran148.hdr.34",-0.000730600000000001
"148","ran148.hdr.35",-0.0005964
"148","ran148.hdr.36",-0.000803359999999999
"148","ran148.hdr.37",0.0000463000000000009
"148","ran148.hdr.38",-0.0000607120000000001
"148","ran148.hdr.39",-0.000505799999999999
"148","ran148.hdr.4",-0.0005444
"148","ran148.hdr.40",-0.0000756000000000003
"148","ran148.hdr.41",0.000262999999999999
"148","ran148.hdr.42",-0.000707100000000002
"148","ran148.hdr.43",-0.0010884
"148","ran148.hdr.44",-0.00071704
"148","ran148.hdr.45",-0.000289599999999999
"148","ran148.hdr.46",-0.0011409
"148","ran148.hdr.47",-0.0010009
"148","ran148.hdr.48",-0.0000973699999999998
"148","ran148.hdr.49",-0.0002729
"148","ran148.hdr.5",-0.00066134
"148","ran148.hdr.50",-0.000122300000000001
"148","ran148.hdr.51",-0.0013907
"148","ran148.hdr.52",-0.0046284
"148","ran148.hdr.53",-0.0004198
"148","ran148.hdr.54",-0.000796399999999999
"148","ran148.hdr.55",-0.000313409999999999
"148","ran148.hdr.56",-0.0010707
"148","ran148.hdr.57",-0.00017852
"148","ran148.hdr.58",0.000979799999999999
"148","ran148.hdr.59",-0.000141199999999999
"148","ran148.hdr.6",-0.00154022
"148","ran148.hdr.60",-0.000694199999999999
"148","ran148.hdr.61",-0.000967699999999998
"148","ran148.hdr.62",0.000622599999999999
"148","ran148.hdr.63",-0.000639499999999998
"148","ran148.hdr.64",-0.0004244
"148","ran148.hdr.65",-0.0107924
"148","ran148.hdr.66",-0.0005466
"148","ran148.hdr.67",-0.00039282
"148","ran148.hdr.68",-0.0012548
"148","ran148.hdr.69",0.0000888
"148","ran148.hdr.7",-0.0000293799999999999
"148","ran148.hdr.70",-0.0024046
"148","ran148.hdr.71",-0.0096339
"148","ran148.hdr.72",-0.0046587
"148","ran148.hdr.73",-0.0000222999999999994
"148","ran148.hdr.74",-0.0003324
"148","ran148.hdr.75",-0.000720800000000001
"148","ran148.hdr.76",-0.0030263
"148","ran148.hdr.77",-0.0000552000000000018
"148","ran148.hdr.78",-0.00118788
"148","ran148.hdr.8",-0.000419360000000001
"148","ran148.hdr.9",-0.0002828
"149","ran149.hdr.1",-0.000319699999999999
"149","ran149.hdr.10",0.00000320000000000008
"149","ran149.hdr.11",-0.00023812
"149","ran149.hdr.12",0.000234499999999999
"149","ran149.hdr.13",-0.000309469999999999
"149","ran149.hdr.14",-0.000675400000000003
"149","ran149.hdr.15",-0.0002415
"149","ran149.hdr.16",-0.00016992
"149","ran149.hdr.17",-0.000320599999999999
"149","ran149.hdr.18",-0.000561900000000001
"149","ran149.hdr.19",-0.0002877
"149","ran149.hdr.2",-0.00036043
"149","ran149.hdr.20",0.000665800000000001
"149","ran149.hdr.21",-0.000785500000000001
"149","ran149.hdr.22",-0.000908299999999999
"149","ran149.hdr.23",-0.0005968
"149","ran149.hdr.24",-0.000431160000000002
"149","ran149.hdr.25",0.000254799999999999
"149","ran149.hdr.26",-0.0000169600000000003
"149","ran149.hdr.27",0.000380700000000001
"149","ran149.hdr.28",-0.000458800000000001
"149","ran149.hdr.29",-0.000347700000000001
"149","ran149.hdr.3",0.0000471159999999999
"149","ran149.hdr.30",-0.0001239
"149","ran149.hdr.31",-0.0016027
"149","ran149.hdr.32",-0.000429799999999999
"149","ran149.hdr.33",-0.000267669999999999
"149","ran149.hdr.34",0.0001584
"149","ran149.hdr.35",-0.000507499999999999
"149","ran149.hdr.36",-0.00031339
"149","ran149.hdr.37",-0.00000790000000000166
"149","ran149.hdr.38",-0.0008395
"149","ran149.hdr.39",-0.00620406
"149","ran149.hdr.4",-0.000833500000000001
"149","ran149.hdr.40",-0.000171499999999998
"149","ran149.hdr.41",0.000337199999999999
"149","ran149.hdr.42",-0.0023505
"149","ran149.hdr.43",-0.0014927
"149","ran149.hdr.44",-0.0030178
"149","ran149.hdr.45",-0.0011914
"149","ran149.hdr.46",NA
"149","ran149.hdr.47",-0.0010009
"149","ran149.hdr.48",-0.000358599999999999
"149","ran149.hdr.49",-0.000392399999999999
"149","ran149.hdr.5",-0.0005346
"149","ran149.hdr.50",-0.0000593299999999998
"149","ran149.hdr.51",0.0000792999999999992
"149","ran149.hdr.52",-0.00021661
"149","ran149.hdr.53",-0.0007171
"149","ran149.hdr.54",-0.0013068
"149","ran149.hdr.55",-0.0046284
"149","ran149.hdr.56",-0.000421599999999999
"149","ran149.hdr.57",-0.00023275
"149","ran149.hdr.58",-0.000618499999999999
"149","ran149.hdr.59",-0.000247399999999998
"149","ran149.hdr.6",-0.0019788
"149","ran149.hdr.60",-0.000221499999999999
"149","ran149.hdr.61",-0.000567400000000001
"149","ran149.hdr.62",0.0002951
"149","ran149.hdr.63",-0.0012721
"149","ran149.hdr.64",-0.0012643
"149","ran149.hdr.65",-0.0015961
"149","ran149.hdr.66",0.0001729
"149","ran149.hdr.67",-0.000448899999999999
"149","ran149.hdr.68",-0.00562571
"149","ran149.hdr.69",-0.0011431
"149","ran149.hdr.7",-0.0027476
"149","ran149.hdr.70",-0.000889800000000001
"149","ran149.hdr.71",-0.0012556
"149","ran149.hdr.72",-0.000519899999999998
"149","ran149.hdr.73",-0.000389500000000001
"149","ran149.hdr.74",-0.0010843
"149","ran149.hdr.75",-0.000427900000000002
"149","ran149.hdr.76",0.0001239
"149","ran149.hdr.77",-0.000153199999999999
"149","ran149.hdr.78",-0.0001402
"149","ran149.hdr.8",-0.0037929
"149","ran149.hdr.9",-0.00173813
"150","ran150.hdr.1",-0.000195000000000001
"150","ran150.hdr.10",-0.000376899999999999
"150","ran150.hdr.11",-0.000217070000000001
"150","ran150.hdr.12",-0.0000950400000000011
"150","ran150.hdr.13",-0.0002877
"150","ran150.hdr.14",-0.000061760000000001
"150","ran150.hdr.15",0.000380699999999999
"150","ran150.hdr.16",-0.0002775
"150","ran150.hdr.17",-0.000727600000000002
"150","ran150.hdr.18",-0.0017674
"150","ran150.hdr.19",-0.0075695
"150","ran150.hdr.2",-0.000637099999999998
"150","ran150.hdr.20",-0.0011727
"150","ran150.hdr.21",-0.000769800000000001
"150","ran150.hdr.22",-0.000846699999999999
"150","ran150.hdr.23",-0.0000786399999999996
"150","ran150.hdr.24",-0.00107892
"150","ran150.hdr.25",-0.0005678
"150","ran150.hdr.26",-0.00130484
"150","ran150.hdr.27",-0.000232900000000001
"150","ran150.hdr.28",-0.0000217000000000012
"150","ran150.hdr.29",-0.000234649999999999
"150","ran150.hdr.3",-0.000532600000000001
"150","ran150.hdr.30",0.0000686800000000007
"150","ran150.hdr.31",-0.0005877
"150","ran150.hdr.32",-0.000643000000000001
"150","ran150.hdr.33",-0.000306500000000001
"150","ran150.hdr.34",-0.000735299999999998
"150","ran150.hdr.35",-0.0004601
"150","ran150.hdr.36",-0.000469900000000001
"150","ran150.hdr.37",-0.0013695
"150","ran150.hdr.38",-0.00011013
"150","ran150.hdr.39",0.0000239999999999997
"150","ran150.hdr.4",NA
"150","ran150.hdr.40",-0.0000286999999999996
"150","ran150.hdr.41",-0.000522599999999998
"150","ran150.hdr.42",-0.0008371
"150","ran150.hdr.43",-0.0011836
"150","ran150.hdr.44",-0.0003823
"150","ran150.hdr.45",-0.00019346
"150","ran150.hdr.46",0.000377580000000001
"150","ran150.hdr.47",-0.001739
"150","ran150.hdr.48",-0.0000288000000000007
"150","ran150.hdr.49",-0.0001382
"150","ran150.hdr.5",-0.000461899999999998
"150","ran150.hdr.50",-0.000431920000000001
"150","ran150.hdr.51",-0.000153
"150","ran150.hdr.52",-0.000643990000000001
"150","ran150.hdr.53",0.0000402499999999995
"150","ran150.hdr.54",-0.00011554
"150","ran150.hdr.57",-0.000162300000000001
"150","ran150.hdr.58",-0.000270299999999998
"150","ran150.hdr.59",-0.000824100000000001
"150","ran150.hdr.6",-0.000032131
"150","ran150.hdr.60",-0.000425699999999999
"150","ran150.hdr.61",0.000413299999999998
"150","ran150.hdr.62",-0.0011885
"150","ran150.hdr.63",-0.0001548
"150","ran150.hdr.64",0.0000525999999999999
"150","ran150.hdr.65",-0.000540200000000001
"150","ran150.hdr.66",-0.001278
"150","ran150.hdr.67",-0.000190900000000001
"150","ran150.hdr.68",-0.0027675
"150","ran150.hdr.69",0.0000208000000000014
"150","ran150.hdr.7",-0.00030618
"150","ran150.hdr.70",-0.000323500000000001
"150","ran150.hdr.71",0.000450900000000001
"150","ran150.hdr.72",0.000346899999999999
"150","ran150.hdr.73",-0.000228699999999998
"150","ran150.hdr.74",-0.000204899999999999
"150","ran150.hdr.75",-0.000369599999999999
"150","ran150.hdr.76",-0.0011554
"150","ran150.hdr.77",-0.0010032
"150","ran150.hdr.78",-0.000490000000000001
"150","ran150.hdr.8",-0.00018433
"150","ran150.hdr.9",-0.000482460000000001
"151","ran151.hdr.1",0.00000800000000000106
"151","ran151.hdr.10",-0.00137783
"151","ran151.hdr.11",-0.000721199999999998
"151","ran151.hdr.12",0.0000442999999999989
"151","ran151.hdr.13",-0.00016964
"151","ran151.hdr.14",-0.0000854700000000007
"151","ran151.hdr.15",-0.0002951
"151","ran151.hdr.16",-0.0000228999999999993
"151","ran151.hdr.17",-0.0010564
"151","ran151.hdr.18",-0.000710000000000002
"151","ran151.hdr.19",-0.0010804
"151","ran151.hdr.2",-0.0012185
"151","ran151.hdr.20",-0.00007594
"151","ran151.hdr.21",-0.0003788
"151","ran151.hdr.22",-0.0002542
"151","ran151.hdr.23",-0.00031138
"151","ran151.hdr.24",-0.00035699
"151","ran151.hdr.25",-0.000310299999999999
"151","ran151.hdr.26",-0.0012418
"151","ran151.hdr.27",0.0006037
"151","ran151.hdr.28",-0.000957299999999998
"151","ran151.hdr.29",-0.0006549
"151","ran151.hdr.3",-0.0000923999999999994
"151","ran151.hdr.30",-0.000830900000000002
"151","ran151.hdr.31",0.0001362
"151","ran151.hdr.32",0.0000443000000000006
"151","ran151.hdr.33",-0.000154000000000001
"151","ran151.hdr.34",-0.0019721
"151","ran151.hdr.35",-0.0006827
"151","ran151.hdr.36",-0.0005059
"151","ran151.hdr.37",-0.0019089
"151","ran151.hdr.38",-0.000259789999999999
"151","ran151.hdr.39",-0.0013621
"151","ran151.hdr.4",-0.0025708
"151","ran151.hdr.40",-0.0003184
"151","ran151.hdr.41",-0.0015247
"151","ran151.hdr.42",-0.0014925
"151","ran151.hdr.43",-0.000306899999999999
"151","ran151.hdr.44",-0.0001262
"151","ran151.hdr.45",-0.002171
"151","ran151.hdr.46",-0.00022
"151","ran151.hdr.47",0.000131700000000002
"151","ran151.hdr.48",-0.000289599999999999
"151","ran151.hdr.49",-0.0000280999999999997
"151","ran151.hdr.5",-0.0027813
"151","ran151.hdr.50",-0.0022353
"151","ran151.hdr.51",-0.0022371
"151","ran151.hdr.52",-0.0010055
"151","ran151.hdr.53",0.000364800000000002
"151","ran151.hdr.54",-0.0024639
"151","ran151.hdr.55",0.00004863
"151","ran151.hdr.56",-0.0046402
"151","ran151.hdr.57",-0.0013068
"151","ran151.hdr.58",0.0000771000000000001
"151","ran151.hdr.59",0.0000281999999999999
"151","ran151.hdr.6",-0.0001004
"151","ran151.hdr.60",-0.0001315
"151","ran151.hdr.61",-0.0006896
"151","ran151.hdr.63",-0.0000517999999999977
"151","ran151.hdr.64",0.000228300000000001
"151","ran151.hdr.65",-0.0023424
"151","ran151.hdr.66",-0.000093939999999999
"151","ran151.hdr.67",-0.000201800000000002
"151","ran151.hdr.68",-0.0008768
"151","ran151.hdr.69",-0.000164599999999999
"151","ran151.hdr.7",-0.000310240000000001
"151","ran151.hdr.70",-0.0007229
"151","ran151.hdr.71",-0.000788199999999999
"151","ran151.hdr.72",-0.0053353
"151","ran151.hdr.73",-0.0012012
"151","ran151.hdr.74",-0.0003368
"151","ran151.hdr.75",-0.0032753
"151","ran151.hdr.76",-0.0010546
"151","ran151.hdr.77",-0.0006941
"151","ran151.hdr.78",-0.000289600000000001
"151","ran151.hdr.8",-0.00173813
"151","ran151.hdr.9",-0.000405638
"152","ran152.hdr.1",-0.000282899999999999
"152","ran152.hdr.10",0.00015803
"152","ran152.hdr.11",-0.0003458
"152","ran152.hdr.12",-0.0002322
"152","ran152.hdr.13",-0.000515700000000001
"152","ran152.hdr.14",-0.0004066
"152","ran152.hdr.15",-0.000935750000000001
"152","ran152.hdr.16",-0.0002988
"152","ran152.hdr.17",-0.0011929
"152","ran152.hdr.18",-0.0039813
"152","ran152.hdr.19",-0.001862
"152","ran152.hdr.2",-0.0013435
"152","ran152.hdr.20",-0.0010563
"152","ran152.hdr.21",-0.0003254
"152","ran152.hdr.22",-0.000810099999999998
"152","ran152.hdr.23",-0.0002103
"152","ran152.hdr.24",-0.000248499999999999
"152","ran152.hdr.25",-0.0016027
"152","ran152.hdr.26",-0.0000373999999999999
"152","ran152.hdr.27",-0.0005877
"152","ran152.hdr.28",-0.00017027
"152","ran152.hdr.29",-0.01414423
"152","ran152.hdr.3",0.000367099999999999
"152","ran152.hdr.30",-0.000358299999999999
"152","ran152.hdr.31",-0.000267450000000001
"152","ran152.hdr.32",-0.00019887
"152","ran152.hdr.33",0.000071100000000001
"152","ran152.hdr.34",-0.0000897299999999997
"152","ran152.hdr.35",-0.00087888
"152","ran152.hdr.36",-0.000174199999999999
"152","ran152.hdr.37",-0.000320500000000001
"152","ran152.hdr.38",0.000208709999999999
"152","ran152.hdr.39",-0.000202600000000001
"152","ran152.hdr.4",-0.0003134
"152","ran152.hdr.40",-0.000189699999999999
"152","ran152.hdr.41",-0.0071472
"152","ran152.hdr.42",0.000295299999999998
"152","ran152.hdr.43",-0.000136669999999998
"152","ran152.hdr.44",-0.0000128000000000003
"152","ran152.hdr.45",0.00003232
"152","ran152.hdr.46",-0.00037772
"152","ran152.hdr.47",-0.000599799999999999
"152","ran152.hdr.48",-0.0000204100000000002
"152","ran152.hdr.49",-0.0010767
"152","ran152.hdr.5",-0.00036891
"152","ran152.hdr.50",0.00016133
"152","ran152.hdr.51",-0.0000546999999999995
"152","ran152.hdr.52",-0.000999000000000003
"152","ran152.hdr.53",-0.000967699999999998
"152","ran152.hdr.54",-0.0000493300000000002
"152","ran152.hdr.55",0.0000782999999999999
"152","ran152.hdr.56",0.0000194084
"152","ran152.hdr.57",0.000124100000000002
"152","ran152.hdr.58",-0.000348800000000002
"152","ran152.hdr.59",0.000586199999999999
"152","ran152.hdr.6",-0.0004966
"152","ran152.hdr.60",-0.0015961
"152","ran152.hdr.61",0.0005287
"152","ran152.hdr.62",-0.001084
"152","ran152.hdr.63",-0.0000736999999999995
"152","ran152.hdr.64",0.000450900000000001
"152","ran152.hdr.65",0.00014493
"152","ran152.hdr.66",-0.000345399999999999
"152","ran152.hdr.67",-0.000754080000000001
"152","ran152.hdr.68",-0.0002731
"152","ran152.hdr.69",-0.0011097
"152","ran152.hdr.7",-0.00058509
"152","ran152.hdr.70",-0.00032338
"152","ran152.hdr.71",-0.000535300000000002
"152","ran152.hdr.72",-0.000336400000000001
"152","ran152.hdr.73",-0.0016911
"152","ran152.hdr.74",-0.0023484
"152","ran152.hdr.75",-0.0022866
"152","ran152.hdr.76",-0.0015597
"152","ran152.hdr.77",-0.000365799999999999
"152","ran152.hdr.78",-0.0014428
"152","ran152.hdr.8",-0.000292249999999999
"152","ran152.hdr.9",0.0000170000000000014
"153","ran153.hdr.1",-0.000510899999999998
"153","ran153.hdr.10",-0.00012599
"153","ran153.hdr.11",-0.0000177399999999987
"153","ran153.hdr.12",0.0006018
"153","ran153.hdr.13",-0.0000649700000000001
"153","ran153.hdr.14",-0.00010295
"153","ran153.hdr.15",-0.000452899999999999
"153","ran153.hdr.16",-0.0002951
"153","ran153.hdr.17",-0.0000923199999999999
"153","ran153.hdr.18",-0.0006205
"153","ran153.hdr.19",NA
"153","ran153.hdr.2",-0.000214900000000001
"153","ran153.hdr.20",-0.000598599999999998
"153","ran153.hdr.21",-0.0084394
"153","ran153.hdr.22",-0.0024928
"153","ran153.hdr.23",-0.0000739799999999995
"153","ran153.hdr.24",-0.0001248
"153","ran153.hdr.25",-0.0006806
"153","ran153.hdr.26",-0.0000257999999999994
"153","ran153.hdr.27",-0.000148799999999999
"153","ran153.hdr.28",-0.000258899999999999
"153","ran153.hdr.29",-0.000191240000000001
"153","ran153.hdr.3",-0.0104225
"153","ran153.hdr.30",-0.0000683100000000002
"153","ran153.hdr.31",-0.0000805300000000005
"153","ran153.hdr.32",0.000316899999999998
"153","ran153.hdr.33",-0.0006446
"153","ran153.hdr.34",-0.0035614
"153","ran153.hdr.35",-0.0005219
"153","ran153.hdr.36",-0.000409099999999999
"153","ran153.hdr.37",0.000226500000000001
"153","ran153.hdr.38",-0.0000268999999999998
"153","ran153.hdr.39",-0.0001543
"153","ran153.hdr.4",-0.0003059
"153","ran153.hdr.40",-0.0003137
"153","ran153.hdr.41",-0.000352100000000001
"153","ran153.hdr.42",-0.00000640000000000016
"153","ran153.hdr.43",-0.000114100000000002
"153","ran153.hdr.44",-0.0000555999999999994
"153","ran153.hdr.45",-0.000392
"153","ran153.hdr.46",-0.000436799999999998
"153","ran153.hdr.47",-0.0000328000000000004
"153","ran153.hdr.48",-0.000390110000000001
"153","ran153.hdr.49",-0.00111662
"153","ran153.hdr.5",-0.0003134
"153","ran153.hdr.50",0.00000257936
"153","ran153.hdr.51",-0.00000580000000000025
"153","ran153.hdr.52",-0.00022893
"153","ran153.hdr.53",-0.000267940000000001
"153","ran153.hdr.54",-0.0010844
"153","ran153.hdr.55",-0.001074
"153","ran153.hdr.56",0.000209000000000001
"153","ran153.hdr.57",-0.0007711
"153","ran153.hdr.58",-0.0015112
"153","ran153.hdr.59",-0.00015495
"153","ran153.hdr.6",-0.000108
"153","ran153.hdr.60",-0.00040313
"153","ran153.hdr.61",-0.0020934
"153","ran153.hdr.62",0.0000727999999999996
"153","ran153.hdr.63",-0.0003826
"153","ran153.hdr.64",-0.0000438000000000001
"153","ran153.hdr.65",-0.00016
"153","ran153.hdr.66",-0.000959399999999999
"153","ran153.hdr.67",-0.000404369999999999
"153","ran153.hdr.68",0.0000251000000000001
"153","ran153.hdr.69",-0.0002646
"153","ran153.hdr.7",-0.0000232874
"153","ran153.hdr.70",-0.0037006
"153","ran153.hdr.71",-0.00179129
"153","ran153.hdr.72",0.00049861
"153","ran153.hdr.73",0.000452099999999999
"153","ran153.hdr.74",-0.0011554
"153","ran153.hdr.75",-0.00050556
"153","ran153.hdr.76",-0.0016911
"153","ran153.hdr.77",-0.000861300000000002
"153","ran153.hdr.78",-0.0023497
"153","ran153.hdr.8",-0.000198540000000001
"153","ran153.hdr.9",-0.000217070000000001
"154","ran154.hdr.1",-0.0020013
"154","ran154.hdr.10",-0.00036797
"154","ran154.hdr.11",-0.00014701
"154","ran154.hdr.12",-0.0011179
"154","ran154.hdr.13",0.0001045
"154","ran154.hdr.14",-0.0025921
"154","ran154.hdr.15",-0.000578999999999998
"154","ran154.hdr.16",-0.00032068
"154","ran154.hdr.17",0.0000070999999999999
"154","ran154.hdr.18",0.0000429000000000002
"154","ran154.hdr.19",-0.00060842
"154","ran154.hdr.2",0.00002592
"154","ran154.hdr.20",-0.0018846
"154","ran154.hdr.21",-0.0032627
"154","ran154.hdr.22",-0.0025053
"154","ran154.hdr.23",0.00010941
"154","ran154.hdr.24",-0.0013244
"154","ran154.hdr.25",-0.0005964
"154","ran154.hdr.26",0.000049999999999998
"154","ran154.hdr.27",-0.000281700000000001
"154","ran154.hdr.28",0.000167779999999999
"154","ran154.hdr.29",-0.0007116
"154","ran154.hdr.3",-0.000233200000000003
"154","ran154.hdr.30",-0.000134800000000001
"154","ran154.hdr.31",-0.0010287
"154","ran154.hdr.32",-0.0002538
"154","ran154.hdr.33",-0.00035142
"154","ran154.hdr.34",0.0000144999999999989
"154","ran154.hdr.35",0.0000105999999999995
"154","ran154.hdr.36",-0.0003304
"154","ran154.hdr.37",-0.000402600000000001
"154","ran154.hdr.38",-0.0015836
"154","ran154.hdr.39",-0.0010202
"154","ran154.hdr.4",-0.0028274
"154","ran154.hdr.40",-0.000230900000000003
"154","ran154.hdr.41",-0.000107300000000001
"154","ran154.hdr.42",0.0003506
"154","ran154.hdr.43",-0.00074314
"154","ran154.hdr.44",-0.0023048
"154","ran154.hdr.45",-0.000274020000000001
"154","ran154.hdr.46",-0.00035325
"154","ran154.hdr.47",-0.0135865
"154","ran154.hdr.48",-0.0003721
"154","ran154.hdr.49",-0.000395700000000001
"154","ran154.hdr.5",0.00000759999999999997
"154","ran154.hdr.50",0.0000771000000000001
"154","ran154.hdr.51",-0.000103599999999999
"154","ran154.hdr.52",0.0000948199999999998
"154","ran154.hdr.53",-0.0000622399999999999
"154","ran154.hdr.54",0.00001404374
"154","ran154.hdr.56",-0.0020265
"154","ran154.hdr.57",-0.000728099999999999
"154","ran154.hdr.58",-0.0002869
"154","ran154.hdr.59",-0.000824100000000001
"154","ran154.hdr.6",-0.000349700000000001
"154","ran154.hdr.60",0.000201199999999999
"154","ran154.hdr.61",-0.000775500000000002
"154","ran154.hdr.62",-0.00786343
"154","ran154.hdr.63",0.0000525999999999999
"154","ran154.hdr.64",-0.001971
"154","ran154.hdr.65",-0.000625800000000001
"154","ran154.hdr.66",-0.0044594
"154","ran154.hdr.67",0.000199399999999999
"154","ran154.hdr.68",-0.0010327
"154","ran154.hdr.69",0.000872000000000001
"154","ran154.hdr.7",-0.00137783
"154","ran154.hdr.70",-0.0001911
"154","ran154.hdr.71",-0.0003493
"154","ran154.hdr.72",-0.000369599999999999
"154","ran154.hdr.73",-0.0006096
"154","ran154.hdr.74",0.000325300000000001
"154","ran154.hdr.75",-0.0027169
"154","ran154.hdr.76",-0.0004975
"154","ran154.hdr.77",-0.0005602
"154","ran154.hdr.78",-0.000802599999999999
"154","ran154.hdr.8",-0.0000846999999999983
"154","ran154.hdr.9",-0.000336900000000001
"155","ran155.hdr.1",-0.0000216000000000001
"155","ran155.hdr.10",-0.00041618
"155","ran155.hdr.11",-0.000598200000000001
"155","ran155.hdr.12",-0.00016698
"155","ran155.hdr.13",-0.000409099999999999
"155","ran155.hdr.14",-0.0000977999999999986
"155","ran155.hdr.15",-0.0003397
"155","ran155.hdr.16",-0.000431160000000002
"155","ran155.hdr.17",-0.000840899999999999
"155","ran155.hdr.18",-0.000628800000000001
"155","ran155.hdr.19",-0.000111799999999999
"155","ran155.hdr.2",-0.0026949
"155","ran155.hdr.20",-0.0025625
"155","ran155.hdr.21",-0.0007122
"155","ran155.hdr.22",-0.0005322
"155","ran155.hdr.23",-0.00158129
"155","ran155.hdr.24",0.00000329999999999948
"155","ran155.hdr.25",-0.0002906
"155","ran155.hdr.26",-0.000257510000000001
"155","ran155.hdr.27",-0.0003788
"155","ran155.hdr.28",-0.00043048
"155","ran155.hdr.29",-0.00055601
"155","ran155.hdr.3",0.0004017
"155","ran155.hdr.30",-0.00019894
"155","ran155.hdr.31",0.000223299999999999
"155","ran155.hdr.32",-0.00053928
"155","ran155.hdr.33",-0.00029545
"155","ran155.hdr.34",-0.00017027
"155","ran155.hdr.35",-0.0038148
"155","ran155.hdr.36",0.000911599999999999
"155","ran155.hdr.37",-0.0019144
"155","ran155.hdr.38",-0.001022
"155","ran155.hdr.39",-0.0013695
"155","ran155.hdr.4",-0.0006856
"155","ran155.hdr.40",-0.000332000000000001
"155","ran155.hdr.41",-0.0011
"155","ran155.hdr.42",0.000264499999999999
"155","ran155.hdr.43",-0.0022116
"155","ran155.hdr.44",-0.000446100000000001
"155","ran155.hdr.45",-0.0011914
"155","ran155.hdr.46",0.0001598
"155","ran155.hdr.47",-0.002897
"155","ran155.hdr.48",-0.000315939999999999
"155","ran155.hdr.49",-0.0007171
"155","ran155.hdr.5",0.0000608300000000004
"155","ran155.hdr.50",-0.0006619
"155","ran155.hdr.51",-0.0001475
"155","ran155.hdr.52",-0.000510450000000001
"155","ran155.hdr.53",-0.00030034
"155","ran155.hdr.54",-0.000137400000000001
"155","ran155.hdr.55",0.00000257936
"155","ran155.hdr.56",-0.000227100000000001
"155","ran155.hdr.57",-0.000193329999999999
"155","ran155.hdr.58",-0.00035154
"155","ran155.hdr.59",-0.000410299999999999
"155","ran155.hdr.6",-0.00044229
"155","ran155.hdr.60",0.000223899999999999
"155","ran155.hdr.61",-0.000221499999999999
"155","ran155.hdr.62",0.0000854000000000028
"155","ran155.hdr.63",-0.000775399999999999
"155","ran155.hdr.64",-0.000546500000000002
"155","ran155.hdr.65",-0.0005679
"155","ran155.hdr.66",-0.001224
"155","ran155.hdr.67",0.000120899999999999
"155","ran155.hdr.68",-0.000834999999999999
"155","ran155.hdr.69",-0.000674876
"155","ran155.hdr.7",NA
"155","ran155.hdr.70",-0.0039875
"155","ran155.hdr.71",0.0000622999999999995
"155","ran155.hdr.72",-0.0006
"155","ran155.hdr.73",-0.000964700000000002
"155","ran155.hdr.74",0.000239400000000001
"155","ran155.hdr.75",-0.0006096
"155","ran155.hdr.76",-0.0035566
"155","ran155.hdr.77",-0.00039613
"155","ran155.hdr.78",-0.000894099999999998
"155","ran155.hdr.8",-0.000681099999999999
"155","ran155.hdr.9",-0.000701999999999999
"156","ran156.hdr.1",-0.0014785
"156","ran156.hdr.10",-0.0000713600000000003
"156","ran156.hdr.11",-0.000232599999999999
"156","ran156.hdr.12",-0.000721199999999998
"156","ran156.hdr.13",-0.0000253000000000007
"156","ran156.hdr.14",-0.00065658
"156","ran156.hdr.15",-0.0000979900000000001
"156","ran156.hdr.16",-0.000954400000000001
"156","ran156.hdr.17",-0.000515700000000001
"156","ran156.hdr.18",-0.0010596
"156","ran156.hdr.19",-0.0001554
"156","ran156.hdr.2",-0.0003459
"156","ran156.hdr.20",0.000748270000000001
"156","ran156.hdr.21",0.000247599999999997
"156","ran156.hdr.22",0.000380699999999999
"156","ran156.hdr.23",-0.0002775
"156","ran156.hdr.24",-0.000919
"156","ran156.hdr.25",-0.0023332
"156","ran156.hdr.26",-0.000498100000000001
"156","ran156.hdr.27",-0.000108899999999999
"156","ran156.hdr.28",-0.000510400000000001
"156","ran156.hdr.29",-0.0025984
"156","ran156.hdr.3",-0.000366200000000001
"156","ran156.hdr.30",-0.00019445
"156","ran156.hdr.31",-0.0006335
"156","ran156.hdr.32",0.0000553900000000002
"156","ran156.hdr.33",-0.000243760000000001
"156","ran156.hdr.34",-0.000359799999999999
"156","ran156.hdr.35",0.000840799999999999
"156","ran156.hdr.36",0.00000750000000000056
"156","ran156.hdr.37",-0.0049962
"156","ran156.hdr.38",-0.000803359999999999
"156","ran156.hdr.39",-0.00033054
"156","ran156.hdr.4",-0.000870900000000001
"156","ran156.hdr.40",-0.000687
"156","ran156.hdr.41",-0.0008489
"156","ran156.hdr.42",-0.000773600000000003
"156","ran156.hdr.43",-0.00056584
"156","ran156.hdr.44",-0.000115199999999999
"156","ran156.hdr.45",-0.0006164
"156","ran156.hdr.46",0.0000336799999999999
"156","ran156.hdr.47",-0.0076935
"156","ran156.hdr.48",-0.0000261999999999971
"156","ran156.hdr.49",-0.0014471
"156","ran156.hdr.5",-0.000444
"156","ran156.hdr.50",-0.000280989999999999
"156","ran156.hdr.51",0.0000892000000000011
"156","ran156.hdr.52",-0.000162499999999999
"156","ran156.hdr.53",-0.0001382
"156","ran156.hdr.54",-0.00328849
"156","ran156.hdr.55",-0.000755800000000001
"156","ran156.hdr.56",-0.00031891
"156","ran156.hdr.57",-0.000175950000000001
"156","ran156.hdr.58",-0.0001028
"156","ran156.hdr.59",-0.000125780000000001
"156","ran156.hdr.6",-0.0002056
"156","ran156.hdr.60",-0.00017852
"156","ran156.hdr.61",0.000161000000000001
"156","ran156.hdr.62",-0.000254899999999999
"156","ran156.hdr.63",-0.0012684
"156","ran156.hdr.64",-0.0010234
"156","ran156.hdr.65",0.000449379999999999
"156","ran156.hdr.66",-0.0005504
"156","ran156.hdr.67",-0.0010423
"156","ran156.hdr.68",-0.001084
"156","ran156.hdr.69",-0.0023424
"156","ran156.hdr.7",-0.0011761
"156","ran156.hdr.70",-0.000501400000000003
"156","ran156.hdr.71",-0.0014277
"156","ran156.hdr.72",-0.000825300000000001
"156","ran156.hdr.73",-0.000559999999999998
"156","ran156.hdr.74",-0.0002862
"156","ran156.hdr.75",-0.0000953799999999999
"156","ran156.hdr.76",-0.0032639
"156","ran156.hdr.77",-0.0015017
"156","ran156.hdr.78",-0.0018723
"156","ran156.hdr.8",-0.0030406
"156","ran156.hdr.9",-0.00137783
"157","ran157.hdr.1",-0.0014444
"157","ran157.hdr.10",-0.0005444
"157","ran157.hdr.11",0.00000320000000000008
"157","ran157.hdr.12",-0.00038711
"157","ran157.hdr.13",-0.000446700000000001
"157","ran157.hdr.14",-0.0002267
"157","ran157.hdr.15",-0.000954400000000001
"157","ran157.hdr.16",-0.001162
"157","ran157.hdr.17",-0.0007302
"157","ran157.hdr.18",-0.0002006
"157","ran157.hdr.19",-0.000732400000000001
"157","ran157.hdr.2",-0.0016743
"157","ran157.hdr.20",-0.0012819
"157","ran157.hdr.21",NA
"157","ran157.hdr.22",-0.0033496
"157","ran157.hdr.23",-0.000997100000000001
"157","ran157.hdr.24",-0.0008757
"157","ran157.hdr.25",-0.00032336
"157","ran157.hdr.26",-0.0084394
"157","ran157.hdr.27",0.0000913000000000008
"157","ran157.hdr.28",-0.0061019
"157","ran157.hdr.29",-0.0019493
"157","ran157.hdr.3",-0.000621999999999998
"157","ran157.hdr.30",0.000548400000000001
"157","ran157.hdr.31",-0.00022865
"157","ran157.hdr.32",-0.000686299999999999
"157","ran157.hdr.33",-0.0000640999999999992
"157","ran157.hdr.34",0.000394970000000001
"157","ran157.hdr.35",-0.000284
"157","ran157.hdr.36",-0.000803359999999999
"157","ran157.hdr.37",-0.0001543
"157","ran157.hdr.38",-0.00015038
"157","ran157.hdr.39",0.000872700000000001
"157","ran157.hdr.4",-0.0002056
"157","ran157.hdr.40",-0.0002538
"157","ran157.hdr.41",-0.0000485800000000003
"157","ran157.hdr.42",-0.0011836
"157","ran157.hdr.43",-0.0022477
"157","ran157.hdr.44",-0.00034381
"157","ran157.hdr.45",-0.00001509
"157","ran157.hdr.46",0.00042818
"157","ran157.hdr.47",-0.001384
"157","ran157.hdr.48",0.000156099999999999
"157","ran157.hdr.49",-0.0016606
"157","ran157.hdr.5",-0.00195907
"157","ran157.hdr.50",-0.0098175
"157","ran157.hdr.51",-0.00011554
"157","ran157.hdr.52",-0.0004577
"157","ran157.hdr.53",-0.00111662
"157","ran157.hdr.54",-0.0021164
"157","ran157.hdr.55",-0.000268079999999999
"157","ran157.hdr.57",-0.0000596800000000012
"157","ran157.hdr.58",-0.000934999999999998
"157","ran157.hdr.59",-0.000137
"157","ran157.hdr.6",0.0000743100000000002
"157","ran157.hdr.60",-0.000728099999999999
"157","ran157.hdr.61",-0.0004244
"157","ran157.hdr.62",0.0000675999999999993
"157","ran157.hdr.63",-0.0015428
"157","ran157.hdr.64",-0.0084385
"157","ran157.hdr.65",0.000342199999999999
"157","ran157.hdr.66",-0.000540200000000001
"157","ran157.hdr.67",-0.000320829999999999
"157","ran157.hdr.68",-0.0016847
"157","ran157.hdr.69",-0.0028671
"157","ran157.hdr.7",-0.0056027
"157","ran157.hdr.70",-0.00124621
"157","ran157.hdr.71",0.000305700000000001
"157","ran157.hdr.72",-0.0010769
"157","ran157.hdr.73",-0.000149199999999999
"157","ran157.hdr.74",-0.000458999999999998
"157","ran157.hdr.75",-0.0003706
"157","ran157.hdr.76",-0.0030263
"157","ran157.hdr.77",-0.00118788
"157","ran157.hdr.78",-0.0026906
"157","ran157.hdr.8",-0.0051698
"157","ran157.hdr.9",-0.000409400000000001
"158","ran158.hdr.1",-0.0004317
"158","ran158.hdr.10",0.000422629999999998
"158","ran158.hdr.11",-0.0009067
"158","ran158.hdr.12",-0.00039314
"158","ran158.hdr.13",0.0000457700000000005
"158","ran158.hdr.14",-0.000118400000000001
"158","ran158.hdr.15",-0.0004673
"158","ran158.hdr.16",-0.0017655
"158","ran158.hdr.17",0.0000230999999999981
"158","ran158.hdr.18",-0.000379400000000002
"158","ran158.hdr.19",0.0005602
"158","ran158.hdr.2",0.0004341
"158","ran158.hdr.20",-0.000337999999999998
"158","ran158.hdr.21",-0.00055601
"158","ran158.hdr.22",-0.0001771
"158","ran158.hdr.23",-0.000468900000000001
"158","ran158.hdr.24",-0.000464099999999999
"158","ran158.hdr.25",-0.000155240000000001
"158","ran158.hdr.26",-0.000450470000000001
"158","ran158.hdr.27",-0.000359799999999999
"158","ran158.hdr.28",0.000165800000000001
"158","ran158.hdr.29",-0.000709920000000001
"158","ran158.hdr.3",-0.0018301
"158","ran158.hdr.30",-0.0011609
"158","ran158.hdr.31",-0.000681600000000001
"158","ran158.hdr.32",0.000361500000000001
"158","ran158.hdr.33",0.00025479
"158","ran158.hdr.34",-0.0012186
"158","ran158.hdr.35",-0.0013204
"158","ran158.hdr.36",-0.000574999999999999
"158","ran158.hdr.37",-0.002021
"158","ran158.hdr.38",0.000162800000000001
"158","ran158.hdr.39",0.000262999999999999
"158","ran158.hdr.4",-0.0007393
"158","ran158.hdr.40",-0.000241100000000001
"158","ran158.hdr.41",-0.00010706
"158","ran158.hdr.42",-0.0002693
"158","ran158.hdr.43",-0.000334300000000001
"158","ran158.hdr.44",-0.00047324
"158","ran158.hdr.45",-0.00017999
"158","ran158.hdr.46",-0.00270844
"158","ran158.hdr.47",-0.0014392
"158","ran158.hdr.48",-0.0034143
"158","ran158.hdr.49",-0.0013068
"158","ran158.hdr.5",-0.0002056
"158","ran158.hdr.50",-0.00057659
"158","ran158.hdr.51",0.000163369999999999
"158","ran158.hdr.52",0.000107699999999999
"158","ran158.hdr.53",0.00014678
"158","ran158.hdr.55",0.00027659
"158","ran158.hdr.56",-0.0004551
"158","ran158.hdr.57",-0.0007279
"158","ran158.hdr.58",-0.0020934
"158","ran158.hdr.59",0.000244869999999999
"158","ran158.hdr.6",-0.0013747
"158","ran158.hdr.60",-0.00024239
"158","ran158.hdr.61",-0.0001422
"158","ran158.hdr.62",-0.001971
"158","ran158.hdr.63",-0.000420499999999999
"158","ran158.hdr.64",-0.0015557
"158","ran158.hdr.65",-0.0005631
"158","ran158.hdr.66",-0.0043812
"158","ran158.hdr.67",-0.000316540000000001
"158","ran158.hdr.68",0.000560439999999999
"158","ran158.hdr.69",-0.00059999
"158","ran158.hdr.7",-0.0037447
"158","ran158.hdr.70",-0.000428600000000001
"158","ran158.hdr.71",-0.000559999999999998
"158","ran158.hdr.72",-0.0011988
"158","ran158.hdr.73",-0.000590700000000003
"158","ran158.hdr.74",-0.0002862
"158","ran158.hdr.75",-0.0014027
"158","ran158.hdr.76",-0.000041900000000001
"158","ran158.hdr.77",0.0000250000000000007
"158","ran158.hdr.78",-0.000384199999999999
"158","ran158.hdr.8",-0.0005302
"158","ran158.hdr.9",0.0002904
"159","ran159.hdr.1",-0.0012185
"159","ran159.hdr.10",-0.000979900000000001
"159","ran159.hdr.11",-0.000066394
"159","ran159.hdr.12",-0.000414600000000001
"159","ran159.hdr.13",-0.000807199999999999
"159","ran159.hdr.14",-0.0001224
"159","ran159.hdr.15",-0.0006719
"159","ran159.hdr.16",-0.0000234100000000002
"159","ran159.hdr.17",NA
"159","ran159.hdr.18",0.00001738
"159","ran159.hdr.19",-0.000912500000000002
"159","ran159.hdr.2",-0.000224699999999998
"159","ran159.hdr.20",NA
"159","ran159.hdr.21",-0.0017045
"159","ran159.hdr.22",-0.0014586
"159","ran159.hdr.23",0.00017578
"159","ran159.hdr.24",-0.000392
"159","ran159.hdr.25",-0.0004995
"159","ran159.hdr.26",-0.0000987999999999996
"159","ran159.hdr.27",-0.000515720000000001
"159","ran159.hdr.28",-0.00052088
"159","ran159.hdr.29",-0.00019075
"159","ran159.hdr.3",-0.0025708
"159","ran159.hdr.30",-0.000148799999999999
"159","ran159.hdr.31",-0.0002538
"159","ran159.hdr.32",0.0000345999999999992
"159","ran159.hdr.33",-0.0017763
"159","ran159.hdr.34",-0.0010093
"159","ran159.hdr.35",-0.000803359999999999
"159","ran159.hdr.36",0.00039719
"159","ran159.hdr.37",-0.000469900000000001
"159","ran159.hdr.38",-0.0013224
"159","ran159.hdr.39",-0.00033054
"159","ran159.hdr.4",-0.0008068
"159","ran159.hdr.40",-0.0024974
"159","ran159.hdr.41",0.0003162
"159","ran159.hdr.42",-0.0001543
"159","ran159.hdr.43",-0.000364999999999997
"159","ran159.hdr.44",-0.0015552
"159","ran159.hdr.45",-0.0023505
"159","ran159.hdr.46",-0.000125500000000001
"159","ran159.hdr.47",-0.000752999999999998
"159","ran159.hdr.48",0.0001598
"159","ran159.hdr.49",-0.004512
"159","ran159.hdr.5",-0.0001004
"159","ran159.hdr.50",-0.0003643
"159","ran159.hdr.51",-0.00000997999999999993
"159","ran159.hdr.52",-0.0000250599999999999
"159","ran159.hdr.53",0.0000662000000000006
"159","ran159.hdr.54",-0.000431920000000001
"159","ran159.hdr.55",-0.000991599999999999
"159","ran159.hdr.56",-0.000764300000000002
"159","ran159.hdr.57",0.00028793
"159","ran159.hdr.58",-0.00057659
"159","ran159.hdr.59",-0.0004577
"159","ran159.hdr.6",-0.000713199999999999
"159","ran159.hdr.60",-0.00048754
"159","ran159.hdr.62",-0.000162300000000001
"159","ran159.hdr.63",-0.0034825
"159","ran159.hdr.64",-0.000957900000000001
"159","ran159.hdr.65",-0.000263810000000001
"159","ran159.hdr.66",-0.0012684
"159","ran159.hdr.67",-0.000728699999999999
"159","ran159.hdr.68",NA
"159","ran159.hdr.69",0.0000120000000000016
"159","ran159.hdr.7",-0.0028274
"159","ran159.hdr.70",-0.0003359
"159","ran159.hdr.71",0.000301900000000001
"159","ran159.hdr.72",0.00013643
"159","ran159.hdr.73",-0.00031509
"159","ran159.hdr.74",-0.000964700000000002
"159","ran159.hdr.75",-0.0012699
"159","ran159.hdr.76",-0.0018567
"159","ran159.hdr.77",-0.0003604
"159","ran159.hdr.78",-0.0016399
"159","ran159.hdr.8",-0.0000888
"159","ran159.hdr.9",-0.0010609
"160","ran160.hdr.1",-0.000310999999999999
"160","ran160.hdr.10",-0.00038213
"160","ran160.hdr.11",-0.000414400000000001
"160","ran160.hdr.12",-0.0011481
"160","ran160.hdr.13",0.00043865
"160","ran160.hdr.14",-0.000789400000000003
"160","ran160.hdr.15",-0.000291369999999999
"160","ran160.hdr.16",0.0001659
"160","ran160.hdr.17",-0.0017674
"160","ran160.hdr.18",-0.0002758
"160","ran160.hdr.19",-0.0010873
"160","ran160.hdr.2",-0.0011965
"160","ran160.hdr.20",-0.0000985999999999973
"160","ran160.hdr.21",-0.000846699999999999
"160","ran160.hdr.22",-0.0000410300000000001
"160","ran160.hdr.23",-0.0000373999999999999
"160","ran160.hdr.24",-0.000156699999999999
"160","ran160.hdr.25",-0.000216899999999999
"160","ran160.hdr.26",-0.000359199999999999
"160","ran160.hdr.27",-0.0025053
"160","ran160.hdr.28",-0.000962000000000001
"160","ran160.hdr.29",-0.0015268
"160","ran160.hdr.3",-0.0025708
"160","ran160.hdr.30",-0.00045297
"160","ran160.hdr.31",0.00003065
"160","ran160.hdr.32",-0.000390949999999999
"160","ran160.hdr.33",-0.0012954
"160","ran160.hdr.34",-0.000643399999999999
"160","ran160.hdr.35",-0.0013356
"160","ran160.hdr.36",-0.000291899999999999
"160","ran160.hdr.37",-0.0000485800000000003
"160","ran160.hdr.38",-0.001127
"160","ran160.hdr.39",-0.0034509
"160","ran160.hdr.4",-0.0054532
"160","ran160.hdr.40",-0.000917300000000001
"160","ran160.hdr.41",-0.000408800000000001
"160","ran160.hdr.42",-0.0000828000000000009
"160","ran160.hdr.43",-0.000136669999999998
"160","ran160.hdr.44",-0.00047324
"160","ran160.hdr.45",-0.0000823899999999999
"160","ran160.hdr.46",-0.0070655
"160","ran160.hdr.47",-0.0010636
"160","ran160.hdr.48",-0.0000882000000000001
"160","ran160.hdr.49",0.000001137
"160","ran160.hdr.5",-0.0012671
"160","ran160.hdr.50",-0.000787200000000002
"160","ran160.hdr.53",-0.0000586999999999983
"160","ran160.hdr.54",-0.0000596800000000012
"160","ran160.hdr.55",-0.0000914999999999996
"160","ran160.hdr.56",0.00024531
"160","ran160.hdr.57",0.000223899999999999
"160","ran160.hdr.58",0.000632799999999999
"160","ran160.hdr.59",-0.00133806
"160","ran160.hdr.6",-0.0002056
"160","ran160.hdr.60",-0.0000161999999999992
"160","ran160.hdr.61",-0.000775500000000002
"160","ran160.hdr.62",-0.0001213
"160","ran160.hdr.63",-0.0009154
"160","ran160.hdr.64",-0.0068252
"160","ran160.hdr.65",-0.0011783
"160","ran160.hdr.66",-0.000589599999999999
"160","ran160.hdr.67",-0.000581100000000001
"160","ran160.hdr.68",-0.000681889999999999
"160","ran160.hdr.69",-0.00740309
"160","ran160.hdr.7",-0.000145270000000001
"160","ran160.hdr.70",-0.000112899999999999
"160","ran160.hdr.71",-0.0008768
"160","ran160.hdr.72",-0.0003088
"160","ran160.hdr.73",-0.0000595999999999999
"160","ran160.hdr.74",-0.000694699999999999
"160","ran160.hdr.75",-0.0005401
"160","ran160.hdr.76",-0.0039145
"160","ran160.hdr.77",-0.0015971
"160","ran160.hdr.78",-0.000498099999999998
"160","ran160.hdr.8",-0.00042476
"160","ran160.hdr.9",0.0000833300000000004
"161","ran161.hdr.1",-0.000366200000000001
"161","ran161.hdr.10",-0.0000713600000000003
"161","ran161.hdr.11",-0.000549999999999998
"161","ran161.hdr.12",-0.0000870999999999997
"161","ran161.hdr.13",-0.0000210000000000002
"161","ran161.hdr.14",-0.00129969
"161","ran161.hdr.15",-0.0003458
"161","ran161.hdr.16",-0.0007302
"161","ran161.hdr.17",0.00036215
"161","ran161.hdr.18",-0.00015777
"161","ran161.hdr.19",-0.00026376
"161","ran161.hdr.2",-0.000870900000000001
"161","ran161.hdr.20",-0.000629900000000001
"161","ran161.hdr.21",-0.000789400000000003
"161","ran161.hdr.22",-0.0015418
"161","ran161.hdr.23",-0.000893600000000001
"161","ran161.hdr.24",-0.000556399999999999
"161","ran161.hdr.25",-0.0003961
"161","ran161.hdr.26",-0.0001723
"161","ran161.hdr.27",-0.0007746
"161","ran161.hdr.28",-0.00022216
"161","ran161.hdr.29",-0.0006201
"161","ran161.hdr.3",-0.000149890000000001
"161","ran161.hdr.30",0.00037177
"161","ran161.hdr.31",-0.0113291
"161","ran161.hdr.32",-0.0006008
"161","ran161.hdr.33",-0.00024082
"161","ran161.hdr.34",-0.000709920000000001
"161","ran161.hdr.35",-0.0000865999999999992
"161","ran161.hdr.36",-0.0034946
"161","ran161.hdr.37",-0.00027737
"161","ran161.hdr.38",-0.0000631999999999994
"161","ran161.hdr.39",-0.000135
"161","ran161.hdr.4",-0.000833500000000001
"161","ran161.hdr.40",-0.0014594
"161","ran161.hdr.41",-0.0022116
"161","ran161.hdr.42",-0.0037192
"161","ran161.hdr.43",-0.0000119000000000005
"161","ran161.hdr.44",0.000217800000000001
"161","ran161.hdr.45",-0.000730900000000001
"161","ran161.hdr.46",-0.0002384
"161","ran161.hdr.47",-0.0002267
"161","ran161.hdr.48",-0.0011887
"161","ran161.hdr.49",-0.0000446000000000005
"161","ran161.hdr.5",-0.0046226
"161","ran161.hdr.50",-0.000692699999999999
"161","ran161.hdr.51",-0.004512
"161","ran161.hdr.52",0.000279399999999999
"161","ran161.hdr.53",0.0000712999999999998
"161","ran161.hdr.54",-0.0002202
"161","ran161.hdr.55",0.0000792999999999992
"161","ran161.hdr.56",-0.000263900000000001
"161","ran161.hdr.57",-0.0016179
"161","ran161.hdr.58",-0.0010723
"161","ran161.hdr.59",-0.00047522
"161","ran161.hdr.6",-0.0109775
"161","ran161.hdr.60",0.00038512
"161","ran161.hdr.61",-0.00000449999999999995
"161","ran161.hdr.62",-0.000137030000000001
"161","ran161.hdr.63",-0.000136499999999999
"161","ran161.hdr.64",-0.00084414
"161","ran161.hdr.65",0.0000727999999999996
"161","ran161.hdr.66",-0.0007712
"161","ran161.hdr.67",-0.001278
"161","ran161.hdr.68",0.000270800000000002
"161","ran161.hdr.69",-0.000334099999999999
"161","ran161.hdr.7",-0.0011219
"161","ran161.hdr.70",-0.0011581
"161","ran161.hdr.71",-0.0011431
"161","ran161.hdr.72",-0.000401100000000001
"161","ran161.hdr.73",-0.0014277
"161","ran161.hdr.74",-0.0010843
"161","ran161.hdr.75",-0.00119554
"161","ran161.hdr.76",-0.000694699999999999
"161","ran161.hdr.77",-0.0032639
"161","ran161.hdr.78",-0.000802599999999999
"161","ran161.hdr.8",-0.000405638
"161","ran161.hdr.9",-0.001099
"162","ran162.hdr.1",-0.000112600000000001
"162","ran162.hdr.10",-0.0004828
"162","ran162.hdr.11",-0.000216849999999999
"162","ran162.hdr.12",-0.0000381699999999997
"162","ran162.hdr.13",-0.000473100000000001
"162","ran162.hdr.14",-0.000533099999999998
"162","ran162.hdr.15",-0.0010873
"162","ran162.hdr.16",-0.0000175999999999996
"162","ran162.hdr.17",-0.0000257999999999994
"162","ran162.hdr.18",-0.000686299999999999
"162","ran162.hdr.19",-0.00044142
"162","ran162.hdr.2",-0.00124593
"162","ran162.hdr.20",-0.00016025
"162","ran162.hdr.21",-0.000413999999999999
"162","ran162.hdr.22",0.00019941
"162","ran162.hdr.23",-0.0023372
"162","ran162.hdr.24",-0.0028198
"162","ran162.hdr.25",0.000202000000000001
"162","ran162.hdr.26",-0.0019089
"162","ran162.hdr.27",-0.00015038
"162","ran162.hdr.28",-0.000627829999999999
"162","ran162.hdr.29",-0.000830000000000001
"162","ran162.hdr.3",-0.0000395000000000013
"162","ran162.hdr.30",-0.0011599
"162","ran162.hdr.31",0.0001554
"162","ran162.hdr.32",-0.001127
"162","ran162.hdr.33",0.00012387
"162","ran162.hdr.34",-0.00065478
"162","ran162.hdr.35",-0.000917999999999999
"162","ran162.hdr.36",0.00061882
"162","ran162.hdr.37",-0.000924000000000001
"162","ran162.hdr.38",-0.00016393
"162","ran162.hdr.39",-0.0000128000000000003
"162","ran162.hdr.4",-0.0061766
"162","ran162.hdr.40",-0.00035604
"162","ran162.hdr.41",-0.0018136
"162","ran162.hdr.42",-0.00033771
"162","ran162.hdr.43",-0.000765099999999998
"162","ran162.hdr.44",-0.0115458
"162","ran162.hdr.45",-0.0000869000000000009
"162","ran162.hdr.46",-0.00017588
"162","ran162.hdr.47",-0.00010908
"162","ran162.hdr.48",-0.0034825
"162","ran162.hdr.49",-0.000972200000000003
"162","ran162.hdr.5",-0.0054452
"162","ran162.hdr.50",-0.0000402400000000004
"162","ran162.hdr.51",-0.00017452
"162","ran162.hdr.52",-0.000872299999999999
"162","ran162.hdr.53",-0.000719200000000001
"162","ran162.hdr.54",-0.01281643
"162","ran162.hdr.55",-0.0000494999999999992
"162","ran162.hdr.56",-0.0002325
"162","ran162.hdr.57",-0.0003231
"162","ran162.hdr.58",-0.0016226
"162","ran162.hdr.59",-0.0005504
"162","ran162.hdr.6",-0.000236699999999999
"162","ran162.hdr.60",-0.0011892
"162","ran162.hdr.61",0.00013643
"162","ran162.hdr.62",0.00044457
"162","ran162.hdr.63",-0.0000376999999999999
"162","ran162.hdr.64",-0.0003058
"162","ran162.hdr.65",-0.000674876
"162","ran162.hdr.66",-0.000157000000000001
"162","ran162.hdr.67",-0.000316540000000001
"162","ran162.hdr.68",-0.000890599999999998
"162","ran162.hdr.69",-0.0007592
"162","ran162.hdr.7",0.0000762699999999998
"162","ran162.hdr.70",-0.0001911
"162","ran162.hdr.71",-0.000198200000000001
"162","ran162.hdr.72",0.000326549999999999
"162","ran162.hdr.73",0.000299700000000002
"162","ran162.hdr.74",-0.000818700000000002
"162","ran162.hdr.75",-0.0001966
"162","ran162.hdr.76",-0.000792599999999999
"162","ran162.hdr.77",-0.000908300000000001
"162","ran162.hdr.78",-0.0015017
"162","ran162.hdr.8",-0.00046459
"162","ran162.hdr.9",0.00006561
"163","ran163.hdr.1",-0.0000554800000000001
"163","ran163.hdr.10",-0.0011382
"163","ran163.hdr.11",-0.000539240000000002
"163","ran163.hdr.12",-0.000118400000000001
"163","ran163.hdr.13",-0.000416400000000001
"163","ran163.hdr.14",0.00036131
"163","ran163.hdr.15",-0.000136260000000001
"163","ran163.hdr.16",-0.0002775
"163","ran163.hdr.17",-0.0016942
"163","ran163.hdr.18",-0.0075695
"163","ran163.hdr.19",-0.0039813
"163","ran163.hdr.2",-0.000708700000000001
"163","ran163.hdr.20",-0.0010873
"163","ran163.hdr.21",-0.0003254
"163","ran163.hdr.22",-0.0013829
"163","ran163.hdr.23",0.0000514499999999998
"163","ran163.hdr.24",0.0001549743
"163","ran163.hdr.25",-0.0006806
"163","ran163.hdr.26",-0.000825099999999999
"163","ran163.hdr.27",-0.000249299999999999
"163","ran163.hdr.28",0.000521489999999999
"163","ran163.hdr.29",-0.000429799999999999
"163","ran163.hdr.3",-0.00018871
"163","ran163.hdr.30",-0.0001338
"163","ran163.hdr.31",0.000261400000000002
"163","ran163.hdr.32",-0.0004601
"163","ran163.hdr.33",-0.000115799999999999
"163","ran163.hdr.34",0.0000920999999999995
"163","ran163.hdr.35",-0.00011013
"163","ran163.hdr.36",-0.0010775
"163","ran163.hdr.37",-0.0001248
"163","ran163.hdr.38",-0.0005707
"163","ran163.hdr.39",0.00048249
"163","ran163.hdr.4",-0.0035328
"163","ran163.hdr.40",-0.000266000000000002
"163","ran163.hdr.41",-0.0013621
"163","ran163.hdr.42",-0.000666099999999999
"163","ran163.hdr.43",-0.000773600000000003
"163","ran163.hdr.44",-0.0006657
"163","ran163.hdr.45",0.00011855
"163","ran163.hdr.46",-0.0015247
"163","ran163.hdr.47",-0.0016092
"163","ran163.hdr.48",-0.000560139999999999
"163","ran163.hdr.49",0.0000892000000000011
"163","ran163.hdr.5",-0.00039892
"163","ran163.hdr.50",-0.00062953
"163","ran163.hdr.51",-0.00000750000000000056
"163","ran163.hdr.52",-0.0034143
"163","ran163.hdr.53",-0.000000799999999999586
"163","ran163.hdr.54",0.000976299999999999
"163","ran163.hdr.56",-0.0004014
"163","ran163.hdr.57",-0.0000994599999999991
"163","ran163.hdr.58",0.0000104329
"163","ran163.hdr.59",-0.000392199999999999
"163","ran163.hdr.6",0.00099089
"163","ran163.hdr.60",-0.000406799999999999
"163","ran163.hdr.61",0.000420700000000003
"163","ran163.hdr.62",-0.00194603
"163","ran163.hdr.63",0.000111
"163","ran163.hdr.64",-0.0006222
"163","ran163.hdr.65",-0.0002275
"163","ran163.hdr.66",-0.0000835999999999996
"163","ran163.hdr.67",-0.0038792
"163","ran163.hdr.68",-0.0005033
"163","ran163.hdr.69",-0.0018724
"163","ran163.hdr.7",-0.000428030000000001
"163","ran163.hdr.70",-0.0000420000000000004
"163","ran163.hdr.71",-0.0005535
"163","ran163.hdr.72",-0.000597399999999998
"163","ran163.hdr.73",-0.0007951
"163","ran163.hdr.74",-0.000452500000000002
"163","ran163.hdr.75",-0.00233944
"163","ran163.hdr.76",-0.0005872
"163","ran163.hdr.77",-0.0002746
"163","ran163.hdr.78",-0.000275039999999999
"163","ran163.hdr.8",-0.00045021
"163","ran163.hdr.9",-0.00016992
"164","ran164.hdr.1",-0.000591300000000003
"164","ran164.hdr.10",-0.000215165
"164","ran164.hdr.11",-0.0004092
"164","ran164.hdr.12",-0.0010879
"164","ran164.hdr.13",-0.0000801099999999996
"164","ran164.hdr.14",-0.000547299999999997
"164","ran164.hdr.15",0.000000899999999999859
"164","ran164.hdr.16",-0.000113727
"164","ran164.hdr.17",-0.000840899999999999
"164","ran164.hdr.18",-0.00034688
"164","ran164.hdr.19",-0.0003435
"164","ran164.hdr.2",-0.000239700000000001
"164","ran164.hdr.20",-0.000581499999999999
"164","ran164.hdr.21",-0.0015342
"164","ran164.hdr.22",-0.00019286
"164","ran164.hdr.23",-0.000249299999999999
"164","ran164.hdr.24",-0.000347700000000001
"164","ran164.hdr.25",-0.000576
"164","ran164.hdr.26",-0.000104
"164","ran164.hdr.27",-0.00037474
"164","ran164.hdr.28",-0.000420199999999999
"164","ran164.hdr.29",-0.000175300000000001
"164","ran164.hdr.3",-0.0002114
"164","ran164.hdr.30",-0.0012989
"164","ran164.hdr.31",-0.0051598
"164","ran164.hdr.32",-0.000480399999999999
"164","ran164.hdr.33",0.000856399999999998
"164","ran164.hdr.34",-0.0017371
"164","ran164.hdr.35",0.0000982999999999999
"164","ran164.hdr.36",0.0000443000000000006
"164","ran164.hdr.37",-0.00023755
"164","ran164.hdr.38",-0.000613500000000001
"164","ran164.hdr.39",-0.0019144
"164","ran164.hdr.4",-0.000149890000000001
"164","ran164.hdr.40",-0.00087888
"164","ran164.hdr.41",-0.0012186
"164","ran164.hdr.42",-0.000598000000000001
"164","ran164.hdr.43",-0.000717699999999998
"164","ran164.hdr.44",-0.0018642
"164","ran164.hdr.45",0.0003506
"164","ran164.hdr.46",-0.000404599999999998
"164","ran164.hdr.47",-0.000518399999999999
"164","ran164.hdr.48",-0.000773900000000001
"164","ran164.hdr.49",-0.000806999999999999
"164","ran164.hdr.5",-0.0007518
"164","ran164.hdr.50",0.00028793
"164","ran164.hdr.51",-0.0000283000000000002
"164","ran164.hdr.52",-0.0004198
"164","ran164.hdr.54",-0.0018929
"164","ran164.hdr.55",-0.000117300000000001
"164","ran164.hdr.56",0.00003759917
"164","ran164.hdr.57",-0.0000362999999999995
"164","ran164.hdr.58",-0.0003894
"164","ran164.hdr.59",-0.0019575
"164","ran164.hdr.6",-0.000296900000000001
"164","ran164.hdr.60",-0.000221499999999999
"164","ran164.hdr.61",-0.000775399999999999
"164","ran164.hdr.62",0.000607400000000001
"164","ran164.hdr.63",0.0000370000000000023
"164","ran164.hdr.64",-0.0027675
"164","ran164.hdr.65",-0.000361200000000001
"164","ran164.hdr.66",-0.0010828
"164","ran164.hdr.67",-0.000607500000000002
"164","ran164.hdr.68",-0.000768900000000003
"164","ran164.hdr.69",-0.0000940999999999997
"164","ran164.hdr.7",-0.0026706
"164","ran164.hdr.70",-0.000168699999999999
"164","ran164.hdr.71",-0.0013792
"164","ran164.hdr.72",-0.0012137
"164","ran164.hdr.73",-0.0017992
"164","ran164.hdr.74",-0.0021382
"164","ran164.hdr.75",-0.0010465
"164","ran164.hdr.76",-0.0010666
"164","ran164.hdr.77",-0.000365799999999999
"164","ran164.hdr.78",-0.000318599999999999
"164","ran164.hdr.8",-0.000461899999999998
"164","ran164.hdr.9",-0.00038711
"165","ran165.hdr.1",-0.000676
"165","ran165.hdr.10",-0.0041174
"165","ran165.hdr.11",-0.001546
"165","ran165.hdr.12",-0.0003134
"165","ran165.hdr.13",-0.0005444
"165","ran165.hdr.14",-0.00093515
"165","ran165.hdr.15",NA
"165","ran165.hdr.16",-0.0006642
"165","ran165.hdr.17",-0.00154022
"165","ran165.hdr.18",0.000400569999999999
"165","ran165.hdr.19",-0.00018564
"165","ran165.hdr.2",0.0004545
"165","ran165.hdr.20",-0.00012563
"165","ran165.hdr.21",-0.000262800000000001
"165","ran165.hdr.22",-0.000113727
"165","ran165.hdr.23",-0.001482
"165","ran165.hdr.24",-0.000253800000000002
"165","ran165.hdr.25",-0.0016211
"165","ran165.hdr.26",-0.0023332
"165","ran165.hdr.27",-0.000846999999999997
"165","ran165.hdr.28",-0.000598599999999998
"165","ran165.hdr.29",0.0001411
"165","ran165.hdr.3",-0.0013435
"165","ran165.hdr.30",-0.0026503
"165","ran165.hdr.31",0.00066102
"165","ran165.hdr.32",-0.0000759999999999997
"165","ran165.hdr.33",-0.000429799999999999
"165","ran165.hdr.34",-0.0000640999999999992
"165","ran165.hdr.35",-0.000243760000000001
"165","ran165.hdr.36",-0.0002793
"165","ran165.hdr.37",0.0000742600000000005
"165","ran165.hdr.38",-0.0013356
"165","ran165.hdr.39",-0.000638400000000001
"165","ran165.hdr.4",-0.000358239999999999
"165","ran165.hdr.40",0.00011855
"165","ran165.hdr.41",-0.0025436
"165","ran165.hdr.42",-0.0000333999999999994
"165","ran165.hdr.43",-0.02102894
"165","ran165.hdr.44",-0.0017799
"165","ran165.hdr.45",0.00027974
"165","ran165.hdr.46",-0.000325299999999997
"165","ran165.hdr.47",-0.00029094
"165","ran165.hdr.48",-0.00008964
"165","ran165.hdr.49",0.0000835000000000002
"165","ran165.hdr.5",-0.0012446
"165","ran165.hdr.50",-0.0001431
"165","ran165.hdr.51",-0.0013907
"165","ran165.hdr.52",-0.0015158
"165","ran165.hdr.53",0.0000742100000000001
"165","ran165.hdr.54",-0.000510450000000001
"165","ran165.hdr.55",-0.00045368
"165","ran165.hdr.56",-0.0005042
"165","ran165.hdr.57",-0.0000994599999999991
"165","ran165.hdr.58",0.00006119
"165","ran165.hdr.59",-0.001153
"165","ran165.hdr.6",-0.0007133
"165","ran165.hdr.60",-0.00095777
"165","ran165.hdr.61",-0.00015495
"165","ran165.hdr.62",-0.0018888
"165","ran165.hdr.63",-0.0010347
"165","ran165.hdr.64",-0.01280889
"165","ran165.hdr.65",0.0000727999999999996
"165","ran165.hdr.66",-0.00000239999999999962
"165","ran165.hdr.67",-0.00104738
"165","ran165.hdr.68",-0.000331100000000001
"165","ran165.hdr.69",-0.0016696
"165","ran165.hdr.7",-0.0049685
"165","ran165.hdr.70",-0.0003058
"165","ran165.hdr.71",0.0000923
"165","ran165.hdr.72",-0.0007215
"165","ran165.hdr.73",0.0000255200000000002
"165","ran165.hdr.74",-0.0012556
"165","ran165.hdr.75",-0.0004732
"165","ran165.hdr.76",-0.000140899999999999
"165","ran165.hdr.77",-0.0011354
"165","ran165.hdr.78",-0.0003208
"165","ran165.hdr.8",0.00010741
"165","ran165.hdr.9",-0.00227271
"166","ran166.hdr.1",-0.0023043
"166","ran166.hdr.10",0.00017944
"166","ran166.hdr.11",-0.000824699999999999
"166","ran166.hdr.12",-0.000216849999999999
"166","ran166.hdr.13",-0.0002877
"166","ran166.hdr.14",-0.00015147
"166","ran166.hdr.15",0.0000243300000000001
"166","ran166.hdr.16",-0.0012923
"166","ran166.hdr.17",-0.0002013
"166","ran166.hdr.18",-0.000287399999999998
"166","ran166.hdr.19",-0.0000923199999999999
"166","ran166.hdr.2",-0.000713199999999999
"166","ran166.hdr.20",-0.0021765
"166","ran166.hdr.21",-0.00053928
"166","ran166.hdr.22",-0.00026379
"166","ran166.hdr.23",-0.000686299999999999
"166","ran166.hdr.24",-0.0019666
"166","ran166.hdr.25",-0.000712399999999998
"166","ran166.hdr.26",-0.0006265
"166","ran166.hdr.27",0.00031847
"166","ran166.hdr.28",0.0000934000000000004
"166","ran166.hdr.29",-0.000000260000000000191
"166","ran166.hdr.3",-0.01280031
"166","ran166.hdr.30",0.0004151
"166","ran166.hdr.31",0.00023342
"166","ran166.hdr.32",0.000361500000000001
"166","ran166.hdr.33",-0.00034168
"166","ran166.hdr.34",-0.000975
"166","ran166.hdr.35",-0.0003798
"166","ran166.hdr.36",-0.0000248000000000002
"166","ran166.hdr.37",-0.0002132
"166","ran166.hdr.38",-0.000583800000000001
"166","ran166.hdr.39",-0.00002191
"166","ran166.hdr.4",0.0000797799999999998
"166","ran166.hdr.40",-0.000522199999999999
"166","ran166.hdr.41",-0.0005929
"166","ran166.hdr.42",0.0001598
"166","ran166.hdr.43",-0.0076935
"166","ran166.hdr.44",-0.0011215
"166","ran166.hdr.45",-0.0073875
"166","ran166.hdr.46",-0.000026974
"166","ran166.hdr.47",-0.0008938
"166","ran166.hdr.48",-0.0012169
"166","ran166.hdr.49",-0.000408800000000001
"166","ran166.hdr.5",-0.000480399999999999
"166","ran166.hdr.50",-0.002897
"166","ran166.hdr.51",-0.0003534
"166","ran166.hdr.52",-0.0003459
"166","ran166.hdr.53",-0.01111509
"166","ran166.hdr.54",0.00076355
"166","ran166.hdr.55",-0.0010313
"166","ran166.hdr.56",0.0000556099999999993
"166","ran166.hdr.58",-0.000753399999999998
"166","ran166.hdr.59",-0.000477600000000002
"166","ran166.hdr.6",-0.00041618
"166","ran166.hdr.60",-0.0010508
"166","ran166.hdr.61",-0.000639499999999998
"166","ran166.hdr.62",-0.0020934
"166","ran166.hdr.63",-0.0000692000000000002
"166","ran166.hdr.64",-0.00574057
"166","ran166.hdr.65",-0.000404369999999999
"166","ran166.hdr.66",-0.000190900000000001
"166","ran166.hdr.67",-0.0015819
"166","ran166.hdr.68",-0.0000850799999999995
"166","ran166.hdr.69",-0.000164200000000001
"166","ran166.hdr.7",-0.000434500000000001
"166","ran166.hdr.70",-0.000964700000000002
"166","ran166.hdr.71",-0.000428600000000001
"166","ran166.hdr.72",-0.000420299999999998
"166","ran166.hdr.73",-0.000458999999999998
"166","ran166.hdr.74",-0.000424799999999999
"166","ran166.hdr.75",-0.00119554
"166","ran166.hdr.76",-0.0046933
"166","ran166.hdr.77",-0.0008874
"166","ran166.hdr.78",-0.0016978
"166","ran166.hdr.8",0.0005962
"166","ran166.hdr.9",-0.000534900000000001
"167","ran167.hdr.1",-0.000142300000000001
"167","ran167.hdr.10",-0.000539240000000002
"167","ran167.hdr.11",-0.000713499999999999
"167","ran167.hdr.12",0.000437169999999999
"167","ran167.hdr.13",-0.000064207
"167","ran167.hdr.14",-0.0134706
"167","ran167.hdr.15",0.0000345999999999992
"167","ran167.hdr.16",-0.0016211
"167","ran167.hdr.17",-0.0004966
"167","ran167.hdr.18",-0.000256040000000001
"167","ran167.hdr.19",-0.00032068
"167","ran167.hdr.2",-0.000201799999999999
"167","ran167.hdr.20",-0.000385699999999999
"167","ran167.hdr.21",-0.000311800000000001
"167","ran167.hdr.22",0.0000703500000000003
"167","ran167.hdr.23",0.0000737099999999994
"167","ran167.hdr.24",-0.00046126
"167","ran167.hdr.25",-0.00027682
"167","ran167.hdr.26",-0.0000985000000000014
"167","ran167.hdr.27",-0.00023903
"167","ran167.hdr.28",-0.000243760000000001
"167","ran167.hdr.29",-0.000420199999999999
"167","ran167.hdr.3",-0.0001004
"167","ran167.hdr.30",-0.0014222
"167","ran167.hdr.31",-0.000957299999999998
"167","ran167.hdr.32",-0.000831499999999999
"167","ran167.hdr.33",-0.000409099999999999
"167","ran167.hdr.34",-0.0034946
"167","ran167.hdr.35",-0.0010666
"167","ran167.hdr.36",-0.0006827
"167","ran167.hdr.37",0.0000501000000000008
"167","ran167.hdr.38",-0.00023078
"167","ran167.hdr.39",0.0000712999999999998
"167","ran167.hdr.4",-0.0056027
"167","ran167.hdr.40",-0.000412399999999999
"167","ran167.hdr.41",0.0000625000000000001
"167","ran167.hdr.42",-0.000135
"167","ran167.hdr.43",-0.0010009
"167","ran167.hdr.44",0.0003067
"167","ran167.hdr.45",-0.000408800000000001
"167","ran167.hdr.46",-0.0005222
"167","ran167.hdr.47",-0.000879130000000001
"167","ran167.hdr.48",-0.000133000000000001
"167","ran167.hdr.49",-0.000945399999999999
"167","ran167.hdr.5",-0.0036308
"167","ran167.hdr.50",0.0000742100000000001
"167","ran167.hdr.51",-0.00022903
"167","ran167.hdr.52",0.0002464
"167","ran167.hdr.53",-0.0010844
"167","ran167.hdr.55",-0.000162300000000001
"167","ran167.hdr.56",-0.0017637
"167","ran167.hdr.57",-0.000406799999999999
"167","ran167.hdr.58",-0.0003894
"167","ran167.hdr.59",-0.0020846
"167","ran167.hdr.6",-0.0003134
"167","ran167.hdr.60",-0.000763170000000001
"167","ran167.hdr.61",-0.0010234
"167","ran167.hdr.62",-0.011466
"167","ran167.hdr.63",-0.0043602
"167","ran167.hdr.64",-0.00039282
"167","ran167.hdr.65",-0.000546500000000002
"167","ran167.hdr.66",-0.0004568
"167","ran167.hdr.67",-0.000093939999999999
"167","ran167.hdr.68",-0.000841399999999999
"167","ran167.hdr.69",-0.000949499999999999
"167","ran167.hdr.7",0.00000320000000000008
"167","ran167.hdr.70",0.000001921
"167","ran167.hdr.71",-0.00073928
"167","ran167.hdr.72",-0.0011457
"167","ran167.hdr.73",-0.0012012
"167","ran167.hdr.74",-0.0011035
"167","ran167.hdr.75",-0.0030263
"167","ran167.hdr.76",-0.0032753
"167","ran167.hdr.77",-0.000127701
"167","ran167.hdr.78",-0.000802599999999999
"167","ran167.hdr.8",-0.000549999999999998
"167","ran167.hdr.9",0.00017773
"168","ran168.hdr.1",-0.000637000000000002
"168","ran168.hdr.10",-0.00021777
"168","ran168.hdr.11",-0.00053636
"168","ran168.hdr.12",-0.00036517
"168","ran168.hdr.13",-0.000413510000000001
"168","ran168.hdr.14",-0.000250199999999999
"168","ran168.hdr.15",0.0000112099999999993
"168","ran168.hdr.16",-0.00017436
"168","ran168.hdr.17",-0.000988359999999999
"168","ran168.hdr.18",-0.00102123
"168","ran168.hdr.19",-0.000840899999999999
"168","ran168.hdr.2",-0.002469
"168","ran168.hdr.20",-0.000779799999999999
"168","ran168.hdr.21",-0.0012819
"168","ran168.hdr.22",-0.00034688
"168","ran168.hdr.23",-0.0017674
"168","ran168.hdr.24",-0.000867099999999999
"168","ran168.hdr.25",-0.000700599999999999
"168","ran168.hdr.26",-0.000142999999999997
"168","ran168.hdr.27",-0.000551599999999999
"168","ran168.hdr.28",-0.000390400000000001
"168","ran168.hdr.29",-0.00022216
"168","ran168.hdr.3",-0.004515
"168","ran168.hdr.30",-0.0025725
"168","ran168.hdr.31",-0.0013931
"168","ran168.hdr.32",0.00025468
"168","ran168.hdr.33",0.0000894999999999993
"168","ran168.hdr.34",-0.0005678
"168","ran168.hdr.35",-0.0010313
"168","ran168.hdr.36",0.000132520000000001
"168","ran168.hdr.37",-0.000123399999999999
"168","ran168.hdr.38",-0.000359799999999999
"168","ran168.hdr.39",-0.0012737
"168","ran168.hdr.4",-0.0019788
"168","ran168.hdr.40",-0.0002793
"168","ran168.hdr.41",-0.000119000000000001
"168","ran168.hdr.42",-0.000140850000000001
"168","ran168.hdr.43",-0.000804199999999998
"168","ran168.hdr.44",0.000069399999999999
"168","ran168.hdr.45",-0.0013695
"168","ran168.hdr.46",-0.00023078
"168","ran168.hdr.47",-0.0000899999999999998
"168","ran168.hdr.48",0.0000229200000000001
"168","ran168.hdr.49",-0.000558599999999999
"168","ran168.hdr.5",-0.0003713
"168","ran168.hdr.50",0.000163300000000002
"168","ran168.hdr.51",-0.0021068
"168","ran168.hdr.52",-0.0010009
"168","ran168.hdr.53",-0.00032122
"168","ran168.hdr.54",-0.0005222
"168","ran168.hdr.55",-0.000207300000000001
"168","ran168.hdr.56",0.00019344
"168","ran168.hdr.57",-0.0012528
"168","ran168.hdr.58",-0.0047786
"168","ran168.hdr.59",-0.000640600000000002
"168","ran168.hdr.6",-0.0007992
"168","ran168.hdr.60",-0.00030034
"168","ran168.hdr.61",-0.000652820000000001
"168","ran168.hdr.62",0.000140899999999999
"168","ran168.hdr.63",-0.000421599999999999
"168","ran168.hdr.64",-0.0010767
"168","ran168.hdr.65",-0.0020265
"168","ran168.hdr.66",-0.000513100000000002
"168","ran168.hdr.67",0.0000525999999999999
"168","ran168.hdr.68",-0.0003826
"168","ran168.hdr.69",0.000112600000000001
"168","ran168.hdr.7",-0.000184100000000001
"168","ran168.hdr.70",-0.000266830000000001
"168","ran168.hdr.71",-0.0001876
"168","ran168.hdr.72",0.0000683000000000003
"168","ran168.hdr.73",-0.0000736999999999995
"168","ran168.hdr.74",-0.000692700000000001
"168","ran168.hdr.75",-0.0009818
"168","ran168.hdr.76",0.0004104
"168","ran168.hdr.77",-0.0046587
"168","ran168.hdr.78",-0.0000870000000000003
"168","ran168.hdr.8",-0.000154600000000001
"168","ran168.hdr.9",-0.000145270000000001
"169","ran169.hdr.1",-0.000621999999999998
"169","ran169.hdr.10",-0.0000293999999999989
"169","ran169.hdr.11",0.0002167
"169","ran169.hdr.12",-0.00066134
"169","ran169.hdr.13",-0.00154022
"169","ran169.hdr.14",-0.000198540000000001
"169","ran169.hdr.15",-0.0002267
"169","ran169.hdr.16",-0.0006719
"169","ran169.hdr.17",-0.0004673
"169","ran169.hdr.18",-0.00161496
"169","ran169.hdr.19",-0.000111799999999999
"169","ran169.hdr.2",-0.0053867
"169","ran169.hdr.20",-0.000257799999999999
"169","ran169.hdr.21",-0.001862
"169","ran169.hdr.22",-0.000518899999999999
"169","ran169.hdr.23",-0.000616499999999999
"169","ran169.hdr.24",0.0001919
"169","ran169.hdr.25",0.00078604
"169","ran169.hdr.26",-0.000212320000000001
"169","ran169.hdr.27",-0.0012737
"169","ran169.hdr.28",-0.000875799999999999
"169","ran169.hdr.29",0.000126099999999997
"169","ran169.hdr.3",-0.0014125
"169","ran169.hdr.30",-0.0000881999999999966
"169","ran169.hdr.31",-0.00012828
"169","ran169.hdr.32",-0.00015038
"169","ran169.hdr.33",-0.0008168
"169","ran169.hdr.34",0.00011464
"169","ran169.hdr.35",-0.0006558
"169","ran169.hdr.36",-0.001986
"169","ran169.hdr.37",0.0003538
"169","ran169.hdr.38",-0.000565699999999999
"169","ran169.hdr.39",-0.000707100000000002
"169","ran169.hdr.4",-0.00030613
"169","ran169.hdr.40",-0.0000446000000000005
"169","ran169.hdr.41",-0.0022656
"169","ran169.hdr.42",-0.000692699999999999
"169","ran169.hdr.43",0.000161699999999999
"169","ran169.hdr.44",-0.0024639
"169","ran169.hdr.45",-0.000392399999999999
"169","ran169.hdr.46",0.0000833999999999991
"169","ran169.hdr.47",-0.0001647
"169","ran169.hdr.48",-0.000434999999999998
"169","ran169.hdr.49",-0.0006619
"169","ran169.hdr.5",-0.0029886
"169","ran169.hdr.50",-0.0000936600000000006
"169","ran169.hdr.51",-0.000369599999999999
"169","ran169.hdr.52",-0.00029272
"169","ran169.hdr.53",0.0001499
"169","ran169.hdr.54",0.0000198999999999998
"169","ran169.hdr.55",-0.000421599999999999
"169","ran169.hdr.56",0.000394000000000002
"169","ran169.hdr.57",-0.0001829
"169","ran169.hdr.58",0.0000255384
"169","ran169.hdr.59",-0.0001286
"169","ran169.hdr.6",-0.002806
"169","ran169.hdr.60",0.0003102
"169","ran169.hdr.61",-0.0017369
"169","ran169.hdr.62",-0.000718800000000002
"169","ran169.hdr.63",-0.000282869999999999
"169","ran169.hdr.64",-0.0024046
"169","ran169.hdr.65",-0.000841399999999999
"169","ran169.hdr.66",-0.0000461999999999997
"169","ran169.hdr.67",0.000462799999999999
"169","ran169.hdr.68",-0.0000834000000000008
"169","ran169.hdr.69",-0.0015308
"169","ran169.hdr.7",-0.001546
"169","ran169.hdr.70",-0.0000595999999999999
"169","ran169.hdr.71",-0.003339
"169","ran169.hdr.72",0.0001239
"169","ran169.hdr.73",-0.000136799999999999
"169","ran169.hdr.74",-0.0011354
"169","ran169.hdr.75",-0.000688999999999999
"169","ran169.hdr.76",-0.000908300000000001
"169","ran169.hdr.77",-0.0064447
"169","ran169.hdr.78",-0.0003888
"169","ran169.hdr.8",-0.0003134
"169","ran169.hdr.9",-0.000480399999999999
"170","ran170.hdr.1",-0.000591300000000003
"170","ran170.hdr.10",-0.0000559100000000002
"170","ran170.hdr.11",-0.000507199999999999
"170","ran170.hdr.12",0.000242800000000001
"170","ran170.hdr.13",0.00000845800000000001
"170","ran170.hdr.14",-0.00053636
"170","ran170.hdr.15",-0.0006677
"170","ran170.hdr.16",-0.0002877
"170","ran170.hdr.17",-0.000118400000000001
"170","ran170.hdr.18",-0.000799000000000001
"170","ran170.hdr.19",-0.00036797
"170","ran170.hdr.2",-0.000239700000000001
"170","ran170.hdr.20",0.0000675200000000006
"170","ran170.hdr.21",-0.00026376
"170","ran170.hdr.22",-0.0021765
"170","ran170.hdr.23",0.00000329999999999948
"170","ran170.hdr.24",-0.0000755599999999997
"170","ran170.hdr.25",-0.0011163
"170","ran170.hdr.26",-0.0021231
"170","ran170.hdr.27",-0.0001239
"170","ran170.hdr.28",-0.000155240000000001
"170","ran170.hdr.29",-0.00020409
"170","ran170.hdr.3",-0.0011965
"170","ran170.hdr.30",-0.000287099999999998
"170","ran170.hdr.31",-0.0013929
"170","ran170.hdr.32",-0.000175300000000001
"170","ran170.hdr.33",0.0000578999999999996
"170","ran170.hdr.34",-0.0011215
"170","ran170.hdr.35",-0.0010403
"170","ran170.hdr.36",-0.0013695
"170","ran170.hdr.37",-0.00026302
"170","ran170.hdr.38",0.00013619
"170","ran170.hdr.39",-0.000186599999999999
"170","ran170.hdr.4",-0.000708700000000001
"170","ran170.hdr.40",0.000556800000000001
"170","ran170.hdr.41",0.0000540300000000001
"170","ran170.hdr.42",-0.00013712
"170","ran170.hdr.43",-0.0012859
"170","ran170.hdr.44",-0.001261
"170","ran170.hdr.45",-0.000973700000000001
"170","ran170.hdr.46",-0.0003362
"170","ran170.hdr.47",NA
"170","ran170.hdr.48",0.0001598
"170","ran170.hdr.49",-0.000576500000000001
"170","ran170.hdr.5",-0.0025708
"170","ran170.hdr.50",0.0000401900000000003
"170","ran170.hdr.51",-0.00022498
"170","ran170.hdr.52",-0.0019361
"170","ran170.hdr.53",-0.000209999999999998
"170","ran170.hdr.54",0.00029457
"170","ran170.hdr.55",-0.0046284
"170","ran170.hdr.56",-0.0013817
"170","ran170.hdr.57",-0.000271219999999999
"170","ran170.hdr.58",-0.0015112
"170","ran170.hdr.59",0.000402939999999999
"170","ran170.hdr.6",-0.000171609999999999
"170","ran170.hdr.60",-0.000350800000000002
"170","ran170.hdr.61",-0.0029365
"170","ran170.hdr.62",-0.0025664
"170","ran170.hdr.63",-0.0016226
"170","ran170.hdr.64",-0.000914999999999999
"170","ran170.hdr.65",-0.000481499999999999
"170","ran170.hdr.66",-0.0007443
"170","ran170.hdr.67",-0.00093906
"170","ran170.hdr.68",-0.00006813
"170","ran170.hdr.69",0.0000233799999999999
"170","ran170.hdr.7",-0.0032486
"170","ran170.hdr.70",-0.0001911
"170","ran170.hdr.71",-0.000639000000000001
"170","ran170.hdr.72",-0.000590700000000003
"170","ran170.hdr.73",0.0000502000000000002
"170","ran170.hdr.74",-0.0005535
"170","ran170.hdr.75",-0.0023484
"170","ran170.hdr.76",-0.00288578
"170","ran170.hdr.77",-0.0003604
"170","ran170.hdr.78",-0.0006976
"170","ran170.hdr.8",0.000017399999999999
"170","ran170.hdr.9",-0.00039892
"171","ran171.hdr.1",-0.000220599999999998
"171","ran171.hdr.10",-0.000282099999999999
"171","ran171.hdr.11",-0.0008879
"171","ran171.hdr.12",-0.00036517
"171","ran171.hdr.13",-0.000320599999999999
"171","ran171.hdr.14",-0.000554099999999998
"171","ran171.hdr.15",-0.0011143
"171","ran171.hdr.16",-0.00023695
"171","ran171.hdr.17",-0.00016964
"171","ran171.hdr.18",-0.0017649
"171","ran171.hdr.19",-0.000657499999999998
"171","ran171.hdr.2",-0.000540269999999999
"171","ran171.hdr.20",-0.0000309000000000004
"171","ran171.hdr.21",-0.0010694
"171","ran171.hdr.22",-0.000438299999999999
"171","ran171.hdr.23",-0.00252268
"171","ran171.hdr.24",-0.0008182
"171","ran171.hdr.25",-0.000161909999999999
"171","ran171.hdr.26",-0.000277900000000001
"171","ran171.hdr.27",0.000126320000000001
"171","ran171.hdr.28",-0.00175568
"171","ran171.hdr.29",-0.00060842
"171","ran171.hdr.3",-0.0030338
"171","ran171.hdr.30",0.000128130000000001
"171","ran171.hdr.31",-0.000453249999999999
"171","ran171.hdr.32",-0.000803359999999999
"171","ran171.hdr.33",-0.0014502
"171","ran171.hdr.34",0.0000979999999999991
"171","ran171.hdr.35",0.0000982999999999999
"171","ran171.hdr.36",-0.00023755
"171","ran171.hdr.37",-0.000287379999999999
"171","ran171.hdr.38",-0.0000747000000000005
"171","ran171.hdr.39",-0.0007116
"171","ran171.hdr.4",-0.0036753
"171","ran171.hdr.40",0.000207600000000002
"171","ran171.hdr.41",-0.000787299999999999
"171","ran171.hdr.42",-0.000522599999999998
"171","ran171.hdr.43",-0.0001466
"171","ran171.hdr.44",-0.0005222
"171","ran171.hdr.45",0.0010334
"171","ran171.hdr.46",-0.000274020000000001
"171","ran171.hdr.47",0.000298300000000001
"171","ran171.hdr.48",-0.00270844
"171","ran171.hdr.49",-0.00000750000000000056
"171","ran171.hdr.5",0.000186599999999999
"171","ran171.hdr.50",-0.0003893
"171","ran171.hdr.51",-0.0016606
"171","ran171.hdr.52",-0.0135865
"171","ran171.hdr.53",-0.000212240000000001
"171","ran171.hdr.54",-0.0000698000000000001
"171","ran171.hdr.55",-0.0006896
"171","ran171.hdr.56",-0.0000146
"171","ran171.hdr.57",-0.0015112
"171","ran171.hdr.58",-0.0006637
"171","ran171.hdr.59",-0.000121599999999999
"171","ran171.hdr.6",-0.000571100000000001
"171","ran171.hdr.60",0.0000854000000000028
"171","ran171.hdr.61",0.000342199999999999
"171","ran171.hdr.62",-0.0007712
"171","ran171.hdr.63",-0.000128400000000001
"171","ran171.hdr.64",-0.00040548
"171","ran171.hdr.65",0.000120899999999999
"171","ran171.hdr.66",-0.0003865
"171","ran171.hdr.67",0.0000622999999999995
"171","ran171.hdr.68",-0.000889800000000001
"171","ran171.hdr.69",-0.000293000000000002
"171","ran171.hdr.7",-0.000128
"171","ran171.hdr.70",0.00029028
"171","ran171.hdr.71",-0.000052345
"171","ran171.hdr.72",-0.000579
"171","ran171.hdr.73",-0.000584000000000001
"171","ran171.hdr.74",-0.000175900000000001
"171","ran171.hdr.75",-0.0015872
"171","ran171.hdr.76",-0.000457200000000001
"171","ran171.hdr.77",-0.0007595
"171","ran171.hdr.78",-0.000275039999999999
"171","ran171.hdr.8",-0.0002307
"171","ran171.hdr.9",-0.00047386
"172","ran172.hdr.1",-0.000591300000000003
"172","ran172.hdr.10",-0.00227271
"172","ran172.hdr.11",-0.0005222
"172","ran172.hdr.12",-0.00033059
"172","ran172.hdr.13",-0.000446700000000001
"172","ran172.hdr.14",-0.00026025
"172","ran172.hdr.15",-0.0000649700000000001
"172","ran172.hdr.16",-0.0134706
"172","ran172.hdr.17",-0.0009231
"172","ran172.hdr.18",-0.0008182
"172","ran172.hdr.19",-0.000595100000000001
"172","ran172.hdr.2",-0.0015948
"172","ran172.hdr.20",0.00016851
"172","ran172.hdr.21",-0.000551599999999999
"172","ran172.hdr.22",-0.0002132
"172","ran172.hdr.23",-0.0000116664
"172","ran172.hdr.24",-0.0003788
"172","ran172.hdr.25",-0.000337999999999998
"172","ran172.hdr.26",-0.0025984
"172","ran172.hdr.27",-0.0006335
"172","ran172.hdr.28",-0.0002542
"172","ran172.hdr.29",-0.00022865
"172","ran172.hdr.3",0.000326760000000001
"172","ran172.hdr.30",-0.00175568
"172","ran172.hdr.31",-0.000155240000000001
"172","ran172.hdr.32",-0.00033577
"172","ran172.hdr.33",-0.0003271
"172","ran172.hdr.34",0.000144100000000001
"172","ran172.hdr.35",-0.003795
"172","ran172.hdr.36",-0.0107692
"172","ran172.hdr.37",-0.001081
"172","ran172.hdr.38",0.0000920999999999995
"172","ran172.hdr.39",-0.0003076
"172","ran172.hdr.4",-0.0002114
"172","ran172.hdr.40",-0.000584600000000001
"172","ran172.hdr.41",-0.0022116
"172","ran172.hdr.42",-0.00102067
"172","ran172.hdr.43",-0.00112666
"172","ran172.hdr.44",-0.00209034
"172","ran172.hdr.45",-0.000688599999999999
"172","ran172.hdr.46",-0.00011256
"172","ran172.hdr.47",-0.00001509
"172","ran172.hdr.48",-0.00077238
"172","ran172.hdr.49",0.0000501999999999985
"172","ran172.hdr.5",0.00069375
"172","ran172.hdr.50",-0.002897
"172","ran172.hdr.51",-0.00005857
"172","ran172.hdr.52",-0.0003341
"172","ran172.hdr.53",0.0000530699999999997
"172","ran172.hdr.54",-0.0000673000000000028
"172","ran172.hdr.55",-0.00037772
"172","ran172.hdr.56",0.00021964
"172","ran172.hdr.57",-0.0005269
"172","ran172.hdr.58",-0.000118309
"172","ran172.hdr.59",-0.00000449999999999995
"172","ran172.hdr.6",-0.0018301
"172","ran172.hdr.60",-0.000293069999999999
"172","ran172.hdr.62",0.000107299999999999
"172","ran172.hdr.63",-0.0000835000000000002
"172","ran172.hdr.64",-0.000425699999999999
"172","ran172.hdr.65",-0.00017452
"172","ran172.hdr.66",-0.000477
"172","ran172.hdr.67",-0.000889800000000001
"172","ran172.hdr.68",-0.0005504
"172","ran172.hdr.69",0.0001677
"172","ran172.hdr.7",-0.0004693
"172","ran172.hdr.70",0.000239400000000001
"172","ran172.hdr.71",-0.000559999999999998
"172","ran172.hdr.72",-0.000427900000000002
"172","ran172.hdr.73",-0.000125399999999999
"172","ran172.hdr.74",-0.0021382
"172","ran172.hdr.75",-0.0016949
"172","ran172.hdr.76",-0.0029289
"172","ran172.hdr.77",-0.0025593
"172","ran172.hdr.78",-0.000776900000000001
"172","ran172.hdr.8",-0.0001004
"172","ran172.hdr.9",-0.0023
"173","ran173.hdr.1",-0.0014785
"173","ran173.hdr.10",-0.0002272
"173","ran173.hdr.11",-0.0002307
"173","ran173.hdr.12",-0.0000293999999999989
"173","ran173.hdr.13",-0.000011800000000001
"173","ran173.hdr.14",-0.00036672
"173","ran173.hdr.15",-0.00016698
"173","ran173.hdr.16",-0.0015418
"173","ran173.hdr.17",-0.0010694
"173","ran173.hdr.18",-0.000397499999999999
"173","ran173.hdr.19",-0.000867099999999999
"173","ran173.hdr.2",-0.00100715
"173","ran173.hdr.20",-0.0012838
"173","ran173.hdr.21",0.00037177
"173","ran173.hdr.22",-0.00034293
"173","ran173.hdr.23",-0.000292629999999999
"173","ran173.hdr.24",-0.00010771
"173","ran173.hdr.25",0.000248819999999999
"173","ran173.hdr.26",-0.0001554
"173","ran173.hdr.27",0.000035033
"173","ran173.hdr.28",-0.00198339
"173","ran173.hdr.29",-0.002439
"173","ran173.hdr.3",-0.000908900000000001
"173","ran173.hdr.30",-0.001081
"173","ran173.hdr.31",0.00004498
"173","ran173.hdr.32",-0.0018523
"173","ran173.hdr.33",-0.0019144
"173","ran173.hdr.34",-0.00027737
"173","ran173.hdr.35",-0.000104
"173","ran173.hdr.36",-0.000722799999999999
"173","ran173.hdr.37",-0.0010775
"173","ran173.hdr.38",-0.000574999999999999
"173","ran173.hdr.39",-0.0004022
"173","ran173.hdr.4",0.0000496999999999997
"173","ran173.hdr.40",-0.000316800000000001
"173","ran173.hdr.41",-0.0011277
"173","ran173.hdr.42",-0.0026491
"173","ran173.hdr.43",-0.0004983
"173","ran173.hdr.44",-0.0015836
"173","ran173.hdr.45",0.000161399999999999
"173","ran173.hdr.46",-0.000246700000000001
"173","ran173.hdr.47",-0.000392
"173","ran173.hdr.48",0.000643100000000001
"173","ran173.hdr.49",-0.00119342
"173","ran173.hdr.5",0.0000546000000000001
"173","ran173.hdr.50",-0.000226
"173","ran173.hdr.51",-0.00021661
"173","ran173.hdr.52",-0.000133000000000001
"173","ran173.hdr.53",-0.00027166
"173","ran173.hdr.54",-0.0012793
"173","ran173.hdr.55",-0.00016562
"173","ran173.hdr.56",0.0000281999999999999
"173","ran173.hdr.57",-0.0010297
"173","ran173.hdr.58",-0.000125780000000001
"173","ran173.hdr.59",-0.000146299999999999
"173","ran173.hdr.6",-0.0036577
"173","ran173.hdr.60",-0.001074
"173","ran173.hdr.61",-0.0013104
"173","ran173.hdr.62",-0.0015112
"173","ran173.hdr.63",-0.000262800000000001
"173","ran173.hdr.64",-0.00040313
"173","ran173.hdr.65",-0.0010234
"173","ran173.hdr.66",-0.000221499999999999
"173","ran173.hdr.67",-0.0010749
"173","ran173.hdr.68",-0.0068051
"173","ran173.hdr.69",-0.0015557
"173","ran173.hdr.7",-0.00012473
"173","ran173.hdr.70",-0.0028229
"173","ran173.hdr.71",-0.000345399999999999
"173","ran173.hdr.72",-0.000559999999999998
"173","ran173.hdr.73",-0.0022821
"173","ran173.hdr.74",-0.000578
"173","ran173.hdr.75",-0.0000447299999999998
"173","ran173.hdr.76",-0.0013154
"173","ran173.hdr.77",-0.0016759
"173","ran173.hdr.78",-0.0004975
"173","ran173.hdr.8",-0.0028486
"173","ran173.hdr.9",-0.00259746
"174","ran174.hdr.1",-0.0003459
"174","ran174.hdr.10",-0.0045035
"174","ran174.hdr.11",-0.0051698
"174","ran174.hdr.12",-0.0001756
"174","ran174.hdr.13",-0.0000821799999999998
"174","ran174.hdr.14",-0.00035759
"174","ran174.hdr.15",-0.0001131
"174","ran174.hdr.16",-0.0011929
"174","ran174.hdr.17",-0.000881099999999999
"174","ran174.hdr.18",-0.00034688
"174","ran174.hdr.19",-0.0000309000000000004
"174","ran174.hdr.2",-0.0002678
"174","ran174.hdr.20",-0.00041587
"174","ran174.hdr.21",-0.000404499999999999
"174","ran174.hdr.22",-0.0001083
"174","ran174.hdr.23",-0.0016952
"174","ran174.hdr.24",0.0001413
"174","ran174.hdr.25",-0.0015342
"174","ran174.hdr.26",-0.0010873
"174","ran174.hdr.27",-0.000890400000000001
"174","ran174.hdr.28",-0.00055601
"174","ran174.hdr.29",-0.000148799999999999
"174","ran174.hdr.3",-0.000543500000000002
"174","ran174.hdr.30",0.00037395
"174","ran174.hdr.31",-0.0000373999999999999
"174","ran174.hdr.32",-0.0005877
"174","ran174.hdr.33",-0.000453249999999999
"174","ran174.hdr.34",-0.0000212300000000006
"174","ran174.hdr.35",-0.00042055
"174","ran174.hdr.36",-0.0014502
"174","ran174.hdr.37",-0.0023487
"174","ran174.hdr.38",-0.0000624000000000006
"174","ran174.hdr.39",0.000410499999999999
"174","ran174.hdr.4",-0.000345949999999999
"174","ran174.hdr.40",-0.00045297
"174","ran174.hdr.41",-0.00025136
"174","ran174.hdr.42",-0.000435399999999999
"174","ran174.hdr.43",0.0006535
"174","ran174.hdr.44",-0.000945600000000001
"174","ran174.hdr.45",0.0000960000000000006
"174","ran174.hdr.46",-0.0011563
"174","ran174.hdr.47",-0.000360099999999999
"174","ran174.hdr.48",0.0000991000000000013
"174","ran174.hdr.49",-0.004276
"174","ran174.hdr.5",0.000214480000000001
"174","ran174.hdr.50",-0.0010009
"174","ran174.hdr.51",-0.0010055
"174","ran174.hdr.52",-0.000408800000000001
"174","ran174.hdr.53",0.000111692
"174","ran174.hdr.54",-0.0025824
"174","ran174.hdr.55",0.0000198999999999998
"174","ran174.hdr.56",-0.00073805
"174","ran174.hdr.57",0.00109847
"174","ran174.hdr.58",-0.000313409999999999
"174","ran174.hdr.6",-0.000221499999999999
"174","ran174.hdr.60",-0.00017852
"174","ran174.hdr.61",-0.0020265
"174","ran174.hdr.62",-0.000658
"174","ran174.hdr.63",-0.000263810000000001
"174","ran174.hdr.64",-0.000639499999999998
"174","ran174.hdr.65",-0.000296940000000001
"174","ran174.hdr.66",-0.00574057
"174","ran174.hdr.67",0.000525970000000001
"174","ran174.hdr.68",-0.0023323
"174","ran174.hdr.69",-0.000315199999999998
"174","ran174.hdr.7",-0.000184100000000001
"174","ran174.hdr.70",-0.0019411
"174","ran174.hdr.71",-0.0011431
"174","ran174.hdr.72",-0.0006
"174","ran174.hdr.73",-0.000267199999999999
"174","ran174.hdr.74",-0.0011679
"174","ran174.hdr.75",-0.000871300000000002
"174","ran174.hdr.76",-0.00033557
"174","ran174.hdr.77",-0.0015057
"174","ran174.hdr.78",0.00039024
"174","ran174.hdr.8",-0.0023
"174","ran174.hdr.9",-0.003143
"175","ran175.hdr.1",-0.0014785
"175","ran175.hdr.10",-0.0006119
"175","ran175.hdr.11",0.0000762699999999998
"175","ran175.hdr.12",0.00016704
"175","ran175.hdr.13",0.00035726
"175","ran175.hdr.14",-0.00085353
"175","ran175.hdr.15",-0.00062684
"175","ran175.hdr.16",-0.000988359999999999
"175","ran175.hdr.17",-0.000348220000000002
"175","ran175.hdr.18",0.0000456699999999994
"175","ran175.hdr.19",-0.0006555
"175","ran175.hdr.2",-0.0014413
"175","ran175.hdr.20",-0.0039813
"175","ran175.hdr.21",-0.0023662
"175","ran175.hdr.22",-0.000369699999999999
"175","ran175.hdr.23",-0.000498100000000001
"175","ran175.hdr.24",-0.0011853
"175","ran175.hdr.25",-0.0000823999999999998
"175","ran175.hdr.26",-0.000825099999999999
"175","ran175.hdr.27",-0.0007861
"175","ran175.hdr.28",-0.00026931
"175","ran175.hdr.29",-0.0005678
"175","ran175.hdr.3",-0.000149890000000001
"175","ran175.hdr.30",-0.00035699
"175","ran175.hdr.31",-0.000336700000000001
"175","ran175.hdr.32",-0.00019563
"175","ran175.hdr.33",-0.00013827
"175","ran175.hdr.34",-0.00000110000000000041
"175","ran175.hdr.35",-0.00044142
"175","ran175.hdr.36",-0.0005877
"175","ran175.hdr.37",-0.0001782
"175","ran175.hdr.38",-0.000284
"175","ran175.hdr.39",-0.0017763
"175","ran175.hdr.4",0.0000684092
"175","ran175.hdr.40",-0.0024831
"175","ran175.hdr.41",0.0003312
"175","ran175.hdr.42",-0.00620406
"175","ran175.hdr.43",0.000278530000000001
"175","ran175.hdr.44",-0.0011052
"175","ran175.hdr.45",-0.002171
"175","ran175.hdr.46",-0.0002384
"175","ran175.hdr.47",-0.000733699999999999
"175","ran175.hdr.48",-0.0017191
"175","ran175.hdr.49",0.00066033
"175","ran175.hdr.5",-0.000184100000000001
"175","ran175.hdr.50",-0.0010055
"175","ran175.hdr.51",0.000358000000000001
"175","ran175.hdr.52",-0.00022903
"175","ran175.hdr.53",-0.00073805
"175","ran175.hdr.54",0.0000292299999999999
"175","ran175.hdr.55",-0.00050929
"175","ran175.hdr.56",-0.0003833
"175","ran175.hdr.58",-0.000162300000000001
"175","ran175.hdr.59",-0.0004551
"175","ran175.hdr.6",-0.00589385
"175","ran175.hdr.60",-0.0034825
"175","ran175.hdr.61",-0.000999000000000003
"175","ran175.hdr.62",-0.000775500000000002
"175","ran175.hdr.63",0.00011186
"175","ran175.hdr.64",-0.000404369999999999
"175","ran175.hdr.65",0.0004037
"175","ran175.hdr.66",-0.0004037
"175","ran175.hdr.67",-0.0028229
"175","ran175.hdr.68",-0.0023424
"175","ran175.hdr.69",-0.000401100000000001
"175","ran175.hdr.7",-0.0026706
"175","ran175.hdr.70",-0.000890599999999998
"175","ran175.hdr.71",-0.000955899999999999
"175","ran175.hdr.72",-0.0000256000000000006
"175","ran175.hdr.73",0.0004715
"175","ran175.hdr.74",-0.000125399999999999
"175","ran175.hdr.75",-0.000302699999999999
"175","ran175.hdr.76",-0.000806600000000001
"175","ran175.hdr.77",-0.0016978
"175","ran175.hdr.78",-0.000776900000000001
"175","ran175.hdr.8",0.000137799999999997
"175","ran175.hdr.9",-0.0003134
"176","ran176.hdr.1",-0.000311580000000001
"176","ran176.hdr.10",-0.000358290000000001
"176","ran176.hdr.11",-0.0007343
"176","ran176.hdr.12",-0.0008879
"176","ran176.hdr.13",-0.00001651
"176","ran176.hdr.14",-0.00032687
"176","ran176.hdr.15",-0.0011143
"176","ran176.hdr.16",-0.000274099999999999
"176","ran176.hdr.17",-0.000168099999999999
"176","ran176.hdr.18",-0.0000712300000000003
"176","ran176.hdr.19",-0.00008435
"176","ran176.hdr.2",-0.000224699999999998
"176","ran176.hdr.20",0.00032532
"176","ran176.hdr.21",-0.0001248
"176","ran176.hdr.22",-0.000287399999999998
"176","ran176.hdr.23",-0.000130699999999999
"176","ran176.hdr.24",-0.00043339
"176","ran176.hdr.25",-0.0000985999999999973
"176","ran176.hdr.26",0.0000422799999999996
"176","ran176.hdr.27",-0.000114
"176","ran176.hdr.28",0.0000328100000000012
"176","ran176.hdr.29",0.0001034
"176","ran176.hdr.3",-0.000325500000000003
"176","ran176.hdr.30",-0.0025984
"176","ran176.hdr.31",-0.000148799999999999
"176","ran176.hdr.32",-0.00023903
"176","ran176.hdr.33",0.0000498999999999999
"176","ran176.hdr.34",-0.00034286
"176","ran176.hdr.35",-0.000177999999999998
"176","ran176.hdr.36",-0.0076907
"176","ran176.hdr.37",-0.00825832
"176","ran176.hdr.38",0.000470500000000002
"176","ran176.hdr.39",-0.0010093
"176","ran176.hdr.4",-0.0043666
"176","ran176.hdr.40",-0.000478900000000001
"176","ran176.hdr.41",-0.000883700000000001
"176","ran176.hdr.42",-0.0005801
"176","ran176.hdr.43",-0.000435399999999999
"176","ran176.hdr.44",-0.0000142300000000005
"176","ran176.hdr.45",-0.000803359999999999
"176","ran176.hdr.46",-0.000480400000000001
"176","ran176.hdr.47",-0.0006558
"176","ran176.hdr.48",-0.0013524
"176","ran176.hdr.49",-0.0025436
"176","ran176.hdr.5",-0.0000888
"176","ran176.hdr.50",-0.0010611
"176","ran176.hdr.51",-0.000107300000000001
"176","ran176.hdr.52",0.00042818
"176","ran176.hdr.53",-0.00027015
"176","ran176.hdr.54",-0.0000697999999999983
"176","ran176.hdr.55",-0.0019361
"176","ran176.hdr.56",0.0001499
"176","ran176.hdr.57",0.00008457
"176","ran176.hdr.58",-0.000297500000000001
"176","ran176.hdr.59",-0.000157900000000002
"176","ran176.hdr.6",-0.000154600000000001
"176","ran176.hdr.60",-0.00015495
"176","ran176.hdr.61",0.000452299999999999
"176","ran176.hdr.62",-0.000688000000000001
"176","ran176.hdr.63",0.000127700000000001
"176","ran176.hdr.64",-0.0001259
"176","ran176.hdr.65",-0.0012643
"176","ran176.hdr.66",-0.0003435
"176","ran176.hdr.67",-0.000933400000000001
"176","ran176.hdr.68",-0.0027675
"176","ran176.hdr.69",-0.000361200000000001
"176","ran176.hdr.7",-0.000197699999999999
"176","ran176.hdr.70",-0.0023424
"176","ran176.hdr.71",-0.0046587
"176","ran176.hdr.72",-0.0010098
"176","ran176.hdr.73",-0.000137399999999999
"176","ran176.hdr.74",-0.0012116
"176","ran176.hdr.75",-0.0003368
"176","ran176.hdr.76",-0.00083164
"176","ran176.hdr.77",-0.0014855
"176","ran176.hdr.78",-0.0020513
"176","ran176.hdr.8",-0.00037472
"176","ran176.hdr.9",-0.0000151700000000001
"177","ran177.hdr.1",-0.00021007
"177","ran177.hdr.10",-0.00163709
"177","ran177.hdr.11",-0.00259746
"177","ran177.hdr.12",-0.00056552
"177","ran177.hdr.13",0.000186599999999999
"177","ran177.hdr.14",-0.000480399999999999
"177","ran177.hdr.15",-0.000681099999999999
"177","ran177.hdr.16",-0.0005643
"177","ran177.hdr.17",-0.0003143
"177","ran177.hdr.18",-0.00016964
"177","ran177.hdr.19",-0.000452899999999999
"177","ran177.hdr.2",0.000132149999999999
"177","ran177.hdr.20",-0.0017312
"177","ran177.hdr.21",-0.000846999999999997
"177","ran177.hdr.22",0.00007813
"177","ran177.hdr.23",-0.0004899
"177","ran177.hdr.24",-0.0010804
"177","ran177.hdr.25",-0.0002991
"177","ran177.hdr.26",-0.002999
"177","ran177.hdr.27",-0.0025725
"177","ran177.hdr.28",-0.0006158
"177","ran177.hdr.29",-0.0025984
"177","ran177.hdr.3",-0.0024371
"177","ran177.hdr.30",0.00025468
"177","ran177.hdr.31",-0.000576
"177","ran177.hdr.32",-0.0001338
"177","ran177.hdr.33",-0.000113400000000001
"177","ran177.hdr.34",-0.00023069
"177","ran177.hdr.35",-0.000453249999999999
"177","ran177.hdr.36",-0.000063549999999999
"177","ran177.hdr.37",-0.0000683100000000002
"177","ran177.hdr.38",-0.0003193
"177","ran177.hdr.39",-0.000119399999999999
"177","ran177.hdr.4",0.0000429000000000002
"177","ran177.hdr.40",0.0000948100000000007
"177","ran177.hdr.41",-0.000136400000000002
"177","ran177.hdr.42",0.000166100000000001
"177","ran177.hdr.43",0.000033677
"177","ran177.hdr.44",-0.0000431426
"177","ran177.hdr.45",-0.000942499999999999
"177","ran177.hdr.46",0.00020773
"177","ran177.hdr.47",0.000318199999999999
"177","ran177.hdr.48",-0.000313399999999998
"177","ran177.hdr.49",-0.0014471
"177","ran177.hdr.5",-0.0006856
"177","ran177.hdr.50",-0.0011413
"177","ran177.hdr.51",0.0000833999999999991
"177","ran177.hdr.52",0.00041799
"177","ran177.hdr.53",-0.000072
"177","ran177.hdr.54",-0.00045826
"177","ran177.hdr.55",-0.000238039999999999
"177","ran177.hdr.56",-0.00128357
"177","ran177.hdr.58",-0.0034825
"177","ran177.hdr.59",-0.00095777
"177","ran177.hdr.6",-0.000296900000000001
"177","ran177.hdr.60",-0.0015743
"177","ran177.hdr.61",0.000524999999999999
"177","ran177.hdr.62",-0.000675199999999997
"177","ran177.hdr.63",0.000324999999999999
"177","ran177.hdr.64",-0.000109399999999999
"177","ran177.hdr.65",-0.000822699999999999
"177","ran177.hdr.66",-0.001085
"177","ran177.hdr.67",-0.000112899999999999
"177","ran177.hdr.68",-0.0014942
"177","ran177.hdr.69",-0.00029
"177","ran177.hdr.7",-0.0007992
"177","ran177.hdr.70",-0.0000414839999999999
"177","ran177.hdr.71",-0.000389500000000001
"177","ran177.hdr.72",-0.0022069
"177","ran177.hdr.73",-0.0002862
"177","ran177.hdr.74",-0.0016911
"177","ran177.hdr.75",-0.0014673
"177","ran177.hdr.76",-0.000498099999999998
"177","ran177.hdr.77",0.00046618
"177","ran177.hdr.78",-0.0015052
"177","ran177.hdr.8",-0.0000395000000000013
"177","ran177.hdr.9",0.0000445999999999988
"178","ran178.hdr.1",-0.0003178
"178","ran178.hdr.10",-0.00046459
"178","ran178.hdr.11",-0.0011219
"178","ran178.hdr.12",-0.00058509
"178","ran178.hdr.13",-0.0005673
"178","ran178.hdr.14",-0.000416400000000001
"178","ran178.hdr.15",-0.000651099999999998
"178","ran178.hdr.16",0.00000735000000000015
"178","ran178.hdr.17",-0.000611500000000001
"178","ran178.hdr.18",-0.0015342
"178","ran178.hdr.19",-0.0003254
"178","ran178.hdr.2",0.00033191
"178","ran178.hdr.20",-0.000554499999999999
"178","ran178.hdr.21",-0.000385699999999999
"178","ran178.hdr.22",0.0000461000000000003
"178","ran178.hdr.23",-0.00345372
"178","ran178.hdr.24",0.000505200000000001
"178","ran178.hdr.25",-0.00350844
"178","ran178.hdr.26",-0.0013637
"178","ran178.hdr.27",-0.000623100000000001
"178","ran178.hdr.28",-0.000135
"178","ran178.hdr.29",0.000821870000000001
"178","ran178.hdr.3",-0.0004513
"178","ran178.hdr.30",-0.0013356
"178","ran178.hdr.31",-0.0012739
"178","ran178.hdr.32",-0.0003076
"178","ran178.hdr.33",-0.000202600000000001
"178","ran178.hdr.34",-0.000550500000000001
"178","ran178.hdr.35",-0.0015782
"178","ran178.hdr.36",-0.000402600000000001
"178","ran178.hdr.37",-0.00000561000000000008
"178","ran178.hdr.38",-0.0022477
"178","ran178.hdr.39",-0.0000555999999999994
"178","ran178.hdr.4",-0.000221499999999999
"178","ran178.hdr.40",0.000318199999999999
"178","ran178.hdr.41",-0.000230900000000003
"178","ran178.hdr.42",0.000185100000000001
"178","ran178.hdr.43",-0.0039113
"178","ran178.hdr.44",0.0005877
"178","ran178.hdr.45",0.0000891500000000005
"178","ran178.hdr.46",-0.000336299999999999
"178","ran178.hdr.47",-0.000940400000000001
"178","ran178.hdr.48",-0.0000823899999999999
"178","ran178.hdr.49",-0.0013068
"178","ran178.hdr.5",-0.000119600000000001
"178","ran178.hdr.50",0.0001499
"178","ran178.hdr.51",0.000544349999999999
"178","ran178.hdr.52",-0.000796399999999999
"178","ran178.hdr.53",-0.00020368
"178","ran178.hdr.55",-0.000141199999999999
"178","ran178.hdr.56",-0.0010508
"178","ran178.hdr.57",-0.000595
"178","ran178.hdr.58",-0.0010605
"178","ran178.hdr.59",0.00065872
"178","ran178.hdr.6",-0.001544
"178","ran178.hdr.60",-0.00051952
"178","ran178.hdr.61",0.0000943000000000003
"178","ran178.hdr.62",-0.0011268
"178","ran178.hdr.63",-0.000775399999999999
"178","ran178.hdr.64",-0.00017847
"178","ran178.hdr.65",-0.0011074
"178","ran178.hdr.66",-0.0035597
"178","ran178.hdr.67",-0.0006094
"178","ran178.hdr.68",-0.000768900000000003
"178","ran178.hdr.69",-0.0004019
"178","ran178.hdr.7",-0.000583300000000002
"178","ran178.hdr.70",-0.0000153999999999987
"178","ran178.hdr.71",-0.000147399999999999
"178","ran178.hdr.72",0.000056200000000001
"178","ran178.hdr.73",-0.000546100000000001
"178","ran178.hdr.74",-0.000282660000000001
"178","ran178.hdr.75",-0.000471699999999999
"178","ran178.hdr.76",-0.0005749
"178","ran178.hdr.77",-0.0032753
"178","ran178.hdr.78",-0.0002483
"178","ran178.hdr.8",-0.0051096
"178","ran178.hdr.9",-0.000105399999999999
"179","ran179.hdr.1",-0.0014444
"179","ran179.hdr.10",-0.000461899999999998
"179","ran179.hdr.11",-0.000223299999999999
"179","ran179.hdr.12",-0.00058509
"179","ran179.hdr.13",-0.00030618
"179","ran179.hdr.14",-0.0001332
"179","ran179.hdr.15",-0.0009067
"179","ran179.hdr.16",-0.00039314
"179","ran179.hdr.17",0.0015655
"179","ran179.hdr.18",-0.0002267
"179","ran179.hdr.19",-0.00049628
"179","ran179.hdr.2",0.0001343
"179","ran179.hdr.20",-0.000881099999999999
"179","ran179.hdr.21",0.0001045
"179","ran179.hdr.22",-0.0075695
"179","ran179.hdr.23",-0.0010873
"179","ran179.hdr.24",-0.00158129
"179","ran179.hdr.25",-0.0000335999999999982
"179","ran179.hdr.26",-0.00032068
"179","ran179.hdr.27",-0.0014725
"179","ran179.hdr.28",-0.0015236
"179","ran179.hdr.29",-0.00014837
"179","ran179.hdr.3",-0.000870900000000001
"179","ran179.hdr.30",-0.000576
"179","ran179.hdr.31",-0.000243729999999999
"179","ran179.hdr.32",-0.000453249999999999
"179","ran179.hdr.33",-0.0049962
"179","ran179.hdr.34",-0.00620406
"179","ran179.hdr.35",-0.001081
"179","ran179.hdr.36",0.0000378299999999991
"179","ran179.hdr.37",0.00003065
"179","ran179.hdr.38",-0.000394099999999998
"179","ran179.hdr.39",-0.00023078
"179","ran179.hdr.4",-0.000239700000000001
"179","ran179.hdr.40",-0.000247559999999999
"179","ran179.hdr.41",0.0000849600000000002
"179","ran179.hdr.42",-0.000617899999999998
"179","ran179.hdr.43",-0.000429500000000003
"179","ran179.hdr.44",-0.00048092
"179","ran179.hdr.45",-0.000924100000000001
"179","ran179.hdr.46",-0.0004983
"179","ran179.hdr.47",-0.00081
"179","ran179.hdr.48",-0.00035147
"179","ran179.hdr.49",-0.000452599999999999
"179","ran179.hdr.5",0.0000578000000000002
"179","ran179.hdr.50",-0.000032588
"179","ran179.hdr.51",-0.0003827
"179","ran179.hdr.52",0.0000835000000000002
"179","ran179.hdr.53",-0.0018136
"179","ran179.hdr.54",0.0000691835
"179","ran179.hdr.55",0.0000326900000000001
"179","ran179.hdr.56",-0.0000586999999999983
"179","ran179.hdr.57",-0.000064100000000001
"179","ran179.hdr.58",-0.0006342
"179","ran179.hdr.59",0.0000932000000000016
"179","ran179.hdr.6",0.000128399999999997
"179","ran179.hdr.60",-0.0008541
"179","ran179.hdr.61",-0.011466
"179","ran179.hdr.62",0.000244869999999999
"179","ran179.hdr.63",-0.0107924
"179","ran179.hdr.64",-0.000324099999999999
"179","ran179.hdr.65",-0.000373099999999998
"179","ran179.hdr.66",-0.0012643
"179","ran179.hdr.67",-0.000841399999999999
"179","ran179.hdr.68",-0.0021688
"179","ran179.hdr.69",0.0000275999999999992
"179","ran179.hdr.7",-0.0008068
"179","ran179.hdr.70",-0.0018724
"179","ran179.hdr.71",-0.000198200000000001
"179","ran179.hdr.72",-0.0008547
"179","ran179.hdr.73",-0.0007396
"179","ran179.hdr.74",-0.0016949
"179","ran179.hdr.75",-0.0032639
"179","ran179.hdr.76",-0.0032753
"179","ran179.hdr.77",-0.000894099999999998
"179","ran179.hdr.78",0.0000916000000000007
"179","ran179.hdr.8",0.00000720000000000061
"179","ran179.hdr.9",-0.0056027
"180","ran180.hdr.1",-0.0011092
"180","ran180.hdr.10",-0.000292249999999999
"180","ran180.hdr.11",-0.000710199999999999
"180","ran180.hdr.12",-0.000046446
"180","ran180.hdr.13",-0.000359400000000001
"180","ran180.hdr.14",-0.0004673
"180","ran180.hdr.15",-0.000935750000000001
"180","ran180.hdr.16",-0.000911199999999997
"180","ran180.hdr.17",-0.000779799999999999
"180","ran180.hdr.18",-0.0000983000000000008
"180","ran180.hdr.19",-0.000710700000000002
"180","ran180.hdr.2",0.000183300000000001
"180","ran180.hdr.20",-0.0035352
"180","ran180.hdr.21",-0.0014767
"180","ran180.hdr.22",0.000240499999999999
"180","ran180.hdr.23",0.0001549743
"180","ran180.hdr.24",-0.0001557
"180","ran180.hdr.25",-0.00029545
"180","ran180.hdr.26",-0.00012519
"180","ran180.hdr.27",-0.000714700000000002
"180","ran180.hdr.28",-0.000187100000000001
"180","ran180.hdr.29",-0.000155240000000001
"180","ran180.hdr.3",-0.0026658
"180","ran180.hdr.30",-0.00032424
"180","ran180.hdr.31",-0.000450470000000001
"180","ran180.hdr.32",-0.000149719999999999
"180","ran180.hdr.33",-0.0009823
"180","ran180.hdr.34",-0.000630099999999998
"180","ran180.hdr.35",0.0000315799999999998
"180","ran180.hdr.36",-0.000287379999999999
"180","ran180.hdr.37",-0.00034168
"180","ran180.hdr.38",-0.0006558
"180","ran180.hdr.39",-0.0011052
"180","ran180.hdr.4",-0.000723700000000001
"180","ran180.hdr.40",NA
"180","ran180.hdr.41",-0.0000691499999999998
"180","ran180.hdr.42",-0.0003316
"180","ran180.hdr.43",-0.000402600000000001
"180","ran180.hdr.44",-0.000737000000000002
"180","ran180.hdr.45",-0.0000261999999999971
"180","ran180.hdr.46",-0.0012169
"180","ran180.hdr.47",-0.000560139999999999
"180","ran180.hdr.48",-0.0000697999999999983
"180","ran180.hdr.49",-0.000879130000000001
"180","ran180.hdr.5",0.0003686
"180","ran180.hdr.50",-0.00047324
"180","ran180.hdr.51",-0.000749
"180","ran180.hdr.52",0.0000474899999999999
"180","ran180.hdr.53",-0.0112283
"180","ran180.hdr.54",0.000114200000000002
"180","ran180.hdr.55",-0.000569500000000001
"180","ran180.hdr.56",-0.00000727000000000019
"180","ran180.hdr.57",-0.00155443
"180","ran180.hdr.6",-0.0036814
"180","ran180.hdr.60",0.00000609999999999847
"180","ran180.hdr.61",-0.000377200000000001
"180","ran180.hdr.62",-0.0001542
"180","ran180.hdr.63",0.000465999999999999
"180","ran180.hdr.64",-0.00045068
"180","ran180.hdr.65",-0.000328449999999999
"180","ran180.hdr.66",-0.0023928
"180","ran180.hdr.67",0.0000502999999999997
"180","ran180.hdr.68",-0.0011431
"180","ran180.hdr.69",-0.0010284
"180","ran180.hdr.7",0.0000572099999999994
"180","ran180.hdr.70",-0.0000296799999999989
"180","ran180.hdr.71",-0.000454899999999998
"180","ran180.hdr.72",-0.0005561
"180","ran180.hdr.73",-0.0021382
"180","ran180.hdr.74",-0.000325500000000001
"180","ran180.hdr.75",-0.0007951
"180","ran180.hdr.76",-0.0016949
"180","ran180.hdr.77",-0.00288578
"180","ran180.hdr.78",-0.000584000000000001
"180","ran180.hdr.8",-0.00062661
"180","ran180.hdr.9",-0.00047386
"181","ran181.hdr.1",-0.0014413
"181","ran181.hdr.10",-0.0010975
"181","ran181.hdr.11",-0.000223299999999999
"181","ran181.hdr.12",-0.001099
"181","ran181.hdr.13",-0.00010734
"181","ran181.hdr.14",-0.0001174
"181","ran181.hdr.15",-0.0005193
"181","ran181.hdr.16",-0.000334500000000001
"181","ran181.hdr.17",0.00019177
"181","ran181.hdr.18",-0.00000719999999999887
"181","ran181.hdr.19",-0.0002947
"181","ran181.hdr.2",0.000583
"181","ran181.hdr.20",-0.0017655
"181","ran181.hdr.21",-0.00034462
"181","ran181.hdr.22",-0.0003148
"181","ran181.hdr.23",-0.000336900000000001
"181","ran181.hdr.24",0.00000329999999999948
"181","ran181.hdr.25",-0.000556399999999999
"181","ran181.hdr.26",-0.000771500000000001
"181","ran181.hdr.27",0.0003538
"181","ran181.hdr.28",-0.002999
"181","ran181.hdr.29",-0.00107892
"181","ran181.hdr.3",0.000177399999999999
"181","ran181.hdr.30",-0.0006008
"181","ran181.hdr.31",-0.00044134
"181","ran181.hdr.32",-0.000453249999999999
"181","ran181.hdr.33",-0.00018725
"181","ran181.hdr.34",0.00000920000000000087
"181","ran181.hdr.35",-0.0049962
"181","ran181.hdr.36",-0.0005964
"181","ran181.hdr.37",-0.00045297
"181","ran181.hdr.38",-0.0004972
"181","ran181.hdr.39",-0.0011115
"181","ran181.hdr.4",-0.0004437
"181","ran181.hdr.40",-0.0013204
"181","ran181.hdr.41",-0.000522599999999998
"181","ran181.hdr.42",-0.0000252999999999989
"181","ran181.hdr.43",-0.002171
"181","ran181.hdr.44",0.000207200000000001
"181","ran181.hdr.45",-0.0016817
"181","ran181.hdr.46",-0.000846200000000002
"181","ran181.hdr.47",-0.00001509
"181","ran181.hdr.48",-0.0015162
"181","ran181.hdr.49",0.00028603
"181","ran181.hdr.5",-0.0053867
"181","ran181.hdr.50",-0.0001172
"181","ran181.hdr.51",-0.000568100000000002
"181","ran181.hdr.52",-0.00155443
"181","ran181.hdr.53",-0.0002815
"181","ran181.hdr.54",-0.0003331
"181","ran181.hdr.55",-0.0000928000000000005
"181","ran181.hdr.56",-0.0004014
"181","ran181.hdr.57",-0.000595
"181","ran181.hdr.58",0.0000782999999999999
"181","ran181.hdr.59",0.000366500000000001
"181","ran181.hdr.6",0.000192080000000001
"181","ran181.hdr.60",-0.000406799999999999
"181","ran181.hdr.61",-0.0012438
"181","ran181.hdr.62",-0.00039282
"181","ran181.hdr.63",0.0000171200000000002
"181","ran181.hdr.64",-0.0035597
"181","ran181.hdr.65",-0.000914999999999999
"181","ran181.hdr.66",-0.000854299999999999
"181","ran181.hdr.67",0.000395370000000001
"181","ran181.hdr.68",-0.001141
"181","ran181.hdr.69",-0.000607500000000002
"181","ran181.hdr.7",-0.000540269999999999
"181","ran181.hdr.70",-0.000889800000000001
"181","ran181.hdr.71",-0.000890599999999998
"181","ran181.hdr.72",-0.0009751
"181","ran181.hdr.73",-0.000458999999999998
"181","ran181.hdr.74",-0.000753899999999998
"181","ran181.hdr.75",-0.00089669
"181","ran181.hdr.76",-0.000961299999999998
"181","ran181.hdr.77",-0.0013901
"181","ran181.hdr.78",-0.0013565
"181","ran181.hdr.8",-0.0037929
"181","ran181.hdr.9",-0.00056552
"182","ran182.hdr.1",0.0000213999999999995
"182","ran182.hdr.10",-0.0015386
"182","ran182.hdr.11",-0.0016948
"182","ran182.hdr.12",-0.0000293799999999999
"182","ran182.hdr.13",0.000080455
"182","ran182.hdr.14",-0.0011382
"182","ran182.hdr.15",-0.0010879
"182","ran182.hdr.16",-0.0005371
"182","ran182.hdr.17",-0.000386299999999999
"182","ran182.hdr.18",-0.0003742
"182","ran182.hdr.19",-0.0005193
"182","ran182.hdr.2",-0.0011071
"182","ran182.hdr.20",-0.0011929
"182","ran182.hdr.21",-0.000452899999999999
"182","ran182.hdr.22",-0.0016769
"182","ran182.hdr.23",-0.00041587
"182","ran182.hdr.24",-0.0025625
"182","ran182.hdr.25",-0.00041356
"182","ran182.hdr.26",-0.00032336
"182","ran182.hdr.27",0.000296680000000001
"182","ran182.hdr.28",0.0000373999999999999
"182","ran182.hdr.29",-0.00029852
"182","ran182.hdr.3",-0.0030338
"182","ran182.hdr.30",-0.00060842
"182","ran182.hdr.31",-0.0005877
"182","ran182.hdr.32",-0.000507499999999999
"182","ran182.hdr.33",-0.0001554
"182","ran182.hdr.34",-0.0017763
"182","ran182.hdr.35",0.0002967
"182","ran182.hdr.36",-0.000830900000000002
"182","ran182.hdr.37",0.0000979999999999991
"182","ran182.hdr.38",-0.000613500000000001
"182","ran182.hdr.39",-0.0011214
"182","ran182.hdr.4",-0.01685291
"182","ran182.hdr.40",-0.0023505
"182","ran182.hdr.41",-0.0002538
"182","ran182.hdr.42",-0.0014927
"182","ran182.hdr.43",0.000131700000000002
"182","ran182.hdr.44",-0.000452599999999999
"182","ran182.hdr.45",-0.000392
"182","ran182.hdr.46",-0.0008961
"182","ran182.hdr.47",-0.0005222
"182","ran182.hdr.48",0.0000576000000000014
"182","ran182.hdr.49",-0.00018672
"182","ran182.hdr.5",-0.0041174
"182","ran182.hdr.50",-0.00111662
"182","ran182.hdr.51",0.00031291
"182","ran182.hdr.52",-0.0002815
"182","ran182.hdr.54",0.000165
"182","ran182.hdr.55",-0.000271400000000002
"182","ran182.hdr.56",-0.000263810000000001
"182","ran182.hdr.57",0.0000455999999999998
"182","ran182.hdr.58",-0.0003718
"182","ran182.hdr.59",-0.0012684
"182","ran182.hdr.6",-0.0003059
"182","ran182.hdr.60",-0.00039517
"182","ran182.hdr.61",-0.0018888
"182","ran182.hdr.62",0.000118699999999999
"182","ran182.hdr.63",-0.000746799999999999
"182","ran182.hdr.64",-0.0021686
"182","ran182.hdr.65",-0.0003502
"182","ran182.hdr.66",-0.0003709
"182","ran182.hdr.67",-0.0010621
"182","ran182.hdr.68",-0.0031354
"182","ran182.hdr.69",-0.000417899999999999
"182","ran182.hdr.7",-0.0002951
"182","ran182.hdr.70",-0.000093939999999999
"182","ran182.hdr.71",-0.000345399999999999
"182","ran182.hdr.72",-0.00093906
"182","ran182.hdr.73",-0.00038061
"182","ran182.hdr.74",-0.000420299999999998
"182","ran182.hdr.75",-0.0014277
"182","ran182.hdr.76",-0.00032338
"182","ran182.hdr.77",0.00002271
"182","ran182.hdr.78",-0.000251100000000001
"182","ran182.hdr.8",-0.00025102
"182","ran182.hdr.9",-0.00066134
"183","ran183.hdr.1",-0.0002161
"183","ran183.hdr.10",-0.0000713600000000003
"183","ran183.hdr.11",-0.000721199999999998
"183","ran183.hdr.12",-0.0000661700000000008
"183","ran183.hdr.13",-0.000539240000000002
"183","ran183.hdr.14",-0.000554099999999998
"183","ran183.hdr.15",-0.000799000000000001
"183","ran183.hdr.16",-0.000948300000000003
"183","ran183.hdr.17",-0.000686199999999998
"183","ran183.hdr.18",-0.0033496
"183","ran183.hdr.19",-0.0011163
"183","ran183.hdr.2",-0.000591300000000003
"183","ran183.hdr.20",-0.0006865
"183","ran183.hdr.21",-0.0001239
"183","ran183.hdr.22",-0.00910412
"183","ran183.hdr.23",-0.00023903
"183","ran183.hdr.24",-0.00044134
"183","ran183.hdr.25",-0.000149719999999999
"183","ran183.hdr.26",-0.0008652
"183","ran183.hdr.27",-0.0029271
"183","ran183.hdr.28",-0.0031592
"183","ran183.hdr.29",-0.0012989
"183","ran183.hdr.3",-0.0001332
"183","ran183.hdr.30",-0.0001799
"183","ran183.hdr.31",-0.000780199999999998
"183","ran183.hdr.32",0.0006589
"183","ran183.hdr.33",-0.000395299999999999
"183","ran183.hdr.34",0.000158699999999998
"183","ran183.hdr.35",0.000254999999999998
"183","ran183.hdr.36",-0.0012417
"183","ran183.hdr.37",-0.0026491
"183","ran183.hdr.38",-0.0000755699999999996
"183","ran183.hdr.39",-0.002171
"183","ran183.hdr.4",-0.00061467
"183","ran183.hdr.40",-0.0003823
"183","ran183.hdr.41",-0.000241100000000001
"183","ran183.hdr.42",-0.0005929
"183","ran183.hdr.43",-0.004512
"183","ran183.hdr.44",0.0000839000000000013
"183","ran183.hdr.45",-0.002897
"183","ran183.hdr.46",-0.0000697999999999983
"183","ran183.hdr.47",-0.00021661
"183","ran183.hdr.48",-0.0046402
"183","ran183.hdr.49",-0.0013645
"183","ran183.hdr.5",-0.0000888
"183","ran183.hdr.50",0.0002565
"183","ran183.hdr.51",0.000158940000000001
"183","ran183.hdr.52",-0.0000146
"183","ran183.hdr.53",-0.000313409999999999
"183","ran183.hdr.56",0.0005214
"183","ran183.hdr.57",-0.0000834000000000008
"183","ran183.hdr.58",-0.0000994599999999991
"183","ran183.hdr.59",-0.0001099
"183","ran183.hdr.6",-0.0003059
"183","ran183.hdr.60",-0.000268600000000001
"183","ran183.hdr.61",-0.012746
"183","ran183.hdr.62",0.000524999999999999
"183","ran183.hdr.63",-0.0006847
"183","ran183.hdr.64",-0.0011268
"183","ran183.hdr.65",-0.00039282
"183","ran183.hdr.66",-0.0012548
"183","ran183.hdr.67",-0.0003058
"183","ran183.hdr.68",-0.00203165
"183","ran183.hdr.69",-0.0013312
"183","ran183.hdr.7",0.00010593
"183","ran183.hdr.70",-0.0007443
"183","ran183.hdr.71",-0.000401100000000001
"183","ran183.hdr.72",-0.00073928
"183","ran183.hdr.73",-0.000333699999999999
"183","ran183.hdr.74",-0.000871399999999998
"183","ran183.hdr.75",-0.000424799999999999
"183","ran183.hdr.76",-0.0000290799999999999
"183","ran183.hdr.77",-0.0014428
"183","ran183.hdr.78",-0.00021593
"183","ran183.hdr.8",-0.000456600000000001
"183","ran183.hdr.9",-0.000825599999999999
"184","ran184.hdr.1",0.0000906999999999991
"184","ran184.hdr.10",-0.00019598
"184","ran184.hdr.11",-0.00008435
"184","ran184.hdr.12",-0.00061751
"184","ran184.hdr.13",-0.000136260000000001
"184","ran184.hdr.14",-0.000111799999999999
"184","ran184.hdr.15",-0.0016211
"184","ran184.hdr.16",0.000439499999999999
"184","ran184.hdr.17",-0.000140599999999999
"184","ran184.hdr.18",-0.0011853
"184","ran184.hdr.19",-0.0000984000000000002
"184","ran184.hdr.2",-0.0024076
"184","ran184.hdr.20",-0.000616499999999999
"184","ran184.hdr.21",-0.000163968
"184","ran184.hdr.22",-0.0003788
"184","ran184.hdr.23",-0.0004121
"184","ran184.hdr.24",-0.000576
"184","ran184.hdr.25",-0.0005678
"184","ran184.hdr.26",-0.0000410300000000001
"184","ran184.hdr.27",-0.000383960000000001
"184","ran184.hdr.28",-0.000464099999999999
"184","ran184.hdr.29",0.0000741100000000005
"184","ran184.hdr.3",-0.0000225999999999976
"184","ran184.hdr.30",-0.0000994700000000008
"184","ran184.hdr.31",-0.0001419
"184","ran184.hdr.32",-0.00069205
"184","ran184.hdr.33",-0.000777200000000002
"184","ran184.hdr.34",-0.00147931
"184","ran184.hdr.35",0.000125500000000001
"184","ran184.hdr.36",-0.00013584
"184","ran184.hdr.37",0.000156699999999999
"184","ran184.hdr.38",0.0001957
"184","ran184.hdr.39",-0.00013712
"184","ran184.hdr.4",-0.0032486
"184","ran184.hdr.40",-0.000107803
"184","ran184.hdr.41",-0.000692699999999999
"184","ran184.hdr.42",-0.0000112999999999988
"184","ran184.hdr.43",0.000947
"184","ran184.hdr.44",-0.02102894
"184","ran184.hdr.45",0.000219559999999999
"184","ran184.hdr.46",-0.000924000000000001
"184","ran184.hdr.47",-0.0034143
"184","ran184.hdr.48",-0.0025824
"184","ran184.hdr.49",-0.000551949999999999
"184","ran184.hdr.5",0.0000789059999999999
"184","ran184.hdr.50",0.00036961
"184","ran184.hdr.51",0.0000603900000000004
"184","ran184.hdr.53",0.000172299999999998
"184","ran184.hdr.54",-0.00114221
"184","ran184.hdr.55",-0.000746799999999999
"184","ran184.hdr.56",-0.0068252
"184","ran184.hdr.57",-0.0011074
"184","ran184.hdr.58",-0.000348800000000002
"184","ran184.hdr.59",-0.0001876
"184","ran184.hdr.6",-0.000392959999999999
"184","ran184.hdr.60",0.000228300000000001
"184","ran184.hdr.61",-0.000445299999999999
"184","ran184.hdr.62",-0.0004131
"184","ran184.hdr.63",-0.0005982
"184","ran184.hdr.64",-0.0096339
"184","ran184.hdr.65",-0.00006251
"184","ran184.hdr.66",-0.000267199999999999
"184","ran184.hdr.67",-0.0016208
"184","ran184.hdr.68",-0.0004019
"184","ran184.hdr.69",-0.0013792
"184","ran184.hdr.7",0.00000845800000000001
"184","ran184.hdr.70",-0.00048659
"184","ran184.hdr.71",-0.0009751
"184","ran184.hdr.72",-0.0015308
"184","ran184.hdr.73",-0.000481099999999998
"184","ran184.hdr.74",-0.000482799999999999
"184","ran184.hdr.75",-0.000126299999999999
"184","ran184.hdr.76",-0.000586100000000003
"184","ran184.hdr.77",-0.000161999999999999
"184","ran184.hdr.78",-0.00118788
"184","ran184.hdr.8",-0.00053636
"184","ran184.hdr.9",-0.00129969
"185","ran185.hdr.1",-0.0005582
"185","ran185.hdr.10",-0.0037447
"185","ran185.hdr.11",0.0000925000000000023
"185","ran185.hdr.12",-0.0006119
"185","ran185.hdr.13",0.0000803000000000002
"185","ran185.hdr.14",-0.000480399999999999
"185","ran185.hdr.15",-0.00024357
"185","ran185.hdr.16",-0.00031262
"185","ran185.hdr.17",-0.0016948
"185","ran185.hdr.18",0.0005415
"185","ran185.hdr.19",-0.00000707999999999959
"185","ran185.hdr.2",-0.000203000000000002
"185","ran185.hdr.20",-0.000807199999999999
"185","ran185.hdr.21",-0.000217070000000001
"185","ran185.hdr.22",-0.00023309
"185","ran185.hdr.23",-0.0003458
"185","ran185.hdr.24",0.0000525299999999999
"185","ran185.hdr.25",-0.0000923199999999999
"185","ran185.hdr.26",-0.0017312
"185","ran185.hdr.27",-0.000810099999999998
"185","ran185.hdr.28",-0.000155240000000001
"185","ran185.hdr.29",-0.0011074
"185","ran185.hdr.3",0.000654999999999999
"185","ran185.hdr.30",-0.0025053
"185","ran185.hdr.31",-0.0018392
"185","ran185.hdr.32",0.0000324999999999995
"185","ran185.hdr.33",-0.00013584
"185","ran185.hdr.34",-0.0009637
"185","ran185.hdr.35",-0.000617899999999998
"185","ran185.hdr.36",-0.000110499999999999
"185","ran185.hdr.37",-0.0009972
"185","ran185.hdr.38",-0.0008214
"185","ran185.hdr.39",-0.000291899999999999
"185","ran185.hdr.4",-0.000358239999999999
"185","ran185.hdr.40",-0.000707100000000002
"185","ran185.hdr.41",-0.0004983
"185","ran185.hdr.42",-0.0013244
"185","ran185.hdr.43",-0.002171
"185","ran185.hdr.44",-0.0010616
"185","ran185.hdr.45",-0.000189699999999999
"185","ran185.hdr.46",-0.0002384
"185","ran185.hdr.47",0.0001673
"185","ran185.hdr.48",-0.0028342
"185","ran185.hdr.49",-0.0022371
"185","ran185.hdr.5",-0.0004119
"185","ran185.hdr.50",-0.0020892
"185","ran185.hdr.51",0.00004863
"185","ran185.hdr.52",-0.000092715
"185","ran185.hdr.53",-0.0009494
"185","ran185.hdr.54",-0.0011727
"185","ran185.hdr.55",-0.00015901
"185","ran185.hdr.56",-0.000369599999999999
"185","ran185.hdr.57",-0.00000727000000000019
"185","ran185.hdr.58",-0.000448599999999997
"185","ran185.hdr.59",NA
"185","ran185.hdr.6",-0.0017985
"185","ran185.hdr.60",-0.000363600000000002
"185","ran185.hdr.61",0.0001358
"185","ran185.hdr.62",-0.0006961
"185","ran185.hdr.63",-0.000838799999999997
"185","ran185.hdr.64",-0.0010791
"185","ran185.hdr.65",-0.001224
"185","ran185.hdr.66",-0.0013204
"185","ran185.hdr.67",-0.000157000000000001
"185","ran185.hdr.68",-0.00203165
"185","ran185.hdr.69",-0.0018219
"185","ran185.hdr.7",-0.0019788
"185","ran185.hdr.70",-0.000525600000000001
"185","ran185.hdr.71",-0.0038792
"185","ran185.hdr.72",-0.0015308
"185","ran185.hdr.73",-0.0011354
"185","ran185.hdr.74",-0.0010465
"185","ran185.hdr.75",-0.000792599999999999
"185","ran185.hdr.76",-0.0010537
"185","ran185.hdr.77",-0.0010548
"185","ran185.hdr.78",-0.0001776
"185","ran185.hdr.8",-0.000184100000000001
"185","ran185.hdr.9",-0.0011761
"186","ran186.hdr.1",-0.000195000000000001
"186","ran186.hdr.10",-0.000507199999999999
"186","ran186.hdr.11",-0.00154022
"186","ran186.hdr.12",-0.0004828
"186","ran186.hdr.13",-0.00016992
"186","ran186.hdr.14",-0.0006374
"186","ran186.hdr.15",-0.000414400000000001
"186","ran186.hdr.16",-0.000262800000000001
"186","ran186.hdr.17",-0.0008164
"186","ran186.hdr.18",-0.0004314
"186","ran186.hdr.19",-0.0008602
"186","ran186.hdr.2",-0.0003622
"186","ran186.hdr.20",-0.000377500000000001
"186","ran186.hdr.21",-0.0035352
"186","ran186.hdr.22",-0.000158599999999998
"186","ran186.hdr.23",-0.0024928
"186","ran186.hdr.24",-0.0000786399999999996
"186","ran186.hdr.25",-0.0000777700000000004
"186","ran186.hdr.26",-0.0011926
"186","ran186.hdr.27",-0.0002538
"186","ran186.hdr.28",-0.00018809
"186","ran186.hdr.29",-0.00034709
"186","ran186.hdr.3",-0.0026949
"186","ran186.hdr.30",-0.00044134
"186","ran186.hdr.31",-0.002134
"186","ran186.hdr.32",-0.0023372
"186","ran186.hdr.33",-0.000643000000000001
"186","ran186.hdr.34",-0.0012418
"186","ran186.hdr.35",-0.00034286
"186","ran186.hdr.36",-0.000300699999999999
"186","ran186.hdr.37",-0.000830900000000002
"186","ran186.hdr.38",-0.000140850000000001
"186","ran186.hdr.39",0.0000193999999999993
"186","ran186.hdr.4",-0.0032872
"186","ran186.hdr.40",-0.0002396
"186","ran186.hdr.41",0.00002453
"186","ran186.hdr.42",-0.000419800000000001
"186","ran186.hdr.43",-0.0000784999999999987
"186","ran186.hdr.44",0.0000540300000000001
"186","ran186.hdr.45",-0.0012106
"186","ran186.hdr.46",-0.001127
"186","ran186.hdr.47",-0.00018774
"186","ran186.hdr.48",-0.0011563
"186","ran186.hdr.49",-0.0000749000000000001
"186","ran186.hdr.5",-0.00449763
"186","ran186.hdr.50",-0.0006733
"186","ran186.hdr.51",-0.000691199999999999
"186","ran186.hdr.52",0.00000739999999999942
"186","ran186.hdr.53",-0.0047786
"186","ran186.hdr.54",-0.0025824
"186","ran186.hdr.55",-0.00021607
"186","ran186.hdr.56",-0.000245800000000001
"186","ran186.hdr.57",-0.000313409999999999
"186","ran186.hdr.6",0.000559200000000003
"186","ran186.hdr.60",-0.0010605
"186","ran186.hdr.61",-0.0008541
"186","ran186.hdr.62",NA
"186","ran186.hdr.63",-0.00016
"186","ran186.hdr.64",-0.001278
"186","ran186.hdr.65",-0.0027675
"186","ran186.hdr.66",-0.000417899999999999
"186","ran186.hdr.67",-0.000112899999999999
"186","ran186.hdr.68",-0.0010769
"186","ran186.hdr.69",0.0000233799999999999
"186","ran186.hdr.7",-0.00042476
"186","ran186.hdr.70",-0.000180900000000001
"186","ran186.hdr.71",0.0003265
"186","ran186.hdr.72",-0.0011097
"186","ran186.hdr.73",-0.0013741
"186","ran186.hdr.74",0.000430199999999999
"186","ran186.hdr.75",0.00002271
"186","ran186.hdr.76",-0.00118788
"186","ran186.hdr.77",-0.0025593
"186","ran186.hdr.78",-0.000498099999999998
"186","ran186.hdr.8",-0.00033059
"186","ran186.hdr.9",-0.00018433
"187","ran187.hdr.1",-0.000115250000000001
"187","ran187.hdr.10",-0.0005444
"187","ran187.hdr.11",-0.00025442
"187","ran187.hdr.12",-0.000549999999999998
"187","ran187.hdr.13",-0.00065658
"187","ran187.hdr.14",-0.0000977999999999986
"187","ran187.hdr.15",0.000174039999999999
"187","ran187.hdr.16",-0.000881099999999999
"187","ran187.hdr.17",-0.0003257
"187","ran187.hdr.18",-0.0006205
"187","ran187.hdr.19",-0.000646799999999999
"187","ran187.hdr.2",-0.0010315
"187","ran187.hdr.20",-0.000454400000000001
"187","ran187.hdr.21",-0.0003254
"187","ran187.hdr.22",-0.000433899999999997
"187","ran187.hdr.23",-0.0084394
"187","ran187.hdr.24",-0.0004364
"187","ran187.hdr.25",-0.0004121
"187","ran187.hdr.26",0.000147099999999999
"187","ran187.hdr.27",0.0000115799999999989
"187","ran187.hdr.28",-0.0000683000000000003
"187","ran187.hdr.29",-0.01715588
"187","ran187.hdr.3",-0.00000570800000000001
"187","ran187.hdr.30",-0.000823900000000002
"187","ran187.hdr.31",-0.000166300000000001
"187","ran187.hdr.32",-0.0001022
"187","ran187.hdr.33",-0.00027737
"187","ran187.hdr.34",-0.0008168
"187","ran187.hdr.35",-0.000392100000000001
"187","ran187.hdr.36",-0.002021
"187","ran187.hdr.37",-0.0013356
"187","ran187.hdr.38",-0.0021188
"187","ran187.hdr.39",0.000208709999999999
"187","ran187.hdr.4",-0.000530839999999999
"187","ran187.hdr.40",-0.0008214
"187","ran187.hdr.41",-0.000306899999999999
"187","ran187.hdr.42",-0.0010616
"187","ran187.hdr.43",-0.00034679
"187","ran187.hdr.44",-0.0003362
"187","ran187.hdr.45",-0.0002384
"187","ran187.hdr.46",-0.000733699999999999
"187","ran187.hdr.47",-0.000261299999999999
"187","ran187.hdr.48",-0.0010611
"187","ran187.hdr.49",-0.0010777
"187","ran187.hdr.5",-0.0027813
"187","ran187.hdr.50",0.000207200000000001
"187","ran187.hdr.51",-0.0002202
"187","ran187.hdr.52",0.0000937999999999998
"187","ran187.hdr.53",-0.00031891
"187","ran187.hdr.54",-0.0002815
"187","ran187.hdr.55",-0.00017852
"187","ran187.hdr.56",-0.0000788000000000004
"187","ran187.hdr.57",-0.0015112
"187","ran187.hdr.58",0.000003000000000003
"187","ran187.hdr.59",-0.01078825
"187","ran187.hdr.6",0.00015914
"187","ran187.hdr.60",-0.0021629
"187","ran187.hdr.61",-0.00000239999999999962
"187","ran187.hdr.62",-0.0029365
"187","ran187.hdr.63",0.000206099999999999
"187","ran187.hdr.64",-0.000420499999999999
"187","ran187.hdr.65",-0.0013204
"187","ran187.hdr.66",0.00058147
"187","ran187.hdr.67",-0.0008821
"187","ran187.hdr.68",-0.0021688
"187","ran187.hdr.69",-0.0007215
"187","ran187.hdr.7",-0.0007992
"187","ran187.hdr.70",-0.0013312
"187","ran187.hdr.71",-0.00124621
"187","ran187.hdr.72",-0.000454899999999998
"187","ran187.hdr.73",-0.000559999999999998
"187","ran187.hdr.74",-0.000579
"187","ran187.hdr.75",-0.0008746
"187","ran187.hdr.76",-0.00033557
"187","ran187.hdr.77",-0.000580499999999999
"187","ran187.hdr.78",-0.0018985
"187","ran187.hdr.8",0.000559200000000003
"187","ran187.hdr.9",0.000186599999999999
"188","ran188.hdr.1",-0.0026949
"188","ran188.hdr.10",-0.00066134
"188","ran188.hdr.11",-0.0000976999999999992
"188","ran188.hdr.12",0.00049862
"188","ran188.hdr.13",-0.000409099999999999
"188","ran188.hdr.14",-0.0007074
"188","ran188.hdr.15",-0.0001083
"188","ran188.hdr.16",-0.000518899999999999
"188","ran188.hdr.17",-0.00005407
"188","ran188.hdr.18",-0.000759340000000001
"188","ran188.hdr.19",-0.000576
"188","ran188.hdr.2",-0.000345949999999999
"188","ran188.hdr.20",-0.00175568
"188","ran188.hdr.21",-0.00025349
"188","ran188.hdr.22",-0.0044356
"188","ran188.hdr.23",-0.0013637
"188","ran188.hdr.24",-0.001081
"188","ran188.hdr.25",-0.0023193
"188","ran188.hdr.26",-0.000844900000000001
"188","ran188.hdr.27",-0.0013224
"188","ran188.hdr.28",0.00011464
"188","ran188.hdr.29",-0.0011052
"188","ran188.hdr.3",0.000174899999999999
"188","ran188.hdr.30",-0.0015552
"188","ran188.hdr.31",-0.0005789
"188","ran188.hdr.32",-0.000307
"188","ran188.hdr.33",-0.0004022
"188","ran188.hdr.34",0.0003309
"188","ran188.hdr.35",-0.000643399999999999
"188","ran188.hdr.36",-0.0005404
"188","ran188.hdr.37",-0.0001145
"188","ran188.hdr.38",0.0001933
"188","ran188.hdr.39",-0.0011563
"188","ran188.hdr.4",-0.000373100000000001
"188","ran188.hdr.40",-0.000404300000000002
"188","ran188.hdr.41",-0.0003908
"188","ran188.hdr.42",-0.0010055
"188","ran188.hdr.43",-0.0005872
"188","ran188.hdr.44",-0.00029094
"188","ran188.hdr.45",-0.0014392
"188","ran188.hdr.46",-0.00010923
"188","ran188.hdr.47",0.000509560000000001
"188","ran188.hdr.48",-0.00017588
"188","ran188.hdr.49",-0.000381660000000001
"188","ran188.hdr.5",-0.00012473
"188","ran188.hdr.50",-0.0002815
"188","ran188.hdr.51",0.0000485199999999998
"188","ran188.hdr.52",-0.0000923
"188","ran188.hdr.53",-0.000137
"188","ran188.hdr.54",-0.00095777
"188","ran188.hdr.55",-0.0004576
"188","ran188.hdr.56",-0.0012684
"188","ran188.hdr.57",-0.000811599999999999
"188","ran188.hdr.58",-0.001222
"188","ran188.hdr.59",0.0000100400000000002
"188","ran188.hdr.6",-0.000617699999999999
"188","ran188.hdr.60",-0.00024239
"188","ran188.hdr.61",-0.0013718
"188","ran188.hdr.62",0.0000120000000000016
"188","ran188.hdr.63",0.0002951
"188","ran188.hdr.64",-0.0013776
"188","ran188.hdr.65",-0.0014307
"188","ran188.hdr.66",-0.0010621
"188","ran188.hdr.67",-0.000794200000000002
"188","ran188.hdr.68",-0.000839700000000002
"188","ran188.hdr.69",-0.00740309
"188","ran188.hdr.7",-0.0034598
"188","ran188.hdr.70",-0.000387999999999999
"188","ran188.hdr.71",-0.002342
"188","ran188.hdr.72",-0.000276200000000001
"188","ran188.hdr.73",-0.000161699999999999
"188","ran188.hdr.74",-0.000586100000000003
"188","ran188.hdr.75",-0.000818700000000002
"188","ran188.hdr.76",-0.0007951
"188","ran188.hdr.77",-0.000607819999999999
"188","ran188.hdr.78",-0.000314699999999999
"188","ran188.hdr.8",-0.0000910199999999998
"188","ran188.hdr.9",0.0002167
"189","ran189.hdr.1",-0.000166100000000002
"189","ran189.hdr.10",-0.0000177799999999985
"189","ran189.hdr.11",-0.000701999999999999
"189","ran189.hdr.12",-0.00136073
"189","ran189.hdr.13",0.0003695
"189","ran189.hdr.14",-0.0000863299999999999
"189","ran189.hdr.15",0.000550600000000002
"189","ran189.hdr.16",-0.0002249
"189","ran189.hdr.17",0.000219400000000002
"189","ran189.hdr.18",0.000034300000000001
"189","ran189.hdr.19",-0.0039813
"189","ran189.hdr.2",-0.0000253999999999983
"189","ran189.hdr.20",-0.0016862
"189","ran189.hdr.21",-0.0015342
"189","ran189.hdr.22",-0.0013895
"189","ran189.hdr.23",-0.0026503
"189","ran189.hdr.24",-0.000418709999999999
"189","ran189.hdr.25",-0.00026931
"189","ran189.hdr.26",-0.00028639
"189","ran189.hdr.27",-0.000376700000000001
"189","ran189.hdr.28",-0.00018809
"189","ran189.hdr.29",-0.00081971
"189","ran189.hdr.3",-0.0109775
"189","ran189.hdr.30",0.00016081
"189","ran189.hdr.31",-0.00031339
"189","ran189.hdr.32",-0.0001554
"189","ran189.hdr.33",0.0006037
"189","ran189.hdr.34",-0.000709920000000001
"189","ran189.hdr.35",-0.00019717
"189","ran189.hdr.36",-0.000287379999999999
"189","ran189.hdr.37",-0.0005509
"189","ran189.hdr.38",-0.00026302
"189","ran189.hdr.39",-0.0001264
"189","ran189.hdr.4",-0.0051096
"189","ran189.hdr.40",-0.0014594
"189","ran189.hdr.41",-0.0002126
"189","ran189.hdr.42",-0.000735400000000001
"189","ran189.hdr.43",-0.0098876
"189","ran189.hdr.44",-0.000336299999999999
"189","ran189.hdr.45",-0.00270844
"189","ran189.hdr.46",-0.000375
"189","ran189.hdr.47",-0.0001172
"189","ran189.hdr.48",-0.00011554
"189","ran189.hdr.49",-0.0013817
"189","ran189.hdr.5",-0.00042476
"189","ran189.hdr.50",-0.000268079999999999
"189","ran189.hdr.54",-0.0005941
"189","ran189.hdr.55",-0.0000972000000000004
"189","ran189.hdr.56",0.000187600000000003
"189","ran189.hdr.57",-0.0015743
"189","ran189.hdr.58",0.00033137
"189","ran189.hdr.59",-0.0012548
"189","ran189.hdr.6",0.00000320000000000008
"189","ran189.hdr.60",-0.000480599999999998
"189","ran189.hdr.61",-0.000792399999999999
"189","ran189.hdr.62",-0.000681889999999999
"189","ran189.hdr.63",0.000265999999999999
"189","ran189.hdr.64",-0.0000374500000000014
"189","ran189.hdr.65",-0.0004049
"189","ran189.hdr.66",-0.000293000000000002
"189","ran189.hdr.67",-0.000698500000000001
"189","ran189.hdr.68",NA
"189","ran189.hdr.69",0.00002271
"189","ran189.hdr.7",-0.00018325
"189","ran189.hdr.70",-0.000586100000000003
"189","ran189.hdr.71",-0.000534900000000001
"189","ran189.hdr.72",-0.0027169
"189","ran189.hdr.73",-0.0012827
"189","ran189.hdr.74",-0.0002454
"189","ran189.hdr.75",-0.0013547
"189","ran189.hdr.76",-0.0010666
"189","ran189.hdr.77",-0.0005602
"189","ran189.hdr.78",-0.000678990000000001
"189","ran189.hdr.8",-0.000315299999999999
"189","ran189.hdr.9",-0.000458999999999999
"190","ran190.hdr.1",-0.000778299999999999
"190","ran190.hdr.10",0.00010552
"190","ran190.hdr.11",-0.0003958
"190","ran190.hdr.12",-0.000808199999999999
"190","ran190.hdr.13",-0.0000844999999999995
"190","ran190.hdr.14",0.000101899999999999
"190","ran190.hdr.15",-0.000527999999999999
"190","ran190.hdr.16",-0.000452899999999999
"190","ran190.hdr.17",-0.0001574
"190","ran190.hdr.18",-0.0009639
"190","ran190.hdr.19",-0.00072844
"190","ran190.hdr.2",-0.0004437
"190","ran190.hdr.20",-0.00252268
"190","ran190.hdr.21",-0.000533099999999998
"190","ran190.hdr.22",-0.000611500000000001
"190","ran190.hdr.23",0.0001411
"190","ran190.hdr.24",-0.00032336
"190","ran190.hdr.25",-0.0002991
"190","ran190.hdr.26",0.0000487999999999999
"190","ran190.hdr.27",-0.00055319
"190","ran190.hdr.28",-0.001167
"190","ran190.hdr.29",-0.0000683100000000002
"190","ran190.hdr.3",-0.0020795
"190","ran190.hdr.30",0.0009438
"190","ran190.hdr.31",-0.000347699999999999
"190","ran190.hdr.32",-0.0025053
"190","ran190.hdr.33",-0.00087039
"190","ran190.hdr.34",-0.000171499999999998
"190","ran190.hdr.35",-0.0023487
"190","ran190.hdr.36",-0.000548
"190","ran190.hdr.37",0.0004151
"190","ran190.hdr.38",-0.000883700000000001
"190","ran190.hdr.39",-0.00045297
"190","ran190.hdr.4",-0.000831800000000001
"190","ran190.hdr.40",-0.000613500000000001
"190","ran190.hdr.41",-0.0007116
"190","ran190.hdr.42",-0.0001543
"190","ran190.hdr.43",-0.000390949999999999
"190","ran190.hdr.44",-0.000617899999999998
"190","ran190.hdr.45",0.0000105999999999995
"190","ran190.hdr.46",-0.001127
"190","ran190.hdr.47",-0.0004983
"190","ran190.hdr.48",-0.00065478
"190","ran190.hdr.49",-0.0012558
"190","ran190.hdr.5",NA
"190","ran190.hdr.50",-0.0011035
"190","ran190.hdr.51",0.00042818
"190","ran190.hdr.52",-0.000693600000000001
"190","ran190.hdr.53",-0.000325299999999997
"190","ran190.hdr.54",-0.0015836
"190","ran190.hdr.55",-0.00032122
"190","ran190.hdr.56",-0.0000330999999999994
"190","ran190.hdr.57",-0.0001382
"190","ran190.hdr.58",-0.000299799999999999
"190","ran190.hdr.59",-0.0090738
"190","ran190.hdr.6",-0.0051698
"190","ran190.hdr.60",-0.0034143
"190","ran190.hdr.61",-0.000270000000000001
"190","ran190.hdr.62",-0.00010805
"190","ran190.hdr.63",-0.000268099999999999
"190","ran190.hdr.64",0.00008457
"190","ran190.hdr.65",-0.000362299999999999
"190","ran190.hdr.66",-0.0010844
"190","ran190.hdr.68",-0.000102700000000001
"190","ran190.hdr.69",0.000210399999999999
"190","ran190.hdr.7",-0.000385699999999999
"190","ran190.hdr.70",-0.000811599999999999
"190","ran190.hdr.71",-0.011466
"190","ran190.hdr.72",0.0000107000000000006
"190","ran190.hdr.73",-0.000306000000000001
"190","ran190.hdr.74",0.000285500000000001
"190","ran190.hdr.75",-0.000404369999999999
"190","ran190.hdr.76",-0.00021431
"190","ran190.hdr.77",-0.0018724
"190","ran190.hdr.78",-0.00057689
"190","ran190.hdr.8",-0.00031262
"190","ran190.hdr.9",-0.00021846
"191","ran191.hdr.1",-0.0002161
"191","ran191.hdr.10",0.000234499999999999
"191","ran191.hdr.11",-0.000309469999999999
"191","ran191.hdr.12",-0.000434500000000001
"191","ran191.hdr.13",-0.0003155
"191","ran191.hdr.14",-0.000807199999999999
"191","ran191.hdr.15",-0.0000210000000000002
"191","ran191.hdr.16",-0.000239100000000003
"191","ran191.hdr.17",-0.0000844999999999995
"191","ran191.hdr.18",-0.000954400000000001
"191","ran191.hdr.19",-0.001162
"191","ran191.hdr.2",-0.000310999999999999
"191","ran191.hdr.20",-0.00014962
"191","ran191.hdr.21",0.000257
"191","ran191.hdr.22",-0.0004066
"191","ran191.hdr.23",-0.000130699999999999
"191","ran191.hdr.24",-0.0004889
"191","ran191.hdr.25",-0.0005666
"191","ran191.hdr.26",0.00003841
"191","ran191.hdr.27",0.0001034
"191","ran191.hdr.28",-0.0000777700000000004
"191","ran191.hdr.29",-0.0113291
"191","ran191.hdr.3",0.0003348
"191","ran191.hdr.30",-0.000429799999999999
"191","ran191.hdr.31",-0.0005678
"191","ran191.hdr.32",-0.00084943
"191","ran191.hdr.33",-0.0000985000000000014
"191","ran191.hdr.34",-0.00010709
"191","ran191.hdr.35",-0.000243760000000001
"191","ran191.hdr.36",0.00031847
"191","ran191.hdr.37",0.0000702000000000012
"191","ran191.hdr.38",-0.0023193
"191","ran191.hdr.39",-0.0005558
"191","ran191.hdr.4",-0.0027813
"191","ran191.hdr.40",-0.0001545
"191","ran191.hdr.41",0.000384519999999999
"191","ran191.hdr.42",-0.000040479999999999
"191","ran191.hdr.43",-0.0015552
"191","ran191.hdr.44",0.0001796
"191","ran191.hdr.45",-0.0012106
"191","ran191.hdr.46",-0.0022371
"191","ran191.hdr.47",-0.00119342
"191","ran191.hdr.48",-0.0002693
"191","ran191.hdr.49",-0.000315939999999999
"191","ran191.hdr.5",-0.000160850000000001
"191","ran191.hdr.50",-0.000971
"191","ran191.hdr.51",-0.0011708
"191","ran191.hdr.52",0.0000281999999999999
"191","ran191.hdr.53",NA
"191","ran191.hdr.54",-0.00022118
"191","ran191.hdr.57",-0.000392199999999999
"191","ran191.hdr.58",-0.0000788000000000004
"191","ran191.hdr.59",-0.0000146999999999994
"191","ran191.hdr.6",-0.0039147
"191","ran191.hdr.60",-0.0010508
"191","ran191.hdr.61",-0.0017637
"191","ran191.hdr.62",-0.00039517
"191","ran191.hdr.63",-0.012746
"191","ran191.hdr.64",-0.00973581
"191","ran191.hdr.65",-0.0004568
"191","ran191.hdr.66",0.0000151999999999999
"191","ran191.hdr.67",-0.0000222999999999994
"191","ran191.hdr.68",-0.0009932
"191","ran191.hdr.69",-0.00093906
"191","ran191.hdr.7",-0.0002272
"191","ran191.hdr.70",-0.000871300000000002
"191","ran191.hdr.71",-0.0000157000000000004
"191","ran191.hdr.72",-0.0003706
"191","ran191.hdr.73",-0.0012827
"191","ran191.hdr.74",-0.000299900000000001
"191","ran191.hdr.75",-0.000766199999999998
"191","ran191.hdr.76",-0.00062796
"191","ran191.hdr.77",-0.0017455
"191","ran191.hdr.78",-0.0003198
"191","ran191.hdr.8",-0.0010609
"191","ran191.hdr.9",-0.000422980000000001
"192","ran192.hdr.1",-0.0013435
"192","ran192.hdr.10",-0.0031124
"192","ran192.hdr.11",-0.0000556999999999988
"192","ran192.hdr.12",0.00027519
"192","ran192.hdr.13",-0.0011382
"192","ran192.hdr.14",-0.0010879
"192","ran192.hdr.15",-0.000399699999999999
"192","ran192.hdr.16",-0.00038553
"192","ran192.hdr.17",-0.0001224
"192","ran192.hdr.18",0.000257
"192","ran192.hdr.19",-0.000416400000000001
"192","ran192.hdr.2",-0.000214900000000001
"192","ran192.hdr.20",-0.000527999999999999
"192","ran192.hdr.21",-0.0000559699999999998
"192","ran192.hdr.22",-0.000473100000000001
"192","ran192.hdr.23",-0.0017649
"192","ran192.hdr.24",-0.0006205
"192","ran192.hdr.25",-0.0011619
"192","ran192.hdr.26",-0.00086432
"192","ran192.hdr.27",-0.0000985999999999973
"192","ran192.hdr.28",-0.00019286
"192","ran192.hdr.29",-0.000898699999999999
"192","ran192.hdr.3",-0.0000461999999999997
"192","ran192.hdr.30",-0.0006335
"192","ran192.hdr.31",-0.00023903
"192","ran192.hdr.32",-0.0005877
"192","ran192.hdr.33",-0.000784
"192","ran192.hdr.34",-0.00198339
"192","ran192.hdr.35",-0.0042481
"192","ran192.hdr.36",-0.0004601
"192","ran192.hdr.37",0.000228300000000001
"192","ran192.hdr.38",-0.000195400000000002
"192","ran192.hdr.39",-0.00020333
"192","ran192.hdr.4",-0.000849200000000001
"192","ran192.hdr.40",-0.000394099999999998
"192","ran192.hdr.41",-0.0001828
"192","ran192.hdr.42",-0.0000268999999999998
"192","ran192.hdr.43",-0.0007461
"192","ran192.hdr.44",-0.000104
"192","ran192.hdr.45",-0.0009972
"192","ran192.hdr.46",-0.0014925
"192","ran192.hdr.47",-0.000644400000000002
"192","ran192.hdr.48",0.00061882
"192","ran192.hdr.49",-0.000693600000000001
"192","ran192.hdr.5",-0.000621999999999998
"192","ran192.hdr.50",-0.000437399999999998
"192","ran192.hdr.51",-0.00026709
"192","ran192.hdr.52",-0.000294639999999999
"192","ran192.hdr.53",-0.00021661
"192","ran192.hdr.54",NA
"192","ran192.hdr.55",-0.000643990000000001
"192","ran192.hdr.56",-0.000175950000000001
"192","ran192.hdr.57",-0.00013051
"192","ran192.hdr.58",-0.0003833
"192","ran192.hdr.6",-0.0008068
"192","ran192.hdr.60",-0.0000834000000000008
"192","ran192.hdr.61",0.000049829999999999
"192","ran192.hdr.62",-0.0003757
"192","ran192.hdr.63",-0.0006637
"192","ran192.hdr.64",-0.0012684
"192","ran192.hdr.65",-0.000534000000000001
"192","ran192.hdr.66",-0.0000161999999999992
"192","ran192.hdr.67",-0.0011376
"192","ran192.hdr.68",0.0002459
"192","ran192.hdr.69",-0.0011658
"192","ran192.hdr.7",-0.000232639999999999
"192","ran192.hdr.70",-0.0008821
"192","ran192.hdr.71",-0.000589600000000003
"192","ran192.hdr.72",-0.000819
"192","ran192.hdr.73",-0.0006002
"192","ran192.hdr.74",-0.0002688
"192","ran192.hdr.75",-0.00050556
"192","ran192.hdr.76",-0.0022866
"192","ran192.hdr.77",-0.0064447
"192","ran192.hdr.78",-0.000153199999999999
"192","ran192.hdr.8",-0.000233200000000003
"192","ran192.hdr.9",-0.01685291
"193","ran193.hdr.1",-0.000203000000000002
"193","ran193.hdr.10",-0.0006119
"193","ran193.hdr.11",-0.000374649999999999
"193","ran193.hdr.12",-0.00038213
"193","ran193.hdr.13",-0.000721199999999998
"193","ran193.hdr.14",-0.00053636
"193","ran193.hdr.15",-0.0002828
"193","ran193.hdr.16",-0.000413510000000001
"193","ran193.hdr.17",-0.0000977999999999986
"193","ran193.hdr.18",-0.0019612
"193","ran193.hdr.19",-0.000779799999999999
"193","ran193.hdr.2",-0.0000914000000000002
"193","ran193.hdr.20",-0.0002775
"193","ran193.hdr.21",-0.0015418
"193","ran193.hdr.22",-0.0000295899999999999
"193","ran193.hdr.23",-0.0011003
"193","ran193.hdr.24",-0.0035352
"193","ran193.hdr.25",-0.0005906
"193","ran193.hdr.26",-0.000390400000000001
"193","ran193.hdr.27",-0.002999
"193","ran193.hdr.28",-0.000890400000000001
"193","ran193.hdr.29",-0.00053928
"193","ran193.hdr.3",-0.0000461999999999997
"193","ran193.hdr.30",-0.00035699
"193","ran193.hdr.31",-0.00009449
"193","ran193.hdr.32",-0.000243760000000001
"193","ran193.hdr.33",-0.0002091
"193","ran193.hdr.34",-0.0001764
"193","ran193.hdr.35",-0.00035023
"193","ran193.hdr.36",-0.000292799999999999
"193","ran193.hdr.37",-0.0018846
"193","ran193.hdr.38",0.000649
"193","ran193.hdr.39",-0.000709920000000001
"193","ran193.hdr.4",-0.000833500000000001
"193","ran193.hdr.40",-0.0024831
"193","ran193.hdr.41",-0.0036419
"193","ran193.hdr.42",-0.000803359999999999
"193","ran193.hdr.43",-0.0012202
"193","ran193.hdr.44",-0.0007116
"193","ran193.hdr.45",-0.000487100000000001
"193","ran193.hdr.46",-0.000390949999999999
"193","ran193.hdr.47",-0.00035637
"193","ran193.hdr.48",-0.0008214
"193","ran193.hdr.49",-0.0000485800000000003
"193","ran193.hdr.5",-0.0023191
"193","ran193.hdr.50",-0.0013738
"193","ran193.hdr.51",-0.000717699999999998
"193","ran193.hdr.52",-0.0000446000000000005
"193","ran193.hdr.53",-0.000988299999999998
"193","ran193.hdr.54",-0.000576500000000001
"193","ran193.hdr.55",0.0000681499999999995
"193","ran193.hdr.56",-0.000670899999999999
"193","ran193.hdr.57",-0.00074359
"193","ran193.hdr.58",-0.0023439
"193","ran193.hdr.59",-0.000991599999999999
"193","ran193.hdr.6",-0.00120107
"193","ran193.hdr.60",0.000169599999999999
"193","ran193.hdr.61",0.000133553
"193","ran193.hdr.62",-0.0011511
"193","ran193.hdr.64",-0.0017637
"193","ran193.hdr.65",-0.0019575
"193","ran193.hdr.66",-0.0068252
"193","ran193.hdr.67",-0.0053595
"193","ran193.hdr.68",0.000010099999999999
"193","ran193.hdr.69",-0.0005272
"193","ran193.hdr.7",-0.00014336
"193","ran193.hdr.70",-0.0003493
"193","ran193.hdr.71",-0.000535300000000002
"193","ran193.hdr.72",-0.00083164
"193","ran193.hdr.73",-0.0030263
"193","ran193.hdr.74",-0.0023484
"193","ran193.hdr.75",-0.0032753
"193","ran193.hdr.76",-0.000548699999999999
"193","ran193.hdr.77",-0.000103489999999999
"193","ran193.hdr.78",0.0003423
"193","ran193.hdr.8",-0.0000411000000000005
"193","ran193.hdr.9",0.00016477
"194","ran194.hdr.1",-0.000740699999999999
"194","ran194.hdr.10",-0.00029546
"194","ran194.hdr.11",-0.000032131
"194","ran194.hdr.12",-0.0000557999999999999
"194","ran194.hdr.13",-0.00013863
"194","ran194.hdr.14",-0.0000204900000000002
"194","ran194.hdr.15",-0.000446700000000001
"194","ran194.hdr.16",-0.00029621
"194","ran194.hdr.17",-0.000713499999999999
"194","ran194.hdr.18",-0.0000854700000000007
"194","ran194.hdr.19",-0.000431160000000002
"194","ran194.hdr.2",0.00020125
"194","ran194.hdr.20",-0.0032234
"194","ran194.hdr.21",-0.000779799999999999
"194","ran194.hdr.22",-0.000651099999999998
"194","ran194.hdr.23",-0.0017655
"194","ran194.hdr.24",-0.0001083
"194","ran194.hdr.25",-0.0002906
"194","ran194.hdr.26",-0.0004445
"194","ran194.hdr.27",-0.0004995
"194","ran194.hdr.28",-0.0007861
"194","ran194.hdr.29",-0.0025725
"194","ran194.hdr.3",-0.0012446
"194","ran194.hdr.30",-0.0000479699999999996
"194","ran194.hdr.31",0.000261600000000001
"194","ran194.hdr.32",-0.000831499999999999
"194","ran194.hdr.33",0.0000443000000000006
"194","ran194.hdr.34",-0.000332000000000001
"194","ran194.hdr.35",NA
"194","ran194.hdr.36",-0.00014642
"194","ran194.hdr.37",-0.00112666
"194","ran194.hdr.38",-0.0030178
"194","ran194.hdr.39",-0.0010202
"194","ran194.hdr.4",-0.0025737
"194","ran194.hdr.40",-0.000218300000000001
"194","ran194.hdr.41",-0.0000750999999999981
"194","ran194.hdr.42",-0.000982800000000002
"194","ran194.hdr.43",-0.000576500000000001
"194","ran194.hdr.44",-0.0015836
"194","ran194.hdr.45",-0.0002678
"194","ran194.hdr.46",-0.00000839599999999998
"194","ran194.hdr.47",-0.000584899999999999
"194","ran194.hdr.48",-0.000569500000000001
"194","ran194.hdr.49",-0.000248099999999999
"194","ran194.hdr.5",-0.00449763
"194","ran194.hdr.50",-0.0001315
"194","ran194.hdr.53",-0.000141199999999999
"194","ran194.hdr.54",-0.000162300000000001
"194","ran194.hdr.55",-0.000934999999999998
"194","ran194.hdr.56",-0.000967699999999998
"194","ran194.hdr.57",-0.000262800000000001
"194","ran194.hdr.58",-0.000425699999999999
"194","ran194.hdr.59",-0.0007899
"194","ran194.hdr.6",-0.000443959999999998
"194","ran194.hdr.60",-0.000473900000000001
"194","ran194.hdr.61",-0.0011067
"194","ran194.hdr.62",-0.0001548
"194","ran194.hdr.63",-0.0025664
"194","ran194.hdr.64",-0.0011783
"194","ran194.hdr.65",0.000206099999999999
"194","ran194.hdr.66",-0.00040548
"194","ran194.hdr.67",-0.00056939
"194","ran194.hdr.68",-0.0028229
"194","ran194.hdr.69",-0.0035232
"194","ran194.hdr.7",-0.0043162
"194","ran194.hdr.70",-0.0000400999999999995
"194","ran194.hdr.71",-0.0010284
"194","ran194.hdr.72",-0.000964700000000002
"194","ran194.hdr.73",-0.0007592
"194","ran194.hdr.74",-0.000039273
"194","ran194.hdr.75",-0.0018724
"194","ran194.hdr.76",-0.0008746
"194","ran194.hdr.77",-0.000630200000000001
"194","ran194.hdr.78",-0.000535300000000002
"194","ran194.hdr.8",-0.0003134
"194","ran194.hdr.9",-0.00014336
"195","ran195.hdr.1",-0.0032872
"195","ran195.hdr.10",-0.000315299999999999
"195","ran195.hdr.11",-0.00030618
"195","ran195.hdr.12",-0.00012599
"195","ran195.hdr.13",-0.0000977999999999986
"195","ran195.hdr.14",-0.00026025
"195","ran195.hdr.15",-0.0010992
"195","ran195.hdr.16",-0.000935750000000001
"195","ran195.hdr.17",-0.0001019
"195","ran195.hdr.18",-0.0008974
"195","ran195.hdr.19",0.0000146999999999994
"195","ran195.hdr.2",-0.000077743
"195","ran195.hdr.20",0.000247599999999997
"195","ran195.hdr.21",-0.000287399999999998
"195","ran195.hdr.22",-0.0012188
"195","ran195.hdr.23",-0.00035428
"195","ran195.hdr.24",-0.0005322
"195","ran195.hdr.25",-0.000288800000000001
"195","ran195.hdr.26",-0.0026503
"195","ran195.hdr.27",0.000158100000000001
"195","ran195.hdr.28",-0.000347700000000001
"195","ran195.hdr.29",-0.0113291
"195","ran195.hdr.3",-0.00041678
"195","ran195.hdr.30",-0.0025984
"195","ran195.hdr.31",-0.0000814000000000006
"195","ran195.hdr.32",-0.0002773
"195","ran195.hdr.33",-0.00035699
"195","ran195.hdr.34",0.0000982699999999993
"195","ran195.hdr.35",-0.0003193
"195","ran195.hdr.36",-0.00000106999999999972
"195","ran195.hdr.37",0.000850900000000002
"195","ran195.hdr.38",-0.0003207
"195","ran195.hdr.39",-0.0005219
"195","ran195.hdr.4",-0.0000119299999999994
"195","ran195.hdr.40",-0.000409099999999999
"195","ran195.hdr.41",-0.000468900000000001
"195","ran195.hdr.42",0.000381299999999999
"195","ran195.hdr.43",0.000207600000000002
"195","ran195.hdr.44",-0.0037192
"195","ran195.hdr.45",-0.0010202
"195","ran195.hdr.46",-0.000216600000000001
"195","ran195.hdr.47",-0.000846200000000002
"195","ran195.hdr.48",0.000542899999999999
"195","ran195.hdr.49",0.000295299999999998
"195","ran195.hdr.5",-0.000511400000000002
"195","ran195.hdr.50",-0.0022371
"195","ran195.hdr.51",-0.000133000000000001
"195","ran195.hdr.52",-0.000435700000000001
"195","ran195.hdr.53",-0.00027166
"195","ran195.hdr.54",-0.0015158
"195","ran195.hdr.55",-0.0000151600000000002
"195","ran195.hdr.56",-0.000238039999999999
"195","ran195.hdr.57",-0.000456100000000001
"195","ran195.hdr.58",-0.0010822
"195","ran195.hdr.59",-0.0040008
"195","ran195.hdr.6",-0.0000876000000000002
"195","ran195.hdr.60",-0.0000501999999999994
"195","ran195.hdr.62",-0.0034825
"195","ran195.hdr.63",-0.0015428
"195","ran195.hdr.64",-0.0051112
"195","ran195.hdr.65",-0.011466
"195","ran195.hdr.66",0.0000100400000000002
"195","ran195.hdr.67",-0.000556319999999999
"195","ran195.hdr.68",-0.0000438000000000001
"195","ran195.hdr.69",-0.0001288
"195","ran195.hdr.7",-0.0056027
"195","ran195.hdr.70",-0.0010749
"195","ran195.hdr.71",-0.000320829999999999
"195","ran195.hdr.72",-0.000839700000000002
"195","ran195.hdr.73",-0.000093939999999999
"195","ran195.hdr.74",-0.000698500000000001
"195","ran195.hdr.75",-0.0001492
"195","ran195.hdr.76",0.00030567
"195","ran195.hdr.77",-0.0014426
"195","ran195.hdr.78",-0.000802599999999999
"195","ran195.hdr.8",-0.0054452
"195","ran195.hdr.9",0.00011623
"196","ran196.hdr.1",-0.000591300000000003
"196","ran196.hdr.10",-0.000374649999999999
"196","ran196.hdr.11",-0.00058509
"196","ran196.hdr.12",-0.000675400000000003
"196","ran196.hdr.13",-0.00036672
"196","ran196.hdr.14",-0.00026025
"196","ran196.hdr.15",0.0000756199999999998
"196","ran196.hdr.16",-0.000581499999999999
"196","ran196.hdr.17",-0.0017045
"196","ran196.hdr.18",-0.00032068
"196","ran196.hdr.19",-0.000158599999999998
"196","ran196.hdr.2",-0.0019788
"196","ran196.hdr.20",-0.000345199999999997
"196","ran196.hdr.21",-0.0045505
"196","ran196.hdr.22",-0.00026931
"196","ran196.hdr.23",-0.00029545
"196","ran196.hdr.24",-0.00130484
"196","ran196.hdr.25",-0.0002538
"196","ran196.hdr.26",-0.001167
"196","ran196.hdr.27",-0.000149719999999999
"196","ran196.hdr.28",0.000205500000000001
"196","ran196.hdr.29",-0.000119399999999999
"196","ran196.hdr.3",-0.0000643999999999992
"196","ran196.hdr.30",-0.0011573
"196","ran196.hdr.31",-0.000962000000000001
"196","ran196.hdr.32",-0.000803359999999999
"196","ran196.hdr.33",0.0000702000000000012
"196","ran196.hdr.34",-0.0004601
"196","ran196.hdr.35",-0.0012339
"196","ran196.hdr.36",-0.0005964
"196","ran196.hdr.37",-0.0002132
"196","ran196.hdr.38",-0.000735400000000001
"196","ran196.hdr.39",-0.0011337
"196","ran196.hdr.4",-0.000077743
"196","ran196.hdr.40",0.0000833999999999991
"196","ran196.hdr.41",-0.0011173
"196","ran196.hdr.42",-0.0025824
"196","ran196.hdr.43",-0.000212240000000001
"196","ran196.hdr.44",0.00029457
"196","ran196.hdr.45",-0.00022462
"196","ran196.hdr.46",0.00000257936
"196","ran196.hdr.47",-0.000381660000000001
"196","ran196.hdr.48",-0.000421599999999999
"196","ran196.hdr.49",0.0000982199999999996
"196","ran196.hdr.5",-0.0049685
"196","ran196.hdr.50",-0.00025195
"196","ran196.hdr.51",-0.000118309
"196","ran196.hdr.52",-0.0010844
"196","ran196.hdr.53",-0.0000146999999999994
"196","ran196.hdr.54",-0.00017959
"196","ran196.hdr.55",-0.000455400000000002
"196","ran196.hdr.56",-0.000728699999999999
"196","ran196.hdr.57",-0.000115399999999998
"196","ran196.hdr.58",-0.000746799999999999
"196","ran196.hdr.59",-0.000556319999999999
"196","ran196.hdr.6",-0.0041351
"196","ran196.hdr.60",-0.00056939
"196","ran196.hdr.61",-0.0017699
"196","ran196.hdr.62",-0.00031983
"196","ran196.hdr.63",-0.00021431
"196","ran196.hdr.64",0.000305700000000001
"196","ran196.hdr.65",-0.000211700000000002
"196","ran196.hdr.66",0.0000155000000000016
"196","ran196.hdr.67",-0.00025328
"196","ran196.hdr.68",-0.000825300000000001
"196","ran196.hdr.69",-0.00073928
"196","ran196.hdr.7",-0.000128
"196","ran196.hdr.70",-0.0015308
"196","ran196.hdr.71",-0.000481099999999998
"196","ran196.hdr.72",-0.0017992
"196","ran196.hdr.73",-0.000126299999999999
"196","ran196.hdr.74",0.00002271
"196","ran196.hdr.75",-0.000552800000000001
"196","ran196.hdr.76",-0.0002862
"196","ran196.hdr.77",-0.0022821
"196","ran196.hdr.78",-0.0013233
"196","ran196.hdr.8",-0.0002307
"196","ran196.hdr.9",-0.000223299999999999
"197","ran197.hdr.1",-0.000740699999999999
"197","ran197.hdr.10",0.000237999999999999
"197","ran197.hdr.11",-0.00163709
"197","ran197.hdr.12",-0.0032486
"197","ran197.hdr.13",-0.01685291
"197","ran197.hdr.14",-0.0040521
"197","ran197.hdr.15",-0.0039147
"197","ran197.hdr.16",0.00026665
"197","ran197.hdr.17",-0.000056879
"197","ran197.hdr.18",-0.000422980000000001
"197","ran197.hdr.19",-0.00036891
"197","ran197.hdr.2",-0.000311580000000001
"197","ran197.hdr.20",0.000304829999999999
"197","ran197.hdr.21",-0.0006642
"197","ran197.hdr.22",-0.0000713600000000003
"197","ran197.hdr.23",-0.0004092
"197","ran197.hdr.24",-0.00036517
"197","ran197.hdr.25",-0.000725689999999999
"197","ran197.hdr.26",-0.0011481
"197","ran197.hdr.27",-0.00061751
"197","ran197.hdr.28",NA
"197","ran197.hdr.29",-0.0001574
"197","ran197.hdr.3",0.0003348
"197","ran197.hdr.30",-0.00041356
"197","ran197.hdr.31",-0.000167799999999999
"197","ran197.hdr.32",-0.000551599999999999
"197","ran197.hdr.33",-0.000114
"197","ran197.hdr.34",-0.000473700000000001
"197","ran197.hdr.35",-0.000249299999999999
"197","ran197.hdr.36",-0.0000858199999999995
"197","ran197.hdr.37",NA
"197","ran197.hdr.38",0.0000345999999999992
"197","ran197.hdr.39",-0.000450470000000001
"197","ran197.hdr.4",-0.002469
"197","ran197.hdr.40",-0.000572599999999999
"197","ran197.hdr.41",-0.0031592
"197","ran197.hdr.42",-0.0013244
"197","ran197.hdr.43",-0.000349499999999999
"197","ran197.hdr.44",-0.00018951
"197","ran197.hdr.45",-0.0000631999999999994
"197","ran197.hdr.46",-0.00015038
"197","ran197.hdr.47",-0.0008168
"197","ran197.hdr.48",-0.000307
"197","ran197.hdr.49",-0.000579200000000002
"197","ran197.hdr.5",0.000250799999999999
"197","ran197.hdr.50",-0.0012106
"197","ran197.hdr.51",-0.001127
"197","ran197.hdr.52",-0.000159100000000001
"197","ran197.hdr.53",-0.00065478
"197","ran197.hdr.54",-0.000982500000000001
"197","ran197.hdr.55",-0.000384600000000002
"197","ran197.hdr.56",-0.0002693
"197","ran197.hdr.57",-0.000691199999999999
"197","ran197.hdr.58",0.000012144
"197","ran197.hdr.59",0.000337299999999999
"197","ran197.hdr.6",-0.000299900000000001
"197","ran197.hdr.60",-0.0000836999999999991
"197","ran197.hdr.61",-0.00031891
"197","ran197.hdr.62",0.0002778
"197","ran197.hdr.63",-0.000245800000000001
"197","ran197.hdr.64",-0.0010767
"197","ran197.hdr.65",-0.000362299999999999
"197","ran197.hdr.66",-0.000787200000000002
"197","ran197.hdr.67",-0.0000271999999999998
"197","ran197.hdr.68",-0.0006847
"197","ran197.hdr.69",-0.0003826
"197","ran197.hdr.7",-0.000160799999999999
"197","ran197.hdr.70",0.0001905
"197","ran197.hdr.71",-0.0001259
"197","ran197.hdr.72",-0.0000143999999999995
"197","ran197.hdr.73",0.0000390000000000008
"197","ran197.hdr.74",0.00013489
"197","ran197.hdr.75",-0.000039273
"197","ran197.hdr.76",-0.000871399999999998
"197","ran197.hdr.77",-0.0022821
"197","ran197.hdr.78",-0.0003186
"197","ran197.hdr.8",-0.0011761
"197","ran197.hdr.9",-0.00034287
"198","ran198.hdr.1",0.000286720000000001
"198","ran198.hdr.10",-0.00030618
"198","ran198.hdr.11",-0.000215165
"198","ran198.hdr.12",-0.0009067
"198","ran198.hdr.13",-0.0006677
"198","ran198.hdr.14",-0.0002471
"198","ran198.hdr.15",-0.000341899999999999
"198","ran198.hdr.16",-0.001162
"198","ran198.hdr.17",-0.0003143
"198","ran198.hdr.18",-0.0000529999999999992
"198","ran198.hdr.19",-0.000527999999999999
"198","ran198.hdr.2",-0.0018301
"198","ran198.hdr.20",-0.000864889999999999
"198","ran198.hdr.21",-0.000415599999999999
"198","ran198.hdr.22",-0.000377500000000001
"198","ran198.hdr.23",-0.0010122
"198","ran198.hdr.24",-0.0021765
"198","ran198.hdr.25",-0.000846699999999999
"198","ran198.hdr.26",-0.0027325
"198","ran198.hdr.27",-0.0016027
"198","ran198.hdr.28",0.0001919
"198","ran198.hdr.29",NA
"198","ran198.hdr.3",-0.0000253999999999983
"198","ran198.hdr.30",-0.0000163099999999994
"198","ran198.hdr.31",-0.0014904
"198","ran198.hdr.32",-0.0012418
"198","ran198.hdr.33",-0.0018137
"198","ran198.hdr.34",-0.0017024
"198","ran198.hdr.35",-0.000176700000000002
"198","ran198.hdr.36",-0.0015268
"198","ran198.hdr.37",-0.00020333
"198","ran198.hdr.38",-0.0004972
"198","ran198.hdr.39",-0.000423400000000001
"198","ran198.hdr.4",-0.0051096
"198","ran198.hdr.40",NA
"198","ran198.hdr.41",0.0000229200000000001
"198","ran198.hdr.42",0.000215099999999999
"198","ran198.hdr.43",0.0000239999999999997
"198","ran198.hdr.44",-0.000924100000000001
"198","ran198.hdr.45",-0.000306300000000001
"198","ran198.hdr.46",-0.000973700000000001
"198","ran198.hdr.47",-0.000189999999999999
"198","ran198.hdr.48",-0.0006733
"198","ran198.hdr.49",-0.00029094
"198","ran198.hdr.5",-0.0034598
"198","ran198.hdr.50",-0.0018136
"198","ran198.hdr.51",-0.0025824
"198","ran198.hdr.52",-0.0011708
"198","ran198.hdr.53",0.0001499
"198","ran198.hdr.54",0.00063331
"198","ran198.hdr.55",0.00010445
"198","ran198.hdr.56",-0.00025195
"198","ran198.hdr.57",-0.000540700000000002
"198","ran198.hdr.58",-0.000263810000000001
"198","ran198.hdr.59",-0.000849699999999998
"198","ran198.hdr.6",0.000404300000000002
"198","ran198.hdr.60",-0.00088812
"198","ran198.hdr.61",-0.00685775
"198","ran198.hdr.62",-0.00574057
"198","ran198.hdr.63",-0.0001422
"198","ran198.hdr.64",0.0002232
"198","ran198.hdr.65",-0.000546500000000002
"198","ran198.hdr.66",-0.001278
"198","ran198.hdr.67",-0.000566599999999999
"198","ran198.hdr.68",-0.0000376999999999999
"198","ran198.hdr.69",-0.000268999999999998
"198","ran198.hdr.7",-0.0005302
"198","ran198.hdr.70",-0.0011431
"198","ran198.hdr.71",-0.001624
"198","ran198.hdr.72",-0.0014309
"198","ran198.hdr.73",-0.0003706
"198","ran198.hdr.74",-0.0015886
"198","ran198.hdr.75",-0.0032639
"198","ran198.hdr.76",-0.000511299999999999
"198","ran198.hdr.77",0.000109100000000001
"198","ran198.hdr.78",-0.000548699999999999
"198","ran198.hdr.8",-0.0004966
"198","ran198.hdr.9",-0.00021846
"199","ran199.hdr.1",-0.0003084
"199","ran199.hdr.10",0.0000167000000000014
"199","ran199.hdr.11",-0.000456600000000001
"199","ran199.hdr.12",-0.0016948
"199","ran199.hdr.13",-0.0003155
"199","ran199.hdr.14",-0.0009067
"199","ran199.hdr.15",-0.00053636
"199","ran199.hdr.16",-0.00018229
"199","ran199.hdr.17",-0.000710000000000002
"199","ran199.hdr.18",-0.0075695
"199","ran199.hdr.19",-0.0010173
"199","ran199.hdr.2",-0.000149890000000001
"199","ran199.hdr.20",-0.0001023
"199","ran199.hdr.21",-0.0004364
"199","ran199.hdr.22",-0.002999
"199","ran199.hdr.23",-0.00023674
"199","ran199.hdr.24",-0.00023903
"199","ran199.hdr.25",-0.0005877
"199","ran199.hdr.26",-0.0001554
"199","ran199.hdr.27",-0.0023372
"199","ran199.hdr.28",-0.000643000000000001
"199","ran199.hdr.29",-0.0008395
"199","ran199.hdr.3",-0.000358239999999999
"199","ran199.hdr.30",-0.0013637
"199","ran199.hdr.31",-0.0004212
"199","ran199.hdr.32",-0.00016097
"199","ran199.hdr.33",0.0000920999999999995
"199","ran199.hdr.34",-0.00087888
"199","ran199.hdr.35",-0.000975
"199","ran199.hdr.36",NA
"199","ran199.hdr.37",NA
"199","ran199.hdr.38",-0.000472420000000001
"199","ran199.hdr.39",-0.001986
"199","ran199.hdr.4",-0.0001323
"199","ran199.hdr.40",-0.0013356
"199","ran199.hdr.41",-0.0004679
"199","ran199.hdr.42",-0.000569200000000002
"199","ran199.hdr.43",-0.000298000000000001
"199","ran199.hdr.44",-0.0098876
"199","ran199.hdr.45",0.000295299999999998
"199","ran199.hdr.46",0.000113700000000001
"199","ran199.hdr.47",0.000287770000000001
"199","ran199.hdr.48",-0.00062953
"199","ran199.hdr.49",-0.0000464999999999997
"199","ran199.hdr.5",-0.0000987999999999996
"199","ran199.hdr.50",-0.0001382
"199","ran199.hdr.51",-0.000569500000000001
"199","ran199.hdr.52",0.00026023
"199","ran199.hdr.54",-0.01281643
"199","ran199.hdr.55",-0.0006847
"199","ran199.hdr.56",-0.000324099999999999
"199","ran199.hdr.57",-0.000557700000000001
"199","ran199.hdr.58",0.0002951
"199","ran199.hdr.59",0.0000171200000000002
"199","ran199.hdr.6",-0.0007992
"199","ran199.hdr.60",-0.0029365
"199","ran199.hdr.61",-0.000103800000000001
"199","ran199.hdr.62",-0.0016152
"199","ran199.hdr.63",-0.000177199999999999
"199","ran199.hdr.64",-0.0000348999999999992
"199","ran199.hdr.65",-0.0013204
"199","ran199.hdr.66",-0.0000400999999999995
"199","ran199.hdr.67",-0.0004019
"199","ran199.hdr.68",-0.000401100000000001
"199","ran199.hdr.69",-0.000890599999999998
"199","ran199.hdr.7",-0.0000253999999999983
"199","ran199.hdr.70",NA
"199","ran199.hdr.71",-0.00059999
"199","ran199.hdr.72",-0.000420299999999998
"199","ran199.hdr.73",-0.0005749
"199","ran199.hdr.74",-0.00118788
"199","ran199.hdr.75",-0.000894099999999998
"199","ran199.hdr.76",-0.001727
"199","ran199.hdr.77",-0.000314699999999999
"199","ran199.hdr.78",-0.0003017
"199","ran199.hdr.8",-0.0109775
"199","ran199.hdr.9",-0.002806
"200","ran200.hdr.1",-0.00036043
"200","ran200.hdr.10",-0.0003795
"200","ran200.hdr.11",-0.000235899999999999
"200","ran200.hdr.12",-0.000401799999999999
"200","ran200.hdr.13",-0.000306939999999999
"200","ran200.hdr.14",0.0001871
"200","ran200.hdr.15",-0.0000621999999999984
"200","ran200.hdr.16",-0.00011623
"200","ran200.hdr.17",-0.00082745
"200","ran200.hdr.18",-0.0008164
"200","ran200.hdr.19",0.000152999999999999
"200","ran200.hdr.2",-0.0013435
"200","ran200.hdr.20",0.00011082
"200","ran200.hdr.21",-0.0075695
"200","ran200.hdr.22",-0.000438299999999999
"200","ran200.hdr.23",-0.000796499999999999
"200","ran200.hdr.24",-0.0002915
"200","ran200.hdr.25",-0.0067609
"200","ran200.hdr.26",-0.00033013
"200","ran200.hdr.27",-0.0013931
"200","ran200.hdr.28",NA
"200","ran200.hdr.29",-0.000243760000000001
"200","ran200.hdr.3",-0.000220599999999998
"200","ran200.hdr.30",-0.000359799999999999
"200","ran200.hdr.31",-0.000175300000000001
"200","ran200.hdr.32",0.000035033
"200","ran200.hdr.33",-0.01715588
"200","ran200.hdr.34",-0.001677
"200","ran200.hdr.35",-0.0000333999999999994
"200","ran200.hdr.36",0.0011602
"200","ran200.hdr.37",-0.000171499999999998
"200","ran200.hdr.38",-0.0013224
"200","ran200.hdr.39",0.0000742600000000005
"200","ran200.hdr.4",0.00002592
"200","ran200.hdr.40",-0.00046567
"200","ran200.hdr.41",-0.0013695
"200","ran200.hdr.42",0.0001796
"200","ran200.hdr.43",-0.0004679
"200","ran200.hdr.44",-0.0002126
"200","ran200.hdr.45",-0.000291899999999999
"200","ran200.hdr.46",-0.000730900000000001
"200","ran200.hdr.47",-0.000733699999999999
"200","ran200.hdr.48",-0.0000446000000000005
"200","ran200.hdr.49",0.00002906
"200","ran200.hdr.5",-0.000333
"200","ran200.hdr.50",-0.00021661
"200","ran200.hdr.51",-0.000837099999999999
"200","ran200.hdr.52",0.000077085
"200","ran200.hdr.53",0.00003232
"200","ran200.hdr.54",-0.000162499999999999
"200","ran200.hdr.55",-0.0023439
"200","ran200.hdr.56",0.00016459
"200","ran200.hdr.57",-0.00000727000000000019
"200","ran200.hdr.58",-0.000238039999999999
"200","ran200.hdr.59",-0.000366499999999999
"200","ran200.hdr.6",-0.000160850000000001
"200","ran200.hdr.60",0.0000186600000000002
"200","ran200.hdr.61",-0.0005941
"200","ran200.hdr.62",-0.000448199999999999
"200","ran200.hdr.63",-0.000268299999999999
"200","ran200.hdr.64",-0.00685775
"200","ran200.hdr.65",0.000612100000000001
"200","ran200.hdr.66",-0.00019203
"200","ran200.hdr.67",0.000783900000000001
"200","ran200.hdr.68",-0.000738799999999998
"200","ran200.hdr.69",-0.0068051
"200","ran200.hdr.7",-0.000409400000000001
"200","ran200.hdr.70",-0.000157000000000001
"200","ran200.hdr.71",-0.000949499999999999
"200","ran200.hdr.72",-0.000454899999999998
"200","ran200.hdr.73",-0.000137399999999999
"200","ran200.hdr.74",-0.0007229
"200","ran200.hdr.75",-0.000586100000000003
"200","ran200.hdr.76",-0.0007951
"200","ran200.hdr.77",-0.0057067
"200","ran200.hdr.78",-0.000678990000000001
"200","ran200.hdr.8",-0.0010609
"200","ran200.hdr.9",-0.000437670000000001
"201","ran201.hdr.1",-0.0014785
"201","ran201.hdr.10",-0.0015386
"201","ran201.hdr.11",-0.0016948
"201","ran201.hdr.12",-0.00154022
"201","ran201.hdr.13",-0.000419360000000001
"201","ran201.hdr.14",-0.0005371
"201","ran201.hdr.15",0.0001871
"201","ran201.hdr.16",-0.00013877
"201","ran201.hdr.17",-0.0010992
"201","ran201.hdr.18",-0.0000508999999999996
"201","ran201.hdr.19",-0.000151500000000001
"201","ran201.hdr.2",-0.000451700000000001
"201","ran201.hdr.20",-0.0000479999999999994
"201","ran201.hdr.21",0.0004194
"201","ran201.hdr.22",-0.0013108
"201","ran201.hdr.23",-0.0017674
"201","ran201.hdr.24",-0.0005795
"201","ran201.hdr.25",-0.000646799999999999
"201","ran201.hdr.26",-0.0007861
"201","ran201.hdr.27",0.0000327000000000001
"201","ran201.hdr.28",-0.00035699
"201","ran201.hdr.29",0.000205500000000001
"201","ran201.hdr.3",-0.00119054
"201","ran201.hdr.30",0.000405900000000001
"201","ran201.hdr.31",-0.0036419
"201","ran201.hdr.32",-0.00510713
"201","ran201.hdr.33",-0.000469900000000001
"201","ran201.hdr.34",-0.000287379999999999
"201","ran201.hdr.35",0.00003065
"201","ran201.hdr.36",0.0000920999999999995
"201","ran201.hdr.37",-0.0001432
"201","ran201.hdr.38",0.000158699999999998
"201","ran201.hdr.39",-0.00026
"201","ran201.hdr.4",-0.0026949
"201","ran201.hdr.40",-0.0009972
"201","ran201.hdr.41",-0.0014927
"201","ran201.hdr.42",0.000100250000000001
"201","ran201.hdr.43",-0.0004983
"201","ran201.hdr.44",-0.00019346
"201","ran201.hdr.45",-0.0021068
"201","ran201.hdr.46",-0.000514700000000002
"201","ran201.hdr.47",-0.002897
"201","ran201.hdr.48",-0.000129839
"201","ran201.hdr.49",0.0000892000000000011
"201","ran201.hdr.5",-0.0036814
"201","ran201.hdr.50",-0.0004831
"201","ran201.hdr.51",0.00005185
"201","ran201.hdr.52",-0.0006896
"201","ran201.hdr.53",-0.00016505
"201","ran201.hdr.54",-0.000155800000000001
"201","ran201.hdr.55",0.00030436
"201","ran201.hdr.56",-0.000263810000000001
"201","ran201.hdr.57",-0.000150500000000001
"201","ran201.hdr.58",0.0000525999999999999
"201","ran201.hdr.59",-0.0000438000000000001
"201","ran201.hdr.6",-0.0056027
"201","ran201.hdr.60",-0.0013776
"201","ran201.hdr.61",-0.0044594
"201","ran201.hdr.62",-0.0017715
"201","ran201.hdr.63",0.0001846
"201","ran201.hdr.64",-0.0010828
"201","ran201.hdr.65",-0.00672884
"201","ran201.hdr.66",-0.00163488
"201","ran201.hdr.67",-0.00179129
"201","ran201.hdr.68",-0.000401100000000001
"201","ran201.hdr.69",NA
"201","ran201.hdr.7",-0.00259746
"201","ran201.hdr.70",-0.0012699
"201","ran201.hdr.71",-0.0016673
"201","ran201.hdr.72",-0.0024365
"201","ran201.hdr.73",-0.0000727999999999996
"201","ran201.hdr.74",-0.0013741
"201","ran201.hdr.75",-0.003339
"201","ran201.hdr.76",-0.000792599999999999
"201","ran201.hdr.77",-0.0014855
"201","ran201.hdr.78",-0.000535499999999998
"201","ran201.hdr.8",0.0000212699999999994
"201","ran201.hdr.9",-0.000315299999999999
"202","ran202.hdr.1",0.000125500000000001
"202","ran202.hdr.10",-0.000108
"202","ran202.hdr.11",-0.00027193
"202","ran202.hdr.12",-0.000549999999999998
"202","ran202.hdr.13",-0.000300809999999999
"202","ran202.hdr.14",-0.000434459999999999
"202","ran202.hdr.15",-0.0010992
"202","ran202.hdr.16",-0.000477
"202","ran202.hdr.17",-0.000657
"202","ran202.hdr.18",-0.0001574
"202","ran202.hdr.19",-0.0012188
"202","ran202.hdr.2",-0.00040682
"202","ran202.hdr.20",-0.0005983
"202","ran202.hdr.21",-0.000612299999999998
"202","ran202.hdr.22",-0.000473700000000001
"202","ran202.hdr.23",-0.0001723
"202","ran202.hdr.24",-0.0002991
"202","ran202.hdr.25",0.0000514499999999998
"202","ran202.hdr.26",0.0001549743
"202","ran202.hdr.27",-0.000311800000000001
"202","ran202.hdr.28",-0.0025984
"202","ran202.hdr.29",-0.0000964299999999998
"202","ran202.hdr.3",-0.0003713
"202","ran202.hdr.30",-0.0002538
"202","ran202.hdr.31",0.0004433
"202","ran202.hdr.32",-0.00000110000000000041
"202","ran202.hdr.33",-0.00028711
"202","ran202.hdr.34",-0.0028943
"202","ran202.hdr.35",-0.0000333999999999994
"202","ran202.hdr.36",-0.0019572
"202","ran202.hdr.37",-0.0023193
"202","ran202.hdr.38",-0.0000245000000000002
"202","ran202.hdr.39",-0.00073436
"202","ran202.hdr.4",-0.002115
"202","ran202.hdr.40",-0.00036563
"202","ran202.hdr.41",-0.00023755
"202","ran202.hdr.42",0.00003065
"202","ran202.hdr.43",-0.0005509
"202","ran202.hdr.44",-0.00011024
"202","ran202.hdr.45",0.000519799999999999
"202","ran202.hdr.46",-0.00035637
"202","ran202.hdr.47",-0.000491499999999999
"202","ran202.hdr.48",-0.0009237
"202","ran202.hdr.49",0.00066364
"202","ran202.hdr.5",0.00002592
"202","ran202.hdr.50",-0.0011836
"202","ran202.hdr.51",0.00053199
"202","ran202.hdr.52",0.00003286
"202","ran202.hdr.53",-0.002897
"202","ran202.hdr.54",-0.000713800000000001
"202","ran202.hdr.55",0.00013718
"202","ran202.hdr.56",-0.00057312
"202","ran202.hdr.57",-0.000315939999999999
"202","ran202.hdr.58",NA
"202","ran202.hdr.59",-0.00019336
"202","ran202.hdr.6",0.0000486999999999987
"202","ran202.hdr.60",-0.0040008
"202","ran202.hdr.62",-0.000492100000000002
"202","ran202.hdr.63",-0.00574057
"202","ran202.hdr.64",-0.001971
"202","ran202.hdr.65",-0.00274956
"202","ran202.hdr.66",-0.000103800000000001
"202","ran202.hdr.67",-0.0012091
"202","ran202.hdr.68",-0.0000736999999999995
"202","ran202.hdr.69",-0.0003698
"202","ran202.hdr.7",-0.000942399999999999
"202","ran202.hdr.70",-0.0013312
"202","ran202.hdr.71",-0.000389500000000001
"202","ran202.hdr.72",0.0000821000000000016
"202","ran202.hdr.73",-0.000235279999999999
"202","ran202.hdr.74",-0.0015872
"202","ran202.hdr.75",-0.0002862
"202","ran202.hdr.76",-0.000578
"202","ran202.hdr.77",-0.0017455
"202","ran202.hdr.78",0.000203477
"202","ran202.hdr.8",-0.00044229
"202","ran202.hdr.9",-0.00037472
"203","ran203.hdr.1",-0.0018301
"203","ran203.hdr.10",-0.000438800000000001
"203","ran203.hdr.11",-0.0002244
"203","ran203.hdr.12",0.0000297300000000004
"203","ran203.hdr.13",-0.0000977999999999986
"203","ran203.hdr.14",0.0006018
"203","ran203.hdr.15",-0.0000756000000000003
"203","ran203.hdr.16",-0.0018782
"203","ran203.hdr.17",-0.0010439
"203","ran203.hdr.18",-0.00041587
"203","ran203.hdr.19",-0.000912500000000002
"203","ran203.hdr.2",-0.000617699999999999
"203","ran203.hdr.20",-0.0001358
"203","ran203.hdr.21",-0.0003254
"203","ran203.hdr.22",-0.00032336
"203","ran203.hdr.23",0.000197699999999999
"203","ran203.hdr.24",-0.000890400000000001
"203","ran203.hdr.25",0.0002039
"203","ran203.hdr.26",-0.000468900000000001
"203","ran203.hdr.27",-0.000383960000000001
"203","ran203.hdr.28",-0.00000790000000000166
"203","ran203.hdr.29",0.000234799999999999
"203","ran203.hdr.3",-0.0051698
"203","ran203.hdr.30",-0.0005558
"203","ran203.hdr.31",0.0000378299999999991
"203","ran203.hdr.32",-0.000152599999999999
"203","ran203.hdr.33",0.0000377199999999998
"203","ran203.hdr.34",-0.000480400000000001
"203","ran203.hdr.35",-0.0003937
"203","ran203.hdr.36",-0.000152899999999999
"203","ran203.hdr.37",-0.000584600000000001
"203","ran203.hdr.38",-0.0015247
"203","ran203.hdr.39",-0.0016634
"203","ran203.hdr.4",-0.00032649
"203","ran203.hdr.40",-0.000522199999999999
"203","ran203.hdr.41",-0.0010616
"203","ran203.hdr.42",-0.0000564599999999995
"203","ran203.hdr.43",-0.0021068
"203","ran203.hdr.44",-0.0020892
"203","ran203.hdr.45",-0.00042634
"203","ran203.hdr.46",-0.00022498
"203","ran203.hdr.47",-0.0016044
"203","ran203.hdr.48",-0.0004831
"203","ran203.hdr.49",-0.0005042
"203","ran203.hdr.5",-0.0002272
"203","ran203.hdr.50",-0.00013051
"203","ran203.hdr.51",-0.0001373
"203","ran203.hdr.52",0.00029917
"203","ran203.hdr.53",-0.000932299999999999
"203","ran203.hdr.54",-0.000313299999999999
"203","ran203.hdr.56",0.000546399999999999
"203","ran203.hdr.57",0.0000932000000000016
"203","ran203.hdr.58",-0.0017637
"203","ran203.hdr.59",0.000223899999999999
"203","ran203.hdr.6",-0.0003003
"203","ran203.hdr.60",-0.00685775
"203","ran203.hdr.61",-0.000324099999999999
"203","ran203.hdr.62",-0.0002284
"203","ran203.hdr.63",-0.0013776
"203","ran203.hdr.64",-0.00018716
"203","ran203.hdr.65",-0.0015961
"203","ran203.hdr.66",-0.0002389
"203","ran203.hdr.67",-0.0001209
"203","ran203.hdr.68",-0.0003493
"203","ran203.hdr.69",-0.0000153999999999987
"203","ran203.hdr.7",-0.000282399999999999
"203","ran203.hdr.70",-0.0027704
"203","ran203.hdr.71",-0.000825300000000001
"203","ran203.hdr.72",-0.000579
"203","ran203.hdr.73",-0.0008746
"203","ran203.hdr.74",-0.0053353
"203","ran203.hdr.75",-0.0003368
"203","ran203.hdr.76",-0.000818700000000002
"203","ran203.hdr.77",-0.0030586
"203","ran203.hdr.78",-0.0014428
"203","ran203.hdr.8",0.00058855
"203","ran203.hdr.9",-0.000358290000000001
"204","ran204.hdr.1",-0.000311580000000001
"204","ran204.hdr.10",-0.000417799999999999
"204","ran204.hdr.11",0.0000315999999999997
"204","ran204.hdr.12",-0.00053636
"204","ran204.hdr.13",0.00026674
"204","ran204.hdr.14",-0.00037651
"204","ran204.hdr.15",-0.000547299999999997
"204","ran204.hdr.16",-0.000713499999999999
"204","ran204.hdr.17",-0.000118400000000001
"204","ran204.hdr.18",-0.0002021
"204","ran204.hdr.19",-0.00071959
"204","ran204.hdr.2",-0.0026949
"204","ran204.hdr.20",-0.000416400000000001
"204","ran204.hdr.21",0.000681399999999999
"204","ran204.hdr.22",-0.000727600000000002
"204","ran204.hdr.23",-0.0010122
"204","ran204.hdr.24",-0.000554499999999999
"204","ran204.hdr.25",-0.000114
"204","ran204.hdr.26",-0.0084394
"204","ran204.hdr.27",-0.0000814000000000006
"204","ran204.hdr.28",-0.00039436
"204","ran204.hdr.29",0.000254000000000001
"204","ran204.hdr.3",-0.0026658
"204","ran204.hdr.30",-0.0011926
"204","ran204.hdr.31",-0.0003097
"204","ran204.hdr.32",-0.0005877
"204","ran204.hdr.33",-0.0000683100000000002
"204","ran204.hdr.34",-0.00069205
"204","ran204.hdr.35",-0.0000914000000000002
"204","ran204.hdr.36",-0.0031592
"204","ran204.hdr.37",-0.0017024
"204","ran204.hdr.38",0.000349699999999998
"204","ran204.hdr.39",0.000150900000000001
"204","ran204.hdr.4",-0.0001332
"204","ran204.hdr.40",-0.0003347
"204","ran204.hdr.41",0.000234799999999999
"204","ran204.hdr.42",-0.000768999999999999
"204","ran204.hdr.43",-0.0011052
"204","ran204.hdr.44",-0.0004603
"204","ran204.hdr.45",0.000288829999999999
"204","ran204.hdr.46",-0.000569999999999999
"204","ran204.hdr.47",-0.0008938
"204","ran204.hdr.48",0.00002906
"204","ran204.hdr.49",0.000279399999999999
"204","ran204.hdr.5",-0.0037447
"204","ran204.hdr.50",-0.000334300000000001
"204","ran204.hdr.51",-0.00017032
"204","ran204.hdr.52",-0.0001724
"204","ran204.hdr.53",-0.0000118100000000001
"204","ran204.hdr.54",-0.00022498
"204","ran204.hdr.55",-0.00057659
"204","ran204.hdr.56",-0.000456100000000001
"204","ran204.hdr.57",-0.00010805
"204","ran204.hdr.58",-0.00018122
"204","ran204.hdr.59",-0.0002815
"204","ran204.hdr.6",-0.00056552
"204","ran204.hdr.60",-0.000455400000000002
"204","ran204.hdr.61",-0.000719200000000001
"204","ran204.hdr.62",-0.0003783
"204","ran204.hdr.63",-0.0006149
"204","ran204.hdr.64",-0.0014307
"204","ran204.hdr.65",0.00027515
"204","ran204.hdr.66",-0.0015961
"204","ran204.hdr.67",-0.000604199999999999
"204","ran204.hdr.68",-0.0027675
"204","ran204.hdr.69",-0.0000134000000000002
"204","ran204.hdr.7",-0.0003821
"204","ran204.hdr.70",-0.0010284
"204","ran204.hdr.71",-0.000407100000000001
"204","ran204.hdr.72",-0.0006002
"204","ran204.hdr.73",0.001242
"204","ran204.hdr.74",-0.000871300000000002
"204","ran204.hdr.75",-0.000302699999999999
"204","ran204.hdr.76",-0.0012827
"204","ran204.hdr.77",-0.0035566
"204","ran204.hdr.78",-0.0010537
"204","ran204.hdr.8",-0.0004828
"204","ran204.hdr.9",-0.000534900000000001
"205","ran205.hdr.1",-0.000296499999999998
"205","ran205.hdr.10",-0.000422980000000001
"205","ran205.hdr.11",-0.00056426
"205","ran205.hdr.12",-0.00047386
"205","ran205.hdr.13",0.000579970000000001
"205","ran205.hdr.14",0.00000364000000000007
"205","ran205.hdr.15",-0.0004828
"205","ran205.hdr.16",-0.00016992
"205","ran205.hdr.17",0.00000960000000000023
"205","ran205.hdr.18",0.0003312
"205","ran205.hdr.19",-0.000339470000000001
"205","ran205.hdr.2",-0.000358239999999999
"205","ran205.hdr.20",-0.0005968
"205","ran205.hdr.21",-0.00036797
"205","ran205.hdr.22",0.0000675200000000006
"205","ran205.hdr.23",-0.000732400000000001
"205","ran205.hdr.24",-0.0003148
"205","ran205.hdr.25",-0.000352700000000001
"205","ran205.hdr.26",-0.0004445
"205","ran205.hdr.27",-0.0045505
"205","ran205.hdr.28",-0.000582599999999999
"205","ran205.hdr.29",-0.00029554
"205","ran205.hdr.3",-0.0016743
"205","ran205.hdr.30",-0.00019563
"205","ran205.hdr.31",-0.000376700000000001
"205","ran205.hdr.32",-0.00029017
"205","ran205.hdr.33",-0.00060842
"205","ran205.hdr.34",-0.0001338
"205","ran205.hdr.35",-0.000119299999999999
"205","ran205.hdr.36",-0.00031339
"205","ran205.hdr.37",0.00000920000000000087
"205","ran205.hdr.38",-0.0014502
"205","ran205.hdr.39",0.0000578999999999996
"205","ran205.hdr.4",0.000000199999999998812
"205","ran205.hdr.40",-0.0011807
"205","ran205.hdr.41",-0.000883700000000001
"205","ran205.hdr.42",0.0000878500000000004
"205","ran205.hdr.43",-0.00028523
"205","ran205.hdr.44",-0.0003937
"205","ran205.hdr.45",-0.0011052
"205","ran205.hdr.46",NA
"205","ran205.hdr.47",-0.0026491
"205","ran205.hdr.48",-0.00209034
"205","ran205.hdr.49",-0.000492200000000002
"205","ran205.hdr.5",-0.0000352299999999998
"205","ran205.hdr.50",0.000131700000000002
"205","ran205.hdr.51",-0.0002729
"205","ran205.hdr.52",-0.00004207
"205","ran205.hdr.53",-0.0070655
"205","ran205.hdr.54",-0.000162499999999999
"205","ran205.hdr.55",-0.00328849
"205","ran205.hdr.56",-0.0005042
"205","ran205.hdr.57",0.0000568604
"205","ran205.hdr.58",0.00018271
"205","ran205.hdr.59",-0.00021542
"205","ran205.hdr.6",-0.0002056
"205","ran205.hdr.60",-0.000448199999999999
"205","ran205.hdr.61",-0.0003339
"205","ran205.hdr.62",0.000107299999999999
"205","ran205.hdr.63",-0.000801099999999999
"205","ran205.hdr.64",0.000421920000000001
"205","ran205.hdr.65",-0.0017369
"205","ran205.hdr.66",0.000569800000000001
"205","ran205.hdr.67",-0.0006961
"205","ran205.hdr.68",-0.000373099999999998
"205","ran205.hdr.69",-0.000589599999999999
"205","ran205.hdr.7",-0.00017145
"205","ran205.hdr.70",-0.000420499999999999
"205","ran205.hdr.71",-0.0013204
"205","ran205.hdr.72",-0.0023928
"205","ran205.hdr.73",-0.000345399999999999
"205","ran205.hdr.74",-0.0001271
"205","ran205.hdr.75",-0.0013547
"205","ran205.hdr.76",-0.00089669
"205","ran205.hdr.77",-0.0024327
"205","ran205.hdr.78",0.0000594000000000011
"205","ran205.hdr.8",-0.0051698
"205","ran205.hdr.9",-0.00033059
"206","ran206.hdr.1",-0.0004633
"206","ran206.hdr.10",-0.0003821
"206","ran206.hdr.11",-0.0000370000000000006
"206","ran206.hdr.12",-0.000359400000000001
"206","ran206.hdr.13",-0.000416400000000001
"206","ran206.hdr.14",-0.0053872
"206","ran206.hdr.15",-0.00030432
"206","ran206.hdr.16",-0.000136260000000001
"206","ran206.hdr.17",-0.000253800000000002
"206","ran206.hdr.18",0.0001045
"206","ran206.hdr.19",0.00000329999999999948
"206","ran206.hdr.2",-0.0006076
"206","ran206.hdr.20",-0.0013895
"206","ran206.hdr.21",-0.000796499999999999
"206","ran206.hdr.22",-0.0001654
"206","ran206.hdr.23",-0.0004445
"206","ran206.hdr.24",-0.0000786399999999996
"206","ran206.hdr.25",-0.000112000000000001
"206","ran206.hdr.26",0.00037177
"206","ran206.hdr.27",0.0000853599999999996
"206","ran206.hdr.28",-0.00081971
"206","ran206.hdr.29",-0.000413999999999999
"206","ran206.hdr.3",0.000220700000000001
"206","ran206.hdr.30",-0.000453249999999999
"206","ran206.hdr.31",0.000353800000000001
"206","ran206.hdr.32",0.000391599999999999
"206","ran206.hdr.33",0.000354800000000001
"206","ran206.hdr.34",-0.0017763
"206","ran206.hdr.35",-0.0019572
"206","ran206.hdr.36",-0.00000899999999999859
"206","ran206.hdr.37",-0.0000624000000000006
"206","ran206.hdr.38",-0.000409099999999999
"206","ran206.hdr.39",-0.00033054
"206","ran206.hdr.4",-0.0012446
"206","ran206.hdr.40",-0.0008168
"206","ran206.hdr.41",NA
"206","ran206.hdr.42",-0.0002614
"206","ran206.hdr.43",-0.0006496
"206","ran206.hdr.44",-0.000207300000000001
"206","ran206.hdr.45",-0.0016092
"206","ran206.hdr.46",-0.000189699999999999
"206","ran206.hdr.47",0.0000712999999999998
"206","ran206.hdr.48",-0.000837099999999999
"206","ran206.hdr.49",-0.00137689
"206","ran206.hdr.5",-0.0002953
"206","ran206.hdr.50",-0.0006619
"206","ran206.hdr.51",-0.00012336
"206","ran206.hdr.52",0.00047045
"206","ran206.hdr.53",0.0001499
"206","ran206.hdr.54",0.00029457
"206","ran206.hdr.55",-0.0006896
"206","ran206.hdr.56",-0.00289142
"206","ran206.hdr.57",-0.0000492999999999987
"206","ran206.hdr.6",-0.0066937
"206","ran206.hdr.60",-0.0005941
"206","ran206.hdr.61",-0.0043657
"206","ran206.hdr.62",-0.00016504
"206","ran206.hdr.63",-0.000999000000000003
"206","ran206.hdr.64",-0.00039517
"206","ran206.hdr.65",-0.000737700000000001
"206","ran206.hdr.66",-0.0003622
"206","ran206.hdr.67",-0.000604199999999999
"206","ran206.hdr.68",-0.000179800000000001
"206","ran206.hdr.69",-0.000607500000000002
"206","ran206.hdr.7",-0.00013959
"206","ran206.hdr.70",-0.000356599999999999
"206","ran206.hdr.71",-0.0009932
"206","ran206.hdr.72",-0.0016673
"206","ran206.hdr.73",-0.0044168
"206","ran206.hdr.74",-0.0032639
"206","ran206.hdr.75",-0.000443599999999999
"206","ran206.hdr.76",0.00071471
"206","ran206.hdr.77",-0.000548699999999999
"206","ran206.hdr.78",-0.000733480000000001
"206","ran206.hdr.8",-0.000571100000000001
"206","ran206.hdr.9",0.0000928000000000005
"207","ran207.hdr.1",-0.0009493
"207","ran207.hdr.10",-0.000349700000000001
"207","ran207.hdr.11",-0.00018433
"207","ran207.hdr.12",0.0000262100000000005
"207","ran207.hdr.13",-0.0013661
"207","ran207.hdr.14",0.00050059
"207","ran207.hdr.15",0.0000675200000000006
"207","ran207.hdr.16",-0.001482
"207","ran207.hdr.17",-0.000518899999999999
"207","ran207.hdr.18",0.000152999999999999
"207","ran207.hdr.19",0.000645400000000001
"207","ran207.hdr.2",-0.00100715
"207","ran207.hdr.20",-0.0075695
"207","ran207.hdr.21",-0.000369699999999999
"207","ran207.hdr.22",-0.0011183
"207","ran207.hdr.23",-0.00011659
"207","ran207.hdr.24",-0.00020663
"207","ran207.hdr.25",-0.000277900000000001
"207","ran207.hdr.26",-0.00031138
"207","ran207.hdr.27",-0.00009449
"207","ran207.hdr.28",0.000468939999999999
"207","ran207.hdr.29",-0.000341280000000001
"207","ran207.hdr.3",0.0000508000000000002
"207","ran207.hdr.30",-0.000712399999999998
"207","ran207.hdr.31",-0.000745100000000002
"207","ran207.hdr.32",-0.0000891900000000003
"207","ran207.hdr.33",-0.000250599999999998
"207","ran207.hdr.34",-0.00029735
"207","ran207.hdr.35",-0.0000894500000000005
"207","ran207.hdr.36",-0.0006827
"207","ran207.hdr.37",0.0000742600000000005
"207","ran207.hdr.38",0.00014961
"207","ran207.hdr.39",-0.000281700000000001
"207","ran207.hdr.4",-0.000704
"207","ran207.hdr.40",0.0006535
"207","ran207.hdr.41",-0.0001543
"207","ran207.hdr.42",-0.0011052
"207","ran207.hdr.43",-0.000232199999999998
"207","ran207.hdr.44",-0.0011
"207","ran207.hdr.45",-0.0002132
"207","ran207.hdr.46",-0.00037394
"207","ran207.hdr.47",-0.00013712
"207","ran207.hdr.48",-0.000733699999999999
"207","ran207.hdr.49",-0.0000261999999999971
"207","ran207.hdr.5",-0.0030338
"207","ran207.hdr.50",-0.02102894
"207","ran207.hdr.51",-0.000940400000000001
"207","ran207.hdr.52",-0.000435700000000001
"207","ran207.hdr.53",-0.0007171
"207","ran207.hdr.54",0.000215399
"207","ran207.hdr.55",-0.0011044
"207","ran207.hdr.56",-0.00073559
"207","ran207.hdr.57",-0.0000972000000000004
"207","ran207.hdr.58",-0.000618499999999999
"207","ran207.hdr.59",0.0004265
"207","ran207.hdr.6",-0.0059011
"207","ran207.hdr.60",-0.00017959
"207","ran207.hdr.61",-0.00024239
"207","ran207.hdr.62",-0.0013776
"207","ran207.hdr.63",-0.000727199999999997
"207","ran207.hdr.64",-0.000420900000000002
"207","ran207.hdr.65",0.000052410000000001
"207","ran207.hdr.66",0.0000729100000000007
"207","ran207.hdr.67",0.000220499999999998
"207","ran207.hdr.68",-0.001085
"207","ran207.hdr.69",-0.000768900000000003
"207","ran207.hdr.7",-0.0041514
"207","ran207.hdr.70",-0.000168699999999999
"207","ran207.hdr.71",-0.00124621
"207","ran207.hdr.72",-0.00093906
"207","ran207.hdr.73",0.00013489
"207","ran207.hdr.74",0.00014573
"207","ran207.hdr.75",-0.000559999999999998
"207","ran207.hdr.76",-0.000126299999999999
"207","ran207.hdr.77",-0.00062796
"207","ran207.hdr.78",-0.000802599999999999
"207","ran207.hdr.8",-0.00246744
"207","ran207.hdr.9",-0.00093515
"208","ran208.hdr.1",0.000183300000000001
"208","ran208.hdr.10",-0.0003304
"208","ran208.hdr.11",-0.000160083
"208","ran208.hdr.12",0.000124200000000001
"208","ran208.hdr.13",-0.000032131
"208","ran208.hdr.14",0.0000567700000000011
"208","ran208.hdr.15",0.0000612500000000005
"208","ran208.hdr.16",-0.0000649700000000001
"208","ran208.hdr.17",-0.00047309
"208","ran208.hdr.18",-0.000217409999999999
"208","ran208.hdr.19",0.000152999999999999
"208","ran208.hdr.2",-0.000373100000000001
"208","ran208.hdr.20",-0.0012188
"208","ran208.hdr.21",NA
"208","ran208.hdr.22",-0.0033496
"208","ran208.hdr.23",-0.000248100000000001
"208","ran208.hdr.24",-0.0010563
"208","ran208.hdr.25",-0.000518899999999999
"208","ran208.hdr.26",-0.0004445
"208","ran208.hdr.27",-0.00026931
"208","ran208.hdr.28",-0.000576
"208","ran208.hdr.29",-0.0000185999999999999
"208","ran208.hdr.3",0.000021011
"208","ran208.hdr.30",-0.00039436
"208","ran208.hdr.31",-0.00026379
"208","ran208.hdr.32",-0.00010709
"208","ran208.hdr.33",-0.0012737
"208","ran208.hdr.34",-0.002242
"208","ran208.hdr.35",-0.000469900000000001
"208","ran208.hdr.36",-0.000344299999999999
"208","ran208.hdr.37",-0.0002968
"208","ran208.hdr.38",-0.00011027
"208","ran208.hdr.39",-0.00087888
"208","ran208.hdr.4",-0.0054532
"208","ran208.hdr.40",-0.000574999999999999
"208","ran208.hdr.41",-0.0015749
"208","ran208.hdr.42",-0.000298000000000001
"208","ran208.hdr.43",-0.000717699999999998
"208","ran208.hdr.44",-0.0041082
"208","ran208.hdr.45",-0.000743199999999999
"208","ran208.hdr.46",0.0003663
"208","ran208.hdr.47",-0.000390110000000001
"208","ran208.hdr.48",-0.000343609999999999
"208","ran208.hdr.49",-0.00022498
"208","ran208.hdr.5",-0.0023191
"208","ran208.hdr.50",-0.00002249
"208","ran208.hdr.51",-0.000270000000000001
"208","ran208.hdr.52",-0.00057659
"208","ran208.hdr.53",-0.000599799999999999
"208","ran208.hdr.54",0.00029457
"208","ran208.hdr.55",-0.00022893
"208","ran208.hdr.56",-0.0003331
"208","ran208.hdr.57",-0.000362299999999999
"208","ran208.hdr.58",-0.0013817
"208","ran208.hdr.59",-0.000578199999999999
"208","ran208.hdr.6",-0.000171609999999999
"208","ran208.hdr.62",-0.000411700000000001
"208","ran208.hdr.63",-0.0006342
"208","ran208.hdr.64",0.000223899999999999
"208","ran208.hdr.65",0.00000810000000000047
"208","ran208.hdr.66",-0.0008126
"208","ran208.hdr.67",-0.000544600000000003
"208","ran208.hdr.68",-0.0011067
"208","ran208.hdr.69",-0.0013065
"208","ran208.hdr.7",-0.001681
"208","ran208.hdr.70",-0.0037006
"208","ran208.hdr.71",-0.0096339
"208","ran208.hdr.72",-0.000201800000000002
"208","ran208.hdr.73",-0.0000779999999999999
"208","ran208.hdr.74",-0.00059999
"208","ran208.hdr.75",-0.000624700000000002
"208","ran208.hdr.76",-0.0007229
"208","ran208.hdr.77",-0.0011457
"208","ran208.hdr.78",-0.000276999999999999
"208","ran208.hdr.8",-0.0034157
"208","ran208.hdr.9",-0.00044229
"209","ran209.hdr.1",-0.00060252
"209","ran209.hdr.10",-0.00021
"209","ran209.hdr.11",-0.000571100000000001
"209","ran209.hdr.12",-0.0000411000000000005
"209","ran209.hdr.13",-0.0004419
"209","ran209.hdr.14",0.00017809
"209","ran209.hdr.15",-0.00038213
"209","ran209.hdr.16",0.00015925
"209","ran209.hdr.17",-0.00024315
"209","ran209.hdr.18",-0.000339470000000001
"209","ran209.hdr.19",-0.000840899999999999
"209","ran209.hdr.2",-0.0004437
"209","ran209.hdr.20",-0.000961799999999999
"209","ran209.hdr.21",-0.0003435
"209","ran209.hdr.22",-0.0010694
"209","ran209.hdr.23",-0.0016862
"209","ran209.hdr.24",-0.00045882
"209","ran209.hdr.25",-0.000385699999999999
"209","ran209.hdr.26",-0.002522
"209","ran209.hdr.27",-0.00130484
"209","ran209.hdr.28",-0.00060842
"209","ran209.hdr.29",-0.00015562
"209","ran209.hdr.3",-0.0008068
"209","ran209.hdr.30",-0.0000683100000000002
"209","ran209.hdr.31",-0.0000956499999999999
"209","ran209.hdr.32",-0.0014904
"209","ran209.hdr.33",-0.000777899999999998
"209","ran209.hdr.34",-0.0032049
"209","ran209.hdr.35",-0.000784
"209","ran209.hdr.36",-0.0023193
"209","ran209.hdr.37",-0.0001826
"209","ran209.hdr.38",-0.000275399999999999
"209","ran209.hdr.39",-0.000487100000000001
"209","ran209.hdr.4",-0.0001102
"209","ran209.hdr.40",-0.00015807
"209","ran209.hdr.41",0.0000712999999999998
"209","ran209.hdr.42",-0.000247900000000001
"209","ran209.hdr.43",-0.0015552
"209","ran209.hdr.44",0.0000553400000000001
"209","ran209.hdr.45",-0.000584600000000001
"209","ran209.hdr.46",0.0002539
"209","ran209.hdr.47",-0.0022477
"209","ran209.hdr.48",-0.000298000000000001
"209","ran209.hdr.49",-0.000452599999999999
"209","ran209.hdr.5",0.0003686
"209","ran209.hdr.50",-0.0041082
"209","ran209.hdr.51",-0.000743199999999999
"209","ran209.hdr.52",-0.000988299999999998
"209","ran209.hdr.53",-0.0000649599999999993
"209","ran209.hdr.54",-0.00062953
"209","ran209.hdr.55",-0.000434999999999998
"209","ran209.hdr.56",0.00028603
"209","ran209.hdr.57",0.00063331
"209","ran209.hdr.58",-0.0004598
"209","ran209.hdr.59",-0.00025195
"209","ran209.hdr.6",-0.000180700000000001
"209","ran209.hdr.60",-0.000796399999999999
"209","ran209.hdr.62",-0.001153
"209","ran209.hdr.63",-0.00095777
"209","ran209.hdr.64",-0.000775500000000002
"209","ran209.hdr.65",-0.000144999999999999
"209","ran209.hdr.66",-0.0001288
"209","ran209.hdr.67",-0.000540200000000001
"209","ran209.hdr.68",-0.000093939999999999
"209","ran209.hdr.69",-0.0012556
"209","ran209.hdr.7",-0.0021506
"209","ran209.hdr.70",-0.000596000000000003
"209","ran209.hdr.71",-0.000293000000000002
"209","ran209.hdr.72",-0.000316540000000001
"209","ran209.hdr.73",-0.0000170400000000003
"209","ran209.hdr.74",-0.0009751
"209","ran209.hdr.75",-0.0021382
"209","ran209.hdr.76",-0.000302699999999999
"209","ran209.hdr.77",-0.0001776
"209","ran209.hdr.78",-0.000802599999999999
"209","ran209.hdr.8",-0.0052326
"209","ran209.hdr.9",-0.003403
"210","ran210.hdr.1",-0.0001215
"210","ran210.hdr.10",-0.0006119
"210","ran210.hdr.11",-0.0003795
"210","ran210.hdr.12",0.00037323
"210","ran210.hdr.13",-0.0008879
"210","ran210.hdr.14",-0.000598200000000001
"210","ran210.hdr.15",-0.0000582479999999999
"210","ran210.hdr.16",-0.00038553
"210","ran210.hdr.17",-0.00037651
"210","ran210.hdr.18",-0.000359400000000001
"210","ran210.hdr.19",-0.00032312
"210","ran210.hdr.2",-0.000532600000000001
"210","ran210.hdr.20",-0.0003742
"210","ran210.hdr.21",-0.00026376
"210","ran210.hdr.22",-0.0006205
"210","ran210.hdr.23",-0.000140599999999999
"210","ran210.hdr.24",-0.0017045
"210","ran210.hdr.25",-0.0003254
"210","ran210.hdr.26",0.000246999999999997
"210","ran210.hdr.27",-0.000458800000000001
"210","ran210.hdr.28",-0.00029545
"210","ran210.hdr.29",-0.00023903
"210","ran210.hdr.3",-0.0054872
"210","ran210.hdr.30",-0.00019303
"210","ran210.hdr.31",-0.000156699999999999
"210","ran210.hdr.32",0.00051959
"210","ran210.hdr.33",0.0000461000000000003
"210","ran210.hdr.34",-0.00022523
"210","ran210.hdr.35",-0.00069205
"210","ran210.hdr.36",-0.0000701
"210","ran210.hdr.37",-0.0011573
"210","ran210.hdr.38",-0.00087039
"210","ran210.hdr.39",-0.000803500000000002
"210","ran210.hdr.4",0.000731500000000003
"210","ran210.hdr.40",-0.000831499999999999
"210","ran210.hdr.41",-0.000316499999999999
"210","ran210.hdr.42",-0.000287379999999999
"210","ran210.hdr.43",-0.0005059
"210","ran210.hdr.44",-0.000505799999999999
"210","ran210.hdr.45",0.000124560000000001
"210","ran210.hdr.46",-0.0023505
"210","ran210.hdr.47",-0.000202600000000001
"210","ran210.hdr.48",0.0000270999999999987
"210","ran210.hdr.49",-0.000499899999999998
"210","ran210.hdr.5",-0.0011071
"210","ran210.hdr.50",-0.0004983
"210","ran210.hdr.51",-0.000737000000000002
"210","ran210.hdr.52",-0.003684
"210","ran210.hdr.53",-0.000377499999999999
"210","ran210.hdr.54",-0.000437399999999998
"210","ran210.hdr.55",0.0001724
"210","ran210.hdr.56",-0.000518399999999999
"210","ran210.hdr.57",-0.000755800000000001
"210","ran210.hdr.58",-0.0023439
"210","ran210.hdr.59",-0.0011486
"210","ran210.hdr.6",-0.0043162
"210","ran210.hdr.60",-0.0002815
"210","ran210.hdr.61",-0.00050929
"210","ran210.hdr.62",-0.000618499999999999
"210","ran210.hdr.63",-0.00095777
"210","ran210.hdr.64",-0.00114221
"210","ran210.hdr.65",-0.0068252
"210","ran210.hdr.66",-0.0021686
"210","ran210.hdr.67",-0.0004568
"210","ran210.hdr.68",-0.000266830000000001
"210","ran210.hdr.69",-0.0015557
"210","ran210.hdr.7",-0.00337548
"210","ran210.hdr.70",0.000150899999999999
"210","ran210.hdr.71",-0.0011679
"210","ran210.hdr.72",-0.000586100000000003
"210","ran210.hdr.73",-0.0027169
"210","ran210.hdr.74",-0.000302699999999999
"210","ran210.hdr.75",-0.0000953799999999999
"210","ran210.hdr.76",-0.0006002
"210","ran210.hdr.77",-0.0014027
"210","ran210.hdr.78",-0.000802599999999999
"210","ran210.hdr.8",-0.000145270000000001
"210","ran210.hdr.9",-0.0000637999999999993
"211","ran211.hdr.1",-0.000637099999999998
"211","ran211.hdr.10",-0.000598200000000001
"211","ran211.hdr.11",-0.000446700000000001
"211","ran211.hdr.12",-0.0000801099999999996
"211","ran211.hdr.13",-0.00129969
"211","ran211.hdr.14",-0.001162
"211","ran211.hdr.15",-0.000416400000000001
"211","ran211.hdr.16",-0.000779799999999999
"211","ran211.hdr.17",0.00000280000000000072
"211","ran211.hdr.18",0.00031171
"211","ran211.hdr.19",-0.0012188
"211","ran211.hdr.2",-0.0019788
"211","ran211.hdr.20",-0.000867099999999999
"211","ran211.hdr.21",-0.0003961
"211","ran211.hdr.22",-0.00158129
"211","ran211.hdr.23",-0.00000689999999999979
"211","ran211.hdr.24",-0.000114
"211","ran211.hdr.25",-0.0015236
"211","ran211.hdr.26",-0.00000923999999999999
"211","ran211.hdr.27",-0.000397000000000002
"211","ran211.hdr.28",-0.00010144
"211","ran211.hdr.29",0.000056719
"211","ran211.hdr.3",-0.000226799999999999
"211","ran211.hdr.30",-0.00041873
"211","ran211.hdr.31",-0.00034286
"211","ran211.hdr.32",-0.0000774399999999998
"211","ran211.hdr.33",-0.0034946
"211","ran211.hdr.34",-0.0019144
"211","ran211.hdr.35",-0.00025609
"211","ran211.hdr.36",-0.00017519
"211","ran211.hdr.37",-0.00023078
"211","ran211.hdr.38",-0.000247559999999999
"211","ran211.hdr.39",-0.000583800000000001
"211","ran211.hdr.4",-0.0056035
"211","ran211.hdr.40",-0.0005428
"211","ran211.hdr.41",-0.000870699999999999
"211","ran211.hdr.42",-0.00018774
"211","ran211.hdr.43",-0.0000555999999999994
"211","ran211.hdr.44",-0.000733699999999999
"211","ran211.hdr.45",-0.0005363
"211","ran211.hdr.46",-0.000743199999999999
"211","ran211.hdr.47",-0.0022371
"211","ran211.hdr.48",-0.000181799999999999
"211","ran211.hdr.49",-0.0004434
"211","ran211.hdr.5",-0.0036308
"211","ran211.hdr.50",-0.000749
"211","ran211.hdr.51",0.00000739999999999942
"211","ran211.hdr.52",-0.00074359
"211","ran211.hdr.53",-0.0011486
"211","ran211.hdr.54",-0.000248099999999999
"211","ran211.hdr.55",-0.0000283000000000002
"211","ran211.hdr.56",-0.000586400000000001
"211","ran211.hdr.57",-0.00289142
"211","ran211.hdr.58",-0.000999000000000003
"211","ran211.hdr.59",-0.000406799999999999
"211","ran211.hdr.6",-0.00037472
"211","ran211.hdr.60",-0.000907400000000001
"211","ran211.hdr.61",-0.011466
"211","ran211.hdr.62",-0.0010964
"211","ran211.hdr.63",-0.0002284
"211","ran211.hdr.64",-0.000550699999999999
"211","ran211.hdr.65",0.0005755
"211","ran211.hdr.66",-0.0010621
"211","ran211.hdr.67",-0.00039478
"211","ran211.hdr.68",0.0000888
"211","ran211.hdr.69",-0.00056939
"211","ran211.hdr.7",-0.0004419
"211","ran211.hdr.70",-0.0015557
"211","ran211.hdr.71",-0.000949499999999999
"211","ran211.hdr.72",-0.0008768
"211","ran211.hdr.73",-0.000698500000000001
"211","ran211.hdr.74",0.00030567
"211","ran211.hdr.75",-0.000177710000000001
"211","ran211.hdr.76",-0.0014027
"211","ran211.hdr.77",-0.0025593
"211","ran211.hdr.78",-0.0014428
"211","ran211.hdr.8",0.0000567700000000011
"211","ran211.hdr.9",-0.0000870999999999997
"212","ran212.hdr.1",-0.000195000000000001
"212","ran212.hdr.10",-0.0037447
"212","ran212.hdr.11",-0.00168994
"212","ran212.hdr.12",-0.000409400000000001
"212","ran212.hdr.13",-0.000458999999999999
"212","ran212.hdr.14",-0.00066134
"212","ran212.hdr.15",-0.0000713600000000003
"212","ran212.hdr.16",-0.000198540000000001
"212","ran212.hdr.17",-0.000808199999999999
"212","ran212.hdr.18",0.0001871
"212","ran212.hdr.19",-0.000554099999999998
"212","ran212.hdr.2",-0.00020446
"212","ran212.hdr.20",-0.0000269599999999999
"212","ran212.hdr.21",-0.0008602
"212","ran212.hdr.22",-0.0003254
"212","ran212.hdr.23",-0.0014492
"212","ran212.hdr.24",0.00037177
"212","ran212.hdr.25",-0.0007723
"212","ran212.hdr.26",-0.00019075
"212","ran212.hdr.27",-0.0015104
"212","ran212.hdr.28",-0.000140850000000001
"212","ran212.hdr.29",0.0000814299999999995
"212","ran212.hdr.3",-0.000282899999999999
"212","ran212.hdr.30",0.000069399999999999
"212","ran212.hdr.31",-0.0007758
"212","ran212.hdr.32",0.0000670599999999999
"212","ran212.hdr.33",-0.0001828
"212","ran212.hdr.34",-0.0008168
"212","ran212.hdr.35",-0.000392100000000001
"212","ran212.hdr.36",-0.000788499999999999
"212","ran212.hdr.37",0.0002524
"212","ran212.hdr.38",-0.000306899999999999
"212","ran212.hdr.39",-0.0002384
"212","ran212.hdr.4",-0.00131489
"212","ran212.hdr.40",-0.0007551
"212","ran212.hdr.41",-0.0011215
"212","ran212.hdr.42",-0.0070307
"212","ran212.hdr.43",0.000295299999999998
"212","ran212.hdr.44",-0.000313399999999998
"212","ran212.hdr.45",-0.000408800000000001
"212","ran212.hdr.46",-0.000336299999999999
"212","ran212.hdr.47",0.0000892000000000011
"212","ran212.hdr.48",-0.0067332
"212","ran212.hdr.49",0.000027885
"212","ran212.hdr.5",-0.0032872
"212","ran212.hdr.50",0.000111692
"212","ran212.hdr.51",-0.0018136
"212","ran212.hdr.52",-0.0072374
"212","ran212.hdr.53",-0.000991599999999999
"212","ran212.hdr.54",-0.000175950000000001
"212","ran212.hdr.55",0.00019544
"212","ran212.hdr.56",-0.00011554
"212","ran212.hdr.57",NA
"212","ran212.hdr.58",-0.000586400000000001
"212","ran212.hdr.59",-0.0010767
"212","ran212.hdr.6",0.000152000000000003
"212","ran212.hdr.60",-0.0002933
"212","ran212.hdr.61",-0.00023275
"212","ran212.hdr.62",-0.000602269999999999
"212","ran212.hdr.63",-0.0068252
"212","ran212.hdr.64",-0.00274956
"212","ran212.hdr.65",-0.0012721
"212","ran212.hdr.66",-0.0012091
"212","ran212.hdr.67",-0.00045068
"212","ran212.hdr.68",-0.0010423
"212","ran212.hdr.69",-0.0000376999999999999
"212","ran212.hdr.7",-0.00017145
"212","ran212.hdr.70",0.000346899999999999
"212","ran212.hdr.71",-0.00203165
"212","ran212.hdr.72",-0.000112899999999999
"212","ran212.hdr.73",-0.000121900000000001
"212","ran212.hdr.74",-0.000369599999999999
"212","ran212.hdr.75",0.00003549
"212","ran212.hdr.76",-0.00118
"212","ran212.hdr.77",-0.000776900000000001
"212","ran212.hdr.78",-0.0015052
"212","ran212.hdr.8",-0.0013522
"212","ran212.hdr.9",-0.0013722
"213","ran213.hdr.1",-0.0004317
"213","ran213.hdr.10",-0.0038288
"213","ran213.hdr.11",-0.0005222
"213","ran213.hdr.12",-0.000979900000000001
"213","ran213.hdr.13",-0.00037472
"213","ran213.hdr.14",-0.0004419
"213","ran213.hdr.15",-0.0000151700000000001
"213","ran213.hdr.16",-0.000547299999999997
"213","ran213.hdr.17",-0.000359400000000001
"213","ran213.hdr.18",-0.000515700000000001
"213","ran213.hdr.19",-0.001482
"213","ran213.hdr.2",-0.0032872
"213","ran213.hdr.20",-0.002734
"213","ran213.hdr.21",-0.0007122
"213","ran213.hdr.22",-0.000533099999999998
"213","ran213.hdr.23",-0.000747600000000001
"213","ran213.hdr.24",-0.0010873
"213","ran213.hdr.25",-0.000458800000000001
"213","ran213.hdr.26",0.0000327000000000001
"213","ran213.hdr.27",0.0000946499999999999
"213","ran213.hdr.28",0.000397999999999999
"213","ran213.hdr.29",-0.000280899999999999
"213","ran213.hdr.3",-0.0016743
"213","ran213.hdr.30",-0.0058339
"213","ran213.hdr.31",0.000505200000000001
"213","ran213.hdr.32",-0.000300699999999999
"213","ran213.hdr.33",-0.00000849999999999983
"213","ran213.hdr.34",-0.000325600000000001
"213","ran213.hdr.35",-0.000481199999999999
"213","ran213.hdr.36",-0.0010616
"213","ran213.hdr.37",-0.0002384
"213","ran213.hdr.38",-0.000569999999999999
"213","ran213.hdr.39",0.0003897
"213","ran213.hdr.4",-0.0053867
"213","ran213.hdr.40",0.0001741
"213","ran213.hdr.41",-0.000846200000000002
"213","ran213.hdr.42",-0.000514700000000002
"213","ran213.hdr.43",-0.000034158
"213","ran213.hdr.44",-0.00074314
"213","ran213.hdr.45",-0.000691199999999999
"213","ran213.hdr.46",-0.00062953
"213","ran213.hdr.47",-0.000418910000000001
"213","ran213.hdr.48",0.00047045
"213","ran213.hdr.49",-0.000238039999999999
"213","ran213.hdr.5",-0.00012473
"213","ran213.hdr.50",-0.00018122
"213","ran213.hdr.51",-0.000313299999999999
"213","ran213.hdr.56",-0.000150500000000001
"213","ran213.hdr.57",0.00065872
"213","ran213.hdr.58",-0.0180869
"213","ran213.hdr.59",0.000313330000000001
"213","ran213.hdr.6",-0.0008313
"213","ran213.hdr.60",0.000607400000000001
"213","ran213.hdr.61",-0.0044594
"213","ran213.hdr.62",0.0009225
"213","ran213.hdr.63",-0.000320829999999999
"213","ran213.hdr.64",-0.0001875
"213","ran213.hdr.65",-0.000328449999999999
"213","ran213.hdr.66",-0.0004463
"213","ran213.hdr.67",-0.0023928
"213","ran213.hdr.68",-0.0039875
"213","ran213.hdr.69",-0.000290670000000001
"213","ran213.hdr.7",-0.000195999999999998
"213","ran213.hdr.70",0.0001677
"213","ran213.hdr.71",0.0003297
"213","ran213.hdr.72",0.0000255200000000002
"213","ran213.hdr.73",-0.000407100000000001
"213","ran213.hdr.74",-0.0009932
"213","ran213.hdr.75",-0.000039273
"213","ran213.hdr.76",-0.000694699999999999
"213","ran213.hdr.77",-0.0007951
"213","ran213.hdr.78",-0.000738050000000001
"213","ran213.hdr.8",-0.000704
"213","ran213.hdr.9",-0.0040521
"214","ran214.hdr.1",-0.000239700000000001
"214","ran214.hdr.10",0.000321200000000001
"214","ran214.hdr.11",-0.00018214
"214","ran214.hdr.12",-0.0000479999999999994
"214","ran214.hdr.13",0.000152999999999999
"214","ran214.hdr.14",-0.0016769
"214","ran214.hdr.15",-0.0006205
"214","ran214.hdr.16",-0.0007122
"214","ran214.hdr.17",-0.000718199999999999
"214","ran214.hdr.18",-0.000102600000000001
"214","ran214.hdr.19",-0.000556399999999999
"214","ran214.hdr.2",-0.0003713
"214","ran214.hdr.20",-0.000578999999999998
"214","ran214.hdr.21",-0.000554499999999999
"214","ran214.hdr.22",-0.0003534
"214","ran214.hdr.23",-0.000616499999999999
"214","ran214.hdr.24",-0.00026931
"214","ran214.hdr.25",0.00026201
"214","ran214.hdr.26",-0.0006546
"214","ran214.hdr.27",-0.0000663
"214","ran214.hdr.28",-0.0011713
"214","ran214.hdr.29",-0.0107692
"214","ran214.hdr.3",-0.0003254
"214","ran214.hdr.30",-0.0001799
"214","ran214.hdr.31",-0.0035614
"214","ran214.hdr.32",0.00000520000000000034
"214","ran214.hdr.33",-0.000348000000000001
"214","ran214.hdr.34",-0.00029141
"214","ran214.hdr.35",-0.000138870000000001
"214","ran214.hdr.36",-0.00025136
"214","ran214.hdr.37",-0.00029242
"214","ran214.hdr.38",-0.0000631999999999994
"214","ran214.hdr.39",-0.0001432
"214","ran214.hdr.4",-0.00032649
"214","ran214.hdr.40",-0.000135
"214","ran214.hdr.41",-0.0022893
"214","ran214.hdr.42",-0.000788499999999999
"214","ran214.hdr.43",-0.0000784999999999987
"214","ran214.hdr.44",0.0000540300000000001
"214","ran214.hdr.45",-0.0000572999999999997
"214","ran214.hdr.46",-0.000717699999999998
"214","ran214.hdr.47",-0.0007551
"214","ran214.hdr.48",-0.001739
"214","ran214.hdr.49",-0.0034509
"214","ran214.hdr.5",-0.000145270000000001
"214","ran214.hdr.50",-0.0039113
"214","ran214.hdr.51",0.0000920999999999995
"214","ran214.hdr.52",-0.000576500000000001
"214","ran214.hdr.53",-0.000334300000000001
"214","ran214.hdr.54",-0.00017032
"214","ran214.hdr.55",-0.00041977
"214","ran214.hdr.56",-0.00270844
"214","ran214.hdr.57",-0.002475
"214","ran214.hdr.58",-0.0007171
"214","ran214.hdr.59",-0.000764300000000002
"214","ran214.hdr.6",-0.000461899999999998
"214","ran214.hdr.60",-0.0011044
"214","ran214.hdr.61",-0.0046284
"214","ran214.hdr.62",-0.000193199999999999
"214","ran214.hdr.65",0.000209000000000001
"214","ran214.hdr.66",-0.0011067
"214","ran214.hdr.67",-0.0005466
"214","ran214.hdr.68",-0.0016226
"214","ran214.hdr.69",0.0000879000000000001
"214","ran214.hdr.7",-0.0004594
"214","ran214.hdr.70",-0.001084
"214","ran214.hdr.71",0.0001314
"214","ran214.hdr.72",-0.0016696
"214","ran214.hdr.73",-0.0037006
"214","ran214.hdr.74",-0.000401100000000001
"214","ran214.hdr.75",-0.00093906
"214","ran214.hdr.76",-0.000313999999999998
"214","ran214.hdr.77",-0.000179259999999999
"214","ran214.hdr.78",-0.000676700000000002
"214","ran214.hdr.8",-0.0000976999999999992
"214","ran214.hdr.9",-0.00085353
"215","ran215.hdr.1",-0.000621999999999998
"215","ran215.hdr.10",-0.0007343
"215","ran215.hdr.11",0.0000170000000000014
"215","ran215.hdr.12",-0.00036672
"215","ran215.hdr.13",-0.000527999999999999
"215","ran215.hdr.14",-0.000064207
"215","ran215.hdr.15",-0.0008164
"215","ran215.hdr.16",-0.000864889999999999
"215","ran215.hdr.17",-0.0004314
"215","ran215.hdr.18",-0.000257799999999999
"215","ran215.hdr.19",-0.0017312
"215","ran215.hdr.2",-0.0036577
"215","ran215.hdr.20",-0.0001443
"215","ran215.hdr.21",-0.0011594
"215","ran215.hdr.22",-0.0002137
"215","ran215.hdr.23",-0.0004121
"215","ran215.hdr.24",-0.00069048
"215","ran215.hdr.25",-0.00022865
"215","ran215.hdr.26",-0.00019777
"215","ran215.hdr.27",-0.001677
"215","ran215.hdr.28",-0.000709920000000001
"215","ran215.hdr.29",-0.00198339
"215","ran215.hdr.3",-0.0024878
"215","ran215.hdr.30",-0.0006827
"215","ran215.hdr.31",-0.000757799999999999
"215","ran215.hdr.32",0.000069399999999999
"215","ran215.hdr.33",-0.000803359999999999
"215","ran215.hdr.34",-0.0024974
"215","ran215.hdr.35",-0.0019089
"215","ran215.hdr.36",-0.00035637
"215","ran215.hdr.37",-0.0002614
"215","ran215.hdr.38",0.0002407
"215","ran215.hdr.39",-0.000574999999999999
"215","ran215.hdr.4",-0.0034598
"215","ran215.hdr.40",-0.000392100000000001
"215","ran215.hdr.41",0.0001175
"215","ran215.hdr.42",-0.0025436
"215","ran215.hdr.43",-0.0006786
"215","ran215.hdr.44",-0.00019346
"215","ran215.hdr.45",-0.000733699999999999
"215","ran215.hdr.46",-0.000819799999999999
"215","ran215.hdr.47",-0.0076935
"215","ran215.hdr.48",0.0013582
"215","ran215.hdr.49",-0.0071472
"215","ran215.hdr.5",0.000137799999999997
"215","ran215.hdr.50",-0.0015836
"215","ran215.hdr.51",-0.00074314
"215","ran215.hdr.52",-0.00041977
"215","ran215.hdr.53",-0.00077464
"215","ran215.hdr.54",-0.0144723
"215","ran215.hdr.55",-0.000270000000000001
"215","ran215.hdr.56",-0.0001524
"215","ran215.hdr.57",-0.0000584000000000001
"215","ran215.hdr.58",-0.000932299999999999
"215","ran215.hdr.59",0.00026023
"215","ran215.hdr.6",-0.00014336
"215","ran215.hdr.60",-0.000313299999999999
"215","ran215.hdr.61",-0.000602269999999999
"215","ran215.hdr.62",-0.0013104
"215","ran215.hdr.63",-0.000163490000000001
"215","ran215.hdr.64",-0.0180869
"215","ran215.hdr.65",-0.000808099999999999
"215","ran215.hdr.66",-0.0000850799999999995
"215","ran215.hdr.67",-0.00039478
"215","ran215.hdr.68",0.000066034
"215","ran215.hdr.69",-0.000836699999999999
"215","ran215.hdr.7",-0.000480399999999999
"215","ran215.hdr.70",-0.0011658
"215","ran215.hdr.71",-0.000607500000000002
"215","ran215.hdr.72",-0.000327399999999999
"215","ran215.hdr.73",0.00014573
"215","ran215.hdr.74",-0.0044168
"215","ran215.hdr.75",-0.0011988
"215","ran215.hdr.76",-0.000590700000000003
"215","ran215.hdr.77",-0.000586100000000003
"215","ran215.hdr.78",-0.000802599999999999
"215","ran215.hdr.8",-0.0000559100000000002
"215","ran215.hdr.9",-0.000194699999999999
"216","ran216.hdr.1",-0.0000554800000000001
"216","ran216.hdr.10",-0.000032131
"216","ran216.hdr.11",-0.000204939999999999
"216","ran216.hdr.12",-0.00010734
"216","ran216.hdr.13",-0.0004688
"216","ran216.hdr.14",-0.00018214
"216","ran216.hdr.15",0.000274100000000003
"216","ran216.hdr.16",-0.000416400000000001
"216","ran216.hdr.17",-0.0003742
"216","ran216.hdr.18",-0.00102123
"216","ran216.hdr.19",-0.0004314
"216","ran216.hdr.2",0.000367099999999999
"216","ran216.hdr.20",0.0001045
"216","ran216.hdr.21",-0.0009639
"216","ran216.hdr.22",-0.0011003
"216","ran216.hdr.23",-0.000498100000000001
"216","ran216.hdr.24",-0.000379999999999998
"216","ran216.hdr.25",-0.00020474
"216","ran216.hdr.26",-0.000747600000000001
"216","ran216.hdr.27",-0.000616499999999999
"216","ran216.hdr.28",-0.0004995
"216","ran216.hdr.29",-0.0014725
"216","ran216.hdr.3",-0.0017379
"216","ran216.hdr.30",-0.00000110000000000041
"216","ran216.hdr.31",-0.000143009999999999
"216","ran216.hdr.32",-0.0000333999999999994
"216","ran216.hdr.33",0.00004185
"216","ran216.hdr.34",0.0000578999999999996
"216","ran216.hdr.35",-0.000613500000000001
"216","ran216.hdr.36",0.000226500000000001
"216","ran216.hdr.37",0.0000946999999999996
"216","ran216.hdr.38",-0.0000319699999999992
"216","ran216.hdr.39",-0.000332000000000001
"216","ran216.hdr.4",-0.002932
"216","ran216.hdr.40",-0.000627829999999999
"216","ran216.hdr.41",-0.0010504
"216","ran216.hdr.42",-0.0013356
"216","ran216.hdr.43",-0.0021188
"216","ran216.hdr.44",-0.000419800000000001
"216","ran216.hdr.45",-0.000446100000000001
"216","ran216.hdr.46",-0.0010616
"216","ran216.hdr.47",-0.0001466
"216","ran216.hdr.48",-0.0005929
"216","ran216.hdr.49",-0.000026974
"216","ran216.hdr.5",-0.0056035
"216","ran216.hdr.50",0.000844299999999999
"216","ran216.hdr.51",-0.0010055
"216","ran216.hdr.52",-0.0024639
"216","ran216.hdr.53",-0.0005872
"216","ran216.hdr.54",0.000589950000000001
"216","ran216.hdr.55",0.000368500000000001
"216","ran216.hdr.56",0.00003232
"216","ran216.hdr.57",-0.00000727000000000019
"216","ran216.hdr.58",-0.000381660000000001
"216","ran216.hdr.59",0.00032157
"216","ran216.hdr.6",-0.000182679999999999
"216","ran216.hdr.60",-0.000313409999999999
"216","ran216.hdr.63",-0.000492100000000002
"216","ran216.hdr.64",-0.0001099
"216","ran216.hdr.65",0.000366500000000001
"216","ran216.hdr.66",0.000452299999999999
"216","ran216.hdr.67",-0.000556319999999999
"216","ran216.hdr.68",-0.0013718
"216","ran216.hdr.69",-0.00274956
"216","ran216.hdr.7",-0.000229759999999999
"216","ran216.hdr.70",-0.000485049999999999
"216","ran216.hdr.71",-0.0011892
"216","ran216.hdr.72",-0.000792399999999999
"216","ran216.hdr.73",0.0000832999999999997
"216","ran216.hdr.74",-0.000720800000000001
"216","ran216.hdr.75",-0.0006096
"216","ran216.hdr.76",-0.000220500000000002
"216","ran216.hdr.77",-0.0004975
"216","ran216.hdr.78",-0.0005872
"216","ran216.hdr.8",-0.0000637999999999993
"216","ran216.hdr.9",-0.000422980000000001
"217","ran217.hdr.1",-0.0010731
"217","ran217.hdr.10",-0.0000787700000000001
"217","ran217.hdr.11",-0.000701999999999999
"217","ran217.hdr.12",-0.0000330399999999998
"217","ran217.hdr.13",-0.000239100000000003
"217","ran217.hdr.14",-0.000414400000000001
"217","ran217.hdr.15",-0.0000844999999999995
"217","ran217.hdr.16",-0.000250199999999999
"217","ran217.hdr.17",-0.000341899999999999
"217","ran217.hdr.18",0.00016
"217","ran217.hdr.19",-0.0000559799999999997
"217","ran217.hdr.2",-0.0026658
"217","ran217.hdr.20",-0.0000559699999999998
"217","ran217.hdr.21",-0.00049628
"217","ran217.hdr.22",-0.000881099999999999
"217","ran217.hdr.23",-0.0000309000000000004
"217","ran217.hdr.24",-0.000377500000000001
"217","ran217.hdr.25",-0.000565900000000001
"217","ran217.hdr.26",-0.000556399999999999
"217","ran217.hdr.27",-0.000256040000000001
"217","ran217.hdr.28",-0.000288910000000001
"217","ran217.hdr.29",-0.0016281
"217","ran217.hdr.3",-0.000149890000000001
"217","ran217.hdr.30",0.000397999999999999
"217","ran217.hdr.31",-0.00010709
"217","ran217.hdr.32",-0.000143009999999999
"217","ran217.hdr.33",-0.000413999999999999
"217","ran217.hdr.34",-0.00035023
"217","ran217.hdr.35",-0.0028198
"217","ran217.hdr.36",-0.000709920000000001
"217","ran217.hdr.37",-0.000830900000000002
"217","ran217.hdr.38",-0.000548
"217","ran217.hdr.39",0.0000578999999999996
"217","ran217.hdr.4",-0.0025737
"217","ran217.hdr.40",-0.00015702
"217","ran217.hdr.41",-0.00015777
"217","ran217.hdr.42",-0.000505799999999999
"217","ran217.hdr.43",-0.000152899999999999
"217","ran217.hdr.44",-0.000522599999999998
"217","ran217.hdr.45",-0.000252700000000002
"217","ran217.hdr.46",-0.000752999999999998
"217","ran217.hdr.47",-0.000189699999999999
"217","ran217.hdr.48",0.000763799999999999
"217","ran217.hdr.49",-0.000437399999999998
"217","ran217.hdr.5",-0.0026296
"217","ran217.hdr.50",-0.00029094
"217","ran217.hdr.51",-0.0035095
"217","ran217.hdr.52",-0.0009668
"217","ran217.hdr.53",-0.0004831
"217","ran217.hdr.54",-0.0000835000000000002
"217","ran217.hdr.55",0.000452299999999999
"217","ran217.hdr.56",-0.0001548
"217","ran217.hdr.57",-0.000477
"217","ran217.hdr.58",0.000404499999999999
"217","ran217.hdr.59",-0.00018396
"217","ran217.hdr.6",-0.0030528
"217","ran217.hdr.60",-0.000535400000000002
"217","ran217.hdr.61",-0.000959399999999999
"217","ran217.hdr.62",-0.0010501
"217","ran217.hdr.63",0.0000194084
"217","ran217.hdr.64",-0.000266830000000001
"217","ran217.hdr.65",-0.000581100000000001
"217","ran217.hdr.66",-0.000164200000000001
"217","ran217.hdr.67",0.000122430000000001
"217","ran217.hdr.68",-0.0068051
"217","ran217.hdr.69",-0.0000376999999999999
"217","ran217.hdr.7",-0.0044797
"217","ran217.hdr.70",-0.0000952000000000001
"217","ran217.hdr.71",-0.0000695000000000001
"217","ran217.hdr.72",-0.000401100000000001
"217","ran217.hdr.73",NA
"217","ran217.hdr.74",-0.000955899999999999
"217","ran217.hdr.75",-0.000630200000000001
"217","ran217.hdr.76",-0.000126299999999999
"217","ran217.hdr.77",-0.0003579
"217","ran217.hdr.78",-0.00193094
"217","ran217.hdr.8",-0.000381399999999999
"217","ran217.hdr.9",-0.000979900000000001
"218","ran218.hdr.1",-0.0002678
"218","ran218.hdr.10",-0.0008751
"218","ran218.hdr.11",-0.00062684
"218","ran218.hdr.12",-0.0002397
"218","ran218.hdr.13",-0.000785500000000001
"218","ran218.hdr.14",-0.0005968
"218","ran218.hdr.15",-0.000657
"218","ran218.hdr.16",-0.0018782
"218","ran218.hdr.17",-0.00102123
"218","ran218.hdr.18",-0.0012819
"218","ran218.hdr.19",-0.000581999999999999
"218","ran218.hdr.2",0.0000496999999999997
"218","ran218.hdr.20",-0.001596
"218","ran218.hdr.21",-0.000288400000000001
"218","ran218.hdr.22",-0.0014586
"218","ran218.hdr.23",-0.000379400000000002
"218","ran218.hdr.24",-0.000256040000000001
"218","ran218.hdr.25",-0.0005906
"218","ran218.hdr.26",-0.00026931
"218","ran218.hdr.27",-0.0025725
"218","ran218.hdr.28",-0.0004388
"218","ran218.hdr.29",-0.00026379
"218","ran218.hdr.3",0.00000720000000000061
"218","ran218.hdr.30",-0.0001311
"218","ran218.hdr.31",-0.00010144
"218","ran218.hdr.32",-0.00213336
"218","ran218.hdr.33",-0.00029141
"218","ran218.hdr.34",-0.000830900000000002
"218","ran218.hdr.35",0.000654499999999999
"218","ran218.hdr.36",-0.000687
"218","ran218.hdr.37",0.000022900000000001
"218","ran218.hdr.38",-0.000390949999999999
"218","ran218.hdr.39",-0.0013621
"218","ran218.hdr.4",-0.0045035
"218","ran218.hdr.40",-0.000463499999999999
"218","ran218.hdr.41",0.0000553400000000001
"218","ran218.hdr.42",-0.000491499999999999
"218","ran218.hdr.43",0.000493
"218","ran218.hdr.44",-0.0013524
"218","ran218.hdr.45",-0.0022116
"218","ran218.hdr.46",-0.0010275
"218","ran218.hdr.47",-0.000720500000000002
"218","ran218.hdr.48",-0.000207300000000001
"218","ran218.hdr.49",-0.000707100000000002
"218","ran218.hdr.5",-0.00044229
"218","ran218.hdr.50",-0.00018774
"218","ran218.hdr.51",-0.0025436
"218","ran218.hdr.52",-0.000752999999999998
"218","ran218.hdr.53",-0.00216925
"218","ran218.hdr.54",0.000136669
"218","ran218.hdr.55",0.00019344
"218","ran218.hdr.56",-0.00057312
"218","ran218.hdr.57",0.00004863
"218","ran218.hdr.58",-0.00004207
"218","ran218.hdr.59",-0.0018136
"218","ran218.hdr.6",0.0000285900000000002
"218","ran218.hdr.60",-0.0010398
"218","ran218.hdr.61",-0.000821700000000002
"218","ran218.hdr.62",-0.0034143
"218","ran218.hdr.63",-0.000212240000000001
"218","ran218.hdr.64",-0.000510450000000001
"218","ran218.hdr.65",-0.00012336
"218","ran218.hdr.66",-0.00000102000000000088
"218","ran218.hdr.67",-0.000118309
"218","ran218.hdr.68",-0.000362299999999999
"218","ran218.hdr.69",0.0000186600000000002
"218","ran218.hdr.7",-0.00031262
"218","ran218.hdr.70",-0.000972200000000003
"218","ran218.hdr.71",-0.000907400000000001
"218","ran218.hdr.72",0.000211899999999999
"218","ran218.hdr.73",-0.000735300000000001
"218","ran218.hdr.74",-0.0006094
"218","ran218.hdr.75",-0.0000717600000000001
"218","ran218.hdr.76",-0.000458999999999998
"218","ran218.hdr.77",-0.000358600000000001
"218","ran218.hdr.78",-0.000535300000000002
"218","ran218.hdr.8",-0.000393299999999999
"218","ran218.hdr.9",-0.0004092
"219","ran219.hdr.1",-0.0018301
"219","ran219.hdr.10",-0.0000630100000000001
"219","ran219.hdr.11",NA
"219","ran219.hdr.12",0.000157600000000001
"219","ran219.hdr.13",-0.00036672
"219","ran219.hdr.14",0.000597690000000001
"219","ran219.hdr.15",-0.00032687
"219","ran219.hdr.16",-0.00016964
"219","ran219.hdr.17",-0.000799000000000001
"219","ran219.hdr.18",0.000203450000000001
"219","ran219.hdr.19",-0.0010564
"219","ran219.hdr.2",0.0011551
"219","ran219.hdr.20",-0.0017674
"219","ran219.hdr.21",-0.000948300000000003
"219","ran219.hdr.22",-0.0007775
"219","ran219.hdr.23",-0.0001443
"219","ran219.hdr.24",-0.0024132
"219","ran219.hdr.25",-0.0024928
"219","ran219.hdr.26",-0.002999
"219","ran219.hdr.27",-0.00020663
"219","ran219.hdr.28",-0.0016027
"219","ran219.hdr.29",-0.000336700000000001
"219","ran219.hdr.3",-0.0037976
"219","ran219.hdr.30",-0.00026379
"219","ran219.hdr.31",-0.000541900000000001
"219","ran219.hdr.32",-0.0011074
"219","ran219.hdr.33",0.0002967
"219","ran219.hdr.34",-0.0010877
"219","ran219.hdr.35",-0.0000137999999999978
"219","ran219.hdr.36",-0.00510713
"219","ran219.hdr.37",-0.000413299999999998
"219","ran219.hdr.38",-0.000104399999999999
"219","ran219.hdr.39",-0.000731600000000002
"219","ran219.hdr.4",-0.01685291
"219","ran219.hdr.40",-0.00028523
"219","ran219.hdr.41",-0.000423400000000001
"219","ran219.hdr.42",-0.000574999999999999
"219","ran219.hdr.43",0.0000553400000000001
"219","ran219.hdr.44",-0.0017019
"219","ran219.hdr.45",-0.0013524
"219","ran219.hdr.46",-0.000291899999999999
"219","ran219.hdr.47",-0.0014925
"219","ran219.hdr.48",-0.0002392
"219","ran219.hdr.49",0.00025177
"219","ran219.hdr.5",-0.0043162
"219","ran219.hdr.50",0.000295299999999998
"219","ran219.hdr.51",-0.000988299999999998
"219","ran219.hdr.52",-0.0010055
"219","ran219.hdr.53",-0.000436799999999998
"219","ran219.hdr.54",-0.000136669999999998
"219","ran219.hdr.55",-0.0000128000000000003
"219","ran219.hdr.56",-0.000133000000000001
"219","ran219.hdr.57",-0.0000717600000000006
"219","ran219.hdr.58",-0.0016606
"219","ran219.hdr.59",-0.00029187
"219","ran219.hdr.6",-0.0037658
"219","ran219.hdr.60",-0.000564
"219","ran219.hdr.61",-0.000510450000000001
"219","ran219.hdr.62",-0.000643990000000001
"219","ran219.hdr.63",0.0000326900000000001
"219","ran219.hdr.64",-0.0011511
"219","ran219.hdr.65",-0.0005941
"219","ran219.hdr.66",-0.0005504
"219","ran219.hdr.67",-0.000226000000000001
"219","ran219.hdr.68",-0.0015961
"219","ran219.hdr.69",0.000346899999999999
"219","ran219.hdr.7",-0.00033059
"219","ran219.hdr.70",-0.0010023
"219","ran219.hdr.71",0.0000233799999999999
"219","ran219.hdr.72",-0.0016673
"219","ran219.hdr.73",-0.00020918
"219","ran219.hdr.74",-0.0005535
"219","ran219.hdr.75",-0.0010139
"219","ran219.hdr.76",-0.0014428
"219","ran219.hdr.77",-0.0016978
"219","ran219.hdr.78",-0.0003186
"219","ran219.hdr.8",-0.0000411000000000005
"219","ran219.hdr.9",-0.000119528
"220","ran220.hdr.1",-0.0001598
"220","ran220.hdr.10",-0.000988359999999999
"220","ran220.hdr.11",-0.0010992
"220","ran220.hdr.12",0.0000156799999999997
"220","ran220.hdr.13",-0.000657
"220","ran220.hdr.14",-0.000397499999999999
"220","ran220.hdr.15",-0.0000643999999999992
"220","ran220.hdr.16",-0.0012963
"220","ran220.hdr.17",0.000240199999999999
"220","ran220.hdr.18",-0.000747600000000001
"220","ran220.hdr.19",0.000165219999999999
"220","ran220.hdr.2",-0.000481700000000002
"220","ran220.hdr.20",-0.000336700000000001
"220","ran220.hdr.21",-0.000280899999999999
"220","ran220.hdr.22",-0.000243760000000001
"220","ran220.hdr.23",-0.0001764
"220","ran220.hdr.24",-0.00041873
"220","ran220.hdr.25",-0.0012737
"220","ran220.hdr.26",-0.0018031
"220","ran220.hdr.27",-0.0000865999999999992
"220","ran220.hdr.28",-0.0015516
"220","ran220.hdr.29",-0.0035614
"220","ran220.hdr.3",-0.0008533
"220","ran220.hdr.30",0.000114
"220","ran220.hdr.31",0.000150900000000001
"220","ran220.hdr.32",-0.0006306
"220","ran220.hdr.33",-0.00007864
"220","ran220.hdr.34",-0.0006827
"220","ran220.hdr.35",-0.000136210000000001
"220","ran220.hdr.36",-0.000469799999999999
"220","ran220.hdr.37",-0.0002538
"220","ran220.hdr.38",-0.0011
"220","ran220.hdr.39",-0.000202600000000001
"220","ran220.hdr.4",-0.00056552
"220","ran220.hdr.40",-0.000419800000000001
"220","ran220.hdr.41",-0.000720500000000002
"220","ran220.hdr.42",0.00004965
"220","ran220.hdr.43",-0.00019346
"220","ran220.hdr.44",-0.0000446000000000005
"220","ran220.hdr.45",-0.0011215
"220","ran220.hdr.46",0.00066033
"220","ran220.hdr.47",0.0000839000000000013
"220","ran220.hdr.48",-0.000693600000000001
"220","ran220.hdr.49",-0.000336299999999999
"220","ran220.hdr.5",-0.000236699999999999
"220","ran220.hdr.50",-0.000924000000000001
"220","ran220.hdr.51",-0.0012528
"220","ran220.hdr.52",0.00035821
"220","ran220.hdr.53",-0.000764300000000002
"220","ran220.hdr.54",-0.00045368
"220","ran220.hdr.55",-0.00037772
"220","ran220.hdr.56",0.0000521000000000002
"220","ran220.hdr.58",-0.000455400000000002
"220","ran220.hdr.59",-0.0010347
"220","ran220.hdr.6",-0.000547299999999997
"220","ran220.hdr.60",-0.00574057
"220","ran220.hdr.61",-0.0003154
"220","ran220.hdr.62",-0.001971
"220","ran220.hdr.63",-0.0017369
"220","ran220.hdr.64",-0.0005466
"220","ran220.hdr.65",-0.000735300000000001
"220","ran220.hdr.66",-0.0017715
"220","ran220.hdr.67",-0.000190900000000001
"220","ran220.hdr.68",-0.000889800000000001
"220","ran220.hdr.69",-0.0001172
"220","ran220.hdr.7",-0.00030367
"220","ran220.hdr.70",-0.000386900000000003
"220","ran220.hdr.71",0.0001838
"220","ran220.hdr.72",0.00013489
"220","ran220.hdr.73",-0.0005561
"220","ran220.hdr.74",-0.0017992
"220","ran220.hdr.75",-0.000348569999999999
"220","ran220.hdr.76",-0.000806600000000001
"220","ran220.hdr.77",-0.000584000000000001
"220","ran220.hdr.78",-0.0005602
"220","ran220.hdr.8",-0.0008751
"220","ran220.hdr.9",0.00016
"221","ran221.hdr.1",-0.0004633
"221","ran221.hdr.10",-0.000032131
"221","ran221.hdr.11",-0.0015953
"221","ran221.hdr.12",-0.00018784
"221","ran221.hdr.13",-0.0008879
"221","ran221.hdr.14",-0.000300809999999999
"221","ran221.hdr.15",-0.00017451
"221","ran221.hdr.16",-0.0011386
"221","ran221.hdr.17",-0.000113727
"221","ran221.hdr.18",0.0002985
"221","ran221.hdr.19",-0.000912500000000002
"221","ran221.hdr.2",-0.000740699999999999
"221","ran221.hdr.20",-0.0024928
"221","ran221.hdr.21",-0.0007746
"221","ran221.hdr.22",-0.0025725
"221","ran221.hdr.23",-0.000582599999999999
"221","ran221.hdr.24",-0.00034293
"221","ran221.hdr.25",-0.000267669999999999
"221","ran221.hdr.26",0.00031847
"221","ran221.hdr.27",-0.0076907
"221","ran221.hdr.28",-0.0004233
"221","ran221.hdr.29",-0.0018392
"221","ran221.hdr.3",-0.000310999999999999
"221","ran221.hdr.30",-0.0002611
"221","ran221.hdr.31",-0.000469900000000001
"221","ran221.hdr.32",-0.0013224
"221","ran221.hdr.33",0.000148899999999999
"221","ran221.hdr.34",-0.00023755
"221","ran221.hdr.35",-0.000287379999999999
"221","ran221.hdr.36",-0.0000142300000000005
"221","ran221.hdr.37",-0.0002734
"221","ran221.hdr.38",-0.00011013
"221","ran221.hdr.39",-0.0001543
"221","ran221.hdr.4",-0.000296900000000001
"221","ran221.hdr.40",0.00011464
"221","ran221.hdr.41",-0.0014027
"221","ran221.hdr.42",-0.000584600000000001
"221","ran221.hdr.43",-0.000565699999999999
"221","ran221.hdr.44",-0.000831100000000001
"221","ran221.hdr.45",-0.000189699999999999
"221","ran221.hdr.46",-0.000733699999999999
"221","ran221.hdr.47",-0.0011914
"221","ran221.hdr.48",-0.0073875
"221","ran221.hdr.49",0.0006616
"221","ran221.hdr.5",-0.000225299999999998
"221","ran221.hdr.50",-0.000315939999999999
"221","ran221.hdr.51",0.0000367900000000001
"221","ran221.hdr.52",-0.0017208
"221","ran221.hdr.53",-0.000238039999999999
"221","ran221.hdr.54",-0.0011044
"221","ran221.hdr.55",-0.000421599999999999
"221","ran221.hdr.56",-0.000787200000000002
"221","ran221.hdr.57",-0.000588982
"221","ran221.hdr.58",-0.0004551
"221","ran221.hdr.59",-0.000984199999999998
"221","ran221.hdr.6",-0.0049685
"221","ran221.hdr.60",-0.000639499999999998
"221","ran221.hdr.61",-0.0011885
"221","ran221.hdr.62",0.00011186
"221","ran221.hdr.63",-0.0013776
"221","ran221.hdr.64",-0.0011892
"221","ran221.hdr.65",-0.0000107999999999983
"221","ran221.hdr.66",-0.0037906
"221","ran221.hdr.67",-0.00006251
"221","ran221.hdr.68",0.000405529999999999
"221","ran221.hdr.69",-0.0001461
"221","ran221.hdr.7",-0.0054452
"221","ran221.hdr.70",-0.000949499999999999
"221","ran221.hdr.71",-0.0024365
"221","ran221.hdr.72",-0.0011873
"221","ran221.hdr.73",-0.0020513
"221","ran221.hdr.74",-0.00288578
"221","ran221.hdr.75",-0.000373699999999999
"221","ran221.hdr.76",-0.0004317
"221","ran221.hdr.77",-0.0005872
"221","ran221.hdr.78",-0.000802599999999999
"221","ran221.hdr.8",-0.0051096
"221","ran221.hdr.9",-0.0043162
"222","ran222.hdr.1",0.000214480000000001
"222","ran222.hdr.10",-0.000482460000000001
"222","ran222.hdr.11",-0.0001391
"222","ran222.hdr.12",-0.000534900000000001
"222","ran222.hdr.13",0.000269500000000001
"222","ran222.hdr.14",-0.00038553
"222","ran222.hdr.15",-0.0000979900000000001
"222","ran222.hdr.16",-0.0005673
"222","ran222.hdr.17",-0.0003499
"222","ran222.hdr.18",-0.0002775
"222","ran222.hdr.19",-0.000651099999999998
"222","ran222.hdr.2",-0.00124593
"222","ran222.hdr.20",-0.000369699999999999
"222","ran222.hdr.21",-0.00020939
"222","ran222.hdr.22",-0.0003254
"222","ran222.hdr.23",-0.000433899999999997
"222","ran222.hdr.24",-0.0000858199999999995
"222","ran222.hdr.25",-0.000429799999999999
"222","ran222.hdr.26",-0.0019493
"222","ran222.hdr.27",-0.00029554
"222","ran222.hdr.28",-0.00022865
"222","ran222.hdr.29",-0.000310299999999999
"222","ran222.hdr.3",-0.0008068
"222","ran222.hdr.30",-0.002134
"222","ran222.hdr.31",-0.000216899999999999
"222","ran222.hdr.32",-0.01715588
"222","ran222.hdr.33",-0.000687
"222","ran222.hdr.34",-0.0012739
"222","ran222.hdr.35",-0.0002094
"222","ran222.hdr.36",-0.0011277
"222","ran222.hdr.37",-0.000583800000000001
"222","ran222.hdr.38",-0.0002126
"222","ran222.hdr.39",0.0000540300000000001
"222","ran222.hdr.4",-0.0053473
"222","ran222.hdr.40",0.0000184916
"222","ran222.hdr.41",-0.000737000000000002
"222","ran222.hdr.42",0.000155499999999999
"222","ran222.hdr.43",0.000295299999999998
"222","ran222.hdr.44",-0.000522499999999999
"222","ran222.hdr.45",-0.002897
"222","ran222.hdr.46",-0.00119342
"222","ran222.hdr.47",-0.0002729
"222","ran222.hdr.48",-0.0000673000000000028
"222","ran222.hdr.49",-0.000837099999999999
"222","ran222.hdr.5",-0.0044934
"222","ran222.hdr.50",-0.00026183
"222","ran222.hdr.51",0.000195099999999998
"222","ran222.hdr.52",NA
"222","ran222.hdr.53",-0.000578199999999999
"222","ran222.hdr.54",-0.0000788000000000004
"222","ran222.hdr.55",-0.000588982
"222","ran222.hdr.56",-0.000304
"222","ran222.hdr.57",0.0000455999999999998
"222","ran222.hdr.58",-0.000788199999999999
"222","ran222.hdr.59",-0.000406799999999999
"222","ran222.hdr.6",-0.000236699999999999
"222","ran222.hdr.60",-0.000763170000000001
"222","ran222.hdr.61",0.00054852
"222","ran222.hdr.62",-0.0011268
"222","ran222.hdr.63",-0.00104738
"222","ran222.hdr.64",-0.0044594
"222","ran222.hdr.65",-0.0000853
"222","ran222.hdr.66",-0.00040548
"222","ran222.hdr.67",-0.00006251
"222","ran222.hdr.68",-0.000258989999999999
"222","ran222.hdr.69",0.000151800000000001
"222","ran222.hdr.7",-0.000979900000000001
"222","ran222.hdr.70",-0.0006002
"222","ran222.hdr.71",-0.000590700000000003
"222","ran222.hdr.72",0.000326549999999999
"222","ran222.hdr.73",-0.0020758
"222","ran222.hdr.74",-0.000457200000000001
"222","ran222.hdr.75",-0.0064447
"222","ran222.hdr.76",-0.0014428
"222","ran222.hdr.77",-0.00021593
"222","ran222.hdr.78",-0.000289600000000001
"222","ran222.hdr.8",-0.00093515
"222","ran222.hdr.9",-0.00024783
"223","ran223.hdr.1",-0.0004633
"223","ran223.hdr.10",0.000380419999999999
"223","ran223.hdr.11",-0.0000411000000000005
"223","ran223.hdr.12",-0.0000370000000000006
"223","ran223.hdr.13",-0.000292249999999999
"223","ran223.hdr.14",-0.00019689
"223","ran223.hdr.15",-0.000725689999999999
"223","ran223.hdr.16",-0.00037651
"223","ran223.hdr.17",-0.000320800000000001
"223","ran223.hdr.18",-0.000516000000000001
"223","ran223.hdr.19",-0.000350699999999999
"223","ran223.hdr.2",-0.000451700000000001
"223","ran223.hdr.20",-0.000220930000000001
"223","ran223.hdr.21",NA
"223","ran223.hdr.22",-0.0013108
"223","ran223.hdr.23",-0.0017674
"223","ran223.hdr.24",-0.0005666
"223","ran223.hdr.25",-0.0005906
"223","ran223.hdr.26",0.00018759
"223","ran223.hdr.27",-0.0000960500000000003
"223","ran223.hdr.28",0.0001549743
"223","ran223.hdr.29",0.0000222
"223","ran223.hdr.3",-0.0024371
"223","ran223.hdr.30",-0.00001505
"223","ran223.hdr.31",-0.0006201
"223","ran223.hdr.32",0.0001235
"223","ran223.hdr.33",-0.000759340000000001
"223","ran223.hdr.34",-0.0006008
"223","ran223.hdr.35",-0.000166349999999999
"223","ran223.hdr.36",0.00051959
"223","ran223.hdr.37",-0.00032424
"223","ran223.hdr.38",0.000128130000000001
"223","ran223.hdr.39",-0.00024853
"223","ran223.hdr.4",-0.0026658
"223","ran223.hdr.40",-0.0012418
"223","ran223.hdr.41",-0.0013637
"223","ran223.hdr.42",0.000159400000000001
"223","ran223.hdr.43",-0.000327999999999998
"223","ran223.hdr.44",-0.000344299999999999
"223","ran223.hdr.45",-0.0030608
"223","ran223.hdr.46",-0.0000747000000000005
"223","ran223.hdr.47",-0.0019089
"223","ran223.hdr.48",0.000381299999999999
"223","ran223.hdr.49",0.0000377199999999998
"223","ran223.hdr.5",-0.0020795
"223","ran223.hdr.50",-0.0008168
"223","ran223.hdr.51",-0.0014027
"223","ran223.hdr.52",-0.000530699999999999
"223","ran223.hdr.53",-0.00002191
"223","ran223.hdr.54",-0.0002267
"223","ran223.hdr.55",-0.0000446000000000005
"223","ran223.hdr.56",0.000590500000000001
"223","ran223.hdr.57",-0.0017799
"223","ran223.hdr.58",0.0003682
"223","ran223.hdr.59",-0.000436799999999998
"223","ran223.hdr.6",-0.00246744
"223","ran223.hdr.60",-0.0009605
"223","ran223.hdr.61",-0.0000753999999999998
"223","ran223.hdr.62",0.00029457
"223","ran223.hdr.64",-0.000588982
"223","ran223.hdr.65",-0.0011268
"223","ran223.hdr.66",-0.000350800000000002
"223","ran223.hdr.67",-0.0005679
"223","ran223.hdr.68",0.0000446999999999999
"223","ran223.hdr.69",-0.0003382
"223","ran223.hdr.7",-0.0056035
"223","ran223.hdr.70",-0.0019411
"223","ran223.hdr.71",-0.0000376999999999999
"223","ran223.hdr.72",-0.000674876
"223","ran223.hdr.73",-0.0028229
"223","ran223.hdr.74",-0.0012556
"223","ran223.hdr.75",-0.0000532100000000015
"223","ran223.hdr.76",0.0000390000000000008
"223","ran223.hdr.77",-0.000228699999999998
"223","ran223.hdr.78",-0.0011679
"223","ran223.hdr.8",-0.00044199
"223","ran223.hdr.9",-0.00011691
"224","ran224.hdr.1",-0.000175400000000001
"224","ran224.hdr.10",0.0000789059999999999
"224","ran224.hdr.11",-0.000681099999999999
"224","ran224.hdr.12",-0.000679800000000001
"224","ran224.hdr.13",-0.0010879
"224","ran224.hdr.14",-0.0000979900000000001
"224","ran224.hdr.15",0.000240457
"224","ran224.hdr.16",-0.000121930000000001
"224","ran224.hdr.17",-0.0012923
"224","ran224.hdr.18",-0.0010439
"224","ran224.hdr.19",-0.0013259
"224","ran224.hdr.2",-0.000282899999999999
"224","ran224.hdr.20",-0.00032068
"224","ran224.hdr.21",-0.0084394
"224","ran224.hdr.22",-0.0006865
"224","ran224.hdr.23",-0.0000182699999999991
"224","ran224.hdr.24",-0.0006008
"224","ran224.hdr.25",-0.0000683000000000003
"224","ran224.hdr.26",-0.00044134
"224","ran224.hdr.27",-0.00024082
"224","ran224.hdr.28",-0.000420199999999999
"224","ran224.hdr.29",-0.0000663
"224","ran224.hdr.3",0.0000850999999999977
"224","ran224.hdr.30",0.0000364599999999994
"224","ran224.hdr.31",-0.000297
"224","ran224.hdr.32",-0.000712399999999998
"224","ran224.hdr.33",0.000265399999999999
"224","ran224.hdr.34",-0.0000245000000000002
"224","ran224.hdr.35",-0.000504299999999999
"224","ran224.hdr.36",-0.000332000000000001
"224","ran224.hdr.37",-0.000135
"224","ran224.hdr.38",-0.000830000000000001
"224","ran224.hdr.39",-0.000316800000000001
"224","ran224.hdr.4",-0.0011092
"224","ran224.hdr.40",-0.000499899999999998
"224","ran224.hdr.41",-0.0001262
"224","ran224.hdr.42",-0.0011563
"224","ran224.hdr.43",-0.0013738
"224","ran224.hdr.44",0.0003126
"224","ran224.hdr.45",-0.0011887
"224","ran224.hdr.46",-0.0014016
"224","ran224.hdr.47",-0.000551100000000002
"224","ran224.hdr.48",-0.0010055
"224","ran224.hdr.49",0.0000839000000000013
"224","ran224.hdr.5",-0.0012446
"224","ran224.hdr.50",-0.0024639
"224","ran224.hdr.51",-0.000670899999999999
"224","ran224.hdr.52",-0.00031891
"224","ran224.hdr.53",-0.00037772
"224","ran224.hdr.54",-0.00003125
"224","ran224.hdr.55",-0.00048754
"224","ran224.hdr.56",-0.00073559
"224","ran224.hdr.58",-0.0000546999999999995
"224","ran224.hdr.59",-0.0004551
"224","ran224.hdr.6",-0.000290820000000001
"224","ran224.hdr.60",-0.0012438
"224","ran224.hdr.61",0.0005106
"224","ran224.hdr.62",-0.000324099999999999
"224","ran224.hdr.63",-0.00017847
"224","ran224.hdr.64",-0.000485049999999999
"224","ran224.hdr.65",-0.0011074
"224","ran224.hdr.66",-0.0016152
"224","ran224.hdr.67",-0.000315199999999998
"224","ran224.hdr.68",-0.0000376999999999999
"224","ran224.hdr.69",0.0000759199999999993
"224","ran224.hdr.7",-0.0003935
"224","ran224.hdr.70",-0.000168699999999999
"224","ran224.hdr.71",-0.0002275
"224","ran224.hdr.72",-0.000228
"224","ran224.hdr.73",-0.000955899999999999
"224","ran224.hdr.74",-0.0014151
"224","ran224.hdr.75",-0.0036095
"224","ran224.hdr.76",-0.0013232
"224","ran224.hdr.77",-0.00096858
"224","ran224.hdr.78",-0.000692410000000001
"224","ran224.hdr.8",0.00026852
"224","ran224.hdr.9",-0.00163709
"225","ran225.hdr.1",-0.0056035
"225","ran225.hdr.10",-0.000824699999999999
"225","ran225.hdr.11",-0.0000692999999999996
"225","ran225.hdr.12",-0.00071959
"225","ran225.hdr.13",-0.0000854700000000007
"225","ran225.hdr.14",-0.0011929
"225","ran225.hdr.15",-0.000136260000000001
"225","ran225.hdr.16",-0.000727600000000002
"225","ran225.hdr.17",-0.0012188
"225","ran225.hdr.18",-0.001862
"225","ran225.hdr.19",-0.0003961
"225","ran225.hdr.2",0.0000423999999999997
"225","ran225.hdr.20",-0.00158129
"225","ran225.hdr.21",-0.0013895
"225","ran225.hdr.22",-0.0001443
"225","ran225.hdr.23",-0.0004445
"225","ran225.hdr.24",-0.00084943
"225","ran225.hdr.25",-0.00018809
"225","ran225.hdr.26",-0.000413999999999999
"225","ran225.hdr.27",-0.00045666
"225","ran225.hdr.28",-0.000803500000000002
"225","ran225.hdr.29",-0.00000899999999999859
"225","ran225.hdr.3",-0.000145270000000001
"225","ran225.hdr.30",-0.0010666
"225","ran225.hdr.31",-0.000757799999999999
"225","ran225.hdr.32",0.0000463000000000009
"225","ran225.hdr.33",-0.000390949999999999
"225","ran225.hdr.34",-0.000214700000000002
"225","ran225.hdr.35",-0.0000485800000000003
"225","ran225.hdr.36",-0.00018774
"225","ran225.hdr.37",0.000103900000000001
"225","ran225.hdr.38",-0.000717699999999998
"225","ran225.hdr.39",-0.001739
"225","ran225.hdr.4",-0.000130499999999999
"225","ran225.hdr.40",0.000410000000000001
"225","ran225.hdr.41",-0.0000258999999999988
"225","ran225.hdr.42",-0.000917300000000001
"225","ran225.hdr.43",-0.0010055
"225","ran225.hdr.44",0.0000712999999999998
"225","ran225.hdr.45",-0.0008558
"225","ran225.hdr.46",-0.00074314
"225","ran225.hdr.47",0.0000506700000000001
"225","ran225.hdr.48",-0.000282899999999999
"225","ran225.hdr.49",-0.00027166
"225","ran225.hdr.5",-0.00037472
"225","ran225.hdr.50",-0.0047786
"225","ran225.hdr.51",0.0000691835
"225","ran225.hdr.52",-0.0000584000000000001
"225","ran225.hdr.53",0.0000862500000000004
"225","ran225.hdr.54",0.000139
"225","ran225.hdr.55",-0.00026482
"225","ran225.hdr.57",-0.00017852
"225","ran225.hdr.58",0.0000255384
"225","ran225.hdr.59",-0.0000914999999999996
"225","ran225.hdr.6",-0.0000849000000000006
"225","ran225.hdr.60",0.000172299999999998
"225","ran225.hdr.61",-0.000934999999999998
"225","ran225.hdr.62",0.0000813100000000002
"225","ran225.hdr.63",-0.000733600000000001
"225","ran225.hdr.64",-0.000121599999999999
"225","ran225.hdr.65",-0.0020934
"225","ran225.hdr.66",-0.00000239999999999962
"225","ran225.hdr.67",-0.0016847
"225","ran225.hdr.68",-0.00014144
"225","ran225.hdr.69",-0.000428600000000001
"225","ran225.hdr.7",-0.00037024
"225","ran225.hdr.70",-0.0010769
"225","ran225.hdr.71",-0.0044168
"225","ran225.hdr.72",-0.000161699999999999
"225","ran225.hdr.73",-0.000368199999999999
"225","ran225.hdr.74",-0.00029302
"225","ran225.hdr.75",-0.000372399999999998
"225","ran225.hdr.76",-0.00119554
"225","ran225.hdr.77",-0.0015057
"225","ran225.hdr.78",-0.0010666
"225","ran225.hdr.8",-0.0002828
"225","ran225.hdr.9",-0.000217070000000001
"226","ran226.hdr.1",-0.000239700000000001
"226","ran226.hdr.10",-0.0051698
"226","ran226.hdr.11",-0.00032649
"226","ran226.hdr.12",-0.000409400000000001
"226","ran226.hdr.13",-0.000428030000000001
"226","ran226.hdr.14",-0.00154022
"226","ran226.hdr.15",-0.00010734
"226","ran226.hdr.16",-0.000320599999999999
"226","ran226.hdr.17",-0.000393909999999999
"226","ran226.hdr.18",-0.00026376
"226","ran226.hdr.19",-0.000220930000000001
"226","ran226.hdr.2",-0.000149890000000001
"226","ran226.hdr.20",-0.000397499999999999
"226","ran226.hdr.21",-0.0015591
"226","ran226.hdr.22",-0.000369699999999999
"226","ran226.hdr.23",0.0000498999999999999
"226","ran226.hdr.24",-0.00044134
"226","ran226.hdr.25",-0.000777899999999998
"226","ran226.hdr.26",0.0011602
"226","ran226.hdr.27",-0.000844900000000001
"226","ran226.hdr.28",-0.000409099999999999
"226","ran226.hdr.29",-0.0030608
"226","ran226.hdr.3",0.0003686
"226","ran226.hdr.30",-0.0006827
"226","ran226.hdr.31",-0.0019089
"226","ran226.hdr.32",0.00001051
"226","ran226.hdr.33",-0.00028523
"226","ran226.hdr.34",0.00032646
"226","ran226.hdr.35",-0.0021188
"226","ran226.hdr.36",-0.000666099999999999
"226","ran226.hdr.37",-0.000464300000000001
"226","ran226.hdr.38",-0.00037394
"226","ran226.hdr.39",0.0001957
"226","ran226.hdr.4",0.000367099999999999
"226","ran226.hdr.40",-0.000720500000000002
"226","ran226.hdr.41",-0.0015247
"226","ran226.hdr.42",-0.000404300000000002
"226","ran226.hdr.43",-0.00011256
"226","ran226.hdr.44",-0.0024635
"226","ran226.hdr.45",0.000784699999999999
"226","ran226.hdr.46",0.0001806
"226","ran226.hdr.47",-0.00017032
"226","ran226.hdr.48",0.0001095
"226","ran226.hdr.49",-0.00023654
"226","ran226.hdr.5",-0.00143173
"226","ran226.hdr.50",-0.0010527
"226","ran226.hdr.51",-0.00008964
"226","ran226.hdr.52",-0.0000518599999999999
"226","ran226.hdr.53",0.0000568604
"226","ran226.hdr.54",-0.000366499999999999
"226","ran226.hdr.55",-0.000932299999999999
"226","ran226.hdr.56",-0.000253400000000001
"226","ran226.hdr.58",0.000351000000000001
"226","ran226.hdr.59",0.000210399999999999
"226","ran226.hdr.6",-0.0054872
"226","ran226.hdr.60",-0.000763170000000001
"226","ran226.hdr.61",-0.0000161999999999992
"226","ran226.hdr.62",-0.00024239
"226","ran226.hdr.63",-0.0011457
"226","ran226.hdr.64",-0.00039478
"226","ran226.hdr.65",-0.0013204
"226","ran226.hdr.66",-0.0011658
"226","ran226.hdr.67",-0.001831
"226","ran226.hdr.68",-0.000165360000000001
"226","ran226.hdr.69",-0.0028229
"226","ran226.hdr.7",-0.0037976
"226","ran226.hdr.70",-0.0015712
"226","ran226.hdr.71",-0.0004732
"226","ran226.hdr.72",-0.0015308
"226","ran226.hdr.73",-0.000281300000000002
"226","ran226.hdr.74",-0.00059618
"226","ran226.hdr.75",-0.0020758
"226","ran226.hdr.76",-0.000818700000000002
"226","ran226.hdr.77",-0.00288578
"226","ran226.hdr.78",-0.0016399
"226","ran226.hdr.8",-0.000614400000000001
"226","ran226.hdr.9",-0.0029886
"227","ran227.hdr.1",-0.0012185
"227","ran227.hdr.10",-0.0035262
"227","ran227.hdr.11",0.0000136999999999984
"227","ran227.hdr.12",0.0000106099999999994
"227","ran227.hdr.13",-0.000808199999999999
"227","ran227.hdr.14",-0.000409099999999999
"227","ran227.hdr.15",-0.00085353
"227","ran227.hdr.16",-0.00062684
"227","ran227.hdr.17",0.0000236899999999998
"227","ran227.hdr.18",-0.0005795
"227","ran227.hdr.19",-0.0035352
"227","ran227.hdr.2",-0.0018301
"227","ran227.hdr.20",-0.0001723
"227","ran227.hdr.21",-0.000382199999999999
"227","ran227.hdr.22",-0.0002915
"227","ran227.hdr.23",-0.0003097
"227","ran227.hdr.24",-0.00004819
"227","ran227.hdr.25",0.00019941
"227","ran227.hdr.26",-0.003795
"227","ran227.hdr.27",-0.0000696199999999994
"227","ran227.hdr.28",-0.00000106999999999972
"227","ran227.hdr.29",-0.000250599999999998
"227","ran227.hdr.3",-0.0004693
"227","ran227.hdr.30",-0.0018523
"227","ran227.hdr.31",-0.000104399999999999
"227","ran227.hdr.32",-0.0019089
"227","ran227.hdr.33",-0.00026302
"227","ran227.hdr.34",-0.0012186
"227","ran227.hdr.35",-0.000307
"227","ran227.hdr.36",-0.0001264
"227","ran227.hdr.37",-0.000316800000000001
"227","ran227.hdr.38",-0.000692499999999999
"227","ran227.hdr.39",0.000758499999999999
"227","ran227.hdr.4",0.000105899999999999
"227","ran227.hdr.40",-0.0005404
"227","ran227.hdr.41",-0.0000784999999999987
"227","ran227.hdr.42",-0.000583800000000001
"227","ran227.hdr.43",-0.0012106
"227","ran227.hdr.44",-0.0030178
"227","ran227.hdr.45",-0.0011887
"227","ran227.hdr.46",0.0000501999999999985
"227","ran227.hdr.47",-0.0015836
"227","ran227.hdr.48",-0.00270844
"227","ran227.hdr.49",-0.000814100000000002
"227","ran227.hdr.5",-0.0021506
"227","ran227.hdr.50",-0.0072374
"227","ran227.hdr.51",-0.0011486
"227","ran227.hdr.52",-0.001416
"227","ran227.hdr.53",0.000158940000000001
"227","ran227.hdr.54",-0.00050929
"227","ran227.hdr.55",-0.000164299999999999
"227","ran227.hdr.56",-0.00029748
"227","ran227.hdr.57",0.0000446000000000005
"227","ran227.hdr.58",-0.0004492
"227","ran227.hdr.59",-0.000617400000000001
"227","ran227.hdr.6",-0.000614400000000001
"227","ran227.hdr.60",0.000324999999999999
"227","ran227.hdr.61",0.000312699999999999
"227","ran227.hdr.62",-0.000312099999999999
"227","ran227.hdr.63",-0.0012721
"227","ran227.hdr.64",-0.000404369999999999
"227","ran227.hdr.65",-0.000836699999999999
"227","ran227.hdr.66",-0.000566599999999999
"227","ran227.hdr.67",-0.0005982
"227","ran227.hdr.68",-0.00740309
"227","ran227.hdr.69",-0.0010023
"227","ran227.hdr.7",-0.0035817
"227","ran227.hdr.70",-0.000112899999999999
"227","ran227.hdr.71",-0.00179129
"227","ran227.hdr.72",-0.0004049
"227","ran227.hdr.73",-0.0009037
"227","ran227.hdr.74",0.000480400000000002
"227","ran227.hdr.75",-0.0010139
"227","ran227.hdr.76",0.0000385699999999999
"227","ran227.hdr.77",-0.0000290799999999999
"227","ran227.hdr.78",-0.000802599999999999
"227","ran227.hdr.8",-0.0054452
"227","ran227.hdr.9",-0.0028274
"228","ran228.hdr.1",0.000146800000000001
"228","ran228.hdr.10",-0.00036517
"228","ran228.hdr.11",-0.0005371
"228","ran228.hdr.12",-0.001162
"228","ran228.hdr.13",-0.00071959
"228","ran228.hdr.14",-0.000799000000000001
"228","ran228.hdr.15",-0.0000383099999999997
"228","ran228.hdr.16",-0.0009639
"228","ran228.hdr.17",-0.0016211
"228","ran228.hdr.18",-0.0003757
"228","ran228.hdr.19",0.0000920000000000001
"228","ran228.hdr.2",-0.0026949
"228","ran228.hdr.20",-0.0002915
"228","ran228.hdr.21",0.0000111
"228","ran228.hdr.22",-0.000121709999999999
"228","ran228.hdr.23",-0.000148799999999999
"228","ran228.hdr.24",-0.01715588
"228","ran228.hdr.25",-0.0065131
"228","ran228.hdr.26",-0.000126000000000001
"228","ran228.hdr.27",-0.000327999999999998
"228","ran228.hdr.28",0.00004498
"228","ran228.hdr.29",-0.0030608
"228","ran228.hdr.3",-0.0049685
"228","ran228.hdr.30",-0.0005801
"228","ran228.hdr.31",0.000166100000000001
"228","ran228.hdr.32",-0.0005509
"228","ran228.hdr.33",-0.000480400000000001
"228","ran228.hdr.34",-0.000214700000000002
"228","ran228.hdr.35",-0.0002132
"228","ran228.hdr.36",-0.0010275
"228","ran228.hdr.37",-0.00025843
"228","ran228.hdr.38",0.0002524
"228","ran228.hdr.39",-0.000730900000000001
"228","ran228.hdr.4",-0.0011071
"228","ran228.hdr.40",0.000346100000000002
"228","ran228.hdr.41",-0.000717699999999998
"228","ran228.hdr.42",-0.0000446000000000005
"228","ran228.hdr.43",-0.000982500000000001
"228","ran228.hdr.44",-0.0012963
"228","ran228.hdr.45",-0.000846200000000002
"228","ran228.hdr.46",-0.000258099999999999
"228","ran228.hdr.47",-0.000129839
"228","ran228.hdr.48",-0.00270844
"228","ran228.hdr.49",-0.00328849
"228","ran228.hdr.5",-0.0037447
"228","ran228.hdr.50",-0.00074359
"228","ran228.hdr.51",-0.0034143
"228","ran228.hdr.52",-0.00055
"228","ran228.hdr.53",-0.0001524
"228","ran228.hdr.54",-0.00011156
"228","ran228.hdr.55",-0.0022314
"228","ran228.hdr.56",0.00024531
"228","ran228.hdr.57",-0.000999000000000003
"228","ran228.hdr.58",-0.000157900000000002
"228","ran228.hdr.59",-0.000680699999999999
"228","ran228.hdr.6",-0.000229759999999999
"228","ran228.hdr.60",NA
"228","ran228.hdr.61",0.000018042
"228","ran228.hdr.62",-0.0011402
"228","ran228.hdr.63",0.0000879000000000001
"228","ran228.hdr.64",-0.0011892
"228","ran228.hdr.65",0.000066034
"228","ran228.hdr.66",0.0000832999999999997
"228","ran228.hdr.67",-0.006353
"228","ran228.hdr.68",0.0000275999999999992
"228","ran228.hdr.69",0.0000155000000000016
"228","ran228.hdr.7",-0.000223299999999999
"228","ran228.hdr.70",-0.0027704
"228","ran228.hdr.71",-0.0006817
"228","ran228.hdr.72",-0.000104799999999999
"228","ran228.hdr.73",-0.000586100000000003
"228","ran228.hdr.74",-0.000578
"228","ran228.hdr.75",-0.0014673
"228","ran228.hdr.76",-0.0013565
"228","ran228.hdr.77",-0.0000290799999999999
"228","ran228.hdr.78",-0.0003225
"228","ran228.hdr.8",-0.000056500000000001
"228","ran228.hdr.9",-0.000807199999999999
"229","ran229.hdr.1",-0.0014785
"229","ran229.hdr.10",-0.00000749999999999883
"229","ran229.hdr.11",-0.0003134
"229","ran229.hdr.12",-0.00030618
"229","ran229.hdr.13",-0.000358290000000001
"229","ran229.hdr.14",-0.0000713600000000003
"229","ran229.hdr.15",-0.000725689999999999
"229","ran229.hdr.16",-0.0015955
"229","ran229.hdr.17",-0.00032312
"229","ran229.hdr.18",-0.0001177
"229","ran229.hdr.19",-0.0012819
"229","ran229.hdr.2",0.000273800000000001
"229","ran229.hdr.20",-0.0002951
"229","ran229.hdr.21",-0.000847199999999999
"229","ran229.hdr.22",-0.00252268
"229","ran229.hdr.23",-0.0011853
"229","ran229.hdr.24",0.0001034
"229","ran229.hdr.25",-0.000311800000000001
"229","ran229.hdr.26",-0.00043048
"229","ran229.hdr.27",-0.0006158
"229","ran229.hdr.28",-0.0025984
"229","ran229.hdr.29",-0.000310299999999999
"229","ran229.hdr.3",-0.00131489
"229","ran229.hdr.30",-0.0002664
"229","ran229.hdr.31",-0.0018137
"229","ran229.hdr.32",-0.000186000000000002
"229","ran229.hdr.33",-0.00000899999999999859
"229","ran229.hdr.34",-0.0002734
"229","ran229.hdr.35",0.0001282
"229","ran229.hdr.36",-0.0015749
"229","ran229.hdr.37",0.000124560000000001
"229","ran229.hdr.38",0.000239419999999999
"229","ran229.hdr.39",-0.0011573
"229","ran229.hdr.4",0.0000508000000000002
"229","ran229.hdr.40",-0.0017019
"229","ran229.hdr.41",-0.0000286999999999996
"229","ran229.hdr.42",-0.0016634
"229","ran229.hdr.43",-0.000306899999999999
"229","ran229.hdr.44",-0.0016092
"229","ran229.hdr.45",-0.0006786
"229","ran229.hdr.46",-0.000001000000000001
"229","ran229.hdr.47",-0.000507800000000001
"229","ran229.hdr.48",-0.01714898
"229","ran229.hdr.49",0.000389899999999999
"229","ran229.hdr.5",-0.000617699999999999
"229","ran229.hdr.50",-0.000129839
"229","ran229.hdr.51",-0.00035325
"229","ran229.hdr.52",NA
"229","ran229.hdr.53",-0.0072374
"229","ran229.hdr.54",-0.00384145
"229","ran229.hdr.55",-0.0000256900000000001
"229","ran229.hdr.56",NA
"229","ran229.hdr.57",-0.00035154
"229","ran229.hdr.58",-0.0010844
"229","ran229.hdr.59",-0.000293069999999999
"229","ran229.hdr.6",-0.000540269999999999
"229","ran229.hdr.61",0.0000485199999999998
"229","ran229.hdr.62",0.00006119
"229","ran229.hdr.63",-0.000448199999999999
"229","ran229.hdr.64",-0.0004551
"229","ran229.hdr.65",0.000107299999999999
"229","ran229.hdr.66",-0.000262800000000001
"229","ran229.hdr.67",-0.00274956
"229","ran229.hdr.68",-0.0016226
"229","ran229.hdr.69",-0.00045068
"229","ran229.hdr.7",-0.0043823
"229","ran229.hdr.70",-0.0005761
"229","ran229.hdr.71",-0.0006034
"229","ran229.hdr.72",-0.000674876
"229","ran229.hdr.73",-0.0012283
"229","ran229.hdr.74",-0.000121900000000001
"229","ran229.hdr.75",-0.0001492
"229","ran229.hdr.76",-0.00101328
"229","ran229.hdr.77",-0.000578
"229","ran229.hdr.78",-0.0016759
"229","ran229.hdr.8",-0.0051096
"229","ran229.hdr.9",-0.00056552
"230","ran230.hdr.1",-0.000115250000000001
"230","ran230.hdr.10",0.000160479999999999
"230","ran230.hdr.11",-0.000602800000000001
"230","ran230.hdr.12",-0.00020486
"230","ran230.hdr.13",-0.0000950400000000011
"230","ran230.hdr.14",-0.000434459999999999
"230","ran230.hdr.15",-0.0000977999999999986
"230","ran230.hdr.16",-0.000657
"230","ran230.hdr.17",-0.0002249
"230","ran230.hdr.18",-0.000187900000000001
"230","ran230.hdr.19",-0.0009639
"230","ran230.hdr.2",-0.0012446
"230","ran230.hdr.20",-0.000847199999999999
"230","ran230.hdr.21",-0.000271739999999999
"230","ran230.hdr.22",0.00000329999999999948
"230","ran230.hdr.23",-0.000582999999999998
"230","ran230.hdr.24",0.000158100000000001
"230","ran230.hdr.25",-0.0001239
"230","ran230.hdr.26",-0.0016281
"230","ran230.hdr.27",-0.00023069
"230","ran230.hdr.28",-0.0002664
"230","ran230.hdr.29",0.0005477
"230","ran230.hdr.3",-0.0025737
"230","ran230.hdr.30",-0.0019572
"230","ran230.hdr.31",-0.000250599999999998
"230","ran230.hdr.32",-0.0011807
"230","ran230.hdr.33",-0.000757799999999999
"230","ran230.hdr.34",-0.00046567
"230","ran230.hdr.35",-0.00023078
"230","ran230.hdr.36",-0.000975
"230","ran230.hdr.37",-0.002021
"230","ran230.hdr.38",-0.0010287
"230","ran230.hdr.39",-0.0000755699999999996
"230","ran230.hdr.4",-0.0000394799999999997
"230","ran230.hdr.40",-0.000522599999999998
"230","ran230.hdr.41",-0.0014071
"230","ran230.hdr.42",-0.00034381
"230","ran230.hdr.43",-0.0011914
"230","ran230.hdr.44",0.000131700000000002
"230","ran230.hdr.45",-0.0070307
"230","ran230.hdr.46",0.0000839000000000013
"230","ran230.hdr.47",-0.00027166
"230","ran230.hdr.48",-0.0031055
"230","ran230.hdr.49",-0.000369599999999999
"230","ran230.hdr.5",-0.0046226
"230","ran230.hdr.50",-0.000238039999999999
"230","ran230.hdr.51",-0.0003794
"230","ran230.hdr.55",0.0008392
"230","ran230.hdr.56",0.000129292
"230","ran230.hdr.57",0.0000100400000000002
"230","ran230.hdr.58",-0.0003359
"230","ran230.hdr.59",-0.0003231
"230","ran230.hdr.6",-0.0011071
"230","ran230.hdr.60",-0.000546500000000002
"230","ran230.hdr.61",-0.0000107999999999983
"230","ran230.hdr.62",-0.001507
"230","ran230.hdr.63",-0.0005187
"230","ran230.hdr.64",-0.0005982
"230","ran230.hdr.65",-0.0037006
"230","ran230.hdr.66",-0.0096339
"230","ran230.hdr.67",-0.000870200000000002
"230","ran230.hdr.68",0.0001241
"230","ran230.hdr.69",0.0001014
"230","ran230.hdr.7",-0.0043666
"230","ran230.hdr.70",0.0000275999999999992
"230","ran230.hdr.71",-0.00063214
"230","ran230.hdr.72",-0.0014277
"230","ran230.hdr.73",-0.000788199999999999
"230","ran230.hdr.74",-0.003339
"230","ran230.hdr.75",-0.0027169
"230","ran230.hdr.76",-0.0029872
"230","ran230.hdr.77",-0.0003604
"230","ran230.hdr.78",-0.0006976
"230","ran230.hdr.8",-0.0000016399999999998
"230","ran230.hdr.9",-0.00030026
"231","ran231.hdr.1",-0.0026949
"231","ran231.hdr.10",-0.00021846
"231","ran231.hdr.11",-0.000437670000000001
"231","ran231.hdr.12",-0.0011219
"231","ran231.hdr.13",-0.0016948
"231","ran231.hdr.14",-0.00035759
"231","ran231.hdr.15",-0.000339470000000001
"231","ran231.hdr.16",-0.0002877
"231","ran231.hdr.17",-0.000242599999999999
"231","ran231.hdr.18",0.000321200000000001
"231","ran231.hdr.19",-0.00071959
"231","ran231.hdr.2",0.0000546000000000001
"231","ran231.hdr.20",-0.00035301
"231","ran231.hdr.21",-0.000291369999999999
"231","ran231.hdr.22",-0.000995200000000002
"231","ran231.hdr.23",-0.000912500000000002
"231","ran231.hdr.24",-0.00016801
"231","ran231.hdr.25",-0.000556399999999999
"231","ran231.hdr.26",0.0001004
"231","ran231.hdr.27",0.000271180000000001
"231","ran231.hdr.28",-0.00027682
"231","ran231.hdr.29",-0.00023674
"231","ran231.hdr.3",-0.0014426
"231","ran231.hdr.30",-0.000943200000000002
"231","ran231.hdr.31",0.00018807
"231","ran231.hdr.32",-0.000420199999999999
"231","ran231.hdr.33",-0.000784
"231","ran231.hdr.34",-0.0024371
"231","ran231.hdr.35",-0.000327999999999998
"231","ran231.hdr.36",0.0000702000000000012
"231","ran231.hdr.37",0.00034213
"231","ran231.hdr.38",0.000105599999999999
"231","ran231.hdr.39",-0.0018523
"231","ran231.hdr.4",-0.000233200000000003
"231","ran231.hdr.40",0.0000694400000000005
"231","ran231.hdr.41",-0.00015777
"231","ran231.hdr.42",-0.0012739
"231","ran231.hdr.43",-0.0011
"231","ran231.hdr.44",-0.0012106
"231","ran231.hdr.45",-0.0016596
"231","ran231.hdr.46",-0.02102894
"231","ran231.hdr.47",-0.000341900000000003
"231","ran231.hdr.48",-0.000258099999999999
"231","ran231.hdr.49",0.00002906
"231","ran231.hdr.5",-0.0008533
"231","ran231.hdr.50",-0.000392399999999999
"231","ran231.hdr.51",0.0000835000000000002
"231","ran231.hdr.52",-0.01111509
"231","ran231.hdr.53",-0.0011486
"231","ran231.hdr.54",-0.0025824
"231","ran231.hdr.55",-0.00015901
"231","ran231.hdr.56",-0.0011044
"231","ran231.hdr.57",-0.00048754
"231","ran231.hdr.59",-0.0010508
"231","ran231.hdr.6",-0.0061766
"231","ran231.hdr.60",-0.000595
"231","ran231.hdr.61",-0.000556319999999999
"231","ran231.hdr.62",-0.00000239999999999962
"231","ran231.hdr.63",-0.000103800000000001
"231","ran231.hdr.64",-0.0001875
"231","ran231.hdr.65",-0.0010284
"231","ran231.hdr.66",-0.000596000000000003
"231","ran231.hdr.67",-0.00000323999999999984
"231","ran231.hdr.68",-0.000798899999999998
"231","ran231.hdr.69",-0.000454899999999998
"231","ran231.hdr.7",-0.0051449
"231","ran231.hdr.70",-0.000649899999999998
"231","ran231.hdr.71",-0.0015308
"231","ran231.hdr.72",-0.0011457
"231","ran231.hdr.73",-0.000871300000000002
"231","ran231.hdr.74",-0.0014309
"231","ran231.hdr.75",-0.000818700000000002
"231","ran231.hdr.76",-0.0030263
"231","ran231.hdr.77",-0.0014426
"231","ran231.hdr.78",-0.0000552000000000018
"231","ran231.hdr.8",-0.0028401
"231","ran231.hdr.9",-0.00032649
"232","ran232.hdr.1",-0.0012185
"232","ran232.hdr.10",-0.000405638
"232","ran232.hdr.11",-0.000121099999999999
"232","ran232.hdr.12",0.0004861
"232","ran232.hdr.13",0.00021628
"232","ran232.hdr.14",-0.000376899999999999
"232","ran232.hdr.15",-0.000438800000000001
"232","ran232.hdr.16",-0.0013508
"232","ran232.hdr.17",-0.0000756000000000003
"232","ran232.hdr.18",-0.0011929
"232","ran232.hdr.19",0.000247599999999997
"232","ran232.hdr.2",-0.000908900000000001
"232","ran232.hdr.20",-0.000919
"232","ran232.hdr.21",-0.000769800000000001
"232","ran232.hdr.22",-0.000273900000000001
"232","ran232.hdr.23",-0.0017045
"232","ran232.hdr.24",-0.0001248
"232","ran232.hdr.25",-0.00055601
"232","ran232.hdr.26",-0.000303699999999999
"232","ran232.hdr.27",-0.000258999999999999
"232","ran232.hdr.28",-0.0023372
"232","ran232.hdr.29",0.00070575
"232","ran232.hdr.3",0.000552319999999999
"232","ran232.hdr.30",-0.0076907
"232","ran232.hdr.31",-0.000784
"232","ran232.hdr.32",0.000316899999999998
"232","ran232.hdr.33",-0.000480399999999999
"232","ran232.hdr.34",-0.0002734
"232","ran232.hdr.35",-0.0007758
"232","ran232.hdr.36",-0.0005707
"232","ran232.hdr.37",0.0000239999999999997
"232","ran232.hdr.38",-0.000571099999999998
"232","ran232.hdr.39",-0.00019346
"232","ran232.hdr.4",-0.000119600000000001
"232","ran232.hdr.40",-0.0000449999999999999
"232","ran232.hdr.41",-0.000917999999999999
"232","ran232.hdr.42",-0.01714898
"232","ran232.hdr.43",-0.0001508
"232","ran232.hdr.44",-0.0015158
"232","ran232.hdr.45",NA
"232","ran232.hdr.46",0.0000521000000000002
"232","ran232.hdr.47",-0.0001578
"232","ran232.hdr.48",-0.0040008
"232","ran232.hdr.49",-0.000410299999999999
"232","ran232.hdr.5",-0.002932
"232","ran232.hdr.51",-0.0000567999999999992
"232","ran232.hdr.52",-0.0043657
"232","ran232.hdr.53",-0.000602269999999999
"232","ran232.hdr.54",-0.0017637
"232","ran232.hdr.55",-0.0000835000000000002
"232","ran232.hdr.56",-0.000425699999999999
"232","ran232.hdr.57",-0.00023539
"232","ran232.hdr.58",-0.000867699999999999
"232","ran232.hdr.59",-0.0003461
"232","ran232.hdr.6",-0.0037447
"232","ran232.hdr.60",-0.0021686
"232","ran232.hdr.61",-0.000959399999999999
"232","ran232.hdr.62",-0.000404369999999999
"232","ran232.hdr.63",0.000625200000000001
"232","ran232.hdr.64",-0.000836699999999999
"232","ran232.hdr.65",-0.0003058
"232","ran232.hdr.66",-0.0037906
"232","ran232.hdr.67",-0.0014372
"232","ran232.hdr.68",-0.0010284
"232","ran232.hdr.69",-0.0000591999999999988
"232","ran232.hdr.7",-0.0000702199999999997
"232","ran232.hdr.70",-0.0004414
"232","ran232.hdr.71",-0.0013232
"232","ran232.hdr.72",-0.0013741
"232","ran232.hdr.73",-0.0005749
"232","ran232.hdr.74",-0.0020758
"232","ran232.hdr.75",-0.0007951
"232","ran232.hdr.76",-0.00233944
"232","ran232.hdr.77",0.00030785
"232","ran232.hdr.78",-0.000802599999999999
"232","ran232.hdr.8",-0.00039892
"232","ran232.hdr.9",-0.0003059
"233","ran233.hdr.1",-0.00021007
"233","ran233.hdr.10",-0.0011481
"233","ran233.hdr.11",-0.00047623
"233","ran233.hdr.12",0.00016
"233","ran233.hdr.13",0.000174039999999999
"233","ran233.hdr.14",-0.000136260000000001
"233","ran233.hdr.15",-0.0002947
"233","ran233.hdr.16",-0.0001574
"233","ran233.hdr.17",-0.0039813
"233","ran233.hdr.18",-0.000230500000000002
"233","ran233.hdr.19",-0.0013732
"233","ran233.hdr.2",-0.000637000000000002
"233","ran233.hdr.20",-0.000518899999999999
"233","ran233.hdr.21",-0.000108899999999999
"233","ran233.hdr.22",-0.0014725
"233","ran233.hdr.23",-0.000373399999999999
"233","ran233.hdr.24",-0.0015236
"233","ran233.hdr.25",0.00023841
"233","ran233.hdr.26",-0.000104
"233","ran233.hdr.27",-0.0003097
"233","ran233.hdr.28",-0.00002166
"233","ran233.hdr.29",0.0000953899999999999
"233","ran233.hdr.3",-0.0023043
"233","ran233.hdr.30",-0.01414423
"233","ran233.hdr.31",-0.0000333999999999994
"233","ran233.hdr.32",-0.0025053
"233","ran233.hdr.33",-0.000533599999999999
"233","ran233.hdr.34",-0.0002396
"233","ran233.hdr.35",-0.000166299999999999
"233","ran233.hdr.36",-0.0005219
"233","ran233.hdr.37",-0.0015268
"233","ran233.hdr.38",-0.000804199999999998
"233","ran233.hdr.39",-0.000968999999999999
"233","ran233.hdr.4",-0.0002675
"233","ran233.hdr.40",0.00015685
"233","ran233.hdr.41",-0.001022
"233","ran233.hdr.42",0.00004732
"233","ran233.hdr.43",0.0007274
"233","ran233.hdr.44",-0.0000391499999999999
"233","ran233.hdr.45",-0.000316800000000001
"233","ran233.hdr.46",-0.00018774
"233","ran233.hdr.47",-0.002171
"233","ran233.hdr.48",-0.000644400000000002
"233","ran233.hdr.49",0.000113700000000001
"233","ran233.hdr.5",-0.005769
"233","ran233.hdr.50",0.0000767600000000004
"233","ran233.hdr.51",-0.0000649599999999993
"233","ran233.hdr.52",0.000156099999999999
"233","ran233.hdr.53",-0.000133000000000001
"233","ran233.hdr.54",-0.000435700000000001
"233","ran233.hdr.55",-0.00077464
"233","ran233.hdr.56",-0.0020487
"233","ran233.hdr.57",-0.0047786
"233","ran233.hdr.58",-0.0034143
"233","ran233.hdr.59",-0.000551949999999999
"233","ran233.hdr.6",-0.0000910199999999998
"233","ran233.hdr.60",-0.0000628700000000005
"233","ran233.hdr.61",-0.0000566400000000002
"233","ran233.hdr.62",-0.000175700000000001
"233","ran233.hdr.63",-0.000694199999999999
"233","ran233.hdr.64",-0.00050468
"233","ran233.hdr.65",0.000115799999999999
"233","ran233.hdr.66",-0.00104738
"233","ran233.hdr.67",-0.0003435
"233","ran233.hdr.68",-0.0016152
"233","ran233.hdr.69",-0.00048136
"233","ran233.hdr.7",-0.001546
"233","ran233.hdr.70",-0.000681889999999999
"233","ran233.hdr.71",-0.0005631
"233","ran233.hdr.72",-0.000889800000000001
"233","ran233.hdr.73",-0.0013312
"233","ran233.hdr.74",-0.000788199999999999
"233","ran233.hdr.75",-0.0014673
"233","ran233.hdr.76",0.0005051
"233","ran233.hdr.77",-0.0002483
"233","ran233.hdr.78",-0.0016978
"233","ran233.hdr.8",0.00011099
"233","ran233.hdr.9",-0.000598200000000001
"234","ran234.hdr.1",-0.0015948
"234","ran234.hdr.10",-0.0013379
"234","ran234.hdr.11",0.0000289538
"234","ran234.hdr.12",0.000234499999999999
"234","ran234.hdr.13",0.000422629999999998
"234","ran234.hdr.14",-0.000374649999999999
"234","ran234.hdr.15",-0.00154022
"234","ran234.hdr.16",0.000161699999999999
"234","ran234.hdr.17",-0.000753839999999999
"234","ran234.hdr.18",0.000157600000000001
"234","ran234.hdr.19",-0.00012599
"234","ran234.hdr.2",-0.000708700000000001
"234","ran234.hdr.20",-0.00026544
"234","ran234.hdr.21",-0.0012923
"234","ran234.hdr.22",-0.0002013
"234","ran234.hdr.23",-0.0023332
"234","ran234.hdr.24",-0.0010873
"234","ran234.hdr.25",-0.0005666
"234","ran234.hdr.26",-0.0013839
"234","ran234.hdr.27",-0.0008389
"234","ran234.hdr.28",-0.0002813
"234","ran234.hdr.29",-0.0016027
"234","ran234.hdr.3",-0.0025737
"234","ran234.hdr.30",0.00009055
"234","ran234.hdr.31",-0.0007723
"234","ran234.hdr.32",-0.000383960000000001
"234","ran234.hdr.33",-0.000397000000000002
"234","ran234.hdr.34",-0.00035023
"234","ran234.hdr.35",0.00045546
"234","ran234.hdr.36",-0.0057768
"234","ran234.hdr.37",-0.000696200000000001
"234","ran234.hdr.38",-0.000830900000000002
"234","ran234.hdr.39",-0.000115799999999999
"234","ran234.hdr.4",-0.00449763
"234","ran234.hdr.40",-0.00073436
"234","ran234.hdr.41",-0.00027737
"234","ran234.hdr.42",-0.0001209
"234","ran234.hdr.43",0.0001668
"234","ran234.hdr.44",-0.0015749
"234","ran234.hdr.45",-0.00026
"234","ran234.hdr.46",-0.0008214
"234","ran234.hdr.47",-0.00112666
"234","ran234.hdr.48",-0.0002392
"234","ran234.hdr.49",0.0000336799999999999
"234","ran234.hdr.5",-0.00120107
"234","ran234.hdr.50",-0.0022656
"234","ran234.hdr.51",-0.000218300000000001
"234","ran234.hdr.52",-0.000258099999999999
"234","ran234.hdr.53",-0.000246700000000001
"234","ran234.hdr.54",-0.000313399999999998
"234","ran234.hdr.55",-0.00119342
"234","ran234.hdr.56",0.00003232
"234","ran234.hdr.57",-0.0011173
"234","ran234.hdr.58",-0.000755800000000001
"234","ran234.hdr.59",-0.0035095
"234","ran234.hdr.6",-0.0048415
"234","ran234.hdr.60",-0.000551949999999999
"234","ran234.hdr.61",-0.00000727000000000019
"234","ran234.hdr.62",0.0000346000000000009
"234","ran234.hdr.63",0.000166699999999999
"234","ran234.hdr.64",0.000246699999999999
"234","ran234.hdr.65",-0.000164200000000001
"234","ran234.hdr.66",-0.00039478
"234","ran234.hdr.67",-0.001084
"234","ran234.hdr.68",-0.0011431
"234","ran234.hdr.69",-0.000889800000000001
"234","ran234.hdr.7",-0.00059801
"234","ran234.hdr.70",-0.000771000000000001
"234","ran234.hdr.71",-0.0000222999999999994
"234","ran234.hdr.72",-0.0038792
"234","ran234.hdr.73",-0.000794900000000001
"234","ran234.hdr.74",-0.0003579
"234","ran234.hdr.75",-0.000818700000000002
"234","ran234.hdr.76",-0.0046933
"234","ran234.hdr.77",-0.0011574
"234","ran234.hdr.78",-0.0004317
"234","ran234.hdr.8",-0.0054452
"234","ran234.hdr.9",-0.0051096
"235","ran235.hdr.1",-0.0001598
"235","ran235.hdr.10",-0.000721199999999998
"235","ran235.hdr.11",-0.000359400000000001
"235","ran235.hdr.12",0.00023279
"235","ran235.hdr.13",-0.000118400000000001
"235","ran235.hdr.14",-0.00026025
"235","ran235.hdr.15",0.00032532
"235","ran235.hdr.16",0.0000707500000000001
"235","ran235.hdr.17",-0.000187900000000001
"235","ran235.hdr.18",-0.0009639
"235","ran235.hdr.19",-0.0016211
"235","ran235.hdr.2",-0.000311580000000001
"235","ran235.hdr.20",-0.000912500000000002
"235","ran235.hdr.21",-0.000256040000000001
"235","ran235.hdr.22",-0.000433899999999997
"235","ran235.hdr.23",-0.000796499999999999
"235","ran235.hdr.24",-0.0014725
"235","ran235.hdr.25",-0.000347700000000001
"235","ran235.hdr.26",0.000450600000000001
"235","ran235.hdr.27",0.0003788
"235","ran235.hdr.28",0.00017261
"235","ran235.hdr.29",-0.00035699
"235","ran235.hdr.3",-0.000621999999999998
"235","ran235.hdr.30",-0.000148799999999999
"235","ran235.hdr.31",-0.00081971
"235","ran235.hdr.32",0.00028748
"235","ran235.hdr.33",-0.0012737
"235","ran235.hdr.34",-0.00620406
"235","ran235.hdr.35",-0.000382
"235","ran235.hdr.36",0.000417300000000002
"235","ran235.hdr.37",-0.0015749
"235","ran235.hdr.38",-0.000830000000000001
"235","ran235.hdr.39",-0.0014594
"235","ran235.hdr.4",-0.001113
"235","ran235.hdr.40",-0.0000286999999999996
"235","ran235.hdr.41",-0.000616299999999997
"235","ran235.hdr.42",-0.000755800000000001
"235","ran235.hdr.43",-0.000733699999999999
"235","ran235.hdr.44",-0.0076935
"235","ran235.hdr.45",0.000542899999999999
"235","ran235.hdr.46",-0.000691199999999999
"235","ran235.hdr.47",-0.000713800000000001
"235","ran235.hdr.48",0.00004863
"235","ran235.hdr.49",-0.00062953
"235","ran235.hdr.5",NA
"235","ran235.hdr.50",0.00015967
"235","ran235.hdr.51",0.0001256
"235","ran235.hdr.52",-0.0168073
"235","ran235.hdr.53",-0.0005226
"235","ran235.hdr.54",-0.000551949999999999
"235","ran235.hdr.55",-0.0000753999999999998
"235","ran235.hdr.56",-0.000932299999999999
"235","ran235.hdr.57",-0.0000509000000000013
"235","ran235.hdr.58",0.00005185
"235","ran235.hdr.59",-0.000421599999999999
"235","ran235.hdr.6",-0.0038195
"235","ran235.hdr.60",-0.000513100000000002
"235","ran235.hdr.61",-0.01280889
"235","ran235.hdr.62",0.000115799999999999
"235","ran235.hdr.63",-0.00000239999999999962
"235","ran235.hdr.64",-0.0029365
"235","ran235.hdr.65",0.0002459
"235","ran235.hdr.66",-0.00203165
"235","ran235.hdr.67",-0.000112899999999999
"235","ran235.hdr.68",-0.000161699999999997
"235","ran235.hdr.69",-0.000140899999999999
"235","ran235.hdr.7",0.0000167000000000014
"235","ran235.hdr.70",-0.000204899999999999
"235","ran235.hdr.71",-0.000347499999999997
"235","ran235.hdr.72",-0.00025328
"235","ran235.hdr.73",-0.0000212000000000007
"235","ran235.hdr.74",-0.0000595999999999999
"235","ran235.hdr.75",-0.003339
"235","ran235.hdr.76",-0.0010537
"235","ran235.hdr.77",-0.0032753
"235","ran235.hdr.78",-0.0025593
"235","ran235.hdr.8",-0.0005302
"235","ran235.hdr.9",-0.000681099999999999
"236","ran236.hdr.1",-0.000905800000000002
"236","ran236.hdr.10",-0.001546
"236","ran236.hdr.11",0.0000136999999999984
"236","ran236.hdr.12",0.0000692099999999997
"236","ran236.hdr.13",-0.000300809999999999
"236","ran236.hdr.14",-0.00036517
"236","ran236.hdr.15",-0.00013877
"236","ran236.hdr.16",-0.0008815
"236","ran236.hdr.17",-0.0008751
"236","ran236.hdr.18",-0.0011143
"236","ran236.hdr.19",-0.0019612
"236","ran236.hdr.2",-0.000366200000000001
"236","ran236.hdr.20",-0.000516000000000001
"236","ran236.hdr.21",-0.000220930000000001
"236","ran236.hdr.22",0.00011082
"236","ran236.hdr.23",0.000027942
"236","ran236.hdr.24",-0.0013259
"236","ran236.hdr.25",-0.0025625
"236","ran236.hdr.26",-0.0001083
"236","ran236.hdr.27",-0.000846999999999997
"236","ran236.hdr.28",-0.0004364
"236","ran236.hdr.29",0.0000816399999999991
"236","ran236.hdr.3",-0.0026949
"236","ran236.hdr.30",-0.0002915
"236","ran236.hdr.31",-0.000112000000000001
"236","ran236.hdr.32",-0.00033013
"236","ran236.hdr.33",0.0002039
"236","ran236.hdr.34",-0.0004084
"236","ran236.hdr.35",-0.0000994700000000008
"236","ran236.hdr.36",-0.00024082
"236","ran236.hdr.37",0.0016535
"236","ran236.hdr.38",-0.00087039
"236","ran236.hdr.39",-0.0023193
"236","ran236.hdr.4",0.000000199999999998812
"236","ran236.hdr.40",-0.0000747000000000005
"236","ran236.hdr.41",-0.000687
"236","ran236.hdr.42",0.00017021
"236","ran236.hdr.43",-0.0011573
"236","ran236.hdr.44",-0.0002126
"236","ran236.hdr.45",0.0000753000000000004
"236","ran236.hdr.46",-0.0003036
"236","ran236.hdr.47",-0.000743199999999999
"236","ran236.hdr.48",-0.0017799
"236","ran236.hdr.49",-0.00074314
"236","ran236.hdr.5",-0.0007992
"236","ran236.hdr.50",-0.000879130000000001
"236","ran236.hdr.51",-0.0015804
"236","ran236.hdr.52",-0.0030547
"236","ran236.hdr.53",-0.0000665000000000002
"236","ran236.hdr.54",-0.0004598
"236","ran236.hdr.55",-0.000313299999999999
"236","ran236.hdr.58",-0.0013104
"236","ran236.hdr.59",-0.000425699999999999
"236","ran236.hdr.6",-0.001544
"236","ran236.hdr.60",-0.000184699999999999
"236","ran236.hdr.61",-0.000580600000000001
"236","ran236.hdr.62",-0.0011402
"236","ran236.hdr.63",-0.0002716
"236","ran236.hdr.64",0.0000120000000000016
"236","ran236.hdr.65",0.000193599999999999
"236","ran236.hdr.66",-0.0001259
"236","ran236.hdr.67",-0.000404369999999999
"236","ran236.hdr.68",-0.0035597
"236","ran236.hdr.69",-0.00740309
"236","ran236.hdr.7",-0.0013747
"236","ran236.hdr.70",-0.0037906
"236","ran236.hdr.71",0.0000255200000000002
"236","ran236.hdr.72",-0.000428600000000001
"236","ran236.hdr.73",-0.00014392
"236","ran236.hdr.74",-0.000282660000000001
"236","ran236.hdr.75",-0.0006096
"236","ran236.hdr.76",-0.000471699999999999
"236","ran236.hdr.77",-0.0007951
"236","ran236.hdr.78",-0.000231200000000001
"236","ran236.hdr.8",-0.0032486
"236","ran236.hdr.9",-0.000236699999999999
"237","ran237.hdr.1",-0.0003459
"237","ran237.hdr.10",-0.0004092
"237","ran237.hdr.11",-0.000232599999999999
"237","ran237.hdr.12",0.00000618000000000059
"237","ran237.hdr.13",-0.0010879
"237","ran237.hdr.14",-0.00129969
"237","ran237.hdr.15",-0.000625899999999999
"237","ran237.hdr.16",-0.000515700000000001
"237","ran237.hdr.17",-0.0000736000000000001
"237","ran237.hdr.18",-0.00032312
"237","ran237.hdr.19",-0.000168399999999999
"237","ran237.hdr.2",0.00055228
"237","ran237.hdr.20",-0.00041669
"237","ran237.hdr.21",-0.000397499999999999
"237","ran237.hdr.22",-0.000867099999999999
"237","ran237.hdr.23",-0.000997100000000001
"237","ran237.hdr.24",-0.0014586
"237","ran237.hdr.25",-0.0030857
"237","ran237.hdr.26",-0.00036543
"237","ran237.hdr.27",-0.0006546
"237","ran237.hdr.28",-0.0002773
"237","ran237.hdr.29",-0.00053928
"237","ran237.hdr.3",-0.000892799999999999
"237","ran237.hdr.30",0.0003322
"237","ran237.hdr.31",-0.0000640999999999992
"237","ran237.hdr.32",-0.00023903
"237","ran237.hdr.33",-0.0002091
"237","ran237.hdr.34",-0.000413999999999999
"237","ran237.hdr.35",-0.0000683100000000002
"237","ran237.hdr.36",-0.0009151
"237","ran237.hdr.37",-0.000175300000000001
"237","ran237.hdr.38",-0.0000960000000000023
"237","ran237.hdr.39",-0.000488699999999998
"237","ran237.hdr.4",-0.0046226
"237","ran237.hdr.40",-0.0049962
"237","ran237.hdr.41",-0.0003861
"237","ran237.hdr.42",-0.000803359999999999
"237","ran237.hdr.43",-0.0011115
"237","ran237.hdr.44",-0.0020158
"237","ran237.hdr.45",-0.0010775
"237","ran237.hdr.46",0.0000757000000000015
"237","ran237.hdr.47",-0.0015749
"237","ran237.hdr.48",-0.0014594
"237","ran237.hdr.49",-0.000463499999999999
"237","ran237.hdr.5",-0.0010404
"237","ran237.hdr.50",-0.0022477
"237","ran237.hdr.51",-0.0033085
"237","ran237.hdr.52",-0.0000750999999999981
"237","ran237.hdr.53",0.000947
"237","ran237.hdr.54",0.00018658
"237","ran237.hdr.55",-0.00022498
"237","ran237.hdr.56",-0.0001431
"237","ran237.hdr.57",-0.0015162
"237","ran237.hdr.58",-0.000971
"237","ran237.hdr.59",-0.00037772
"237","ran237.hdr.6",-0.00011691
"237","ran237.hdr.60",-0.00003125
"237","ran237.hdr.61",-0.0001057
"237","ran237.hdr.62",0.0003353
"237","ran237.hdr.65",-0.00095777
"237","ran237.hdr.66",-0.0021686
"237","ran237.hdr.67",0.000127700000000001
"237","ran237.hdr.68",0.000272909999999999
"237","ran237.hdr.69",-0.000949499999999999
"237","ran237.hdr.7",-0.00062661
"237","ran237.hdr.70",-0.00020918
"237","ran237.hdr.71",-0.0024365
"237","ran237.hdr.72",-0.0011097
"237","ran237.hdr.73",-0.000198200000000001
"237","ran237.hdr.74",-0.0017992
"237","ran237.hdr.75",-0.0012012
"237","ran237.hdr.76",-0.000818700000000002
"237","ran237.hdr.77",-0.0016949
"237","ran237.hdr.78",-0.0003604
"237","ran237.hdr.8",-0.00093515
"237","ran237.hdr.9",-0.0000013393
"238","ran238.hdr.1",-0.00040682
"238","ran238.hdr.10",-0.000714099999999999
"238","ran238.hdr.11",-0.00018564
"238","ran238.hdr.12",-0.0002267
"238","ran238.hdr.13",-0.000359400000000001
"238","ran238.hdr.14",-0.000118400000000001
"238","ran238.hdr.15",-0.000515700000000001
"238","ran238.hdr.16",-0.00026025
"238","ran238.hdr.17",-0.00020505
"238","ran238.hdr.18",-0.000257510000000001
"238","ran238.hdr.19",-0.0000682000000000009
"238","ran238.hdr.2",-0.0013435
"238","ran238.hdr.20",-0.00046126
"238","ran238.hdr.21",-0.000420199999999999
"238","ran238.hdr.22",0.000281300000000002
"238","ran238.hdr.23",-0.0012418
"238","ran238.hdr.24",-0.000119399999999999
"238","ran238.hdr.25",-0.0044356
"238","ran238.hdr.26",-0.0013333
"238","ran238.hdr.27",-0.000803359999999999
"238","ran238.hdr.28",-0.0006427
"238","ran238.hdr.29",-0.0001434
"238","ran238.hdr.3",-0.000637000000000002
"238","ran238.hdr.30",-0.00000899999999999859
"238","ran238.hdr.31",-0.000136400000000002
"238","ran238.hdr.32",-0.00510713
"238","ran238.hdr.33",-0.0002396
"238","ran238.hdr.34",-0.000247789999999999
"238","ran238.hdr.35",-0.000399060000000001
"238","ran238.hdr.36",-0.00015038
"238","ran238.hdr.37",0.00011464
"238","ran238.hdr.38",-0.00035637
"238","ran238.hdr.39",-0.0012186
"238","ran238.hdr.4",-0.0000914000000000002
"238","ran238.hdr.40",0.000221300000000001
"238","ran238.hdr.41",0.000175599999999998
"238","ran238.hdr.42",-0.00022582
"238","ran238.hdr.43",-0.00011256
"238","ran238.hdr.44",0.000207200000000001
"238","ran238.hdr.45",-0.000988299999999998
"238","ran238.hdr.46",0.0000185000000000012
"238","ran238.hdr.47",-0.000408800000000001
"238","ran238.hdr.48",-0.000228000000000001
"238","ran238.hdr.49",0.00019344
"238","ran238.hdr.5",0.0004341
"238","ran238.hdr.50",-0.0018136
"238","ran238.hdr.51",-0.000432699999999998
"238","ran238.hdr.52",-0.0112283
"238","ran238.hdr.53",-0.000842700000000002
"238","ran238.hdr.54",-0.000564
"238","ran238.hdr.55",0.0003412
"238","ran238.hdr.56",0.000133553
"238","ran238.hdr.57",-0.00022462
"238","ran238.hdr.58",0.000789400000000001
"238","ran238.hdr.59",-0.0004198
"238","ran238.hdr.6",-0.00012473
"238","ran238.hdr.60",-0.0003833
"238","ran238.hdr.61",-0.000297500000000001
"238","ran238.hdr.62",-0.00029748
"238","ran238.hdr.63",-0.0007746
"238","ran238.hdr.64",0.000524999999999999
"238","ran238.hdr.65",-0.0013776
"238","ran238.hdr.66",-0.000738799999999998
"238","ran238.hdr.67",-0.001084
"238","ran238.hdr.68",-0.0000952000000000001
"238","ran238.hdr.69",-0.0001911
"238","ran238.hdr.7",0.000367099999999999
"238","ran238.hdr.70",-0.000204899999999999
"238","ran238.hdr.71",-0.0000461999999999997
"238","ran238.hdr.72",-0.0024365
"238","ran238.hdr.73",-0.000134700000000001
"238","ran238.hdr.74",-0.0011974
"238","ran238.hdr.75",-0.0003208
"238","ran238.hdr.76",-0.0023484
"238","ran238.hdr.77",-0.0013154
"238","ran238.hdr.78",0.00000149999999999803
"238","ran238.hdr.8",-0.000236699999999999
"238","ran238.hdr.9",-0.00047386
"239","ran239.hdr.1",-0.0032872
"239","ran239.hdr.10",-0.0031124
"239","ran239.hdr.11",-0.000223299999999999
"239","ran239.hdr.12",-0.0000204900000000002
"239","ran239.hdr.13",0.000256000000000001
"239","ran239.hdr.14",0.000157600000000001
"239","ran239.hdr.15",-0.000422799999999999
"239","ran239.hdr.16",-0.00085353
"239","ran239.hdr.17",0.0006379
"239","ran239.hdr.18",-0.0002013
"239","ran239.hdr.19",-0.0134706
"239","ran239.hdr.2",-0.000532600000000001
"239","ran239.hdr.20",-0.000287399999999998
"239","ran239.hdr.21",-0.0000643999999999992
"239","ran239.hdr.22",-0.000389500000000001
"239","ran239.hdr.23",-0.0016952
"239","ran239.hdr.24",-0.0035352
"239","ran239.hdr.25",-0.0113291
"239","ran239.hdr.26",0.000108210000000001
"239","ran239.hdr.27",0.000804700000000002
"239","ran239.hdr.28",-0.0000640999999999992
"239","ran239.hdr.29",-0.0003271
"239","ran239.hdr.3",-0.0012446
"239","ran239.hdr.30",-0.0014853
"239","ran239.hdr.31",-0.0004212
"239","ran239.hdr.32",-0.00046567
"239","ran239.hdr.33",-0.0000663499999999997
"239","ran239.hdr.34",-0.0024974
"239","ran239.hdr.35",-0.00017519
"239","ran239.hdr.36",-0.0010775
"239","ran239.hdr.37",-0.000945600000000001
"239","ran239.hdr.38",-0.0013356
"239","ran239.hdr.39",-0.0004718
"239","ran239.hdr.4",-0.0023043
"239","ran239.hdr.40",-0.0013244
"239","ran239.hdr.41",-0.0010202
"239","ran239.hdr.42",-0.00034381
"239","ran239.hdr.43",-0.000507800000000001
"239","ran239.hdr.44",-0.0015911
"239","ran239.hdr.45",-0.00074314
"239","ran239.hdr.46",-0.0012528
"239","ran239.hdr.47",-0.00047324
"239","ran239.hdr.48",-0.0000118100000000001
"239","ran239.hdr.49",-0.0025824
"239","ran239.hdr.5",0.0000545999999999997
"239","ran239.hdr.50",-0.0000518599999999999
"239","ran239.hdr.51",-0.00037772
"239","ran239.hdr.52",-0.000070321
"239","ran239.hdr.53",-0.000268079999999999
"239","ran239.hdr.55",-0.0002454
"239","ran239.hdr.56",-0.00023275
"239","ran239.hdr.57",-0.000203699999999999
"239","ran239.hdr.58",-0.000270299999999998
"239","ran239.hdr.59",-0.00012652
"239","ran239.hdr.6",-0.000290820000000001
"239","ran239.hdr.60",-0.000602269999999999
"239","ran239.hdr.61",-0.0015112
"239","ran239.hdr.62",-0.00114221
"239","ran239.hdr.63",-0.0010605
"239","ran239.hdr.64",-0.0003359
"239","ran239.hdr.65",-0.00000239999999999962
"239","ran239.hdr.66",-0.0012721
"239","ran239.hdr.67",-0.0025663
"239","ran239.hdr.68",-0.00056939
"239","ran239.hdr.69",-0.001831
"239","ran239.hdr.7",-0.0028486
"239","ran239.hdr.70",-0.000607500000000002
"239","ran239.hdr.71",-0.0001492
"239","ran239.hdr.72",-0.000819
"239","ran239.hdr.73",-0.000239000000000003
"239","ran239.hdr.74",-0.0012012
"239","ran239.hdr.75",-0.0022821
"239","ran239.hdr.76",-0.000894099999999998
"239","ran239.hdr.77",-0.0023497
"239","ran239.hdr.78",0.0000627000000000023
"239","ran239.hdr.8",-0.0037929
"239","ran239.hdr.9",-0.0109775
"240","ran240.hdr.1",-0.000676
"240","ran240.hdr.10",-0.0006119
"240","ran240.hdr.11",0.0000578000000000002
"240","ran240.hdr.12",-0.0008879
"240","ran240.hdr.13",0.0000170000000000014
"240","ran240.hdr.14",-0.000376899999999999
"240","ran240.hdr.15",0.00042836
"240","ran240.hdr.16",-0.0000976999999999992
"240","ran240.hdr.17",-0.00065658
"240","ran240.hdr.18",-0.00014962
"240","ran240.hdr.19",-0.00082745
"240","ran240.hdr.2",-0.0000554800000000001
"240","ran240.hdr.20",-0.0000234100000000002
"240","ran240.hdr.21",-0.0010564
"240","ran240.hdr.22",0.0009716
"240","ran240.hdr.23",-0.0005983
"240","ran240.hdr.24",0.000474700000000002
"240","ran240.hdr.25",-0.0006806
"240","ran240.hdr.26",-0.00055601
"240","ran240.hdr.27",-0.000281900000000001
"240","ran240.hdr.28",-0.0000856099999999999
"240","ran240.hdr.29",0.0001154
"240","ran240.hdr.3",-0.0032872
"240","ran240.hdr.30",-0.0000663
"240","ran240.hdr.31",-0.0001782
"240","ran240.hdr.32",-0.00000790000000000166
"240","ran240.hdr.33",-0.0065131
"240","ran240.hdr.34",-0.00087039
"240","ran240.hdr.35",-0.001081
"240","ran240.hdr.36",-0.000140850000000001
"240","ran240.hdr.37",-0.0015268
"240","ran240.hdr.38",-0.000195400000000002
"240","ran240.hdr.39",0.00001051
"240","ran240.hdr.4",-0.0033457
"240","ran240.hdr.40",-0.0002614
"240","ran240.hdr.41",-0.000259789999999999
"240","ran240.hdr.42",-0.000787299999999999
"240","ran240.hdr.43",-0.000732400000000001
"240","ran240.hdr.44",-0.0022477
"240","ran240.hdr.45",-0.0022656
"240","ran240.hdr.46",-0.0000280999999999997
"240","ran240.hdr.47",-0.00010706
"240","ran240.hdr.48",-0.0098876
"240","ran240.hdr.49",0.0005877
"240","ran240.hdr.5",-0.0013522
"240","ran240.hdr.50",0.0004291
"240","ran240.hdr.51",-0.0024639
"240","ran240.hdr.52",0.0000833999999999991
"240","ran240.hdr.53",0.000121899999999999
"240","ran240.hdr.54",-0.000280989999999999
"240","ran240.hdr.55",-0.00047324
"240","ran240.hdr.56",-0.000473700000000001
"240","ran240.hdr.57",-0.0005413
"240","ran240.hdr.58",-0.0015158
"240","ran240.hdr.59",0.0000010642
"240","ran240.hdr.6",-0.0017379
"240","ran240.hdr.60",-0.00045826
"240","ran240.hdr.61",-0.0001373
"240","ran240.hdr.62",0.000207799999999998
"240","ran240.hdr.63",-0.00010756
"240","ran240.hdr.64",-0.000624599999999999
"240","ran240.hdr.66",-0.000967699999999998
"240","ran240.hdr.67",0.000513599999999999
"240","ran240.hdr.68",-0.0041063
"240","ran240.hdr.69",-0.012746
"240","ran240.hdr.7",-0.0031124
"240","ran240.hdr.70",-0.000557700000000001
"240","ran240.hdr.71",-0.00104738
"240","ran240.hdr.72",-0.0016152
"240","ran240.hdr.73",-0.000267199999999999
"240","ran240.hdr.74",-0.000853100000000002
"240","ran240.hdr.75",-0.000228699999999998
"240","ran240.hdr.76",-0.0009037
"240","ran240.hdr.77",-0.0007951
"240","ran240.hdr.78",-0.0057067
"240","ran240.hdr.8",-0.000422980000000001
"240","ran240.hdr.9",0.00011312
"241","ran241.hdr.1",-0.0014785
"241","ran241.hdr.10",-0.0035262
"241","ran241.hdr.11",-0.000300809999999999
"241","ran241.hdr.12",-0.00036517
"241","ran241.hdr.13",0.0000449828
"241","ran241.hdr.14",-0.0000622000000000001
"241","ran241.hdr.15",-0.000477
"241","ran241.hdr.16",-0.000732
"241","ran241.hdr.17",-0.0000923199999999999
"241","ran241.hdr.18",0.000671999999999999
"241","ran241.hdr.19",-0.0021765
"241","ran241.hdr.2",-0.000195000000000001
"241","ran241.hdr.20",-0.000509900000000001
"241","ran241.hdr.21",-0.000578999999999998
"241","ran241.hdr.22",-0.0003961
"241","ran241.hdr.23",-0.0004899
"241","ran241.hdr.24",-0.0004364
"241","ran241.hdr.25",-0.0000794999999999997
"241","ran241.hdr.26",-0.000458800000000001
"241","ran241.hdr.27",0.00026868
"241","ran241.hdr.28",-0.000347700000000001
"241","ran241.hdr.29",-0.00022216
"241","ran241.hdr.3",-0.000637000000000002
"241","ran241.hdr.30",0.000145640000000001
"241","ran241.hdr.31",-0.00084943
"241","ran241.hdr.32",-0.0003271
"241","ran241.hdr.33",-0.0003333
"241","ran241.hdr.34",-0.000552400000000002
"241","ran241.hdr.35",-0.0018523
"241","ran241.hdr.36",-0.000276169999999999
"241","ran241.hdr.37",-0.0002734
"241","ran241.hdr.38",0.0000664100000000003
"241","ran241.hdr.39",-0.0013524
"241","ran241.hdr.4",-0.0000321599999999998
"241","ran241.hdr.40",-0.000291899999999999
"241","ran241.hdr.41",-0.0014925
"241","ran241.hdr.42",-0.000404300000000002
"241","ran241.hdr.43",-0.000688599999999999
"241","ran241.hdr.44",-0.0071472
"241","ran241.hdr.45",-0.0000114000000000017
"241","ran241.hdr.46",0.0000833999999999991
"241","ran241.hdr.47",-0.0016606
"241","ran241.hdr.48",-0.000395700000000001
"241","ran241.hdr.49",0.00026858
"241","ran241.hdr.5",-0.0011761
"241","ran241.hdr.50",-0.000153
"241","ran241.hdr.51",-0.00111662
"241","ran241.hdr.52",-0.0010723
"241","ran241.hdr.53",-0.00048754
"241","ran241.hdr.54",0.0003353
"241","ran241.hdr.55",0.0000556099999999993
"241","ran241.hdr.56",-0.000728099999999999
"241","ran241.hdr.57",-0.000121599999999999
"241","ran241.hdr.58",0.000223899999999999
"241","ran241.hdr.59",0.0000100400000000002
"241","ran241.hdr.6",-0.000704
"241","ran241.hdr.60",-0.0009154
"241","ran241.hdr.61",-0.0011457
"241","ran241.hdr.62",-0.000808099999999999
"241","ran241.hdr.63",0.000272909999999999
"241","ran241.hdr.64",-0.000317599999999999
"241","ran241.hdr.65",0.0002459
"241","ran241.hdr.66",0.0000888
"241","ran241.hdr.67",0.000907999999999999
"241","ran241.hdr.68",-0.0003865
"241","ran241.hdr.69",-0.0028229
"241","ran241.hdr.7",-0.0037447
"241","ran241.hdr.70",-0.000692700000000001
"241","ran241.hdr.71",-0.0008768
"241","ran241.hdr.72",-0.0002583
"241","ran241.hdr.73",0.000301900000000001
"241","ran241.hdr.74",-0.0016673
"241","ran241.hdr.75",-0.001624
"241","ran241.hdr.76",-0.0010843
"241","ran241.hdr.77",-0.0002339
"241","ran241.hdr.78",-0.0013071
"241","ran241.hdr.8",0.00000526999999999993
"241","ran241.hdr.9",-0.000145270000000001
"242","ran242.hdr.1",-0.0000346800000000005
"242","ran242.hdr.10",-0.000108
"242","ran242.hdr.11",-0.001099
"242","ran242.hdr.12",-0.00018564
"242","ran242.hdr.13",0.000458829999999999
"242","ran242.hdr.14",-0.0006677
"242","ran242.hdr.15",-0.0011386
"242","ran242.hdr.16",-0.0008751
"242","ran242.hdr.17",-0.000242599999999999
"242","ran242.hdr.18",-0.000988359999999999
"242","ran242.hdr.19",-0.00161496
"242","ran242.hdr.2",-0.000149890000000001
"242","ran242.hdr.20",-0.00008435
"242","ran242.hdr.21",0.000174039999999999
"242","ran242.hdr.22",-0.00030432
"242","ran242.hdr.23",-0.0017655
"242","ran242.hdr.24",-0.000111799999999999
"242","ran242.hdr.25",-0.0001083
"242","ran242.hdr.26",-0.000116399999999999
"242","ran242.hdr.27",-0.0015342
"242","ran242.hdr.28",-0.000352700000000001
"242","ran242.hdr.29",0.00019389
"242","ran242.hdr.3",-0.0006856
"242","ran242.hdr.30",0.00014082
"242","ran242.hdr.31",-0.000714700000000002
"242","ran242.hdr.32",-0.00130484
"242","ran242.hdr.33",-0.000359799999999999
"242","ran242.hdr.34",-0.000175300000000001
"242","ran242.hdr.35",-0.000883700000000001
"242","ran242.hdr.36",-0.000968999999999999
"242","ran242.hdr.37",0.00018105
"242","ran242.hdr.38",-0.0002734
"242","ran242.hdr.39",-0.0003937
"242","ran242.hdr.4",0.0000271099999999986
"242","ran242.hdr.40",-0.000620599999999999
"242","ran242.hdr.41",-0.000152899999999999
"242","ran242.hdr.42",-0.00000640000000000016
"242","ran242.hdr.43",-0.0010275
"242","ran242.hdr.44",0.0000110000000000006
"242","ran242.hdr.45",-0.0000755699999999996
"242","ran242.hdr.46",-0.000522599999999998
"242","ran242.hdr.47",-0.001261
"242","ran242.hdr.48",-0.000387700000000001
"242","ran242.hdr.49",0.00028232
"242","ran242.hdr.5",-0.00163709
"242","ran242.hdr.50",-0.000463500000000002
"242","ran242.hdr.51",-0.0002678
"242","ran242.hdr.52",-0.000551949999999999
"242","ran242.hdr.53",-0.0022775
"242","ran242.hdr.54",-0.000137699999999999
"242","ran242.hdr.55",-0.000456100000000001
"242","ran242.hdr.56",-0.0000996799999999996
"242","ran242.hdr.57",-0.0010723
"242","ran242.hdr.58",0.000032840000000001
"242","ran242.hdr.59",-0.000392199999999999
"242","ran242.hdr.6",-0.0032486
"242","ran242.hdr.60",0.000343099999999999
"242","ran242.hdr.61",0.000078700000000001
"242","ran242.hdr.62",-0.0008071
"242","ran242.hdr.63",-0.00016
"242","ran242.hdr.64",-0.000307700000000001
"242","ran242.hdr.65",-0.000540200000000001
"242","ran242.hdr.66",-0.000616799999999997
"242","ran242.hdr.67",-0.0000595999999999999
"242","ran242.hdr.68",-0.000376000000000001
"242","ran242.hdr.69",-0.0037006
"242","ran242.hdr.7",-0.0066937
"242","ran242.hdr.70",0.000239400000000001
"242","ran242.hdr.71",-0.0018724
"242","ran242.hdr.72",-0.0005561
"242","ran242.hdr.73",0.00048197
"242","ran242.hdr.74",-0.0012012
"242","ran242.hdr.75",-0.0004913
"242","ran242.hdr.76",-0.0013154
"242","ran242.hdr.77",-0.0010666
"242","ran242.hdr.78",-0.000678990000000001
"242","ran242.hdr.8",-0.00014609
"242","ran242.hdr.9",-0.00020486
"243","ran243.hdr.1",-0.000862499999999999
"243","ran243.hdr.10",NA
"243","ran243.hdr.11",-0.00018784
"243","ran243.hdr.12",-0.000428030000000001
"243","ran243.hdr.13",-0.0015386
"243","ran243.hdr.14",-0.000438800000000001
"243","ran243.hdr.15",-0.000198540000000001
"243","ran243.hdr.16",-0.000046446
"243","ran243.hdr.17",-0.0032234
"243","ran243.hdr.18",-0.00034688
"243","ran243.hdr.19",-0.000291369999999999
"243","ran243.hdr.2",-0.0001332
"243","ran243.hdr.20",-0.0000730000000000001
"243","ran243.hdr.21",-0.000130699999999999
"243","ran243.hdr.22",-0.00098458
"243","ran243.hdr.23",-0.0021765
"243","ran243.hdr.24",-0.00031687
"243","ran243.hdr.25",0.000329399999999999
"243","ran243.hdr.26",-0.000337999999999998
"243","ran243.hdr.27",-0.00046126
"243","ran243.hdr.28",0.0000686800000000007
"243","ran243.hdr.29",-0.000258899999999999
"243","ran243.hdr.3",0.0000508000000000002
"243","ran243.hdr.30",-0.00033577
"243","ran243.hdr.31",-0.0003271
"243","ran243.hdr.32",-0.0000960000000000023
"243","ran243.hdr.33",0.000720500000000002
"243","ran243.hdr.34",0.0003423
"243","ran243.hdr.35",0.0000814299999999995
"243","ran243.hdr.36",-0.00012828
"243","ran243.hdr.37",-0.000327900000000001
"243","ran243.hdr.38",-0.0011052
"243","ran243.hdr.39",NA
"243","ran243.hdr.4",-0.0000395000000000013
"243","ran243.hdr.40",-0.0020158
"243","ran243.hdr.41",-0.000617899999999998
"243","ran243.hdr.42",0.000355000000000001
"243","ran243.hdr.43",0.0000540300000000001
"243","ran243.hdr.44",-0.000488300000000001
"243","ran243.hdr.45",-0.000522199999999999
"243","ran243.hdr.46",-0.001261
"243","ran243.hdr.47",-0.0010202
"243","ran243.hdr.48",-0.00065478
"243","ran243.hdr.49",-0.0000449999999999999
"243","ran243.hdr.5",0.0014409
"243","ran243.hdr.50",-0.0158568
"243","ran243.hdr.51",0.0000681499999999995
"243","ran243.hdr.52",-0.000924000000000001
"243","ran243.hdr.53",0.000234867
"243","ran243.hdr.54",-0.000274020000000001
"243","ran243.hdr.55",-0.00027166
"243","ran243.hdr.56",-0.000122300000000001
"243","ran243.hdr.57",-0.0000808400000000004
"243","ran243.hdr.58",-0.0023439
"243","ran243.hdr.59",-0.0004598
"243","ran243.hdr.6",-0.0045035
"243","ran243.hdr.61",-0.0002095
"243","ran243.hdr.62",-0.001222
"243","ran243.hdr.63",-0.0000291000000000007
"243","ran243.hdr.64",0.000620300000000001
"243","ran243.hdr.65",0.0002232
"243","ran243.hdr.66",-0.0002325
"243","ran243.hdr.67",-0.0003231
"243","ran243.hdr.68",-0.0011074
"243","ran243.hdr.69",-0.0027675
"243","ran243.hdr.7",0.000156300000000002
"243","ran243.hdr.70",-0.00235857
"243","ran243.hdr.71",-0.0043812
"243","ran243.hdr.72",-0.0013792
"243","ran243.hdr.73",0.00013489
"243","ran243.hdr.74",-0.000297700000000001
"243","ran243.hdr.75",-0.0064447
"243","ran243.hdr.76",-0.002077
"243","ran243.hdr.77",-0.0003888
"243","ran243.hdr.78",-0.0016978
"243","ran243.hdr.8",-0.0002951
"243","ran243.hdr.9",-0.00037472
"244","ran244.hdr.1",-0.000154699999999999
"244","ran244.hdr.10",-0.000393299999999999
"244","ran244.hdr.11",-0.000653000000000001
"244","ran244.hdr.12",-0.0002471
"244","ran244.hdr.13",-0.0011481
"244","ran244.hdr.14",-0.0000977999999999986
"244","ran244.hdr.15",0.000268000000000001
"244","ran244.hdr.16",-0.000291369999999999
"244","ran244.hdr.17",0.00011082
"244","ran244.hdr.18",-0.0000383099999999997
"244","ran244.hdr.19",-0.000686199999999998
"244","ran244.hdr.2",-0.000970499999999999
"244","ran244.hdr.20",-0.0017045
"244","ran244.hdr.21",-0.000556399999999999
"244","ran244.hdr.22",-0.0001099
"244","ran244.hdr.23",-0.0003254
"244","ran244.hdr.24",-0.0010804
"244","ran244.hdr.25",-0.000695099999999999
"244","ran244.hdr.26",-0.00022216
"244","ran244.hdr.27",-0.00022523
"244","ran244.hdr.28",-0.0014576
"244","ran244.hdr.29",-0.000136400000000002
"244","ran244.hdr.3",0.0000545999999999997
"244","ran244.hdr.30",-0.0001159
"244","ran244.hdr.31",-0.00046567
"244","ran244.hdr.32",-0.0005059
"244","ran244.hdr.33",-0.0010504
"244","ran244.hdr.34",0.0007192
"244","ran244.hdr.35",-0.000908200000000001
"244","ran244.hdr.36",-0.000717699999999998
"244","ran244.hdr.37",-0.0005363
"244","ran244.hdr.38",-0.0007551
"244","ran244.hdr.39",-0.0021068
"244","ran244.hdr.4",0.000277899999999999
"244","ran244.hdr.40",0.0000839000000000013
"244","ran244.hdr.41",0.000267400000000001
"244","ran244.hdr.42",-0.002897
"244","ran244.hdr.43",-0.00119342
"244","ran244.hdr.44",0.0000388799999999998
"244","ran244.hdr.45",0.00010489
"244","ran244.hdr.46",-0.000180100000000001
"244","ran244.hdr.47",-0.01768098
"244","ran244.hdr.48",-0.0012038
"244","ran244.hdr.49",-0.0000335399999999999
"244","ran244.hdr.5",-0.0032486
"244","ran244.hdr.50",-0.000568100000000002
"244","ran244.hdr.51",-0.00048754
"244","ran244.hdr.52",0.0000802500000000005
"244","ran244.hdr.55",-0.0001829
"244","ran244.hdr.56",-0.0000195000000000004
"244","ran244.hdr.57",-0.0004576
"244","ran244.hdr.58",-0.000425699999999999
"244","ran244.hdr.59",-0.000737700000000001
"244","ran244.hdr.6",-0.0045035
"244","ran244.hdr.60",0.0013821
"244","ran244.hdr.61",-0.000278500000000001
"244","ran244.hdr.62",-0.00039282
"244","ran244.hdr.63",-0.000959399999999999
"244","ran244.hdr.64",0.0005635
"244","ran244.hdr.65",-0.00015663
"244","ran244.hdr.66",-0.0068051
"244","ran244.hdr.67",-0.000768900000000003
"244","ran244.hdr.68",-0.0005272
"244","ran244.hdr.69",-0.0004732
"244","ran244.hdr.7",-0.00033059
"244","ran244.hdr.70",-0.00006813
"244","ran244.hdr.71",-0.000112299999999999
"244","ran244.hdr.72",-0.0022011
"244","ran244.hdr.73",-0.0053353
"244","ran244.hdr.74",-0.0020758
"244","ran244.hdr.75",-0.0007951
"244","ran244.hdr.76",-0.000601500000000001
"244","ran244.hdr.77",-0.0046933
"244","ran244.hdr.78",-0.0003225
"244","ran244.hdr.8",-0.0006119
"244","ran244.hdr.9",-0.0015953
"245","ran245.hdr.1",-0.000319699999999999
"245","ran245.hdr.10",0.00000281999999999887
"245","ran245.hdr.11",-0.000217070000000001
"245","ran245.hdr.12",-0.000506029999999999
"245","ran245.hdr.13",-0.000168399999999999
"245","ran245.hdr.14",-0.000779799999999999
"245","ran245.hdr.15",-0.000789400000000003
"245","ran245.hdr.16",-0.000469500000000001
"245","ran245.hdr.17",-0.000369699999999999
"245","ran245.hdr.18",-0.0021765
"245","ran245.hdr.19",-0.0015342
"245","ran245.hdr.2",0.0010831
"245","ran245.hdr.20",-0.0001099
"245","ran245.hdr.21",-0.000551599999999999
"245","ran245.hdr.22",-0.0026503
"245","ran245.hdr.23",0.000472100000000003
"245","ran245.hdr.24",-0.00175568
"245","ran245.hdr.25",-0.000258899999999999
"245","ran245.hdr.26",-0.000875799999999999
"245","ran245.hdr.27",-0.000730600000000001
"245","ran245.hdr.28",-0.000287379999999999
"245","ran245.hdr.29",-0.00028523
"245","ran245.hdr.3",0.0000508000000000002
"245","ran245.hdr.30",-0.000510400000000001
"245","ran245.hdr.31",-0.0005707
"245","ran245.hdr.32",-0.000419800000000001
"245","ran245.hdr.33",-0.0002126
"245","ran245.hdr.34",-0.000870699999999999
"245","ran245.hdr.35",-0.00035147
"245","ran245.hdr.36",0.0003897
"245","ran245.hdr.37",-0.0007551
"245","ran245.hdr.38",0.0000114
"245","ran245.hdr.39",-0.000314099999999998
"245","ran245.hdr.4",-0.0002056
"245","ran245.hdr.40",0.000197900000000001
"245","ran245.hdr.41",-0.00032122
"245","ran245.hdr.42",-0.0011337
"245","ran245.hdr.43",-0.00016597
"245","ran245.hdr.44",0.0000959300000000001
"245","ran245.hdr.45",-0.0011173
"245","ran245.hdr.46",-0.0019361
"245","ran245.hdr.47",-0.00188647
"245","ran245.hdr.48",-0.0013645
"245","ran245.hdr.49",0.00008457
"245","ran245.hdr.5",-0.0014125
"245","ran245.hdr.50",0.000342200000000001
"245","ran245.hdr.51",-0.000602269999999999
"245","ran245.hdr.52",0.000107299999999999
"245","ran245.hdr.53",-0.0010508
"245","ran245.hdr.54",-0.0003718
"245","ran245.hdr.55",-0.0022371
"245","ran245.hdr.56",NA
"245","ran245.hdr.57",-0.0003461
"245","ran245.hdr.58",-0.00024239
"245","ran245.hdr.59",-0.0010749
"245","ran245.hdr.6",-0.0035328
"245","ran245.hdr.60",-0.0000517999999999977
"245","ran245.hdr.61",-0.000110100000000002
"245","ran245.hdr.62",-0.00056939
"245","ran245.hdr.63",-0.00012416
"245","ran245.hdr.64",-0.00048981
"245","ran245.hdr.65",-0.0037906
"245","ran245.hdr.66",-0.0012283
"245","ran245.hdr.67",-0.0009932
"245","ran245.hdr.68",-0.000228699999999998
"245","ran245.hdr.69",0.0000524000000000011
"245","ran245.hdr.7",-0.0052846
"245","ran245.hdr.70",-0.00014392
"245","ran245.hdr.71",-0.0011097
"245","ran245.hdr.72",-0.0013741
"245","ran245.hdr.73",-0.0022069
"245","ran245.hdr.74",-0.0013071
"245","ran245.hdr.75",-0.0046933
"245","ran245.hdr.76",-0.0018567
"245","ran245.hdr.77",-0.000153199999999999
"245","ran245.hdr.78",-0.0006976
"245","ran245.hdr.8",-0.0009196
"245","ran245.hdr.9",-0.00047386
"246","ran246.hdr.1",-0.0013435
"246","ran246.hdr.10",-0.00044229
"246","ran246.hdr.11",-0.00018433
"246","ran246.hdr.12",-0.000198540000000001
"246","ran246.hdr.13",-0.0000770000000000007
"246","ran246.hdr.14",0.000277599999999999
"246","ran246.hdr.15",0.000104400000000001
"246","ran246.hdr.16",0.000000899999999999859
"246","ran246.hdr.17",0.0004594
"246","ran246.hdr.18",-0.0002758
"246","ran246.hdr.19",-0.000404499999999999
"246","ran246.hdr.2",-0.0026658
"246","ran246.hdr.20",-0.000533099999999998
"246","ran246.hdr.21",-0.000646799999999999
"246","ran246.hdr.22",-0.000771500000000001
"246","ran246.hdr.23",-0.000562900000000002
"246","ran246.hdr.24",-0.0000777700000000004
"246","ran246.hdr.25",-0.0006008
"246","ran246.hdr.26",0.0001154
"246","ran246.hdr.27",0.0000634299999999997
"246","ran246.hdr.28",-0.00092852
"246","ran246.hdr.29",-0.0002396
"246","ran246.hdr.3",-0.0000914000000000002
"246","ran246.hdr.30",-0.0005558
"246","ran246.hdr.31",-0.00106
"246","ran246.hdr.32",-0.000968999999999999
"246","ran246.hdr.33",-0.0007758
"246","ran246.hdr.34",-0.00015401
"246","ran246.hdr.35",-0.0000886700000000001
"246","ran246.hdr.36",-0.000385200000000002
"246","ran246.hdr.37",-0.0010884
"246","ran246.hdr.38",-0.0017191
"246","ran246.hdr.39",-0.000395899999999999
"246","ran246.hdr.4",-0.000180000000000003
"246","ran246.hdr.40",-0.000917999999999999
"246","ran246.hdr.41",-0.0010009
"246","ran246.hdr.42",0.000012144
"246","ran246.hdr.43",0.0001095
"246","ran246.hdr.44",0.00010489
"246","ran246.hdr.45",-0.000599799999999999
"246","ran246.hdr.46",-0.0000509000000000013
"246","ran246.hdr.47",-0.0010313
"246","ran246.hdr.48",0.000350039999999999
"246","ran246.hdr.49",0.000032840000000001
"246","ran246.hdr.5",-0.002469
"246","ran246.hdr.50",-0.00017852
"246","ran246.hdr.51",-0.000399500000000001
"246","ran246.hdr.52",-0.00017452
"246","ran246.hdr.53",-0.0011376
"246","ran246.hdr.54",0.000477
"246","ran246.hdr.55",-0.0016226
"246","ran246.hdr.56",0.000401200000000001
"246","ran246.hdr.57",-0.00031509
"246","ran246.hdr.58",-0.0010828
"246","ran246.hdr.59",-0.000093939999999999
"246","ran246.hdr.6",-0.0030028
"246","ran246.hdr.60",-0.0014372
"246","ran246.hdr.61",-0.0003354
"246","ran246.hdr.62",-0.00024505
"246","ran246.hdr.63",-0.000052345
"246","ran246.hdr.64",-0.00038061
"246","ran246.hdr.65",-0.0000461999999999997
"246","ran246.hdr.66",-0.000388300000000001
"246","ran246.hdr.67",-0.000559999999999998
"246","ran246.hdr.68",0.0000821000000000016
"246","ran246.hdr.69",-0.0022069
"246","ran246.hdr.7",-0.0019788
"246","ran246.hdr.70",-0.000427900000000002
"246","ran246.hdr.71",-0.000218699999999999
"246","ran246.hdr.72",-0.002875
"246","ran246.hdr.73",-0.000710300000000001
"246","ran246.hdr.74",-0.000600899999999998
"246","ran246.hdr.75",-0.000365799999999999
"246","ran246.hdr.76",-0.000326
"246","ran246.hdr.77",-0.0001402
"246","ran246.hdr.78",-0.0000290799999999999
"246","ran246.hdr.8",-0.000511400000000002
"246","ran246.hdr.9",-0.0051698
"247","ran247.hdr.1",0.00000133999999999985
"247","ran247.hdr.10",0.00044537
"247","ran247.hdr.11",-0.00016992
"247","ran247.hdr.12",-0.000807199999999999
"247","ran247.hdr.13",-0.00053636
"247","ran247.hdr.14",-0.0005371
"247","ran247.hdr.15",-0.0013661
"247","ran247.hdr.16",-0.0000692999999999996
"247","ran247.hdr.17",-0.0001177
"247","ran247.hdr.18",-0.000934500000000001
"247","ran247.hdr.19",0.000262399999999999
"247","ran247.hdr.2",-0.0007133
"247","ran247.hdr.20",-0.00030432
"247","ran247.hdr.21",-0.0008602
"247","ran247.hdr.22",NA
"247","ran247.hdr.23",-0.000612299999999998
"247","ran247.hdr.24",-0.0008757
"247","ran247.hdr.25",-0.0000993000000000001
"247","ran247.hdr.26",-0.00031687
"247","ran247.hdr.27",-0.0004899
"247","ran247.hdr.28",-0.00007594
"247","ran247.hdr.29",-0.000418709999999999
"247","ran247.hdr.3",-0.0066937
"247","ran247.hdr.30",0.000145640000000001
"247","ran247.hdr.31",-0.000303699999999999
"247","ran247.hdr.32",-0.00026379
"247","ran247.hdr.33",-0.00175568
"247","ran247.hdr.34",-0.0000956499999999999
"247","ran247.hdr.35",-0.0012418
"247","ran247.hdr.36",-0.0018137
"247","ran247.hdr.37",-0.0017024
"247","ran247.hdr.38",-0.00620406
"247","ran247.hdr.39",-0.0010877
"247","ran247.hdr.4",-0.0048952
"247","ran247.hdr.40",0.00004498
"247","ran247.hdr.41",-0.0018523
"247","ran247.hdr.42",-0.0023505
"247","ran247.hdr.43",-0.0017019
"247","ran247.hdr.44",-0.0001145
"247","ran247.hdr.45",-0.00011256
"247","ran247.hdr.46",-0.0034509
"247","ran247.hdr.47",-0.000026974
"247","ran247.hdr.48",-0.0003643
"247","ran247.hdr.49",-0.00077238
"247","ran247.hdr.5",-0.0051096
"247","ran247.hdr.50",-0.000436799999999998
"247","ran247.hdr.51",-0.0000649599999999993
"247","ran247.hdr.52",-0.000343609999999999
"247","ran247.hdr.53",-0.00328849
"247","ran247.hdr.54",-0.0014392
"247","ran247.hdr.55",-0.0021164
"247","ran247.hdr.56",0.0000179800000000003
"247","ran247.hdr.57",-0.0004598
"247","ran247.hdr.58",-0.00073559
"247","ran247.hdr.6",-0.0035262
"247","ran247.hdr.61",-0.0000586999999999983
"247","ran247.hdr.62",-0.000602269999999999
"247","ran247.hdr.63",0.0000782999999999999
"247","ran247.hdr.64",-0.000746799999999999
"247","ran247.hdr.65",-0.00024239
"247","ran247.hdr.66",-0.0016847
"247","ran247.hdr.67",-0.0005982
"247","ran247.hdr.68",-0.000093939999999999
"247","ran247.hdr.69",-0.000870200000000002
"247","ran247.hdr.7",0.00019919
"247","ran247.hdr.70",-0.0002275
"247","ran247.hdr.71",-0.000228
"247","ran247.hdr.72",-0.0037745
"247","ran247.hdr.73",-0.0014277
"247","ran247.hdr.74",-0.0003579
"247","ran247.hdr.75",-0.000372399999999998
"247","ran247.hdr.76",-0.0011974
"247","ran247.hdr.77",-0.0014855
"247","ran247.hdr.78",-0.0016399
"247","ran247.hdr.8",-0.0009067
"247","ran247.hdr.9",-0.00027193
"248","ran248.hdr.1",-0.000870900000000001
"248","ran248.hdr.10",-0.00019689
"248","ran248.hdr.11",-0.000250199999999999
"248","ran248.hdr.12",-0.000320800000000001
"248","ran248.hdr.13",-0.0004688
"248","ran248.hdr.14",-0.000515700000000001
"248","ran248.hdr.15",-0.000416400000000001
"248","ran248.hdr.16",-0.0008974
"248","ran248.hdr.17",0.000215799999999999
"248","ran248.hdr.18",-0.000518899999999999
"248","ran248.hdr.19",0.0001817
"248","ran248.hdr.2",-0.000214900000000001
"248","ran248.hdr.20",-0.0005983
"248","ran248.hdr.21",-0.000533099999999998
"248","ran248.hdr.22",-0.000767400000000001
"248","ran248.hdr.23",-0.000771500000000001
"248","ran248.hdr.24",-0.000257800000000001
"248","ran248.hdr.25",-0.000616499999999999
"248","ran248.hdr.26",-0.00084943
"248","ran248.hdr.27",-0.0004084
"248","ran248.hdr.28",-0.0107692
"248","ran248.hdr.29",-0.0000624000000000006
"248","ran248.hdr.3",-0.0000103000000000013
"248","ran248.hdr.30",-0.0010024
"248","ran248.hdr.31",0.00003065
"248","ran248.hdr.32",0.000226500000000001
"248","ran248.hdr.33",-0.0005059
"248","ran248.hdr.34",-0.000266000000000002
"248","ran248.hdr.35",-0.0003316
"248","ran248.hdr.36",-0.000584600000000001
"248","ran248.hdr.37",-0.0010275
"248","ran248.hdr.38",-0.00037394
"248","ran248.hdr.39",-0.000720500000000002
"248","ran248.hdr.4",-0.0029382
"248","ran248.hdr.40",-0.00035147
"248","ran248.hdr.41",0.000207200000000001
"248","ran248.hdr.42",-0.000846200000000002
"248","ran248.hdr.43",0.0000197800000000001
"248","ran248.hdr.44",-0.000917300000000001
"248","ran248.hdr.45",0.0000839000000000013
"248","ran248.hdr.46",-0.001384
"248","ran248.hdr.47",-0.000713800000000001
"248","ran248.hdr.48",0.0000506700000000001
"248","ran248.hdr.49",-0.00031891
"248","ran248.hdr.5",-0.0000411000000000005
"248","ran248.hdr.50",-0.00384145
"248","ran248.hdr.51",-0.000643990000000001
"248","ran248.hdr.52",-0.00000102000000000088
"248","ran248.hdr.53",-0.0010313
"248","ran248.hdr.54",-0.0002815
"248","ran248.hdr.57",-0.0004014
"248","ran248.hdr.58",-0.0043657
"248","ran248.hdr.59",-0.0015112
"248","ran248.hdr.6",-0.0004419
"248","ran248.hdr.60",-0.000746799999999999
"248","ran248.hdr.61",-0.0011402
"248","ran248.hdr.62",-0.00274956
"248","ran248.hdr.63",-0.00104738
"248","ran248.hdr.64",0.000051197
"248","ran248.hdr.65",-0.0016847
"248","ran248.hdr.66",0.00000899999999999859
"248","ran248.hdr.67",-0.0001385
"248","ran248.hdr.68",0.0001677
"248","ran248.hdr.69",-0.0001329
"248","ran248.hdr.7",-0.0003795
"248","ran248.hdr.70",-0.000316540000000001
"248","ran248.hdr.71",-0.0001492
"248","ran248.hdr.72",-0.00004455
"248","ran248.hdr.73",-0.000744399999999999
"248","ran248.hdr.74",-0.0006002
"248","ran248.hdr.75",-0.0000595999999999999
"248","ran248.hdr.76",-0.000133299999999999
"248","ran248.hdr.77",-0.0020513
"248","ran248.hdr.78",-0.000326
"248","ran248.hdr.8",-0.0000849000000000006
"248","ran248.hdr.9",-0.0006677
"249","ran249.hdr.1",-0.000358239999999999
"249","ran249.hdr.10",-0.0004986
"249","ran249.hdr.11",-0.000292249999999999
"249","ran249.hdr.12",-0.0005371
"249","ran249.hdr.13",-0.000207199999999999
"249","ran249.hdr.14",-0.000864889999999999
"249","ran249.hdr.15",0.000150600000000001
"249","ran249.hdr.16",-0.00041587
"249","ran249.hdr.17",-0.0000692000000000002
"249","ran249.hdr.18",-0.0012838
"249","ran249.hdr.19",-0.00158129
"249","ran249.hdr.2",-0.0001332
"249","ran249.hdr.20",-0.0005666
"249","ran249.hdr.21",-0.0001443
"249","ran249.hdr.22",0.0005967
"249","ran249.hdr.23",-0.000248499999999999
"249","ran249.hdr.24",-0.0002915
"249","ran249.hdr.25",-0.0025984
"249","ran249.hdr.26",-0.0002773
"249","ran249.hdr.27",-0.00019894
"249","ran249.hdr.28",-0.00130484
"249","ran249.hdr.29",-0.000232900000000001
"249","ran249.hdr.3",-0.0018301
"249","ran249.hdr.30",-0.00044142
"249","ran249.hdr.31",-0.0001679
"249","ran249.hdr.32",-0.0001419
"249","ran249.hdr.33",-0.0008652
"249","ran249.hdr.34",-0.0014869
"249","ran249.hdr.35",-0.0005206
"249","ran249.hdr.36",-0.0010093
"249","ran249.hdr.37",-0.0049962
"249","ran249.hdr.38",-0.00620406
"249","ran249.hdr.39",-0.0001545
"249","ran249.hdr.4",-0.0053867
"249","ran249.hdr.40",-0.0007461
"249","ran249.hdr.41",-0.000016600000000002
"249","ran249.hdr.42",-0.000481199999999999
"249","ran249.hdr.43",-0.00002191
"249","ran249.hdr.44",0.000373499999999999
"249","ran249.hdr.45",-0.0010777
"249","ran249.hdr.46",0.0000872000000000008
"249","ran249.hdr.47",0.00004863
"249","ran249.hdr.48",-0.000133000000000001
"249","ran249.hdr.49",-0.0034143
"249","ran249.hdr.5",-0.00012473
"249","ran249.hdr.50",-0.00025195
"249","ran249.hdr.51",-0.000293069999999999
"249","ran249.hdr.52",-0.000753399999999998
"249","ran249.hdr.53",0.000136550000000001
"249","ran249.hdr.54",-0.000477600000000002
"249","ran249.hdr.55",-0.000588982
"249","ran249.hdr.56",-0.0004551
"249","ran249.hdr.57",-0.0013185
"249","ran249.hdr.58",-0.00095777
"249","ran249.hdr.59",-0.000824100000000001
"249","ran249.hdr.6",-0.000443959999999998
"249","ran249.hdr.60",-0.000907400000000001
"249","ran249.hdr.61",-0.0009154
"249","ran249.hdr.62",-0.0005466
"249","ran249.hdr.63",-0.000324099999999999
"249","ran249.hdr.64",-0.00000239999999999962
"249","ran249.hdr.65",-0.0025664
"249","ran249.hdr.66",-0.000404369999999999
"249","ran249.hdr.67",-0.0010621
"249","ran249.hdr.68",-0.000581100000000001
"249","ran249.hdr.69",-0.000164200000000001
"249","ran249.hdr.7",-0.000892799999999999
"249","ran249.hdr.70",-0.000328449999999999
"249","ran249.hdr.71",-0.0005187
"249","ran249.hdr.72",-0.000347499999999997
"249","ran249.hdr.73",-0.0017992
"249","ran249.hdr.74",-0.0000338299999999999
"249","ran249.hdr.75",-0.000818700000000002
"249","ran249.hdr.76",-0.0016911
"249","ran249.hdr.77",-0.0010831
"249","ran249.hdr.78",-0.0005872
"249","ran249.hdr.8",0.000239200000000002
"249","ran249.hdr.9",-0.0000556999999999988
"250","ran250.hdr.1",-0.000739499999999999
"250","ran250.hdr.10",0.00027519
"250","ran250.hdr.11",-0.000401799999999999
"250","ran250.hdr.12",-0.00036517
"250","ran250.hdr.13",0.0000449828
"250","ran250.hdr.14",-0.0000692999999999996
"250","ran250.hdr.15",-0.0000559699999999998
"250","ran250.hdr.16",-0.000212299999999999
"250","ran250.hdr.17",NA
"250","ran250.hdr.18",-0.0002507
"250","ran250.hdr.19",-0.00035428
"250","ran250.hdr.2",-0.0000470800000000006
"250","ran250.hdr.20",-0.000611500000000001
"250","ran250.hdr.21",-0.000140599999999999
"250","ran250.hdr.22",0.00000603000000000062
"250","ran250.hdr.23",-0.00026931
"250","ran250.hdr.24",-0.00019894
"250","ran250.hdr.25",-0.0006008
"250","ran250.hdr.26",-0.00035699
"250","ran250.hdr.27",0.0002039
"250","ran250.hdr.28",-0.000572599999999999
"250","ran250.hdr.29",-0.0014853
"250","ran250.hdr.3",0.000214480000000001
"250","ran250.hdr.30",-0.0000914000000000002
"250","ran250.hdr.31",-0.000784
"250","ran250.hdr.32",-0.0050666
"250","ran250.hdr.33",-0.000411400000000003
"250","ran250.hdr.34",-0.0002968
"250","ran250.hdr.35",0.000166100000000001
"250","ran250.hdr.36",-0.000583
"250","ran250.hdr.37",NA
"250","ran250.hdr.38",-0.0014027
"250","ran250.hdr.39",-0.000787299999999999
"250","ran250.hdr.4",-0.0008068
"250","ran250.hdr.40",-0.0009237
"250","ran250.hdr.41",-0.0004679
"250","ran250.hdr.42",-0.0000286999999999996
"250","ran250.hdr.43",-0.0016134
"250","ran250.hdr.44",-0.00022
"250","ran250.hdr.45",-0.0016596
"250","ran250.hdr.46",-0.0033085
"250","ran250.hdr.47",-0.000727459999999999
"250","ran250.hdr.48",-0.000917300000000001
"250","ran250.hdr.49",0.000189099999999999
"250","ran250.hdr.5",-0.0035328
"250","ran250.hdr.50",-0.0014471
"250","ran250.hdr.51",-0.00016597
"250","ran250.hdr.52",0.0000555999999999994
"250","ran250.hdr.53",-0.000518399999999999
"250","ran250.hdr.54",-0.00010923
"250","ran250.hdr.55",0.0000521000000000002
"250","ran250.hdr.56",-0.000456100000000001
"250","ran250.hdr.57",-0.00003125
"250","ran250.hdr.58",-0.00050929
"250","ran250.hdr.59",0.000032840000000001
"250","ran250.hdr.6",-0.0029886
"250","ran250.hdr.61",-0.000216499999999998
"250","ran250.hdr.62",-0.000824100000000001
"250","ran250.hdr.63",-0.000639499999999998
"250","ran250.hdr.64",0.000031299999999998
"250","ran250.hdr.65",0.0000525999999999999
"250","ran250.hdr.66",0.000078700000000001
"250","ran250.hdr.67",0.0002951
"250","ran250.hdr.68",-0.00039282
"250","ran250.hdr.69",-0.000738799999999998
"250","ran250.hdr.7",-0.0041794
"250","ran250.hdr.70",-0.0000736999999999995
"250","ran250.hdr.71",-0.001085
"250","ran250.hdr.72",-0.0037006
"250","ran250.hdr.73",-0.000276200000000001
"250","ran250.hdr.74",0.0002082
"250","ran250.hdr.75",0.000507599999999999
"250","ran250.hdr.76",-0.0011554
"250","ran250.hdr.77",-0.0015017
"250","ran250.hdr.78",-0.001318
"250","ran250.hdr.8",-0.00061467
"250","ran250.hdr.9",-0.00046459
"251","ran251.hdr.1",-0.000224699999999998
"251","ran251.hdr.10",-0.000309469999999999
"251","ran251.hdr.11",-0.0004828
"251","ran251.hdr.12",0.0000170000000000014
"251","ran251.hdr.13",-0.000807199999999999
"251","ran251.hdr.14",-0.00023309
"251","ran251.hdr.15",0.0000505499999999999
"251","ran251.hdr.16",-0.0000885999999999977
"251","ran251.hdr.17",-0.0017649
"251","ran251.hdr.18",-0.000091299999999999
"251","ran251.hdr.19",0.000152999999999999
"251","ran251.hdr.2",-0.0000914000000000002
"251","ran251.hdr.20",-0.000253800000000002
"251","ran251.hdr.21",-0.000710000000000002
"251","ran251.hdr.22",0.00016851
"251","ran251.hdr.23",0.00000603000000000062
"251","ran251.hdr.24",0.0001034
"251","ran251.hdr.25",-0.0007861
"251","ran251.hdr.26",-0.00130484
"251","ran251.hdr.27",-0.00013827
"251","ran251.hdr.28",-0.000155240000000001
"251","ran251.hdr.29",-0.000292799999999999
"251","ran251.hdr.3",-0.000849200000000001
"251","ran251.hdr.30",-0.00345372
"251","ran251.hdr.31",-0.0000894500000000005
"251","ran251.hdr.32",-0.000804199999999998
"251","ran251.hdr.33",-0.000504299999999999
"251","ran251.hdr.34",-0.000552400000000002
"251","ran251.hdr.35",-0.0018523
"251","ran251.hdr.36",-0.000104399999999999
"251","ran251.hdr.37",-0.00023755
"251","ran251.hdr.38",-0.0011115
"251","ran251.hdr.39",-0.0005509
"251","ran251.hdr.4",-0.0001058
"251","ran251.hdr.40",-0.0003937
"251","ran251.hdr.41",-0.00026
"251","ran251.hdr.42",0.0003376
"251","ran251.hdr.43",-0.0026491
"251","ran251.hdr.44",-0.000755800000000001
"251","ran251.hdr.45",-0.001261
"251","ran251.hdr.46",-0.0030178
"251","ran251.hdr.47",-0.0000280999999999997
"251","ran251.hdr.48",-0.0000856099999999999
"251","ran251.hdr.49",-0.0016179
"251","ran251.hdr.5",0.0000508000000000002
"251","ran251.hdr.50",0.000058589999999999
"251","ran251.hdr.51",-0.000058840000000001
"251","ran251.hdr.52",0.00109176
"251","ran251.hdr.53",0.0000982199999999996
"251","ran251.hdr.54",-0.000313299999999999
"251","ran251.hdr.57",0.000136550000000001
"251","ran251.hdr.58",-0.0015112
"251","ran251.hdr.59",-0.0004641
"251","ran251.hdr.6",0.0002001
"251","ran251.hdr.60",-0.0000770000000000007
"251","ran251.hdr.61",-0.0007402
"251","ran251.hdr.62",-0.0073105
"251","ran251.hdr.63",-0.0011457
"251","ran251.hdr.64",-0.0021629
"251","ran251.hdr.65",-0.00039478
"251","ran251.hdr.66",-0.0011581
"251","ran251.hdr.67",-0.0019411
"251","ran251.hdr.68",-0.0023928
"251","ran251.hdr.69",-0.0011431
"251","ran251.hdr.7",-0.0001756
"251","ran251.hdr.70",-0.0013312
"251","ran251.hdr.71",0.00013489
"251","ran251.hdr.72",-0.00073928
"251","ran251.hdr.73",-0.0010585
"251","ran251.hdr.74",-0.0027169
"251","ran251.hdr.75",-0.00050556
"251","ran251.hdr.76",-0.000908300000000001
"251","ran251.hdr.77",-0.0026397
"251","ran251.hdr.78",-0.0010028
"251","ran251.hdr.8",0.000566700000000002
"251","ran251.hdr.9",-0.000480399999999999
"252","ran252.hdr.1",-0.000740699999999999
"252","ran252.hdr.10",-0.0003155
"252","ran252.hdr.11",-0.000549999999999998
"252","ran252.hdr.12",-0.0000253000000000007
"252","ran252.hdr.13",-0.000807199999999999
"252","ran252.hdr.14",-0.00053636
"252","ran252.hdr.15",0.00007186
"252","ran252.hdr.16",-0.0012923
"252","ran252.hdr.17",-0.000657
"252","ran252.hdr.18",0.0000230999999999981
"252","ran252.hdr.19",-0.000997100000000001
"252","ran252.hdr.2",-0.00109022
"252","ran252.hdr.20",-0.0003961
"252","ran252.hdr.21",-0.000416699999999999
"252","ran252.hdr.22",-0.0011163
"252","ran252.hdr.23",-0.000390400000000001
"252","ran252.hdr.24",-0.0006546
"252","ran252.hdr.25",0.00006777
"252","ran252.hdr.26",-0.000276
"252","ran252.hdr.27",-0.0000138100000000004
"252","ran252.hdr.28",-0.00044142
"252","ran252.hdr.29",0.000056719
"252","ran252.hdr.3",-0.0025708
"252","ran252.hdr.30",-0.00037474
"252","ran252.hdr.31",-0.00018725
"252","ran252.hdr.32",-0.0047977
"252","ran252.hdr.33",-0.0000696199999999994
"252","ran252.hdr.34",-0.000962000000000001
"252","ran252.hdr.35",-0.000176700000000002
"252","ran252.hdr.36",-0.000548
"252","ran252.hdr.37",-0.000275399999999999
"252","ran252.hdr.38",-0.00017519
"252","ran252.hdr.39",0.0003309
"252","ran252.hdr.4",-0.001544
"252","ran252.hdr.40",-0.0001264
"252","ran252.hdr.41",-0.0013898
"252","ran252.hdr.42",-0.0012739
"252","ran252.hdr.43",-0.0011
"252","ran252.hdr.44",-0.00037394
"252","ran252.hdr.45",-0.000870699999999999
"252","ran252.hdr.46",-0.001261
"252","ran252.hdr.47",-0.0010611
"252","ran252.hdr.48",-0.0000446000000000005
"252","ran252.hdr.49",0.0000297000000000006
"252","ran252.hdr.5",-0.005769
"252","ran252.hdr.50",-0.005927
"252","ran252.hdr.51",-0.000212240000000001
"252","ran252.hdr.52",-0.000764300000000002
"252","ran252.hdr.53",0.00003396
"252","ran252.hdr.54",-0.00022893
"252","ran252.hdr.55",-0.000175700000000001
"252","ran252.hdr.56",-0.0002933
"252","ran252.hdr.58",-0.000694199999999999
"252","ran252.hdr.59",-0.0010347
"252","ran252.hdr.6",-0.0054452
"252","ran252.hdr.60",-0.0016397
"252","ran252.hdr.61",-0.011466
"252","ran252.hdr.62",-0.0001548
"252","ran252.hdr.63",-0.000292000000000001
"252","ran252.hdr.64",-0.000850799999999999
"252","ran252.hdr.65",-0.0010621
"252","ran252.hdr.66",0.0005287
"252","ran252.hdr.67",-0.00740309
"252","ran252.hdr.68",-0.000692700000000001
"252","ran252.hdr.69",-0.000134699999999998
"252","ran252.hdr.7",-0.0042627
"252","ran252.hdr.70",-0.000949499999999999
"252","ran252.hdr.71",0.00029028
"252","ran252.hdr.72",-0.0002583
"252","ran252.hdr.73",-0.0001271
"252","ran252.hdr.74",-0.000426199999999998
"252","ran252.hdr.75",-0.0044168
"252","ran252.hdr.76",-0.0010226
"252","ran252.hdr.77",-0.0023497
"252","ran252.hdr.78",-0.0010666
"252","ran252.hdr.8",-0.000381399999999999
"252","ran252.hdr.9",-0.00044199
"253","ran253.hdr.1",-0.000195000000000001
"253","ran253.hdr.10",-0.000537139999999999
"253","ran253.hdr.11",0.0000136999999999984
"253","ran253.hdr.12",-0.000480399999999999
"253","ran253.hdr.13",-0.000701999999999999
"253","ran253.hdr.14",-0.0016948
"253","ran253.hdr.15",-0.00137783
"253","ran253.hdr.16",-0.000393299999999999
"253","ran253.hdr.17",-0.000549999999999998
"253","ran253.hdr.18",-0.0011382
"253","ran253.hdr.19",-0.00013877
"253","ran253.hdr.2",-0.00100715
"253","ran253.hdr.20",0.0000112099999999993
"253","ran253.hdr.21",-0.00026376
"253","ran253.hdr.22",-0.000847199999999999
"253","ran253.hdr.23",-0.0012963
"253","ran253.hdr.24",-0.0017045
"253","ran253.hdr.25",-0.0004364
"253","ran253.hdr.26",0.000365939999999999
"253","ran253.hdr.27",0.00019389
"253","ran253.hdr.28",0.00007931
"253","ran253.hdr.29",-0.0006158
"253","ran253.hdr.3",-0.000115250000000001
"253","ran253.hdr.30",-0.000207189999999999
"253","ran253.hdr.31",0.0000686800000000007
"253","ran253.hdr.32",-0.0000805300000000005
"253","ran253.hdr.33",0.000202000000000001
"253","ran253.hdr.34",-0.000883700000000001
"253","ran253.hdr.35",-0.00233042
"253","ran253.hdr.36",-0.000942499999999999
"253","ran253.hdr.37",0.000237399999999999
"253","ran253.hdr.38",-0.000402600000000001
"253","ran253.hdr.39",-0.002171
"253","ran253.hdr.4",-0.000319699999999999
"253","ran253.hdr.40",-0.0039113
"253","ran253.hdr.41",-0.0071472
"253","ran253.hdr.42",-0.000343609999999999
"253","ran253.hdr.43",0.000195099999999998
"253","ran253.hdr.44",-0.00124632
"253","ran253.hdr.45",-0.00055
"253","ran253.hdr.46",-0.00022903
"253","ran253.hdr.47",0.0000036291
"253","ran253.hdr.48",-0.000238039999999999
"253","ran253.hdr.49",-0.000103599999999999
"253","ran253.hdr.5",-0.000373100000000001
"253","ran253.hdr.50",-0.000245800000000001
"253","ran253.hdr.51",-0.000568100000000002
"253","ran253.hdr.52",-0.00155443
"253","ran253.hdr.53",-0.0010767
"253","ran253.hdr.54",-0.0002815
"253","ran253.hdr.55",0.000069466
"253","ran253.hdr.56",-0.000141199999999999
"253","ran253.hdr.57",-0.0015112
"253","ran253.hdr.58",-0.0005375
"253","ran253.hdr.59",-0.0010529
"253","ran253.hdr.6",-0.0012446
"253","ran253.hdr.60",-0.0010234
"253","ran253.hdr.61",-0.00685775
"253","ran253.hdr.62",-0.0180869
"253","ran253.hdr.63",-0.001971
"253","ran253.hdr.64",-0.0013065
"253","ran253.hdr.65",-0.0002284
"253","ran253.hdr.66",-0.000914999999999999
"253","ran253.hdr.67",-0.000854299999999999
"253","ran253.hdr.68",-0.001831
"253","ran253.hdr.69",0.0000351999999999991
"253","ran253.hdr.7",0.000177799999999999
"253","ran253.hdr.70",-0.000771000000000001
"253","ran253.hdr.71",-0.00024505
"253","ran253.hdr.72",-0.000428600000000001
"253","ran253.hdr.73",-0.0001183
"253","ran253.hdr.74",-0.000579
"253","ran253.hdr.75",-0.0011035
"253","ran253.hdr.76",-0.0014426
"253","ran253.hdr.77",-0.000676700000000002
"253","ran253.hdr.78",0.0003686
"253","ran253.hdr.8",-0.0033457
"253","ran253.hdr.9",-0.0051698
"254","ran254.hdr.1",0.0001936
"254","ran254.hdr.10",-0.00018564
"254","ran254.hdr.11",-0.000549999999999998
"254","ran254.hdr.12",-0.0005371
"254","ran254.hdr.13",0.0000466000000000008
"254","ran254.hdr.14",0.0000479899999999999
"254","ran254.hdr.15",-0.000506029999999999
"254","ran254.hdr.16",-0.0000692999999999996
"254","ran254.hdr.17",-0.0011619
"254","ran254.hdr.18",-0.000710000000000002
"254","ran254.hdr.19",-0.0023332
"254","ran254.hdr.2",-0.000637000000000002
"254","ran254.hdr.20",-0.0010502
"254","ran254.hdr.21",-0.000337999999999998
"254","ran254.hdr.22",0.000175809999999999
"254","ran254.hdr.23",-0.00068852
"254","ran254.hdr.24",-0.00130484
"254","ran254.hdr.25",-0.000155240000000001
"254","ran254.hdr.26",0.0000686800000000007
"254","ran254.hdr.27",-0.00032424
"254","ran254.hdr.28",-0.000420199999999999
"254","ran254.hdr.29",-0.0000696199999999994
"254","ran254.hdr.3",-0.0000832099999999994
"254","ran254.hdr.30",-0.0015268
"254","ran254.hdr.31",0.0001508
"254","ran254.hdr.32",-0.000287379999999999
"254","ran254.hdr.33",-0.0007116
"254","ran254.hdr.34",NA
"254","ran254.hdr.35",-0.000616499999999999
"254","ran254.hdr.36",-0.0006496
"254","ran254.hdr.37",0.000262999999999999
"254","ran254.hdr.38",-0.000391699999999998
"254","ran254.hdr.39",-0.000125500000000001
"254","ran254.hdr.4",-0.0014426
"254","ran254.hdr.40",-0.000571099999999998
"254","ran254.hdr.41",-0.00035147
"254","ran254.hdr.42",0.0000045761
"254","ran254.hdr.43",-0.000338300000000003
"254","ran254.hdr.44",-0.0034509
"254","ran254.hdr.45",-0.00539226
"254","ran254.hdr.46",-0.0098876
"254","ran254.hdr.47",-0.000258099999999999
"254","ran254.hdr.48",-0.0012528
"254","ran254.hdr.49",-0.0001724
"254","ran254.hdr.5",-0.000942399999999999
"254","ran254.hdr.50",-0.00124632
"254","ran254.hdr.51",-0.0000584000000000001
"254","ran254.hdr.52",-0.0011511
"254","ran254.hdr.53",-0.00003125
"254","ran254.hdr.54",-0.000313409999999999
"254","ran254.hdr.55",-0.000624599999999999
"254","ran254.hdr.57",-0.00015495
"254","ran254.hdr.58",-0.000268299999999999
"254","ran254.hdr.59",-0.0012438
"254","ran254.hdr.6",-0.0049685
"254","ran254.hdr.60",0.00013222
"254","ran254.hdr.61",-0.0001422
"254","ran254.hdr.62",-0.000567400000000001
"254","ran254.hdr.63",-0.0001513
"254","ran254.hdr.64",-0.000933400000000001
"254","ran254.hdr.65",0.0002089
"254","ran254.hdr.66",-0.0011299
"254","ran254.hdr.67",-0.0007215
"254","ran254.hdr.68",-0.000211700000000002
"254","ran254.hdr.69",-0.000389599999999999
"254","ran254.hdr.7",-0.0051096
"254","ran254.hdr.70",-0.0000153999999999987
"254","ran254.hdr.71",-0.000297700000000001
"254","ran254.hdr.72",-0.0008121
"254","ran254.hdr.73",-0.000676700000000002
"254","ran254.hdr.74",-0.0030586
"254","ran254.hdr.75",-0.00080927
"254","ran254.hdr.76",-0.0004551
"254","ran254.hdr.77",-0.000275039999999999
"254","ran254.hdr.78",-0.000802599999999999
"254","ran254.hdr.8",-0.00046459
"254","ran254.hdr.9",-0.0000149
"255","ran255.hdr.1",-0.0014444
"255","ran255.hdr.10",0.0000467799999999997
"255","ran255.hdr.11",-0.000679800000000001
"255","ran255.hdr.12",0.000157600000000001
"255","ran255.hdr.13",-0.00024315
"255","ran255.hdr.14",-0.00037709
"255","ran255.hdr.15",0.000707699999999999
"255","ran255.hdr.16",-0.00015777
"255","ran255.hdr.17",-0.000727600000000002
"255","ran255.hdr.18",-0.000184699999999999
"255","ran255.hdr.19",-0.000156700000000001
"255","ran255.hdr.2",-0.000740699999999999
"255","ran255.hdr.20",-0.000847199999999999
"255","ran255.hdr.21",-0.0010873
"255","ran255.hdr.22",-0.0013895
"255","ran255.hdr.23",-0.000114
"255","ran255.hdr.24",-0.000110299999999999
"255","ran255.hdr.25",0.0000605800000000002
"255","ran255.hdr.26",-0.0002915
"255","ran255.hdr.27",0.00030473
"255","ran255.hdr.28",-0.000576
"255","ran255.hdr.29",-0.00023674
"255","ran255.hdr.3",-0.000617699999999999
"255","ran255.hdr.30",-0.000155240000000001
"255","ran255.hdr.31",0.0000686800000000007
"255","ran255.hdr.32",0.00016081
"255","ran255.hdr.33",-0.0000683100000000002
"255","ran255.hdr.34",-0.0000960000000000023
"255","ran255.hdr.35",-0.0012418
"255","ran255.hdr.36",-0.00665937
"255","ran255.hdr.37",0.000150900000000001
"255","ran255.hdr.38",-0.000397499999999999
"255","ran255.hdr.39",-0.000831499999999999
"255","ran255.hdr.4",-0.01533333
"255","ran255.hdr.40",-0.0000894500000000005
"255","ran255.hdr.41",-0.00012828
"255","ran255.hdr.42",-0.000247900000000001
"255","ran255.hdr.43",0.000237399999999999
"255","ran255.hdr.44",-0.0026491
"255","ran255.hdr.45",-0.000720500000000002
"255","ran255.hdr.46",0.0002539
"255","ran255.hdr.47",-0.000217700000000001
"255","ran255.hdr.48",-0.00019346
"255","ran255.hdr.49",0.0000792999999999992
"255","ran255.hdr.5",-0.0053473
"255","ran255.hdr.50",-0.000129499999999999
"255","ran255.hdr.51",-0.0016044
"255","ran255.hdr.52",-0.01111509
"255","ran255.hdr.53",NA
"255","ran255.hdr.54",0.0002778
"255","ran255.hdr.55",-0.0004198
"255","ran255.hdr.56",-0.000118309
"255","ran255.hdr.57",-0.0000501999999999994
"255","ran255.hdr.58",-0.000410299999999999
"255","ran255.hdr.6",-0.000635699999999999
"255","ran255.hdr.60",-0.000753399999999998
"255","ran255.hdr.61",-0.0000994599999999991
"255","ran255.hdr.62",-0.0001099
"255","ran255.hdr.63",-0.000203699999999999
"255","ran255.hdr.64",-0.0000330300000000016
"255","ran255.hdr.65",0.000031299999999998
"255","ran255.hdr.66",-0.01078825
"255","ran255.hdr.67",-0.0107924
"255","ran255.hdr.68",-0.0001288
"255","ran255.hdr.69",-0.0035597
"255","ran255.hdr.7",-0.0002272
"255","ran255.hdr.70",-0.000480599999999998
"255","ran255.hdr.71",-0.0068051
"255","ran255.hdr.72",-0.0013312
"255","ran255.hdr.73",-0.000316540000000001
"255","ran255.hdr.74",-0.00000970000000000137
"255","ran255.hdr.75",-0.000454899999999998
"255","ran255.hdr.76",-0.0014277
"255","ran255.hdr.77",-0.000559999999999998
"255","ran255.hdr.78",-0.000289600000000001
"255","ran255.hdr.8",-0.0003003
"255","ran255.hdr.9",-0.000507480000000001
"256","ran256.hdr.1",0.0002342
"256","ran256.hdr.10",-0.000507480000000001
"256","ran256.hdr.11",-0.000301300000000001
"256","ran256.hdr.12",-0.0000026400000000008
"256","ran256.hdr.13",0.0000928000000000005
"256","ran256.hdr.14",-0.00011717
"256","ran256.hdr.15",0.000128
"256","ran256.hdr.16",-0.000598200000000001
"256","ran256.hdr.17",-0.0000108700000000005
"256","ran256.hdr.18",-0.0000950400000000011
"256","ran256.hdr.19",-0.00065658
"256","ran256.hdr.2",-0.0010315
"256","ran256.hdr.20",0.0003303
"256","ran256.hdr.21",0.000101899999999999
"256","ran256.hdr.22",-0.000262800000000001
"256","ran256.hdr.23",0.000321200000000001
"256","ran256.hdr.24",-0.000477
"256","ran256.hdr.25",0.0000675200000000006
"256","ran256.hdr.26",-0.0019612
"256","ran256.hdr.27",-0.000452899999999999
"256","ran256.hdr.28",-0.0017655
"256","ran256.hdr.29",-0.0011619
"256","ran256.hdr.3",-0.0024371
"256","ran256.hdr.30",0.0001045
"256","ran256.hdr.31",-0.000581499999999999
"256","ran256.hdr.32",-0.000159899999999999
"256","ran256.hdr.33",-0.0015342
"256","ran256.hdr.34",-0.000246100000000003
"256","ran256.hdr.35",-0.00141581
"256","ran256.hdr.36",-0.0076907
"256","ran256.hdr.37",0.0009695
"256","ran256.hdr.38",-0.0049962
"256","ran256.hdr.39",0.0000139000000000007
"256","ran256.hdr.4",-0.0014416
"256","ran256.hdr.40",-0.000138870000000001
"256","ran256.hdr.41",-0.0034946
"256","ran256.hdr.42",-0.0006827
"256","ran256.hdr.43",0.0006514
"256","ran256.hdr.44",-0.0011
"256","ran256.hdr.45",0.0000540300000000001
"256","ran256.hdr.46",-0.000431000000000001
"256","ran256.hdr.47",0.00020773
"256","ran256.hdr.48",-0.000255799999999999
"256","ran256.hdr.49",-0.000329799999999998
"256","ran256.hdr.5",-0.000831800000000001
"256","ran256.hdr.50",-0.002897
"256","ran256.hdr.51",-0.00021698
"256","ran256.hdr.52",-0.0000328000000000004
"256","ran256.hdr.53",-0.01768098
"256","ran256.hdr.54",-0.0000665000000000002
"256","ran256.hdr.55",-0.00019012
"256","ran256.hdr.56",-0.00048754
"256","ran256.hdr.57",-0.000796399999999999
"256","ran256.hdr.58",-0.0005766
"256","ran256.hdr.59",-0.000290100000000001
"256","ran256.hdr.6",-0.0011761
"256","ran256.hdr.60",-0.000728699999999999
"256","ran256.hdr.61",-0.000617400000000001
"256","ran256.hdr.62",-0.000164500000000001
"256","ran256.hdr.63",-0.00048136
"256","ran256.hdr.64",-0.0076155
"256","ran256.hdr.65",-0.0008821
"256","ran256.hdr.66",-0.0015712
"256","ran256.hdr.67",-0.0001367
"256","ran256.hdr.68",-0.0001659
"256","ran256.hdr.69",-0.0038792
"256","ran256.hdr.7",-0.0008533
"256","ran256.hdr.70",-0.000546100000000001
"256","ran256.hdr.71",-0.0002731
"256","ran256.hdr.72",-0.001624
"256","ran256.hdr.73",-0.0005625
"256","ran256.hdr.74",-0.000333699999999999
"256","ran256.hdr.75",0.0001794
"256","ran256.hdr.76",-0.000552800000000001
"256","ran256.hdr.77",0.0004966
"256","ran256.hdr.78",-0.0015052
"256","ran256.hdr.8",-0.0059011
"256","ran256.hdr.9",-0.0013379
"257","ran257.hdr.1",0.00000133999999999985
"257","ran257.hdr.10",-0.0002951
"257","ran257.hdr.11",-0.000063007
"257","ran257.hdr.12",-0.000066394
"257","ran257.hdr.13",-0.000301300000000001
"257","ran257.hdr.14",0.000201669999999999
"257","ran257.hdr.15",-0.000315299999999999
"257","ran257.hdr.16",-0.00066134
"257","ran257.hdr.17",-0.00018564
"257","ran257.hdr.18",-0.0008879
"257","ran257.hdr.19",-0.00037651
"257","ran257.hdr.2",-0.000373100000000001
"257","ran257.hdr.20",-0.00008435
"257","ran257.hdr.21",-0.00043519
"257","ran257.hdr.22",-0.0025625
"257","ran257.hdr.23",0.000213399999999999
"257","ran257.hdr.24",0.00000329999999999948
"257","ran257.hdr.25",-0.000352700000000001
"257","ran257.hdr.26",-0.0002319
"257","ran257.hdr.27",-0.000114
"257","ran257.hdr.28",-0.0000682000000000009
"257","ran257.hdr.29",0.0000605800000000002
"257","ran257.hdr.3",-0.0000461999999999997
"257","ran257.hdr.30",0.0002092
"257","ran257.hdr.31",-0.000515720000000001
"257","ran257.hdr.32",-0.000714700000000002
"257","ran257.hdr.33",-0.00018809
"257","ran257.hdr.34",-0.0001764
"257","ran257.hdr.35",-0.000541900000000001
"257","ran257.hdr.36",-0.00036563
"257","ran257.hdr.37",-0.000435399999999999
"257","ran257.hdr.38",-0.0024974
"257","ran257.hdr.39",0.0000329000000000006
"257","ran257.hdr.4",-0.0054532
"257","ran257.hdr.40",-0.0005509
"257","ran257.hdr.41",-0.0014027
"257","ran257.hdr.42",-0.0013204
"257","ran257.hdr.43",-0.0012954
"257","ran257.hdr.44",0.0000239999999999997
"257","ran257.hdr.45",0.000615000000000001
"257","ran257.hdr.46",-0.0011215
"257","ran257.hdr.47",0.000012144
"257","ran257.hdr.48",-0.0011486
"257","ran257.hdr.49",-0.00250854
"257","ran257.hdr.5",-0.00012473
"257","ran257.hdr.50",-0.00022903
"257","ran257.hdr.51",-0.000652820000000001
"257","ran257.hdr.52",0.00000257936
"257","ran257.hdr.53",-0.000395
"257","ran257.hdr.54",0.00005185
"257","ran257.hdr.55",-0.0010767
"257","ran257.hdr.56",-0.000293069999999999
"257","ran257.hdr.6",-0.0007133
"257","ran257.hdr.60",-0.000455400000000002
"257","ran257.hdr.61",0.00011186
"257","ran257.hdr.62",0.0000303000000000005
"257","ran257.hdr.63",-0.00104738
"257","ran257.hdr.64",-0.000110100000000002
"257","ran257.hdr.65",-0.0005504
"257","ran257.hdr.66",-0.0001876
"257","ran257.hdr.67",-0.0011581
"257","ran257.hdr.68",-0.000822699999999999
"257","ran257.hdr.69",-0.0006034
"257","ran257.hdr.7",-0.000831800000000001
"257","ran257.hdr.70",-0.000093939999999999
"257","ran257.hdr.71",-0.000134699999999998
"257","ran257.hdr.72",-0.000768900000000003
"257","ran257.hdr.73",0.000283199999999997
"257","ran257.hdr.74",-0.000949499999999999
"257","ran257.hdr.75",-0.0011097
"257","ran257.hdr.76",-0.000535300000000002
"257","ran257.hdr.77",0.000378
"257","ran257.hdr.78",-0.0006941
"257","ran257.hdr.8",-0.0000849000000000006
"257","ran257.hdr.9",-0.0005222
"258","ran258.hdr.1",-0.000676
"258","ran258.hdr.10",-0.000653000000000001
"258","ran258.hdr.11",-0.000438800000000001
"258","ran258.hdr.12",-0.0000976999999999992
"258","ran258.hdr.13",0.0001972
"258","ran258.hdr.14",-0.000713499999999999
"258","ran258.hdr.15",-0.00082745
"258","ran258.hdr.16",-0.0001779
"258","ran258.hdr.17",-0.000223230000000001
"258","ran258.hdr.18",-0.00019948
"258","ran258.hdr.19",-0.00061751
"258","ran258.hdr.2",-0.0011446
"258","ran258.hdr.20",0.000380699999999999
"258","ran258.hdr.21",-0.000789400000000003
"258","ran258.hdr.22",-0.0012188
"258","ran258.hdr.23",-0.000763300000000001
"258","ran258.hdr.24",-0.0003961
"258","ran258.hdr.25",0.000135099999999999
"258","ran258.hdr.26",-0.000274099999999999
"258","ran258.hdr.27",-0.0002773
"258","ran258.hdr.28",-0.00130484
"258","ran258.hdr.29",-0.00010451
"258","ran258.hdr.3",-0.0022515
"258","ran258.hdr.30",-0.000464099999999999
"258","ran258.hdr.31",-0.00081971
"258","ran258.hdr.32",-0.0001554
"258","ran258.hdr.33",-0.000359799999999999
"258","ran258.hdr.34",0.0002477
"258","ran258.hdr.35",-0.000533599999999999
"258","ran258.hdr.36",-0.000735299999999998
"258","ran258.hdr.37",-0.00510713
"258","ran258.hdr.38",0.0000501000000000008
"258","ran258.hdr.39",-0.000480400000000001
"258","ran258.hdr.4",-0.0031082
"258","ran258.hdr.40",-0.0012186
"258","ran258.hdr.41",-0.000214700000000002
"258","ran258.hdr.42",-0.0002614
"258","ran258.hdr.43",-0.002021
"258","ran258.hdr.44",-0.0023505
"258","ran258.hdr.45",-0.0010611
"258","ran258.hdr.46",-0.0000446000000000005
"258","ran258.hdr.47",-0.0012135
"258","ran258.hdr.48",-0.000313399999999998
"258","ran258.hdr.49",-0.0023048
"258","ran258.hdr.5",-0.00093515
"258","ran258.hdr.50",-0.00062953
"258","ran258.hdr.51",-0.0001431
"258","ran258.hdr.52",-0.000510450000000001
"258","ran258.hdr.53",-0.000248099999999999
"258","ran258.hdr.54",-0.000137699999999999
"258","ran258.hdr.55",-0.00035154
"258","ran258.hdr.56",-0.000268079999999999
"258","ran258.hdr.57",-0.0000501999999999994
"258","ran258.hdr.58",-0.0007846
"258","ran258.hdr.59",-0.000139299999999998
"258","ran258.hdr.6",-0.000232400000000001
"258","ran258.hdr.60",-0.0004244
"258","ran258.hdr.61",0.0000100400000000002
"258","ran258.hdr.62",-0.0107924
"258","ran258.hdr.63",-0.001971
"258","ran258.hdr.64",0.000012400000000001
"258","ran258.hdr.65",-0.000448899999999999
"258","ran258.hdr.66",0.0002769
"258","ran258.hdr.67",-0.000228
"258","ran258.hdr.68",0.000268299999999999
"258","ran258.hdr.69",-0.0000834000000000008
"258","ran258.hdr.7",0.0000567700000000011
"258","ran258.hdr.70",-0.000198200000000001
"258","ran258.hdr.71",-0.000113800000000001
"258","ran258.hdr.72",-0.0013741
"258","ran258.hdr.73",-0.0006096
"258","ran258.hdr.74",-0.0012012
"258","ran258.hdr.75",-0.00033557
"258","ran258.hdr.76",-0.0016949
"258","ran258.hdr.77",-0.000894099999999998
"258","ran258.hdr.78",-0.0017455
"258","ran258.hdr.8",-0.0000555
"258","ran258.hdr.9",-0.000358290000000001
"259","ran259.hdr.1",-0.000905800000000002
"259","ran259.hdr.10",-0.0006119
"259","ran259.hdr.11",-0.000456600000000001
"259","ran259.hdr.12",-0.0009067
"259","ran259.hdr.13",0.000256000000000001
"259","ran259.hdr.14",0.00000960000000000023
"259","ran259.hdr.15",-0.0000342699999999994
"259","ran259.hdr.16",-0.000824699999999999
"259","ran259.hdr.17",-0.000385
"259","ran259.hdr.18",-0.0013508
"259","ran259.hdr.19",-0.000457879999999999
"259","ran259.hdr.2",-0.000115250000000001
"259","ran259.hdr.20",0.000262399999999999
"259","ran259.hdr.21",-0.0016942
"259","ran259.hdr.22",-0.000598599999999998
"259","ran259.hdr.23",-0.0016731
"259","ran259.hdr.24",-0.0000794999999999997
"259","ran259.hdr.25",-0.00012519
"259","ran259.hdr.26",-0.00023007
"259","ran259.hdr.27",-0.01715588
"259","ran259.hdr.28",-0.000784
"259","ran259.hdr.29",-0.0017024
"259","ran259.hdr.3",-0.000373100000000001
"259","ran259.hdr.30",-0.000359199999999999
"259","ran259.hdr.31",-0.0036419
"259","ran259.hdr.32",-0.0017371
"259","ran259.hdr.33",0.0004454
"259","ran259.hdr.34",-0.0000392999999999991
"259","ran259.hdr.35",-0.000757799999999999
"259","ran259.hdr.36",-0.00027737
"259","ran259.hdr.37",-0.00015807
"259","ran259.hdr.38",-0.000720500000000002
"259","ran259.hdr.39",-0.000207300000000001
"259","ran259.hdr.4",-0.0000461999999999997
"259","ran259.hdr.40",0.0002331
"259","ran259.hdr.41",-0.000569900000000002
"259","ran259.hdr.42",-0.0000333999999999994
"259","ran259.hdr.43",-0.0005363
"259","ran259.hdr.44",-0.00024031
"259","ran259.hdr.45",-0.0000169999999999997
"259","ran259.hdr.46",-0.0000990000000000001
"259","ran259.hdr.47",-0.0015158
"259","ran259.hdr.48",-0.00166777
"259","ran259.hdr.49",-0.0000712000000000004
"259","ran259.hdr.5",-0.000290820000000001
"259","ran259.hdr.50",-0.000796399999999999
"259","ran259.hdr.52",-0.000247399999999998
"259","ran259.hdr.53",-0.000867700000000001
"259","ran259.hdr.54",-0.0008541
"259","ran259.hdr.55",-0.000778600000000001
"259","ran259.hdr.56",-0.0003826
"259","ran259.hdr.57",-0.0038969
"259","ran259.hdr.58",-0.00017847
"259","ran259.hdr.59",0.000285500000000001
"259","ran259.hdr.6",-0.000160799999999999
"259","ran259.hdr.60",-0.000103800000000001
"259","ran259.hdr.61",-0.00040548
"259","ran259.hdr.62",-0.00048136
"259","ran259.hdr.63",-0.0011658
"259","ran259.hdr.64",-0.0010444
"259","ran259.hdr.65",-0.000179800000000001
"259","ran259.hdr.66",-0.000949499999999999
"259","ran259.hdr.67",-0.000401100000000001
"259","ran259.hdr.68",-0.0004732
"259","ran259.hdr.69",0.00051701
"259","ran259.hdr.7",-0.0000431300000000006
"259","ran259.hdr.70",-0.000794900000000001
"259","ran259.hdr.71",-0.000694699999999999
"259","ran259.hdr.72",-0.0022821
"259","ran259.hdr.73",-0.0004638
"259","ran259.hdr.74",-0.0014758
"259","ran259.hdr.75",-0.0032639
"259","ran259.hdr.76",-0.000676700000000002
"259","ran259.hdr.77",-0.0016399
"259","ran259.hdr.78",-0.0003225
"259","ran259.hdr.8",-0.0054872
"259","ran259.hdr.9",-0.0054452
"260","ran260.hdr.1",-0.00000992000000000007
"260","ran260.hdr.10",-0.0008879
"260","ran260.hdr.11",-0.0000582479999999999
"260","ran260.hdr.12",-0.0000844999999999995
"260","ran260.hdr.13",-0.0005907
"260","ran260.hdr.14",0.0000707500000000001
"260","ran260.hdr.15",-0.0002947
"260","ran260.hdr.16",-0.0011003
"260","ran260.hdr.17",-0.00252268
"260","ran260.hdr.18",-0.000771500000000001
"260","ran260.hdr.19",-0.0012417
"260","ran260.hdr.2",-0.000870900000000001
"260","ran260.hdr.20",-0.000110299999999999
"260","ran260.hdr.21",-0.000825099999999999
"260","ran260.hdr.22",0.0000676100000000009
"260","ran260.hdr.23",0.000108210000000001
"260","ran260.hdr.24",-0.00029554
"260","ran260.hdr.25",-0.00029545
"260","ran260.hdr.26",-0.0006008
"260","ran260.hdr.27",0.0000553900000000002
"260","ran260.hdr.28",-0.00017027
"260","ran260.hdr.29",-0.0017763
"260","ran260.hdr.3",-0.0000732900000000002
"260","ran260.hdr.30",-0.000410600000000001
"260","ran260.hdr.31",-0.0049962
"260","ran260.hdr.32",-0.000469900000000001
"260","ran260.hdr.33",-0.0003798
"260","ran260.hdr.34",-0.0009237
"260","ran260.hdr.35",0.0000173000000000013
"260","ran260.hdr.36",-0.00037394
"260","ran260.hdr.37",-0.000207300000000001
"260","ran260.hdr.38",-0.0030178
"260","ran260.hdr.39",-0.0002267
"260","ran260.hdr.4",0.000505800000000001
"260","ran260.hdr.40",-0.0010611
"260","ran260.hdr.41",-0.000452599999999999
"260","ran260.hdr.42",-0.00010706
"260","ran260.hdr.43",-0.000107300000000001
"260","ran260.hdr.44",-0.0011337
"260","ran260.hdr.45",-0.00029767
"260","ran260.hdr.46",-0.000129839
"260","ran260.hdr.47",-0.0030547
"260","ran260.hdr.48",-0.0019063
"260","ran260.hdr.49",-0.0011486
"260","ran260.hdr.5",-0.0109775
"260","ran260.hdr.50",-0.00057659
"260","ran260.hdr.51",-0.0011708
"260","ran260.hdr.52",0.0001499
"260","ran260.hdr.53",0.0000521000000000002
"260","ran260.hdr.54",-0.0002933
"260","ran260.hdr.59",-0.0043657
"260","ran260.hdr.6",-0.0056035
"260","ran260.hdr.60",-0.0000195000000000004
"260","ran260.hdr.61",-0.00005667
"260","ran260.hdr.62",-0.0007712
"260","ran260.hdr.63",-0.0012091
"260","ran260.hdr.64",-0.0004743
"260","ran260.hdr.65",-0.000121900000000001
"260","ran260.hdr.66",0.0000390000000000008
"260","ran260.hdr.67",-0.0009037
"260","ran260.hdr.68",-0.000389500000000001
"260","ran260.hdr.69",-0.000825300000000001
"260","ran260.hdr.7",-0.001546
"260","ran260.hdr.70",-0.0006286
"260","ran260.hdr.71",-0.00032338
"260","ran260.hdr.72",-0.000630200000000001
"260","ran260.hdr.73",-0.0017992
"260","ran260.hdr.74",-0.00033557
"260","ran260.hdr.75",-0.00059618
"260","ran260.hdr.76",-0.0016949
"260","ran260.hdr.77",-0.0010666
"260","ran260.hdr.78",-0.000678990000000001
"260","ran260.hdr.8",-0.0002272
"260","ran260.hdr.9",-0.000108
"261","ran261.hdr.1",-0.0003459
"261","ran261.hdr.10",-0.000387700000000001
"261","ran261.hdr.11",-0.0007343
"261","ran261.hdr.12",-0.0000167599999999993
"261","ran261.hdr.13",-0.00129969
"261","ran261.hdr.14",-0.0011143
"261","ran261.hdr.15",-0.0011929
"261","ran261.hdr.16",-0.000952600000000001
"261","ran261.hdr.17",-0.0035352
"261","ran261.hdr.18",-0.0016862
"261","ran261.hdr.19",-0.0005322
"261","ran261.hdr.2",-0.0012446
"261","ran261.hdr.20",-0.000257800000000001
"261","ran261.hdr.21",-0.0001654
"261","ran261.hdr.22",-0.0010804
"261","ran261.hdr.23",-0.0000960500000000003
"261","ran261.hdr.24",-0.000246100000000003
"261","ran261.hdr.25",-0.0002915
"261","ran261.hdr.26",0.000472100000000003
"261","ran261.hdr.27",-0.0001559
"261","ran261.hdr.28",-0.0006008
"261","ran261.hdr.29",-0.0001771
"261","ran261.hdr.3",-0.00009361
"261","ran261.hdr.30",-0.000310299999999999
"261","ran261.hdr.31",-0.0014904
"261","ran261.hdr.32",-0.0004002
"261","ran261.hdr.33",-0.000478900000000001
"261","ran261.hdr.34",0.00011464
"261","ran261.hdr.35",0.0000553400000000001
"261","ran261.hdr.36",-0.0017019
"261","ran261.hdr.37",-0.0001709
"261","ran261.hdr.38",-0.0000175000000000002
"261","ran261.hdr.39",-0.000249360000000001
"261","ran261.hdr.4",-0.00120107
"261","ran261.hdr.40",-0.000189699999999999
"261","ran261.hdr.41",-0.00035147
"261","ran261.hdr.42",0.00003286
"261","ran261.hdr.43",-0.00001509
"261","ran261.hdr.44",0.000763799999999999
"261","ran261.hdr.45",-0.0000328000000000004
"261","ran261.hdr.46",-0.000032588
"261","ran261.hdr.47",-0.00000839599999999998
"261","ran261.hdr.48",-0.00027166
"261","ran261.hdr.49",-0.00035325
"261","ran261.hdr.5",-0.00227271
"261","ran261.hdr.50",-0.00057659
"261","ran261.hdr.51",-0.00045368
"261","ran261.hdr.52",-0.000248099999999999
"261","ran261.hdr.53",-0.000366499999999999
"261","ran261.hdr.55",-0.00023275
"261","ran261.hdr.56",-0.0007711
"261","ran261.hdr.57",-0.000972200000000003
"261","ran261.hdr.58",-0.00034376
"261","ran261.hdr.59",-0.0051112
"261","ran261.hdr.6",-0.0029886
"261","ran261.hdr.60",0.0000107000000000006
"261","ran261.hdr.61",-0.0029365
"261","ran261.hdr.62",-0.0044594
"261","ran261.hdr.63",-0.000103800000000001
"261","ran261.hdr.64",-0.000219229999999999
"261","ran261.hdr.65",-0.0027675
"261","ran261.hdr.66",-0.000822699999999999
"261","ran261.hdr.67",-0.001641
"261","ran261.hdr.68",-0.0007215
"261","ran261.hdr.69",-0.0013697
"261","ran261.hdr.7",-0.00476
"261","ran261.hdr.70",-0.0000591999999999988
"261","ran261.hdr.71",0.000235200000000001
"261","ran261.hdr.72",-0.0037745
"261","ran261.hdr.73",-0.000019400000000001
"261","ran261.hdr.74",-0.00032338
"261","ran261.hdr.75",-0.000471699999999999
"261","ran261.hdr.76",-0.0008547
"261","ran261.hdr.77",-0.0020513
"261","ran261.hdr.78",-0.0064447
"261","ran261.hdr.8",-0.0002272
"261","ran261.hdr.9",-0.00047386
"262","ran262.hdr.1",-0.0005246
"262","ran262.hdr.10",-0.00031262
"262","ran262.hdr.11",-0.00047386
"262","ran262.hdr.12",0.0000567700000000011
"262","ran262.hdr.13",-0.0006642
"262","ran262.hdr.14",-0.0004828
"262","ran262.hdr.15",-0.0000232874
"262","ran262.hdr.16",-0.0000582479999999999
"262","ran262.hdr.17",-0.000359400000000001
"262","ran262.hdr.18",0.000321200000000001
"262","ran262.hdr.19",-0.0000854700000000007
"262","ran262.hdr.2",-0.000621999999999998
"262","ran262.hdr.20",-0.00182421
"262","ran262.hdr.21",-0.00000689999999999979
"262","ran262.hdr.22",-0.0005666
"262","ran262.hdr.23",-0.000551599999999999
"262","ran262.hdr.24",-0.0001248
"262","ran262.hdr.25",-0.00047553
"262","ran262.hdr.26",-0.000341280000000001
"262","ran262.hdr.27",-0.000191240000000001
"262","ran262.hdr.28",-0.0023372
"262","ran262.hdr.29",-0.00000790000000000166
"262","ran262.hdr.3",-0.0054532
"262","ran262.hdr.30",-0.0057768
"262","ran262.hdr.31",-0.0051598
"262","ran262.hdr.32",-0.0009332
"262","ran262.hdr.33",-0.00023078
"262","ran262.hdr.34",NA
"262","ran262.hdr.35",-0.0021188
"262","ran262.hdr.36",-0.0013524
"262","ran262.hdr.37",0.00011855
"262","ran262.hdr.38",-0.0000485800000000003
"262","ran262.hdr.39",-0.0014925
"262","ran262.hdr.4",-0.0019788
"262","ran262.hdr.40",-0.0016134
"262","ran262.hdr.41",-0.0011836
"262","ran262.hdr.42",-0.00034381
"262","ran262.hdr.43",-0.000249200000000002
"262","ran262.hdr.44",-0.0000261999999999971
"262","ran262.hdr.45",-0.000801899999999998
"262","ran262.hdr.46",-0.0135865
"262","ran262.hdr.47",-0.0010822
"262","ran262.hdr.48",-0.000217699999999999
"262","ran262.hdr.49",-0.000268079999999999
"262","ran262.hdr.5",-0.002115
"262","ran262.hdr.51",-0.0000586999999999983
"262","ran262.hdr.52",0.00000520000000000034
"262","ran262.hdr.53",-0.000849699999999998
"262","ran262.hdr.54",-0.0015743
"262","ran262.hdr.55",-0.000268299999999999
"262","ran262.hdr.56",0.000632799999999999
"262","ran262.hdr.57",-0.000811599999999999
"262","ran262.hdr.58",-0.0012438
"262","ran262.hdr.59",-0.0009154
"262","ran262.hdr.6",-0.0030338
"262","ran262.hdr.60",-0.0001464
"262","ran262.hdr.61",-0.0008071
"262","ran262.hdr.62",0.000053000000000001
"262","ran262.hdr.63",-0.000557700000000001
"262","ran262.hdr.64",-0.00017847
"262","ran262.hdr.65",-0.0003359
"262","ran262.hdr.66",-0.000103800000000001
"262","ran262.hdr.67",-0.000581100000000001
"262","ran262.hdr.68",-0.000331100000000001
"262","ran262.hdr.69",0.0001846
"262","ran262.hdr.7",-0.0054452
"262","ran262.hdr.70",-0.0005761
"262","ran262.hdr.71",-0.001085
"262","ran262.hdr.72",-0.000165360000000001
"262","ran262.hdr.73",0.000303599999999999
"262","ran262.hdr.74",-0.0010769
"262","ran262.hdr.75",-0.000198200000000001
"262","ran262.hdr.76",-0.000498099999999998
"262","ran262.hdr.77",-0.0003604
"262","ran262.hdr.78",-0.000776900000000001
"262","ran262.hdr.8",0.0000797799999999998
"262","ran262.hdr.9",-0.000119528
"263","ran263.hdr.1",-0.0012185
"263","ran263.hdr.10",-0.0004419
"263","ran263.hdr.11",-0.00154022
"263","ran263.hdr.12",0.000242800000000001
"263","ran263.hdr.13",-0.00017451
"263","ran263.hdr.14",-0.000207199999999999
"263","ran263.hdr.15",-0.000341899999999999
"263","ran263.hdr.16",-0.000727600000000002
"263","ran263.hdr.17",-0.0006205
"263","ran263.hdr.18",-0.0075695
"263","ran263.hdr.19",-0.0010736
"263","ran263.hdr.2",0.000555399999999998
"263","ran263.hdr.20",-0.0003237
"263","ran263.hdr.21",-0.0010804
"263","ran263.hdr.22",0.00000603000000000062
"263","ran263.hdr.23",-0.0006806
"263","ran263.hdr.24",-0.000890400000000001
"263","ran263.hdr.25",-0.0004995
"263","ran263.hdr.26",-0.00068852
"263","ran263.hdr.27",-0.0000868339999999999
"263","ran263.hdr.28",0.00037395
"263","ran263.hdr.29",-0.00037474
"263","ran263.hdr.3",-0.0025737
"263","ran263.hdr.30",-0.0023372
"263","ran263.hdr.31",-0.00665937
"263","ran263.hdr.32",-0.0025053
"263","ran263.hdr.33",-0.0010877
"263","ran263.hdr.34",-0.0002396
"263","ran263.hdr.35",-0.00025136
"263","ran263.hdr.36",0.000049999999999998
"263","ran263.hdr.37",0.0000378299999999991
"263","ran263.hdr.38",-0.000583
"263","ran263.hdr.39",-0.0005707
"263","ran263.hdr.4",-0.000232639999999999
"263","ran263.hdr.40",-0.0010275
"263","ran263.hdr.41",-0.00102067
"263","ran263.hdr.42",0.000377580000000001
"263","ran263.hdr.43",-0.0011914
"263","ran263.hdr.44",0.000155499999999999
"263","ran263.hdr.45",-0.0033085
"263","ran263.hdr.46",0.000017147
"263","ran263.hdr.47",-0.0022656
"263","ran263.hdr.48",-0.0012963
"263","ran263.hdr.49",0.000447400000000001
"263","ran263.hdr.5",-0.0048415
"263","ran263.hdr.50",0.0003067
"263","ran263.hdr.51",-0.000713800000000001
"263","ran263.hdr.52",-0.0000128000000000003
"263","ran263.hdr.53",0.000156159999999999
"263","ran263.hdr.54",-0.000129839
"263","ran263.hdr.55",-0.00047324
"263","ran263.hdr.56",-0.0012793
"263","ran263.hdr.57",0.00005185
"263","ran263.hdr.58",-0.00022893
"263","ran263.hdr.6",-0.00259746
"263","ran263.hdr.60",-0.000297500000000001
"263","ran263.hdr.61",-0.0000596800000000012
"263","ran263.hdr.62",-0.000618499999999999
"263","ran263.hdr.63",-0.00015495
"263","ran263.hdr.64",0.0000893000000000005
"263","ran263.hdr.65",-0.0010605
"263","ran263.hdr.66",-0.0022371
"263","ran263.hdr.67",-0.0011376
"263","ran263.hdr.68",-0.00424687
"263","ran263.hdr.69",-0.0000494999999999992
"263","ran263.hdr.7",-0.0013379
"263","ran263.hdr.70",-0.0012643
"263","ran263.hdr.71",0.00044457
"263","ran263.hdr.72",-0.00235857
"263","ran263.hdr.73",-0.0011245
"263","ran263.hdr.74",-0.00010683
"263","ran263.hdr.75",-0.000639000000000001
"263","ran263.hdr.76",-0.0014309
"263","ran263.hdr.77",-0.0057067
"263","ran263.hdr.78",-0.0023497
"263","ran263.hdr.8",0.0000803000000000002
"263","ran263.hdr.9",-0.00037472
"264","ran264.hdr.1",-0.0004633
"264","ran264.hdr.10",-0.000602800000000001
"264","ran264.hdr.11",-0.00066134
"264","ran264.hdr.12",-0.000714099999999999
"264","ran264.hdr.13",-0.000507199999999999
"264","ran264.hdr.14",-0.000675400000000003
"264","ran264.hdr.15",-0.0000108700000000005
"264","ran264.hdr.16",-0.0002267
"264","ran264.hdr.17",-0.0001755
"264","ran264.hdr.18",-0.000799000000000001
"264","ran264.hdr.19",-0.0011929
"264","ran264.hdr.2",-0.000166100000000002
"264","ran264.hdr.20",-0.000516000000000001
"264","ran264.hdr.21",-0.00043339
"264","ran264.hdr.22",-0.0005906
"264","ran264.hdr.23",-0.0006865
"264","ran264.hdr.24",-0.000154699999999999
"264","ran264.hdr.25",-0.00026931
"264","ran264.hdr.26",-0.000112000000000001
"264","ran264.hdr.27",-0.0002137
"264","ran264.hdr.28",0.00017261
"264","ran264.hdr.29",-0.0000956499999999999
"264","ran264.hdr.3",-0.0005246
"264","ran264.hdr.30",0.00014055
"264","ran264.hdr.31",-0.0001782
"264","ran264.hdr.32",-0.00018725
"264","ran264.hdr.33",0.000573500000000001
"264","ran264.hdr.34",0.000265399999999999
"264","ran264.hdr.35",0.00001051
"264","ran264.hdr.36",-0.0001264
"264","ran264.hdr.37",-0.000830000000000001
"264","ran264.hdr.38",-0.000942499999999999
"264","ran264.hdr.39",-0.00002191
"264","ran264.hdr.4",-0.0000643999999999992
"264","ran264.hdr.40",-0.0001811
"264","ran264.hdr.41",-0.000707100000000002
"264","ran264.hdr.42",-0.0006786
"264","ran264.hdr.43",-0.0000750999999999981
"264","ran264.hdr.44",-0.0028342
"264","ran264.hdr.45",0.000542899999999999
"264","ran264.hdr.46",-0.000514700000000002
"264","ran264.hdr.47",0.0000114699999999995
"264","ran264.hdr.48",-0.0015836
"264","ran264.hdr.49",-0.000334300000000001
"264","ran264.hdr.5",-0.0011761
"264","ran264.hdr.50",-0.00017032
"264","ran264.hdr.51",-0.0010527
"264","ran264.hdr.52",0.00010489
"264","ran264.hdr.53",-0.00077464
"264","ran264.hdr.54",-0.0001578
"264","ran264.hdr.55",-0.000652820000000001
"264","ran264.hdr.56",-0.0005736
"264","ran264.hdr.57",-0.00015833
"264","ran264.hdr.58",-0.00043349
"264","ran264.hdr.59",-0.00000449999999999995
"264","ran264.hdr.6",-0.0036814
"264","ran264.hdr.61",-0.0004014
"264","ran264.hdr.62",-0.000392199999999999
"264","ran264.hdr.63",-0.000967699999999998
"264","ran264.hdr.64",-0.011466
"264","ran264.hdr.65",-0.00024239
"264","ran264.hdr.66",0.000885499999999999
"264","ran264.hdr.67",-0.000933400000000001
"264","ran264.hdr.68",-0.00045152
"264","ran264.hdr.69",-0.0000376999999999999
"264","ran264.hdr.7",-0.0027056
"264","ran264.hdr.70",-0.0001385
"264","ran264.hdr.71",-0.00124621
"264","ran264.hdr.72",-0.000906800000000001
"264","ran264.hdr.73",-0.0044168
"264","ran264.hdr.74",-0.0011097
"264","ran264.hdr.75",-0.0053353
"264","ran264.hdr.76",-0.0021382
"264","ran264.hdr.77",-0.0035566
"264","ran264.hdr.78",-0.000908300000000001
"264","ran264.hdr.8",-0.0043666
"264","ran264.hdr.9",-0.00039892
"265","ran265.hdr.1",-0.0003459
"265","ran265.hdr.10",0.000354209999999999
"265","ran265.hdr.11",-0.0008974
"265","ran265.hdr.12",-0.000994360000000001
"265","ran265.hdr.13",-0.0015418
"265","ran265.hdr.14",-0.00020244
"265","ran265.hdr.15",-0.000796499999999999
"265","ran265.hdr.16",-0.0013829
"265","ran265.hdr.17",-0.000390400000000001
"265","ran265.hdr.18",-0.0003788
"265","ran265.hdr.19",-0.000382199999999999
"265","ran265.hdr.2",-0.000310999999999999
"265","ran265.hdr.20",-0.0002773
"265","ran265.hdr.21",0.00000333000000000104
"265","ran265.hdr.22",-0.00029017
"265","ran265.hdr.23",-0.000397000000000002
"265","ran265.hdr.24",-0.0003079
"265","ran265.hdr.25",0.000035033
"265","ran265.hdr.26",0.000388599999999999
"265","ran265.hdr.27",-0.0018523
"265","ran265.hdr.28",-0.000910399999999999
"265","ran265.hdr.29",-0.00033054
"265","ran265.hdr.3",-0.0001332
"265","ran265.hdr.30",-0.000184700000000001
"265","ran265.hdr.31",0.000159400000000001
"265","ran265.hdr.32",NA
"265","ran265.hdr.33",-0.0002614
"265","ran265.hdr.34",0.0003309
"265","ran265.hdr.35",-0.0012739
"265","ran265.hdr.36",-0.0016634
"265","ran265.hdr.37",-0.0001607
"265","ran265.hdr.38",-0.0011836
"265","ran265.hdr.39",-0.0000446000000000005
"265","ran265.hdr.4",-0.0000461999999999997
"265","ran265.hdr.40",0.000662699999999999
"265","ran265.hdr.41",-0.0022371
"265","ran265.hdr.42",-0.0002851
"265","ran265.hdr.43",-0.0000823899999999999
"265","ran265.hdr.44",-0.0000330999999999994
"265","ran265.hdr.45",0.0000367029999999999
"265","ran265.hdr.46",-0.0000118100000000001
"265","ran265.hdr.47",-0.0035095
"265","ran265.hdr.48",-0.00010923
"265","ran265.hdr.49",-0.00016505
"265","ran265.hdr.5",-0.0007133
"265","ran265.hdr.50",-0.0003331
"265","ran265.hdr.51",-0.001074
"265","ran265.hdr.53",0.000209000000000001
"265","ran265.hdr.54",-0.0007899
"265","ran265.hdr.55",-0.0010234
"265","ran265.hdr.56",-0.0093999
"265","ran265.hdr.57",0.000299199999999999
"265","ran265.hdr.58",-0.00574057
"265","ran265.hdr.59",-0.00133469
"265","ran265.hdr.6",-0.00041678
"265","ran265.hdr.60",0.0002951
"265","ran265.hdr.61",-0.00018396
"265","ran265.hdr.62",-0.000110100000000002
"265","ran265.hdr.63",-0.00039478
"265","ran265.hdr.64",-0.0013204
"265","ran265.hdr.65",-0.000188000000000001
"265","ran265.hdr.66",-0.0028671
"265","ran265.hdr.67",-0.000157899999999999
"265","ran265.hdr.68",-0.0035232
"265","ran265.hdr.69",0.0000622999999999995
"265","ran265.hdr.7",-0.000032131
"265","ran265.hdr.70",-0.00179129
"265","ran265.hdr.71",-0.0011679
"265","ran265.hdr.72",-0.0003324
"265","ran265.hdr.73",-0.000495900000000001
"265","ran265.hdr.74",-0.0019338
"265","ran265.hdr.75",-0.001624
"265","ran265.hdr.76",-0.0012116
"265","ran265.hdr.77",-0.0012012
"265","ran265.hdr.78",-0.0013233
"265","ran265.hdr.8",0.0000449828
"265","ran265.hdr.9",-0.00029445
"266","ran266.hdr.1",-0.00000570800000000001
"266","ran266.hdr.10",0.000570849999999999
"266","ran266.hdr.11",-0.0000977999999999986
"266","ran266.hdr.12",-0.000385
"266","ran266.hdr.13",-0.000274099999999999
"266","ran266.hdr.14",-0.000622000000000001
"266","ran266.hdr.15",-0.000168099999999999
"266","ran266.hdr.16",-0.000477
"266","ran266.hdr.17",-0.0010476
"266","ran266.hdr.18",-0.0002758
"266","ran266.hdr.19",-0.000159899999999999
"266","ran266.hdr.2",0.000274999999999997
"266","ran266.hdr.20",-0.000551599999999999
"266","ran266.hdr.21",-0.0030857
"266","ran266.hdr.22",-0.000458800000000001
"266","ran266.hdr.23",-0.000582599999999999
"266","ran266.hdr.24",-0.0022261
"266","ran266.hdr.25",-0.00039436
"266","ran266.hdr.26",-0.000777200000000002
"266","ran266.hdr.27",-0.0023193
"266","ran266.hdr.28",-0.0000774399999999998
"266","ran266.hdr.29",-0.0001826
"266","ran266.hdr.3",-0.00018871
"266","ran266.hdr.30",-0.0013224
"266","ran266.hdr.31",-0.0000897299999999997
"266","ran266.hdr.32",-0.0005789
"266","ran266.hdr.33",-0.000718600000000002
"266","ran266.hdr.34",-0.0017019
"266","ran266.hdr.35",-0.0015782
"266","ran266.hdr.36",-0.0012299
"266","ran266.hdr.37",-0.000973700000000001
"266","ran266.hdr.38",-0.000737000000000002
"266","ran266.hdr.39",-0.000360099999999999
"266","ran266.hdr.4",-0.000964
"266","ran266.hdr.40",-0.0000446000000000005
"266","ran266.hdr.41",0.0000839000000000013
"266","ran266.hdr.42",-0.000473700000000001
"266","ran266.hdr.43",-0.00029094
"266","ran266.hdr.44",-0.00328849
"266","ran266.hdr.45",-0.0013907
"266","ran266.hdr.46",-0.0030547
"266","ran266.hdr.47",-0.0135865
"266","ran266.hdr.48",-0.000442600000000001
"266","ran266.hdr.49",-0.00055
"266","ran266.hdr.5",-0.0056027
"266","ran266.hdr.50",-0.000366499999999999
"266","ran266.hdr.52",-0.0005766
"266","ran266.hdr.53",-0.000064100000000001
"266","ran266.hdr.54",-0.000203699999999999
"266","ran266.hdr.55",-0.0010508
"266","ran266.hdr.56",-0.0007279
"266","ran266.hdr.57",-0.000964599999999999
"266","ran266.hdr.58",-0.0048518
"266","ran266.hdr.59",0.000382499999999999
"266","ran266.hdr.6",-0.0029886
"266","ran266.hdr.60",-0.0005679
"266","ran266.hdr.61",-0.000914999999999999
"266","ran266.hdr.62",-0.0008821
"266","ran266.hdr.63",-0.000889800000000001
"266","ran266.hdr.64",-0.0040697
"266","ran266.hdr.65",-0.000754080000000001
"266","ran266.hdr.66",0.000301900000000001
"266","ran266.hdr.67",-0.0011245
"266","ran266.hdr.68",-0.000522900000000001
"266","ran266.hdr.69",-0.000388300000000001
"266","ran266.hdr.7",-0.0006119
"266","ran266.hdr.70",-0.0018724
"266","ran266.hdr.71",-0.0011035
"266","ran266.hdr.72",-0.0023484
"266","ran266.hdr.73",-0.0014855
"266","ran266.hdr.74",-0.000452500000000002
"266","ran266.hdr.75",-0.00118788
"266","ran266.hdr.76",-0.0018567
"266","ran266.hdr.77",-0.0010028
"266","ran266.hdr.78",-0.0000290799999999999
"266","ran266.hdr.8",-0.00013863
"266","ran266.hdr.9",-0.0000204900000000002
"267","ran267.hdr.1",-0.000740699999999999
"267","ran267.hdr.10",-0.00085353
"267","ran267.hdr.11",-0.0004087
"267","ran267.hdr.12",0.000406419999999999
"267","ran267.hdr.13",-0.0004382
"267","ran267.hdr.14",-0.0001364
"267","ran267.hdr.15",-0.0016952
"267","ran267.hdr.16",-0.00249358
"267","ran267.hdr.17",-0.0004889
"267","ran267.hdr.18",-0.000102600000000001
"267","ran267.hdr.19",-0.0004445
"267","ran267.hdr.2",-0.0028486
"267","ran267.hdr.20",-0.0001248
"267","ran267.hdr.21",-0.00029017
"267","ran267.hdr.22",-0.0012989
"267","ran267.hdr.23",-0.000730600000000001
"267","ran267.hdr.24",-0.00018085
"267","ran267.hdr.25",-0.000478900000000001
"267","ran267.hdr.26",-0.0019144
"267","ran267.hdr.27",-0.000125399999999999
"267","ran267.hdr.28",NA
"267","ran267.hdr.29",0.000298800000000002
"267","ran267.hdr.3",-0.0037929
"267","ran267.hdr.30",0.000182400000000003
"267","ran267.hdr.31",-0.0006
"267","ran267.hdr.32",-0.000787299999999999
"267","ran267.hdr.33",-0.0000371
"267","ran267.hdr.34",-0.00032122
"267","ran267.hdr.35",0.0000833999999999991
"267","ran267.hdr.36",0.00015401
"267","ran267.hdr.37",-0.0010527
"267","ran267.hdr.38",-0.000274020000000001
"267","ran267.hdr.39",0.0000474899999999999
"267","ran267.hdr.4",-0.0038288
"267","ran267.hdr.40",NA
"267","ran267.hdr.41",-0.0115458
"267","ran267.hdr.42",-0.0035095
"267","ran267.hdr.43",-0.000842700000000002
"267","ran267.hdr.44",-0.0004831
"267","ran267.hdr.45",-0.0004037
"267","ran267.hdr.46",-0.0000635700000000002
"267","ran267.hdr.47",-0.00022462
"267","ran267.hdr.48",-0.00000580000000000025
"267","ran267.hdr.49",0.00064889
"267","ran267.hdr.5",-0.0004419
"267","ran267.hdr.52",-0.0013724
"267","ran267.hdr.53",-0.000733600000000001
"267","ran267.hdr.54",-0.0017637
"267","ran267.hdr.55",-0.0009154
"267","ran267.hdr.56",0.000299199999999999
"267","ran267.hdr.57",-0.0011457
"267","ran267.hdr.58",-0.0021686
"267","ran267.hdr.59",-0.0003231
"267","ran267.hdr.6",-0.00058509
"267","ran267.hdr.60",-0.00104738
"267","ran267.hdr.61",-0.0004568
"267","ran267.hdr.62",-0.0013204
"267","ran267.hdr.63",-0.0001385
"267","ran267.hdr.64",-0.0000952000000000001
"267","ran267.hdr.65",-0.0013792
"267","ran267.hdr.66",-0.00006813
"267","ran267.hdr.67",-0.000819
"267","ran267.hdr.68",-0.0003563
"267","ran267.hdr.69",-0.0005561
"267","ran267.hdr.7",-0.0007343
"267","ran267.hdr.70",-0.0053353
"267","ran267.hdr.71",0.00015336
"267","ran267.hdr.72",-0.0014673
"267","ran267.hdr.73",-0.00118788
"267","ran267.hdr.74",-0.00233944
"267","ran267.hdr.75",-0.00096858
"267","ran267.hdr.76",-0.0016484
"267","ran267.hdr.77",-0.0015057
"267","ran267.hdr.78",-0.000318599999999999
"267","ran267.hdr.8",0.0000170000000000014
"267","ran267.hdr.9",-0.000217070000000001
"268","ran268.hdr.1",-0.000142300000000001
"268","ran268.hdr.10",0.00035726
"268","ran268.hdr.11",-0.000207199999999999
"268","ran268.hdr.12",0.0000348000000000015
"268","ran268.hdr.13",0.00038783
"268","ran268.hdr.14",-0.0002322
"268","ran268.hdr.15",-0.0000692999999999996
"268","ran268.hdr.16",-0.0002961
"268","ran268.hdr.17",-0.000220930000000001
"268","ran268.hdr.18",-0.00039311
"268","ran268.hdr.19",-0.0001574
"268","ran268.hdr.2",-0.000220599999999998
"268","ran268.hdr.20",-0.0017674
"268","ran268.hdr.21",-0.0009639
"268","ran268.hdr.22",-0.0075695
"268","ran268.hdr.23",-0.000369699999999999
"268","ran268.hdr.24",-0.0016862
"268","ran268.hdr.25",-0.0004121
"268","ran268.hdr.26",-0.000327499999999998
"268","ran268.hdr.27",-0.0025984
"268","ran268.hdr.28",-0.00018774
"268","ran268.hdr.29",-0.000376700000000001
"268","ran268.hdr.3",-0.0001332
"268","ran268.hdr.30",-0.00175568
"268","ran268.hdr.31",-0.000397000000000002
"268","ran268.hdr.32",-0.0005877
"268","ran268.hdr.33",-0.000587800000000003
"268","ran268.hdr.34",-0.0058339
"268","ran268.hdr.35",-0.0032627
"268","ran268.hdr.36",0.000181899999999999
"268","ran268.hdr.37",-0.00620406
"268","ran268.hdr.38",-0.000210999999999999
"268","ran268.hdr.39",0.000361500000000001
"268","ran268.hdr.4",0.0000546000000000001
"268","ran268.hdr.40",-0.000399060000000001
"268","ran268.hdr.41",-0.00087888
"268","ran268.hdr.42",-0.000041641
"268","ran268.hdr.43",-0.002021
"268","ran268.hdr.44",-0.0009972
"268","ran268.hdr.45",-0.000924100000000001
"268","ran268.hdr.46",-0.000145300000000001
"268","ran268.hdr.47",-0.000189699999999999
"268","ran268.hdr.48",-0.0098876
"268","ran268.hdr.49",-0.0015911
"268","ran268.hdr.5",0.000000199999999998812
"268","ran268.hdr.50",-0.0010055
"268","ran268.hdr.51",-0.000334300000000001
"268","ran268.hdr.52",0.0000226999999999988
"268","ran268.hdr.53",-0.000643990000000001
"268","ran268.hdr.54",0.000165
"268","ran268.hdr.55",-0.000162300000000001
"268","ran268.hdr.56",-0.00038507
"268","ran268.hdr.57",-0.0010605
"268","ran268.hdr.58",-0.0011376
"268","ran268.hdr.59",0.0005974
"268","ran268.hdr.6",-0.0007133
"268","ran268.hdr.60",0.000498500000000002
"268","ran268.hdr.61",-0.00018716
"268","ran268.hdr.62",-0.000589599999999999
"268","ran268.hdr.63",-0.0003709
"268","ran268.hdr.64",-0.0015819
"268","ran268.hdr.65",0.0001846
"268","ran268.hdr.66",-0.0011658
"268","ran268.hdr.67",-0.000112899999999999
"268","ran268.hdr.68",-0.000768900000000003
"268","ran268.hdr.69",-0.0007905
"268","ran268.hdr.7",-0.0027056
"268","ran268.hdr.70",-0.0003088
"268","ran268.hdr.71",0.0000821000000000016
"268","ran268.hdr.72",-0.000126299999999999
"268","ran268.hdr.73",-0.000348569999999999
"268","ran268.hdr.74",-0.0011354
"268","ran268.hdr.75",-0.0027169
"268","ran268.hdr.76",-0.000738050000000001
"268","ran268.hdr.77",-0.000584000000000001
"268","ran268.hdr.78",-0.0003186
"268","ran268.hdr.8",-0.0043666
"268","ran268.hdr.9",-0.000681099999999999
"269","ran269.hdr.1",-0.0005582
"269","ran269.hdr.10",-0.0002056
"269","ran269.hdr.11",-0.000537139999999999
"269","ran269.hdr.12",-0.00093515
"269","ran269.hdr.13",-0.000549999999999998
"269","ran269.hdr.14",0.000157399999999999
"269","ran269.hdr.15",-0.00013319
"269","ran269.hdr.16",0.00027153
"269","ran269.hdr.17",-0.00036797
"269","ran269.hdr.18",-0.0008164
"269","ran269.hdr.19",-0.0001083
"269","ran269.hdr.2",-0.0003622
"269","ran269.hdr.20",-0.0003961
"269","ran269.hdr.21",-0.0025867
"269","ran269.hdr.22",-0.0007746
"269","ran269.hdr.23",0.0000553900000000002
"269","ran269.hdr.24",0.0000743999999999988
"269","ran269.hdr.25",0.000149639999999999
"269","ran269.hdr.26",-0.0029827
"269","ran269.hdr.27",-0.0036419
"269","ran269.hdr.28",0.0001516
"269","ran269.hdr.29",-0.00033054
"269","ran269.hdr.3",0.0001566
"269","ran269.hdr.30",-0.00016097
"269","ran269.hdr.31",-0.0007116
"269","ran269.hdr.32",-0.000722799999999999
"269","ran269.hdr.33",-0.000316800000000001
"269","ran269.hdr.34",-0.000558599999999999
"269","ran269.hdr.35",-0.00056584
"269","ran269.hdr.36",0.0003117
"269","ran269.hdr.37",-0.000446100000000001
"269","ran269.hdr.38",0.0000373000000000005
"269","ran269.hdr.39",-0.0011836
"269","ran269.hdr.4",-0.000239700000000001
"269","ran269.hdr.40",-0.000982500000000001
"269","ran269.hdr.41",-0.004512
"269","ran269.hdr.42",-0.000988299999999998
"269","ran269.hdr.43",-0.0024639
"269","ran269.hdr.44",0.000121899999999999
"269","ran269.hdr.45",-0.00027166
"269","ran269.hdr.46",-0.00166777
"269","ran269.hdr.47",-0.000599799999999999
"269","ran269.hdr.48",-0.0000584000000000001
"269","ran269.hdr.49",0.00008457
"269","ran269.hdr.5",-0.000149890000000001
"269","ran269.hdr.54",0.000161000000000001
"269","ran269.hdr.55",0.000231799999999999
"269","ran269.hdr.56",-0.000907400000000001
"269","ran269.hdr.57",-0.00685775
"269","ran269.hdr.58",-0.000083200000000002
"269","ran269.hdr.59",-0.000350800000000002
"269","ran269.hdr.6",-0.000358239999999999
"269","ran269.hdr.60",-0.000164200000000001
"269","ran269.hdr.61",-0.0016847
"269","ran269.hdr.62",-0.000239799999999998
"269","ran269.hdr.63",-0.0005187
"269","ran269.hdr.64",0.000451399999999999
"269","ran269.hdr.65",-0.0015557
"269","ran269.hdr.66",-0.0001385
"269","ran269.hdr.67",-0.000889800000000001
"269","ran269.hdr.68",-0.0010284
"269","ran269.hdr.69",-0.000388300000000001
"269","ran269.hdr.7",0.000329000000000003
"269","ran269.hdr.70",0.0000365999999999995
"269","ran269.hdr.71",-0.000559999999999998
"269","ran269.hdr.72",-0.000333699999999999
"269","ran269.hdr.73",0.000326549999999999
"269","ran269.hdr.74",-0.000586100000000003
"269","ran269.hdr.75",-0.0030263
"269","ran269.hdr.76",-0.00233944
"269","ran269.hdr.77",-0.000908300000000001
"269","ran269.hdr.78",-0.00048226
"269","ran269.hdr.8",-0.0014853
"269","ran269.hdr.9",-0.0007992
"270","ran270.hdr.1",-0.0003084
"270","ran270.hdr.10",-0.000438800000000001
"270","ran270.hdr.11",0.00017944
"270","ran270.hdr.12",-0.000434459999999999
"270","ran270.hdr.13",-0.000515700000000001
"270","ran270.hdr.14",-0.0004066
"270","ran270.hdr.15",-0.000935750000000001
"270","ran270.hdr.16",0.000241600000000002
"270","ran270.hdr.17",0.000150600000000001
"270","ran270.hdr.18",-0.0012819
"270","ran270.hdr.19",-0.0016769
"270","ran270.hdr.2",-0.0016682
"270","ran270.hdr.20",-0.0003148
"270","ran270.hdr.21",-0.000288400000000001
"270","ran270.hdr.22",-0.000454400000000001
"270","ran270.hdr.23",-0.0001248
"270","ran270.hdr.24",-0.0016027
"270","ran270.hdr.25",0.0000111
"270","ran270.hdr.26",-0.0005678
"270","ran270.hdr.27",-0.0003903
"270","ran270.hdr.28",-0.000686299999999999
"270","ran270.hdr.29",-0.000149719999999999
"270","ran270.hdr.3",-0.0011071
"270","ran270.hdr.30",-0.0019572
"270","ran270.hdr.31",-0.0002396
"270","ran270.hdr.32",-0.000504299999999999
"270","ran270.hdr.33",-0.0003937
"270","ran270.hdr.34",-0.000429500000000003
"270","ran270.hdr.35",-0.0010287
"270","ran270.hdr.36",-0.00037394
"270","ran270.hdr.37",-0.000707100000000002
"270","ran270.hdr.38",-0.000571099999999998
"270","ran270.hdr.39",-0.0022477
"270","ran270.hdr.4",-0.000229759999999999
"270","ran270.hdr.40",-0.0000449999999999999
"270","ran270.hdr.41",-0.000080199999999999
"270","ran270.hdr.42",-0.0011409
"270","ran270.hdr.43",-0.0012135
"270","ran270.hdr.44",-0.0010055
"270","ran270.hdr.45",-0.00032122
"270","ran270.hdr.46",-0.00024031
"270","ran270.hdr.47",-0.0000118100000000001
"270","ran270.hdr.48",-0.00021607
"270","ran270.hdr.49",NA
"270","ran270.hdr.5",-0.0002272
"270","ran270.hdr.50",0.0003412
"270","ran270.hdr.51",0.0000789999999999992
"270","ran270.hdr.52",-0.000193329999999999
"270","ran270.hdr.54",-0.000477600000000002
"270","ran270.hdr.55",0.00015665
"270","ran270.hdr.56",-0.0004641
"270","ran270.hdr.57",-0.000194100000000003
"270","ran270.hdr.58",-0.000373099999999998
"270","ran270.hdr.59",-0.000540200000000001
"270","ran270.hdr.6",-0.00093515
"270","ran270.hdr.60",-0.000128400000000001
"270","ran270.hdr.61",0.000272909999999999
"270","ran270.hdr.62",-0.000602399999999999
"270","ran270.hdr.63",-0.000383100000000001
"270","ran270.hdr.64",-0.0000374500000000014
"270","ran270.hdr.65",-0.0013697
"270","ran270.hdr.66",-0.000798899999999998
"270","ran270.hdr.67",-0.0038792
"270","ran270.hdr.68",-0.0016673
"270","ran270.hdr.69",-0.000649899999999998
"270","ran270.hdr.7",-0.00047386
"270","ran270.hdr.70",-0.0027704
"270","ran270.hdr.71",-0.000871399999999998
"270","ran270.hdr.72",-0.000471699999999999
"270","ran270.hdr.73",-0.000407090000000001
"270","ran270.hdr.74",-0.000894099999999998
"270","ran270.hdr.75",-0.0010666
"270","ran270.hdr.76",0.00029777
"270","ran270.hdr.77",0.000226799999999999
"270","ran270.hdr.78",-0.000399129999999999
"270","ran270.hdr.8",-0.0015953
"270","ran270.hdr.9",-0.000428030000000001
"271","ran271.hdr.1",-0.00036043
"271","ran271.hdr.10",-0.00029199
"271","ran271.hdr.11",-0.00024357
"271","ran271.hdr.12",-0.000358290000000001
"271","ran271.hdr.13",-0.0003155
"271","ran271.hdr.14",-0.000320599999999999
"271","ran271.hdr.15",-0.00065658
"271","ran271.hdr.16",-0.00025135
"271","ran271.hdr.17",0.0000348000000000015
"271","ran271.hdr.18",-0.0008751
"271","ran271.hdr.19",0.000240457
"271","ran271.hdr.2",0.0000236000000000004
"271","ran271.hdr.20",-0.00062684
"271","ran271.hdr.21",-0.00161496
"271","ran271.hdr.22",-0.000527999999999999
"271","ran271.hdr.23",-0.0000649700000000001
"271","ran271.hdr.24",-0.0011929
"271","ran271.hdr.25",-0.0017655
"271","ran271.hdr.26",-0.0009639
"271","ran271.hdr.27",-0.0004943
"271","ran271.hdr.28",-0.00043339
"271","ran271.hdr.29",0.0002042
"271","ran271.hdr.3",-0.0014426
"271","ran271.hdr.30",-0.0001814
"271","ran271.hdr.31",-0.000518899999999999
"271","ran271.hdr.32",-0.0084394
"271","ran271.hdr.33",-0.000249299999999999
"271","ran271.hdr.34",-0.0001239
"271","ran271.hdr.35",-0.0002773
"271","ran271.hdr.36",0.000351000000000001
"271","ran271.hdr.37",-0.000383960000000001
"271","ran271.hdr.38",-0.0000373999999999999
"271","ran271.hdr.39",-0.000541900000000001
"271","ran271.hdr.4",-0.0007992
"271","ran271.hdr.40",-0.0038148
"271","ran271.hdr.41",-0.0107692
"271","ran271.hdr.42",-0.00350844
"271","ran271.hdr.43",0.000205900000000002
"271","ran271.hdr.44",-0.000112999999999999
"271","ran271.hdr.45",0.0004154
"271","ran271.hdr.46",-0.0008168
"271","ran271.hdr.47",-0.000627829999999999
"271","ran271.hdr.48",-0.0012954
"271","ran271.hdr.49",-0.0009972
"271","ran271.hdr.5",-0.000180700000000001
"271","ran271.hdr.50",0.0001554
"271","ran271.hdr.51",-0.0002126
"271","ran271.hdr.52",-0.0004793
"271","ran271.hdr.53",-0.00022449
"271","ran271.hdr.54",-0.0071472
"271","ran271.hdr.55",-0.000522499999999999
"271","ran271.hdr.56",0.00012679
"271","ran271.hdr.57",-0.0000128000000000003
"271","ran271.hdr.58",-0.000274020000000001
"271","ran271.hdr.59",-0.000442600000000001
"271","ran271.hdr.6",-0.0013522
"271","ran271.hdr.60",-0.0000134699999999998
"271","ran271.hdr.61",-0.000238039999999999
"271","ran271.hdr.62",0.00029917
"271","ran271.hdr.63",-0.000456100000000001
"271","ran271.hdr.64",-0.000218899999999999
"271","ran271.hdr.65",-0.0034825
"271","ran271.hdr.66",-0.000254899999999999
"271","ran271.hdr.67",0.0001087
"271","ran271.hdr.68",-0.000455400000000002
"271","ran271.hdr.69",-0.0044594
"271","ran271.hdr.7",-0.0028401
"271","ran271.hdr.70",-0.0017715
"271","ran271.hdr.71",0.000114399999999999
"271","ran271.hdr.72",-0.0001172
"271","ran271.hdr.73",-0.00179129
"271","ran271.hdr.74",-0.0000695000000000001
"271","ran271.hdr.75",0.000611130000000001
"271","ran271.hdr.76",-0.0006286
"271","ran271.hdr.77",-0.0023484
"271","ran271.hdr.78",-0.0018985
"271","ran271.hdr.8",-0.0053473
"271","ran271.hdr.9",-0.00032649
"272","ran272.hdr.1",-0.0013435
"272","ran272.hdr.10",-0.000458999999999999
"272","ran272.hdr.11",-0.000437670000000001
"272","ran272.hdr.12",-0.0003446
"272","ran272.hdr.13",-0.00010734
"272","ran272.hdr.14",-0.00039314
"272","ran272.hdr.15",-0.0006374
"272","ran272.hdr.16",-0.000547299999999997
"272","ran272.hdr.17",-0.001162
"272","ran272.hdr.18",-0.0000970999999999993
"272","ran272.hdr.19",-0.0004673
"272","ran272.hdr.2",-0.0034482
"272","ran272.hdr.20",-0.0002021
"272","ran272.hdr.21",0.000416900000000001
"272","ran272.hdr.22",-0.00030432
"272","ran272.hdr.23",0.000771959999999999
"272","ran272.hdr.24",-0.000847199999999999
"272","ran272.hdr.25",-0.000533099999999998
"272","ran272.hdr.26",-0.000163968
"272","ran272.hdr.27",0.0001919
"272","ran272.hdr.28",NA
"272","ran272.hdr.29",-0.000177500000000001
"272","ran272.hdr.3",-0.000290820000000001
"272","ran272.hdr.30",0.0000690000000000014
"272","ran272.hdr.31",0.00064158
"272","ran272.hdr.32",-0.0012418
"272","ran272.hdr.33",-0.00180704
"272","ran272.hdr.34",-0.0000145000000000006
"272","ran272.hdr.35",0.0014784
"272","ran272.hdr.36",0.0001508
"272","ran272.hdr.37",-0.000023421
"272","ran272.hdr.38",0.00011401
"272","ran272.hdr.39",-0.000944
"272","ran272.hdr.4",-0.0050893
"272","ran272.hdr.40",-0.000505799999999999
"272","ran272.hdr.41",-0.000870699999999999
"272","ran272.hdr.42",-0.0022477
"272","ran272.hdr.43",-0.000733699999999999
"272","ran272.hdr.44",-0.000551099999999999
"272","ran272.hdr.45",0.00002906
"272","ran272.hdr.46",-0.000198799999999999
"272","ran272.hdr.47",0.00003232
"272","ran272.hdr.48",-0.00137689
"272","ran272.hdr.49",-0.0015158
"272","ran272.hdr.5",-0.0035328
"272","ran272.hdr.50",-0.000643990000000001
"272","ran272.hdr.51",-0.00061173
"272","ran272.hdr.52",0.0000326900000000001
"272","ran272.hdr.53",-0.00024603
"272","ran272.hdr.54",-0.00048754
"272","ran272.hdr.55",-0.00073559
"272","ran272.hdr.56",-0.0010844
"272","ran272.hdr.58",-0.0013724
"272","ran272.hdr.59",0.00041589
"272","ran272.hdr.6",-0.0054452
"272","ran272.hdr.60",-0.0015112
"272","ran272.hdr.61",-0.0004576
"272","ran272.hdr.62",0.000201199999999999
"272","ran272.hdr.63",0.000125799999999999
"272","ran272.hdr.64",-0.0010234
"272","ran272.hdr.65",-0.000477
"272","ran272.hdr.66",-0.0001288
"272","ran272.hdr.67",0.000302800000000002
"272","ran272.hdr.68",-0.0011783
"272","ran272.hdr.69",-0.0003709
"272","ran272.hdr.7",-0.002828
"272","ran272.hdr.70",-0.000448899999999999
"272","ran272.hdr.71",-0.0037906
"272","ran272.hdr.72",-0.0000834000000000008
"272","ran272.hdr.73",-0.0037745
"272","ran272.hdr.74",-0.0005625
"272","ran272.hdr.75",-0.0011457
"272","ran272.hdr.76",-0.0009914
"272","ran272.hdr.77",-0.000175900000000001
"272","ran272.hdr.78",-0.0015886
"272","ran272.hdr.8",-0.00056552
"272","ran272.hdr.9",-0.0006119
"273","ran273.hdr.1",-0.000637099999999998
"273","ran273.hdr.10",-0.000419360000000001
"273","ran273.hdr.11",-0.00000606999999999951
"273","ran273.hdr.12",-0.0015955
"273","ran273.hdr.13",0.0002886
"273","ran273.hdr.14",-0.000799000000000001
"273","ran273.hdr.15",-0.000348220000000002
"273","ran273.hdr.16",-0.0002013
"273","ran273.hdr.17",-0.0010476
"273","ran273.hdr.18",-0.0011619
"273","ran273.hdr.19",-0.00098458
"273","ran273.hdr.2",-0.0000461999999999997
"273","ran273.hdr.20",-0.000352700000000001
"273","ran273.hdr.21",0.0003538
"273","ran273.hdr.22",-0.0045794
"273","ran273.hdr.23",0.00017545
"273","ran273.hdr.24",0.000324744
"273","ran273.hdr.25",-0.00022216
"273","ran273.hdr.26",-0.000336700000000001
"273","ran273.hdr.27",0.00005104
"273","ran273.hdr.28",0.00016675
"273","ran273.hdr.29",-0.000155240000000001
"273","ran273.hdr.3",-0.0013747
"273","ran273.hdr.30",-0.00069205
"273","ran273.hdr.31",-0.01715588
"273","ran273.hdr.32",-0.0032627
"273","ran273.hdr.33",-0.000531400000000001
"273","ran273.hdr.34",-0.0001799
"273","ran273.hdr.35",-0.0005206
"273","ran273.hdr.36",-0.0006427
"273","ran273.hdr.37",-0.00510713
"273","ran273.hdr.38",-0.000435399999999999
"273","ran273.hdr.39",-0.000152599999999999
"273","ran273.hdr.4",-0.000585499999999999
"273","ran273.hdr.40",-0.000332000000000001
"273","ran273.hdr.41",-0.0004022
"273","ran273.hdr.42",-0.000316800000000001
"273","ran273.hdr.43",-0.000291899999999999
"273","ran273.hdr.44",-0.0003823
"273","ran273.hdr.45",-0.0010202
"273","ran273.hdr.46",-0.00013614
"273","ran273.hdr.47",0.0003695
"273","ran273.hdr.48",0.000017147
"273","ran273.hdr.49",-0.000258099999999999
"273","ran273.hdr.5",-0.000063007
"273","ran273.hdr.50",-0.000436799999999998
"273","ran273.hdr.51",-0.0015836
"273","ran273.hdr.52",-0.000032588
"273","ran273.hdr.53",-0.000207300000000001
"273","ran273.hdr.54",-0.00015647
"273","ran273.hdr.55",-0.000231500000000003
"273","ran273.hdr.56",0.000156099999999999
"273","ran273.hdr.57",-0.000749
"273","ran273.hdr.58",-0.00077464
"273","ran273.hdr.59",-0.00022462
"273","ran273.hdr.6",-0.00046459
"273","ran273.hdr.60",-0.0004198
"273","ran273.hdr.62",-0.000141199999999999
"273","ran273.hdr.63",-0.000513100000000002
"273","ran273.hdr.64",0.0000782999999999999
"273","ran273.hdr.65",-0.000328600000000002
"273","ran273.hdr.66",-0.0007712
"273","ran273.hdr.67",-0.0029365
"273","ran273.hdr.68",0.0000869000000000009
"273","ran273.hdr.69",-0.0096339
"273","ran273.hdr.7",-0.000482460000000001
"273","ran273.hdr.70",-0.0035232
"273","ran273.hdr.71",-0.0021688
"273","ran273.hdr.72",-0.0008768
"273","ran273.hdr.73",0.000106
"273","ran273.hdr.74",-0.000890599999999998
"273","ran273.hdr.75",-0.0016673
"273","ran273.hdr.76",-0.000546100000000001
"273","ran273.hdr.77",-0.0003604
"273","ran273.hdr.78",-0.0003225
"273","ran273.hdr.8",-0.00126458
"273","ran273.hdr.9",-0.000679800000000001
"274","ran274.hdr.1",-0.00040682
"274","ran274.hdr.10",-0.0045035
"274","ran274.hdr.11",-0.0013379
"274","ran274.hdr.12",-0.000409400000000001
"274","ran274.hdr.13",-0.00017739
"274","ran274.hdr.14",-0.00014336
"274","ran274.hdr.15",0.0000509400000000002
"274","ran274.hdr.16",-0.0015955
"274","ran274.hdr.17",0.000024999999999999
"274","ran274.hdr.18",-0.0010439
"274","ran274.hdr.19",-0.0025625
"274","ran274.hdr.2",-0.0001446
"274","ran274.hdr.20",-0.0014492
"274","ran274.hdr.21",-0.00022216
"274","ran274.hdr.22",-0.0000777700000000004
"274","ran274.hdr.23",-0.000327499999999998
"274","ran274.hdr.24",-0.0019493
"274","ran274.hdr.25",-0.00031556
"274","ran274.hdr.26",-0.000468900000000001
"274","ran274.hdr.27",-0.000135159999999999
"274","ran274.hdr.28",0.0000383999999999992
"274","ran274.hdr.29",-0.000297
"274","ran274.hdr.3",-0.0007518
"274","ran274.hdr.30",-0.000119399999999999
"274","ran274.hdr.31",-0.00198339
"274","ran274.hdr.32",-0.0035614
"274","ran274.hdr.33",-0.000478900000000001
"274","ran274.hdr.34",-0.0018962
"274","ran274.hdr.35",0.000049999999999998
"274","ran274.hdr.36",-0.000152599999999999
"274","ran274.hdr.37",-0.00013584
"274","ran274.hdr.38",-0.0013524
"274","ran274.hdr.39",-0.00037394
"274","ran274.hdr.4",0.000684399999999998
"274","ran274.hdr.40",-0.000707100000000002
"274","ran274.hdr.41",-0.001261
"274","ran274.hdr.42",-0.001739
"274","ran274.hdr.43",-0.000153199999999999
"274","ran274.hdr.44",-0.000408800000000001
"274","ran274.hdr.45",-0.0001508
"274","ran274.hdr.46",0.0000275000000000032
"274","ran274.hdr.47",-0.000749
"274","ran274.hdr.48",-0.00008964
"274","ran274.hdr.49",0.0001256
"274","ran274.hdr.5",-0.00012473
"274","ran274.hdr.50",-0.00018672
"274","ran274.hdr.51",0.000454599999999999
"274","ran274.hdr.52",-0.0000584000000000001
"274","ran274.hdr.53",-0.0011511
"274","ran274.hdr.54",-0.0000846800000000002
"274","ran274.hdr.55",-0.00050929
"274","ran274.hdr.57",-0.000753399999999998
"274","ran274.hdr.58",-0.000658
"274","ran274.hdr.59",-0.0020934
"274","ran274.hdr.6",0.0000281399999999994
"274","ran274.hdr.60",-0.000400399999999999
"274","ran274.hdr.61",0.000265019999999999
"274","ran274.hdr.62",0.00000670600000000001
"274","ran274.hdr.63",-0.00574057
"274","ran274.hdr.64",-0.000083200000000002
"274","ran274.hdr.65",-0.0006961
"274","ran274.hdr.66",-0.001224
"274","ran274.hdr.67",-0.000480599999999998
"274","ran274.hdr.68",-0.000317599999999999
"274","ran274.hdr.69",0.0000888
"274","ran274.hdr.7",-0.000617699999999999
"274","ran274.hdr.70",-0.0015557
"274","ran274.hdr.71",-0.0007215
"274","ran274.hdr.72",0.0000390000000000008
"274","ran274.hdr.73",-0.000456100000000001
"274","ran274.hdr.74",-0.0000844099999999996
"274","ran274.hdr.75",-0.0000595999999999999
"274","ran274.hdr.76",-0.00233944
"274","ran274.hdr.77",-0.000498099999999998
"274","ran274.hdr.78",-0.000733480000000001
"274","ran274.hdr.8",-0.000704
"274","ran274.hdr.9",-0.0042194
"275","ran275.hdr.1",-0.0016421
"275","ran275.hdr.10",-0.0044797
"275","ran275.hdr.11",-0.00013425
"275","ran275.hdr.12",-0.0001895
"275","ran275.hdr.13",-0.000108
"275","ran275.hdr.14",0.0000338000000000005
"275","ran275.hdr.15",-0.000011800000000001
"275","ran275.hdr.16",-0.0010596
"275","ran275.hdr.17",-0.0003517
"275","ran275.hdr.18",-0.00043519
"275","ran275.hdr.19",-0.0010694
"275","ran275.hdr.2",0.000274999999999997
"275","ran275.hdr.20",-0.0035352
"275","ran275.hdr.21",-0.0014586
"275","ran275.hdr.22",-0.0024132
"275","ran275.hdr.23",-0.0002103
"275","ran275.hdr.24",-0.0004995
"275","ran275.hdr.25",-0.00024889
"275","ran275.hdr.26",0.00051959
"275","ran275.hdr.27",-0.0001753
"275","ran275.hdr.28",-0.00022523
"275","ran275.hdr.29",0.0001551
"275","ran275.hdr.3",-0.0007992
"275","ran275.hdr.30",-0.0014904
"275","ran275.hdr.31",-0.00198339
"275","ran275.hdr.32",-0.000516899999999997
"275","ran275.hdr.33",-0.0014502
"275","ran275.hdr.34",-0.0017371
"275","ran275.hdr.35",-0.0002968
"275","ran275.hdr.36",-0.000468900000000001
"275","ran275.hdr.37",-0.001022
"275","ran275.hdr.38",-0.000394099999999998
"275","ran275.hdr.39",-0.0007461
"275","ran275.hdr.4",-0.000617699999999999
"275","ran275.hdr.40",-0.000510400000000001
"275","ran275.hdr.41",-0.0007726
"275","ran275.hdr.42",-0.000392100000000001
"275","ran275.hdr.43",-0.000788499999999999
"275","ran275.hdr.44",-0.000773600000000003
"275","ran275.hdr.45",-0.0011836
"275","ran275.hdr.46",-0.0015836
"275","ran275.hdr.47",0.00003286
"275","ran275.hdr.48",0.0000270999999999987
"275","ran275.hdr.49",-0.0015836
"275","ran275.hdr.5",0.0000445999999999988
"275","ran275.hdr.50",-0.000713800000000001
"275","ran275.hdr.51",0.00004863
"275","ran275.hdr.52",-0.0023048
"275","ran275.hdr.53",-0.0005529
"275","ran275.hdr.54",-0.0001382
"275","ran275.hdr.55",-0.0011173
"275","ran275.hdr.56",-0.01768098
"275","ran275.hdr.57",-0.0007171
"275","ran275.hdr.58",-0.0013068
"275","ran275.hdr.59",-0.00031891
"275","ran275.hdr.6",0.0001446
"275","ran275.hdr.60",0.000139
"275","ran275.hdr.61",-0.000787200000000002
"275","ran275.hdr.63",-0.00029748
"275","ran275.hdr.64",0.000244869999999999
"275","ran275.hdr.65",-0.001971
"275","ran275.hdr.66",-0.00017847
"275","ran275.hdr.67",-0.000808099999999999
"275","ran275.hdr.68",0.000199399999999999
"275","ran275.hdr.69",-0.0002389
"275","ran275.hdr.7",-0.0054872
"275","ran275.hdr.70",-0.000407100000000001
"275","ran275.hdr.71",-0.000276200000000001
"275","ran275.hdr.72",-0.0004414
"275","ran275.hdr.73",-0.000871300000000002
"275","ran275.hdr.74",-0.0012012
"275","ran275.hdr.75",-0.0030586
"275","ran275.hdr.76",-0.00444969
"275","ran275.hdr.77",-0.000498099999999998
"275","ran275.hdr.78",-0.000678990000000001
"275","ran275.hdr.8",-0.005219
"275","ran275.hdr.9",-0.0056027
"276","ran276.hdr.1",-0.0010731
"276","ran276.hdr.10",-0.00045021
"276","ran276.hdr.11",-0.00042711
"276","ran276.hdr.12",-0.00023309
"276","ran276.hdr.13",-0.00029445
"276","ran276.hdr.14",-0.000320800000000001
"276","ran276.hdr.15",-0.0013508
"276","ran276.hdr.16",0.000847230000000001
"276","ran276.hdr.17",-0.0013108
"276","ran276.hdr.18",-0.0016769
"276","ran276.hdr.19",-0.0025625
"276","ran276.hdr.2",-0.0012185
"276","ran276.hdr.20",-0.0003148
"276","ran276.hdr.21",-0.000912500000000002
"276","ran276.hdr.22",-0.000454400000000001
"276","ran276.hdr.23",-0.000598599999999998
"276","ran276.hdr.24",-0.000958640000000001
"276","ran276.hdr.25",-0.00029554
"276","ran276.hdr.26",-0.00022865
"276","ran276.hdr.27",0.00010872
"276","ran276.hdr.28",-0.000943200000000002
"276","ran276.hdr.29",-0.00665937
"276","ran276.hdr.3",-0.000708700000000001
"276","ran276.hdr.30",-0.000488699999999998
"276","ran276.hdr.31",-0.00018085
"276","ran276.hdr.32",0.000149740000000001
"276","ran276.hdr.33",0.000166100000000001
"276","ran276.hdr.34",-0.0000319699999999992
"276","ran276.hdr.35",-0.0013356
"276","ran276.hdr.36",-0.000908200000000001
"276","ran276.hdr.37",0.000262999999999999
"276","ran276.hdr.38",0.0003117
"276","ran276.hdr.39",-0.000707100000000002
"276","ran276.hdr.4",-0.0018301
"276","ran276.hdr.40",-0.0007807
"276","ran276.hdr.41",-0.0005929
"276","ran276.hdr.42",-0.0016596
"276","ran276.hdr.43",-0.0005532
"276","ran276.hdr.44",-0.000691199999999999
"276","ran276.hdr.45",-0.000207300000000001
"276","ran276.hdr.46",-0.000425500000000001
"276","ran276.hdr.47",-0.0072374
"276","ran276.hdr.48",-0.0135865
"276","ran276.hdr.49",-0.000564
"276","ran276.hdr.5",0.000317900000000001
"276","ran276.hdr.50",-0.00000727000000000019
"276","ran276.hdr.51",-0.00035154
"276","ran276.hdr.53",-0.00023275
"276","ran276.hdr.54",-0.0000546999999999995
"276","ran276.hdr.55",-0.000448199999999999
"276","ran276.hdr.56",-0.0007711
"276","ran276.hdr.57",-0.0009154
"276","ran276.hdr.58",-0.0003154
"276","ran276.hdr.59",-0.0021629
"276","ran276.hdr.6",0.0001857
"276","ran276.hdr.60",-0.00133469
"276","ran276.hdr.61",-0.00000239999999999962
"276","ran276.hdr.62",0.000124200000000001
"276","ran276.hdr.63",-0.0028671
"276","ran276.hdr.64",-0.0010828
"276","ran276.hdr.65",-0.0003698
"276","ran276.hdr.66",0.0001706
"276","ran276.hdr.67",-0.0010284
"276","ran276.hdr.68",-0.0038792
"276","ran276.hdr.69",-0.000104799999999999
"276","ran276.hdr.7",-0.0048653
"276","ran276.hdr.70",-0.0053353
"276","ran276.hdr.71",-0.000471699999999999
"276","ran276.hdr.72",-0.0013547
"276","ran276.hdr.73",-0.0018985
"276","ran276.hdr.74",-0.0013268
"276","ran276.hdr.75",-0.00288578
"276","ran276.hdr.76",-0.0013565
"276","ran276.hdr.77",-0.0010028
"276","ran276.hdr.78",0.000153199999999999
"276","ran276.hdr.8",0.0004711
"276","ran276.hdr.9",-0.000714099999999999
"277","ran277.hdr.1",-0.00119054
"277","ran277.hdr.10",-0.000393299999999999
"277","ran277.hdr.11",-0.0000713600000000003
"277","ran277.hdr.12",-0.00016992
"277","ran277.hdr.13",0.0000122999999999998
"277","ran277.hdr.14",0.0000737000000000012
"277","ran277.hdr.15",-0.000477
"277","ran277.hdr.16",-0.000336900000000001
"277","ran277.hdr.17",-0.000348220000000002
"277","ran277.hdr.18",-0.000350699999999999
"277","ran277.hdr.19",-0.00049628
"277","ran277.hdr.2",-0.0032872
"277","ran277.hdr.20",-0.000291369999999999
"277","ran277.hdr.21",-0.00020936
"277","ran277.hdr.22",-0.0025625
"277","ran277.hdr.23",-0.00000380000000000172
"277","ran277.hdr.24",-0.000556399999999999
"277","ran277.hdr.25",-0.0004899
"277","ran277.hdr.26",0.0000328100000000012
"277","ran277.hdr.27",-0.00034293
"277","ran277.hdr.28",-0.00023674
"277","ran277.hdr.29",0.00005104
"277","ran277.hdr.3",-0.000708700000000001
"277","ran277.hdr.30",-0.000207189999999999
"277","ran277.hdr.31",-0.0002538
"277","ran277.hdr.32",-0.00019303
"277","ran277.hdr.33",-0.0004084
"277","ran277.hdr.34",-0.0008652
"277","ran277.hdr.35",-0.0054799
"277","ran277.hdr.36",-0.002242
"277","ran277.hdr.37",-0.000784
"277","ran277.hdr.38",-0.000171499999999998
"277","ran277.hdr.39",-0.0023487
"277","ran277.hdr.4",-0.0054532
"277","ran277.hdr.40",-0.00013584
"277","ran277.hdr.41",-0.0000268999999999998
"277","ran277.hdr.42",-0.000423400000000001
"277","ran277.hdr.43",0.0000553400000000001
"277","ran277.hdr.44",-0.000720500000000002
"277","ran277.hdr.45",-0.0004603
"277","ran277.hdr.46",-0.00035147
"277","ran277.hdr.47",-0.0018642
"277","ran277.hdr.48",-0.000338300000000003
"277","ran277.hdr.49",0.0005877
"277","ran277.hdr.5",0.0000545999999999997
"277","ran277.hdr.50",-0.000576500000000001
"277","ran277.hdr.51",0.000189099999999999
"277","ran277.hdr.52",0.000107200000000002
"277","ran277.hdr.53",-0.00021661
"277","ran277.hdr.54",-0.0015804
"277","ran277.hdr.55",-0.00074359
"277","ran277.hdr.56",-0.0016606
"277","ran277.hdr.57",-0.0030547
"277","ran277.hdr.58",-0.0025824
"277","ran277.hdr.59",-0.000599799999999999
"277","ran277.hdr.6",-0.000831800000000001
"277","ran277.hdr.60",-0.000652820000000001
"277","ran277.hdr.61",-0.0003331
"277","ran277.hdr.62",-0.000253400000000001
"277","ran277.hdr.64",-0.0002869
"277","ran277.hdr.65",-0.000719200000000001
"277","ran277.hdr.66",0.000166699999999999
"277","ran277.hdr.67",-0.00024239
"277","ran277.hdr.68",-0.0011457
"277","ran277.hdr.69",-0.00274956
"277","ran277.hdr.7",-0.00120107
"277","ran277.hdr.70",-0.000834999999999999
"277","ran277.hdr.71",-0.0009932
"277","ran277.hdr.72",-0.0000595999999999999
"277","ran277.hdr.73",-0.000586100000000003
"277","ran277.hdr.74",-0.0013071
"277","ran277.hdr.75",-0.000694699999999999
"277","ran277.hdr.76",-0.0017455
"277","ran277.hdr.77",-0.0057067
"277","ran277.hdr.78",-0.00028371
"277","ran277.hdr.8",-0.0037976
"277","ran277.hdr.9",-0.0003059
"278","ran278.hdr.1",-0.0014444
"278","ran278.hdr.10",-0.0059011
"278","ran278.hdr.11",-0.0037447
"278","ran278.hdr.12",-0.0051698
"278","ran278.hdr.13",-0.00044199
"278","ran278.hdr.14",-0.0000519700000000001
"278","ran278.hdr.15",-0.000374649999999999
"278","ran278.hdr.16",-0.0000232874
"278","ran278.hdr.17",-0.0010879
"278","ran278.hdr.18",0.000256000000000001
"278","ran278.hdr.19",-0.000217070000000001
"278","ran278.hdr.2",-0.000740699999999999
"278","ran278.hdr.20",-0.000954400000000001
"278","ran278.hdr.21",-0.0000885999999999977
"278","ran278.hdr.22",-0.0004066
"278","ran278.hdr.23",-0.000651099999999998
"278","ran278.hdr.24",-0.0001083
"278","ran278.hdr.25",-0.0003277
"278","ran278.hdr.26",-0.000872700000000001
"278","ran278.hdr.27",-0.0035352
"278","ran278.hdr.28",0.000588000000000002
"278","ran278.hdr.29",-0.00032336
"278","ran278.hdr.3",-0.000319699999999999
"278","ran278.hdr.30",-0.0019493
"278","ran278.hdr.31",-0.000132999999999999
"278","ran278.hdr.32",-0.00000110000000000041
"278","ran278.hdr.33",0.0000741100000000005
"278","ran278.hdr.34",-0.000284
"278","ran278.hdr.35",-0.0008652
"278","ran278.hdr.36",-0.01715588
"278","ran278.hdr.37",-0.000875799999999999
"278","ran278.hdr.38",-0.0001799
"278","ran278.hdr.39",-0.0019854
"278","ran278.hdr.4",0.0000850999999999977
"278","ran278.hdr.40",-0.0000862000000000016
"278","ran278.hdr.41",-0.000478900000000001
"278","ran278.hdr.42",-0.0019089
"278","ran278.hdr.43",0.00000510000000000094
"278","ran278.hdr.44",0.000221300000000001
"278","ran278.hdr.45",-0.000958500000000001
"278","ran278.hdr.46",0.000237399999999999
"278","ran278.hdr.47",-0.000583800000000001
"278","ran278.hdr.48",0.0000718999999999997
"278","ran278.hdr.49",-0.000522199999999999
"278","ran278.hdr.5",-0.0004119
"278","ran278.hdr.50",-0.002171
"278","ran278.hdr.51",-0.0000750999999999981
"278","ran278.hdr.52",-0.0010009
"278","ran278.hdr.53",0.00042818
"278","ran278.hdr.54",0.0001191
"278","ran278.hdr.55",-0.0023439
"278","ran278.hdr.56",0.00000257936
"278","ran278.hdr.57",-0.0013645
"278","ran278.hdr.58",-0.0010723
"278","ran278.hdr.59",-0.00047522
"278","ran278.hdr.6",-0.0019788
"278","ran278.hdr.60",-0.00035154
"278","ran278.hdr.62",-0.000247399999999998
"278","ran278.hdr.63",-0.000425699999999999
"278","ran278.hdr.64",-0.00574057
"278","ran278.hdr.65",-0.0011402
"278","ran278.hdr.66",-0.000557700000000001
"278","ran278.hdr.67",-0.000546500000000002
"278","ran278.hdr.68",-0.000727199999999997
"278","ran278.hdr.69",-0.0011074
"278","ran278.hdr.7",0.0006064
"278","ran278.hdr.70",0.000376700000000001
"278","ran278.hdr.71",-0.000261
"278","ran278.hdr.72",0.000142200000000002
"278","ran278.hdr.73",0.0001706
"278","ran278.hdr.74",-0.0011431
"278","ran278.hdr.75",0.0004232
"278","ran278.hdr.76",-0.0011097
"278","ran278.hdr.77",-0.0014309
"278","ran278.hdr.78",-0.000314699999999999
"278","ran278.hdr.8",0.0000520999999999994
"278","ran278.hdr.9",-0.0054872
"279","ran279.hdr.1",-0.000893399999999999
"279","ran279.hdr.10",-0.0000281999999999991
"279","ran279.hdr.11",-0.0007343
"279","ran279.hdr.12",-0.0005673
"279","ran279.hdr.13",-0.000477200000000001
"279","ran279.hdr.14",-0.0002249
"279","ran279.hdr.15",-0.0012819
"279","ran279.hdr.16",-0.0010439
"279","ran279.hdr.17",-0.0013108
"279","ran279.hdr.18",-0.000380700000000001
"279","ran279.hdr.19",-0.000352700000000001
"279","ran279.hdr.2",-0.000195000000000001
"279","ran279.hdr.20",-0.000551599999999999
"279","ran279.hdr.21",-0.0006865
"279","ran279.hdr.22",-0.000249299999999999
"279","ran279.hdr.23",-0.0002542
"279","ran279.hdr.24",-0.0000777700000000004
"279","ran279.hdr.25",-0.0015236
"279","ran279.hdr.26",0.0000353899999999997
"279","ran279.hdr.27",NA
"279","ran279.hdr.28",-0.00035935
"279","ran279.hdr.29",0.0000498999999999999
"279","ran279.hdr.3",-0.0003254
"279","ran279.hdr.30",-0.00022523
"279","ran279.hdr.31",-0.000777899999999998
"279","ran279.hdr.32",-0.0017763
"279","ran279.hdr.33",-0.0010452
"279","ran279.hdr.34",0.000069399999999999
"279","ran279.hdr.35",-0.000803359999999999
"279","ran279.hdr.36",-0.000166999999999999
"279","ran279.hdr.37",0.000022900000000001
"279","ran279.hdr.38",-0.0009237
"279","ran279.hdr.39",-0.000115199999999999
"279","ran279.hdr.4",-0.00120107
"279","ran279.hdr.40",-0.000870699999999999
"279","ran279.hdr.41",-0.0007499
"279","ran279.hdr.42",-0.000720200000000001
"279","ran279.hdr.43",0.0000045761
"279","ran279.hdr.44",0.0000185000000000012
"279","ran279.hdr.45",-0.000672900000000001
"279","ran279.hdr.46",-0.0025824
"279","ran279.hdr.47",NA
"279","ran279.hdr.48",-0.000643990000000001
"279","ran279.hdr.49",0.00026858
"279","ran279.hdr.5",-0.0037976
"279","ran279.hdr.50",-0.000652820000000001
"279","ran279.hdr.51",-0.0000501999999999994
"279","ran279.hdr.52",-0.00017852
"279","ran279.hdr.53",-0.000117300000000001
"279","ran279.hdr.54",-0.0034825
"279","ran279.hdr.55",-0.0002869
"279","ran279.hdr.56",-0.000457200000000001
"279","ran279.hdr.57",-0.0015743
"279","ran279.hdr.58",-0.0000835000000000002
"279","ran279.hdr.59",-0.0020934
"279","ran279.hdr.6",-0.0066937
"279","ran279.hdr.60",-0.0000578999999999996
"279","ran279.hdr.61",-0.0180869
"279","ran279.hdr.62",-0.0011457
"279","ran279.hdr.63",-0.000083200000000002
"279","ran279.hdr.64",0.0001554
"279","ran279.hdr.65",-0.0011892
"279","ran279.hdr.66",-0.000681889999999999
"279","ran279.hdr.67",-0.000385699999999999
"279","ran279.hdr.68",-0.0037006
"279","ran279.hdr.69",0.0001822
"279","ran279.hdr.7",-0.0024878
"279","ran279.hdr.70",-0.000256100000000002
"279","ran279.hdr.71",-0.0011245
"279","ran279.hdr.72",-0.0000461999999999997
"279","ran279.hdr.73",-0.000694699999999999
"279","ran279.hdr.74",-0.0000953799999999999
"279","ran279.hdr.75",-0.000457200000000001
"279","ran279.hdr.76",-0.004726
"279","ran279.hdr.77",-0.0025593
"279","ran279.hdr.78",-0.0006976
"279","ran279.hdr.8",-0.0051096
"279","ran279.hdr.9",-0.0005222
"280","ran280.hdr.1",-0.0000216000000000001
"280","ran280.hdr.10",-0.000527999999999999
"280","ran280.hdr.11",-0.000348220000000002
"280","ran280.hdr.12",-0.000779799999999999
"280","ran280.hdr.13",0.00015977
"280","ran280.hdr.14",0.000152999999999999
"280","ran280.hdr.15",-0.000952600000000001
"280","ran280.hdr.16",-0.002734
"280","ran280.hdr.17",-0.0035352
"280","ran280.hdr.18",-0.00182421
"280","ran280.hdr.19",0.000583700000000001
"280","ran280.hdr.2",0.000943900000000001
"280","ran280.hdr.20",0.0001235
"280","ran280.hdr.21",-0.00107892
"280","ran280.hdr.22",-0.00026379
"280","ran280.hdr.23",-0.0011926
"280","ran280.hdr.24",-0.0002538
"280","ran280.hdr.25",-0.000258899999999999
"280","ran280.hdr.26",0.0000461000000000003
"280","ran280.hdr.27",-0.000284
"280","ran280.hdr.28",-0.000823900000000002
"280","ran280.hdr.29",-0.000091800000000003
"280","ran280.hdr.3",-0.000617699999999999
"280","ran280.hdr.30",0.0000578999999999996
"280","ran280.hdr.31",-0.0000376999999999999
"280","ran280.hdr.32",-0.000409099999999999
"280","ran280.hdr.33",-0.0005059
"280","ran280.hdr.34",-0.000768999999999999
"280","ran280.hdr.35",-0.000399060000000001
"280","ran280.hdr.36",0.00018497
"280","ran280.hdr.37",-0.0011277
"280","ran280.hdr.38",-0.0009237
"280","ran280.hdr.39",-0.0010275
"280","ran280.hdr.4",-0.00049533
"280","ran280.hdr.40",-0.00028967
"280","ran280.hdr.41",-0.000730900000000001
"280","ran280.hdr.42",-0.0000750999999999981
"280","ran280.hdr.43",-0.0039113
"280","ran280.hdr.44",-0.0012169
"280","ran280.hdr.45",-0.000693600000000001
"280","ran280.hdr.46",0.00027974
"280","ran280.hdr.47",0.000012144
"280","ran280.hdr.48",-0.00062953
"280","ran280.hdr.49",0.0000134999999999996
"280","ran280.hdr.5",-0.00013863
"280","ran280.hdr.50",-0.002475
"280","ran280.hdr.51",-0.000773900000000001
"280","ran280.hdr.52",0.0000613000000000002
"280","ran280.hdr.53",-0.00025195
"280","ran280.hdr.54",-0.0010844
"280","ran280.hdr.55",-0.001074
"280","ran280.hdr.57",-0.0043657
"280","ran280.hdr.58",-0.0004641
"280","ran280.hdr.59",-0.000684499999999998
"280","ran280.hdr.6",-0.000092767
"280","ran280.hdr.60",-0.0012684
"280","ran280.hdr.61",-0.000268299999999999
"280","ran280.hdr.62",-0.000406799999999999
"280","ran280.hdr.63",0.000449379999999999
"280","ran280.hdr.64",0.000302800000000002
"280","ran280.hdr.65",-0.0000452999999999981
"280","ran280.hdr.66",-0.000320829999999999
"280","ran280.hdr.67",-0.0011892
"280","ran280.hdr.68",-0.000164500000000001
"280","ran280.hdr.69",-0.000376000000000001
"280","ran280.hdr.7",-0.000547299999999997
"280","ran280.hdr.70",-0.001085
"280","ran280.hdr.71",0.0004872
"280","ran280.hdr.72",-0.0037906
"280","ran280.hdr.73",-0.0001911
"280","ran280.hdr.74",-0.000354999999999999
"280","ran280.hdr.75",-0.0013741
"280","ran280.hdr.76",-0.0021902
"280","ran280.hdr.77",-0.0032639
"280","ran280.hdr.78",-0.000318599999999999
"280","ran280.hdr.8",-0.000146299999999999
"280","ran280.hdr.9",-0.00024295
"281","ran281.hdr.1",-0.0003459
"281","ran281.hdr.10",-0.0013379
"281","ran281.hdr.11",-0.00038711
"281","ran281.hdr.12",-0.0000870999999999997
"281","ran281.hdr.13",-0.000598200000000001
"281","ran281.hdr.14",0.00057075
"281","ran281.hdr.15",-0.000341899999999999
"281","ran281.hdr.16",-0.000988359999999999
"281","ran281.hdr.17",-0.0010596
"281","ran281.hdr.18",0.000262399999999999
"281","ran281.hdr.19",-0.00049628
"281","ran281.hdr.2",0.00000133999999999985
"281","ran281.hdr.20",-0.000732
"281","ran281.hdr.21",-0.000611500000000001
"281","ran281.hdr.22",-0.000042361
"281","ran281.hdr.23",-0.0007746
"281","ran281.hdr.24",-0.0089714
"281","ran281.hdr.25",-0.0006158
"281","ran281.hdr.26",-0.00029545
"281","ran281.hdr.27",-0.00029017
"281","ran281.hdr.28",0.0004131
"281","ran281.hdr.29",-0.00038817
"281","ran281.hdr.3",0.0000906999999999991
"281","ran281.hdr.30",-0.000310299999999999
"281","ran281.hdr.31",-0.00000790000000000166
"281","ran281.hdr.32",0.0002477
"281","ran281.hdr.33",-0.0011074
"281","ran281.hdr.34",-0.0000805300000000005
"281","ran281.hdr.35",-0.0010166
"281","ran281.hdr.36",-0.0036419
"281","ran281.hdr.37",0.00010941
"281","ran281.hdr.38",-0.000349499999999999
"281","ran281.hdr.39",-0.000247789999999999
"281","ran281.hdr.4",-0.0015345
"281","ran281.hdr.40",0.0000633000000000005
"281","ran281.hdr.41",-0.0002883
"281","ran281.hdr.42",-0.0010094
"281","ran281.hdr.43",-0.000575500000000001
"281","ran281.hdr.44",-0.0008214
"281","ran281.hdr.45",0.0000440000000000024
"281","ran281.hdr.46",-0.0000784999999999987
"281","ran281.hdr.47",-0.0014927
"281","ran281.hdr.48",-0.000707100000000002
"281","ran281.hdr.49",-0.0016634
"281","ran281.hdr.5",0.0000508000000000002
"281","ran281.hdr.50",-0.000846200000000002
"281","ran281.hdr.51",-0.00071791
"281","ran281.hdr.52",-0.0000828000000000009
"281","ran281.hdr.53",-0.000691199999999999
"281","ran281.hdr.54",0.000143500000000001
"281","ran281.hdr.55",-0.000435700000000001
"281","ran281.hdr.56",-0.000431920000000001
"281","ran281.hdr.57",-0.000395
"281","ran281.hdr.58",-0.0004198
"281","ran281.hdr.59",-0.00011945
"281","ran281.hdr.6",-0.0053473
"281","ran281.hdr.60",-0.00050929
"281","ran281.hdr.61",-0.000362299999999999
"281","ran281.hdr.62",0.0000948199999999998
"281","ran281.hdr.63",-0.0010844
"281","ran281.hdr.64",-0.000064100000000001
"281","ran281.hdr.65",-0.0000202999999999991
"281","ran281.hdr.66",-0.0012684
"281","ran281.hdr.67",-0.000164600000000001
"281","ran281.hdr.68",-0.00017845
"281","ran281.hdr.69",-0.001507
"281","ran281.hdr.7",-0.0044934
"281","ran281.hdr.70",-0.000420499999999999
"281","ran281.hdr.71",-0.000474
"281","ran281.hdr.72",-0.0046587
"281","ran281.hdr.73",-0.002342
"281","ran281.hdr.74",-0.000454899999999998
"281","ran281.hdr.75",-0.000871399999999998
"281","ran281.hdr.76",-0.0013154
"281","ran281.hdr.77",-0.0004866
"281","ran281.hdr.78",-0.000748700000000001
"281","ran281.hdr.8",-0.00044229
"281","ran281.hdr.9",-0.00056552
"282","ran282.hdr.1",-0.000195000000000001
"282","ran282.hdr.10",-0.000032131
"282","ran282.hdr.11",-0.00066134
"282","ran282.hdr.12",-0.0001297
"282","ran282.hdr.13",-0.0007343
"282","ran282.hdr.14",-0.0008879
"282","ran282.hdr.15",0.0000421999999999992
"282","ran282.hdr.16",-0.0000712300000000003
"282","ran282.hdr.17",-0.0012923
"282","ran282.hdr.18",-0.0004314
"282","ran282.hdr.19",-0.0006205
"282","ran282.hdr.2",-0.0001598
"282","ran282.hdr.20",-0.000454400000000001
"282","ran282.hdr.21",-0.0002991
"282","ran282.hdr.22",-0.000154699999999999
"282","ran282.hdr.23",-0.0004121
"282","ran282.hdr.24",-0.000277900000000001
"282","ran282.hdr.25",0.0003788
"282","ran282.hdr.26",-0.00069048
"282","ran282.hdr.27",-0.0000945300000000007
"282","ran282.hdr.28",-0.00510713
"282","ran282.hdr.29",-0.0000392999999999991
"282","ran282.hdr.3",-0.000220599999999998
"282","ran282.hdr.30",-0.000344299999999999
"282","ran282.hdr.31",0.0000814000000000023
"282","ran282.hdr.32",0.000049999999999998
"282","ran282.hdr.33",0.000071100000000001
"282","ran282.hdr.34",0.000361500000000001
"282","ran282.hdr.35",-0.0005269
"282","ran282.hdr.36",-0.000944
"282","ran282.hdr.37",0.00023099
"282","ran282.hdr.38",-0.0015749
"282","ran282.hdr.39",0.000215099999999999
"282","ran282.hdr.4",-0.0026658
"282","ran282.hdr.40",-0.002171
"282","ran282.hdr.41",-0.0022477
"282","ran282.hdr.42",-0.00081
"282","ran282.hdr.43",-0.0005929
"282","ran282.hdr.44",-0.0009692
"282","ran282.hdr.45",-0.0011887
"282","ran282.hdr.46",-0.0000446000000000005
"282","ran282.hdr.47",-0.000507800000000001
"282","ran282.hdr.48",-0.00017032
"282","ran282.hdr.49",-0.000133000000000001
"282","ran282.hdr.5",-0.0066937
"282","ran282.hdr.50",-0.0004384
"282","ran282.hdr.51",-0.0011173
"282","ran282.hdr.52",-0.0031055
"282","ran282.hdr.53",-0.000568100000000002
"282","ran282.hdr.54",0.00017218
"282","ran282.hdr.55",-0.000313299999999999
"282","ran282.hdr.56",-0.0040008
"282","ran282.hdr.57",-0.00000449999999999995
"282","ran282.hdr.58",0.0002101
"282","ran282.hdr.59",-0.0000834000000000008
"282","ran282.hdr.6",-0.0045035
"282","ran282.hdr.60",-0.000403400000000002
"282","ran282.hdr.61",0.000413299999999998
"282","ran282.hdr.62",-0.000778600000000001
"282","ran282.hdr.63",-0.0013065
"282","ran282.hdr.64",-0.00019203
"282","ran282.hdr.65",0.000324999999999999
"282","ran282.hdr.66",-0.0007712
"282","ran282.hdr.67",-0.00046946
"282","ran282.hdr.68",-0.0037906
"282","ran282.hdr.69",0.0001677
"282","ran282.hdr.7",-0.0029382
"282","ran282.hdr.70",-0.000401100000000001
"282","ran282.hdr.71",0.000151800000000001
"282","ran282.hdr.72",-0.000283
"282","ran282.hdr.73",-0.000137399999999999
"282","ran282.hdr.74",-0.000590700000000003
"282","ran282.hdr.75",-0.0017992
"282","ran282.hdr.76",-0.0007921
"282","ran282.hdr.77",-0.0012473
"282","ran282.hdr.78",-0.0007951
"282","ran282.hdr.8",0.000380419999999999
"282","ran282.hdr.9",-0.0000559100000000002
"283","ran283.hdr.1",-0.000740699999999999
"283","ran283.hdr.10",-0.000825599999999999
"283","ran283.hdr.11",-0.000447100000000002
"283","ran283.hdr.12",0.000141520000000001
"283","ran283.hdr.13",-0.0000389920000000001
"283","ran283.hdr.14",-0.00029445
"283","ran283.hdr.15",-0.00082745
"283","ran283.hdr.16",-0.00036797
"283","ran283.hdr.17",-0.0011929
"283","ran283.hdr.18",-0.0134706
"283","ran283.hdr.19",-0.0000923199999999999
"283","ran283.hdr.2",-0.0000463000000000026
"283","ran283.hdr.20",-0.000298699999999999
"283","ran283.hdr.21",-0.0007746
"283","ran283.hdr.22",-0.0027325
"283","ran283.hdr.23",-0.000311800000000001
"283","ran283.hdr.24",-0.00043048
"283","ran283.hdr.25",-0.0004121
"283","ran283.hdr.26",-0.00032424
"283","ran283.hdr.27",-0.000119299999999999
"283","ran283.hdr.28",-0.0000960000000000023
"283","ran283.hdr.29",-0.0008652
"283","ran283.hdr.3",-0.000239700000000001
"283","ran283.hdr.30",-0.000119399999999999
"283","ran283.hdr.31",0.0002477
"283","ran283.hdr.32",-0.0000891900000000003
"283","ran283.hdr.33",-0.0010093
"283","ran283.hdr.34",0.000710549999999999
"283","ran283.hdr.35",-0.0034946
"283","ran283.hdr.36",0.0000441699999999996
"283","ran283.hdr.37",-0.000390949999999999
"283","ran283.hdr.38",-0.0002614
"283","ran283.hdr.39",-0.0003076
"283","ran283.hdr.4",-0.0036577
"283","ran283.hdr.40",-0.00102067
"283","ran283.hdr.41",-0.000499899999999998
"283","ran283.hdr.42",-0.0007807
"283","ran283.hdr.43",-0.000241100000000001
"283","ran283.hdr.44",-0.0018642
"283","ran283.hdr.45",-0.0020892
"283","ran283.hdr.46",-0.0000128000000000003
"283","ran283.hdr.47",-0.00037555
"283","ran283.hdr.48",-0.000814100000000002
"283","ran283.hdr.49",-0.0112283
"283","ran283.hdr.5",-0.0053867
"283","ran283.hdr.50",0.000101747
"283","ran283.hdr.51",0.00047238
"283","ran283.hdr.52",0.00029917
"283","ran283.hdr.53",-0.000366499999999999
"283","ran283.hdr.54",-0.000227100000000001
"283","ran283.hdr.55",-0.0000728099999999995
"283","ran283.hdr.56",-0.0003198
"283","ran283.hdr.57",0.0000556099999999993
"283","ran283.hdr.58",-0.000268079999999999
"283","ran283.hdr.6",0.0004505
"283","ran283.hdr.60",-0.000492100000000002
"283","ran283.hdr.61",-0.0004258
"283","ran283.hdr.62",-0.000811599999999999
"283","ran283.hdr.63",-0.0007402
"283","ran283.hdr.64",-0.0011067
"283","ran283.hdr.65",-0.0040338
"283","ran283.hdr.66",-0.0051112
"283","ran283.hdr.67",0.0000525999999999999
"283","ran283.hdr.68",-0.000324099999999999
"283","ran283.hdr.69",-0.0035597
"283","ran283.hdr.7",-0.000724799999999999
"283","ran283.hdr.70",-0.0003435
"283","ran283.hdr.71",-0.000128400000000001
"283","ran283.hdr.72",-0.000674876
"283","ran283.hdr.73",-0.0015557
"283","ran283.hdr.74",-0.000276200000000001
"283","ran283.hdr.75",-0.0011354
"283","ran283.hdr.76",-0.0014426
"283","ran283.hdr.77",-0.0010537
"283","ran283.hdr.78",-0.000511299999999999
"283","ran283.hdr.8",-0.0037447
"283","ran283.hdr.9",-0.00066134
"284","ran284.hdr.1",-0.0000983000000000008
"284","ran284.hdr.10",-0.000681099999999999
"284","ran284.hdr.11",-0.0004092
"284","ran284.hdr.12",0.00000845800000000001
"284","ran284.hdr.13",-0.00032312
"284","ran284.hdr.14",-0.0010596
"284","ran284.hdr.15",0.0000560999999999999
"284","ran284.hdr.16",-0.00049628
"284","ran284.hdr.17",0.0001817
"284","ran284.hdr.18",-0.0017312
"284","ran284.hdr.19",-0.0023332
"284","ran284.hdr.2",0.0003686
"284","ran284.hdr.20",-0.0002144
"284","ran284.hdr.21",-0.0000348000000000015
"284","ran284.hdr.22",-0.000518899999999999
"284","ran284.hdr.23",-0.00021033
"284","ran284.hdr.24",-0.0001248
"284","ran284.hdr.25",-0.000385699999999999
"284","ran284.hdr.26",-0.000347700000000001
"284","ran284.hdr.27",-0.002522
"284","ran284.hdr.28",-0.0001771
"284","ran284.hdr.29",-0.00018017
"284","ran284.hdr.3",-0.0061766
"284","ran284.hdr.30",-0.000376700000000001
"284","ran284.hdr.31",-0.0000828099999999991
"284","ran284.hdr.32",-0.000341280000000001
"284","ran284.hdr.33",0.0000461000000000003
"284","ran284.hdr.34",-0.000326509999999999
"284","ran284.hdr.35",0.000597799999999999
"284","ran284.hdr.36",-0.0011573
"284","ran284.hdr.37",0.0000378299999999991
"284","ran284.hdr.38",-0.0019144
"284","ran284.hdr.39",-0.0007116
"284","ran284.hdr.4",-0.0039147
"284","ran284.hdr.40",-0.0008168
"284","ran284.hdr.41",0.000196199999999999
"284","ran284.hdr.42",NA
"284","ran284.hdr.43",-0.0006108
"284","ran284.hdr.44",-0.0001434
"284","ran284.hdr.45",-0.0002167
"284","ran284.hdr.46",-0.00025843
"284","ran284.hdr.47",-0.000730900000000001
"284","ran284.hdr.48",-0.0006554
"284","ran284.hdr.49",-0.0020938
"284","ran284.hdr.5",-0.00168994
"284","ran284.hdr.50",-0.000026974
"284","ran284.hdr.51",-0.0000673000000000028
"284","ran284.hdr.52",-0.0013068
"284","ran284.hdr.53",NA
"284","ran284.hdr.54",-0.0011044
"284","ran284.hdr.55",0.00000257936
"284","ran284.hdr.56",-0.00155443
"284","ran284.hdr.57",-0.00073559
"284","ran284.hdr.58",-0.000313409999999999
"284","ran284.hdr.6",-0.00056552
"284","ran284.hdr.60",-0.000121599999999999
"284","ran284.hdr.61",-0.0020934
"284","ran284.hdr.62",-0.000604200000000001
"284","ran284.hdr.63",-0.00051952
"284","ran284.hdr.64",0.000264199999999999
"284","ran284.hdr.65",-0.0001288
"284","ran284.hdr.66",-0.00017358
"284","ran284.hdr.67",-0.00047936
"284","ran284.hdr.68",-0.0010828
"284","ran284.hdr.69",-0.00029
"284","ran284.hdr.7",-0.000236699999999999
"284","ran284.hdr.70",-0.000126299999999999
"284","ran284.hdr.71",0.00002271
"284","ran284.hdr.72",-0.0011554
"284","ran284.hdr.73",-0.0021902
"284","ran284.hdr.74",-0.0012827
"284","ran284.hdr.75",-0.0015886
"284","ran284.hdr.76",-0.0046933
"284","ran284.hdr.77",-0.0005872
"284","ran284.hdr.78",0.00013512
"284","ran284.hdr.8",-0.0006119
"284","ran284.hdr.9",-0.0004419
"285","ran285.hdr.1",0.000220700000000001
"285","ran285.hdr.10",-0.00058509
"285","ran285.hdr.11",-0.001099
"285","ran285.hdr.12",-0.00018564
"285","ran285.hdr.13",-0.00025135
"285","ran285.hdr.14",-0.0005673
"285","ran285.hdr.15",-0.000336900000000001
"285","ran285.hdr.16",-0.000380700000000001
"285","ran285.hdr.17",-0.000872700000000001
"285","ran285.hdr.18",0.000380700000000001
"285","ran285.hdr.19",-0.000533099999999998
"285","ran285.hdr.2",-0.000637000000000002
"285","ran285.hdr.20",-0.0021765
"285","ran285.hdr.21",-0.0017045
"285","ran285.hdr.22",-0.000256040000000001
"285","ran285.hdr.23",-0.000890400000000001
"285","ran285.hdr.24",0.0003987
"285","ran285.hdr.25",-0.00141581
"285","ran285.hdr.26",-0.0006546
"285","ran285.hdr.27",-0.0021921
"285","ran285.hdr.28",-0.00084943
"285","ran285.hdr.29",-0.00026379
"285","ran285.hdr.3",-0.00041678
"285","ran285.hdr.30",-0.00010709
"285","ran285.hdr.31",-0.000420199999999999
"285","ran285.hdr.32",-0.00029141
"285","ran285.hdr.33",-0.0000624000000000006
"285","ran285.hdr.34",-0.000804199999999998
"285","ran285.hdr.35",-0.000469799999999999
"285","ran285.hdr.36",-0.00026302
"285","ran285.hdr.37",-0.000945600000000001
"285","ran285.hdr.38",0.0000553400000000001
"285","ran285.hdr.39",-0.000773600000000003
"285","ran285.hdr.4",-0.000160799999999999
"285","ran285.hdr.40",-0.0011277
"285","ran285.hdr.41",-0.0000119000000000005
"285","ran285.hdr.42",-0.0022477
"285","ran285.hdr.43",-0.0017191
"285","ran285.hdr.44",-0.000207300000000001
"285","ran285.hdr.45",-0.000735400000000001
"285","ran285.hdr.46",0.0003067
"285","ran285.hdr.47",-0.000464200000000001
"285","ran285.hdr.48",-0.0020892
"285","ran285.hdr.49",0.0001724
"285","ran285.hdr.5",-0.000184100000000001
"285","ran285.hdr.50",-0.00029767
"285","ran285.hdr.51",-0.00035604
"285","ran285.hdr.52",-0.000755800000000001
"285","ran285.hdr.53",-0.0023939
"285","ran285.hdr.54",-0.000506400000000001
"285","ran285.hdr.55",-0.000212240000000001
"285","ran285.hdr.56",-0.00029187
"285","ran285.hdr.57",0.000544349999999999
"285","ran285.hdr.58",-0.0010844
"285","ran285.hdr.6",-0.0061766
"285","ran285.hdr.60",0.000457899999999999
"285","ran285.hdr.61",-0.0007279
"285","ran285.hdr.62",-0.00039517
"285","ran285.hdr.63",-0.00104294
"285","ran285.hdr.64",-0.000719200000000001
"285","ran285.hdr.65",-0.0011376
"285","ran285.hdr.66",-0.0003888
"285","ran285.hdr.67",-0.0013065
"285","ran285.hdr.68",-0.0012643
"285","ran285.hdr.69",-0.00040548
"285","ran285.hdr.7",-0.0051698
"285","ran285.hdr.70",-0.0001875
"285","ran285.hdr.71",-0.0000186000000000006
"285","ran285.hdr.72",-0.000401100000000001
"285","ran285.hdr.73",-0.0018724
"285","ran285.hdr.74",-0.0013741
"285","ran285.hdr.75",-0.0006052
"285","ran285.hdr.76",-0.000845699999999998
"285","ran285.hdr.77",-0.0018985
"285","ran285.hdr.78",-0.0000238000000000009
"285","ran285.hdr.8",-0.000507480000000001
"285","ran285.hdr.9",-0.00012034
"286","ran286.hdr.1",-0.000905800000000002
"286","ran286.hdr.10",-0.000374649999999999
"286","ran286.hdr.11",-0.000549999999999998
"286","ran286.hdr.12",0.0000499000000000003
"286","ran286.hdr.13",-0.000679800000000001
"286","ran286.hdr.14",-0.0005673
"286","ran286.hdr.15",-0.0004688
"286","ran286.hdr.16",-0.00022148
"286","ran286.hdr.17",-0.00071959
"286","ran286.hdr.18",-0.0000712300000000003
"286","ran286.hdr.19",-0.0023662
"286","ran286.hdr.2",-0.0000554800000000001
"286","ran286.hdr.20",-0.0016862
"286","ran286.hdr.21",-0.0000566999999999998
"286","ran286.hdr.22",-0.0004899
"286","ran286.hdr.23",0.000143699999999998
"286","ran286.hdr.24",-0.0000786399999999996
"286","ran286.hdr.25",-0.000112000000000001
"286","ran286.hdr.26",-0.000232109999999999
"286","ran286.hdr.27",-0.00081971
"286","ran286.hdr.28",-0.00044134
"286","ran286.hdr.29",-0.0013929
"286","ran286.hdr.3",-0.000637099999999998
"286","ran286.hdr.30",0.000369429999999999
"286","ran286.hdr.31",-0.0107692
"286","ran286.hdr.32",-0.00665937
"286","ran286.hdr.33",0.0000461999999999997
"286","ran286.hdr.34",-0.000830900000000002
"286","ran286.hdr.35",-0.000757799999999999
"286","ran286.hdr.36",0.0000501000000000008
"286","ran286.hdr.37",-0.000390949999999999
"286","ran286.hdr.38",-0.0007461
"286","ran286.hdr.39",-0.000423400000000001
"286","ran286.hdr.4",-0.0004513
"286","ran286.hdr.40",-0.0014027
"286","ran286.hdr.41",-0.0012954
"286","ran286.hdr.42",-0.0010907
"286","ran286.hdr.43",-0.0004983
"286","ran286.hdr.44",-0.000291899999999999
"286","ran286.hdr.45",0.0000718999999999997
"286","ran286.hdr.46",-0.0022477
"286","ran286.hdr.47",-0.0001508
"286","ran286.hdr.48",-0.0000128000000000003
"286","ran286.hdr.49",-0.000435700000000001
"286","ran286.hdr.5",-0.000160799999999999
"286","ran286.hdr.50",-0.000366
"286","ran286.hdr.51",-0.0011173
"286","ran286.hdr.52",-0.0008143
"286","ran286.hdr.53",-0.00015901
"286","ran286.hdr.54",-0.0005042
"286","ran286.hdr.55",0.0000771000000000001
"286","ran286.hdr.56",-0.000410299999999999
"286","ran286.hdr.59",-0.00017852
"286","ran286.hdr.6",-0.0066937
"286","ran286.hdr.60",-0.000753399999999998
"286","ran286.hdr.61",-0.0000146999999999994
"286","ran286.hdr.62",-0.000473900000000001
"286","ran286.hdr.63",-0.0102309
"286","ran286.hdr.64",-0.0017715
"286","ran286.hdr.65",-0.0001876
"286","ran286.hdr.66",-0.000382200000000003
"286","ran286.hdr.67",-0.0000243000000000014
"286","ran286.hdr.68",-0.001085
"286","ran286.hdr.69",-0.0015712
"286","ran286.hdr.7",-0.0029886
"286","ran286.hdr.70",-0.000345399999999999
"286","ran286.hdr.71",0.000488700000000002
"286","ran286.hdr.72",-0.0009037
"286","ran286.hdr.73",-0.0003563
"286","ran286.hdr.74",-0.000283
"286","ran286.hdr.75",-0.000553600000000001
"286","ran286.hdr.76",-0.0013233
"286","ran286.hdr.77",-0.0057067
"286","ran286.hdr.78",-0.00080927
"286","ran286.hdr.8",-0.0051096
"286","ran286.hdr.9",-0.00025442
"287","ran287.hdr.1",-0.000175400000000001
"287","ran287.hdr.10",0.00033737
"287","ran287.hdr.11",0.000286099999999997
"287","ran287.hdr.12",-0.000408459999999999
"287","ran287.hdr.13",-0.00019458
"287","ran287.hdr.14",-0.000419700000000002
"287","ran287.hdr.15",-0.0012923
"287","ran287.hdr.16",-0.00000860000000000097
"287","ran287.hdr.17",-0.000919
"287","ran287.hdr.18",NA
"287","ran287.hdr.19",-0.0016952
"287","ran287.hdr.2",-0.000220599999999998
"287","ran287.hdr.20",-0.00032336
"287","ran287.hdr.21",-0.0007746
"287","ran287.hdr.22",-0.000327499999999998
"287","ran287.hdr.23",-0.0000722500000000003
"287","ran287.hdr.24",-0.0000640999999999992
"287","ran287.hdr.25",-0.00015562
"287","ran287.hdr.26",-0.00028711
"287","ran287.hdr.27",-0.000643000000000001
"287","ran287.hdr.28",-0.0025825
"287","ran287.hdr.29",-0.0010093
"287","ran287.hdr.3",-0.00131489
"287","ran287.hdr.30",-0.0036419
"287","ran287.hdr.31",-0.000803500000000002
"287","ran287.hdr.32",-0.0001434
"287","ran287.hdr.33",-0.0003333
"287","ran287.hdr.34",-0.0000392999999999991
"287","ran287.hdr.35",-0.0015268
"287","ran287.hdr.36",-0.0018962
"287","ran287.hdr.37",-0.00018951
"287","ran287.hdr.38",-0.000707589999999999
"287","ran287.hdr.39",-0.0019089
"287","ran287.hdr.4",-0.000637099999999998
"287","ran287.hdr.40",0.00014023
"287","ran287.hdr.41",-0.000505799999999999
"287","ran287.hdr.42",-0.0002132
"287","ran287.hdr.43",-0.002171
"287","ran287.hdr.44",-0.0003823
"287","ran287.hdr.45",-0.00013614
"287","ran287.hdr.46",-0.000023311
"287","ran287.hdr.47",-0.00190239
"287","ran287.hdr.48",-0.000107300000000001
"287","ran287.hdr.49",-0.0010055
"287","ran287.hdr.5",-0.0052722
"287","ran287.hdr.50",0.0000839000000000013
"287","ran287.hdr.51",-0.000408800000000001
"287","ran287.hdr.52",-0.0000856099999999999
"287","ran287.hdr.53",-0.0010527
"287","ran287.hdr.54",-0.0001724
"287","ran287.hdr.55",-0.0000351400000000003
"287","ran287.hdr.56",0.00000739999999999942
"287","ran287.hdr.57",-0.0010598
"287","ran287.hdr.58",-0.000971
"287","ran287.hdr.59",0.0003412
"287","ran287.hdr.6",-0.0010609
"287","ran287.hdr.60",-0.0000151600000000002
"287","ran287.hdr.61",0.00026023
"287","ran287.hdr.62",-0.000268079999999999
"287","ran287.hdr.64",-0.0004551
"287","ran287.hdr.65",-0.000999000000000003
"287","ran287.hdr.66",-0.000406799999999999
"287","ran287.hdr.67",-0.00084326
"287","ran287.hdr.68",-0.000681889999999999
"287","ran287.hdr.69",0.0000351999999999991
"287","ran287.hdr.7",-0.000681099999999999
"287","ran287.hdr.70",-0.0000296799999999989
"287","ran287.hdr.71",0.0000390000000000008
"287","ran287.hdr.72",0.0000262700000000001
"287","ran287.hdr.73",-0.0000420000000000004
"287","ran287.hdr.74",-0.000424799999999999
"287","ran287.hdr.75",-0.0000870000000000003
"287","ran287.hdr.76",-0.0017455
"287","ran287.hdr.77",-0.000548699999999999
"287","ran287.hdr.78",-0.0007764
"287","ran287.hdr.8",-0.000653000000000001
"287","ran287.hdr.9",-0.000438800000000001
"288","ran288.hdr.1",-0.000739499999999999
"288","ran288.hdr.10",-0.001162
"288","ran288.hdr.11",-0.0010596
"288","ran288.hdr.12",0.0001315
"288","ran288.hdr.13",-0.000419700000000002
"288","ran288.hdr.14",-0.0003061
"288","ran288.hdr.15",-0.000779799999999999
"288","ran288.hdr.16",-0.0003435
"288","ran288.hdr.17",-0.0017674
"288","ran288.hdr.18",-0.0016211
"288","ran288.hdr.19",-0.000686199999999998
"288","ran288.hdr.2",-0.00040682
"288","ran288.hdr.20",-0.001596
"288","ran288.hdr.21",NA
"288","ran288.hdr.22",-0.0035352
"288","ran288.hdr.23",-0.0008757
"288","ran288.hdr.24",-0.000214800000000001
"288","ran288.hdr.25",-0.000154699999999999
"288","ran288.hdr.26",-0.0000786399999999996
"288","ran288.hdr.27",-0.000429799999999999
"288","ran288.hdr.28",0.0000737099999999994
"288","ran288.hdr.29",-0.0000410300000000001
"288","ran288.hdr.3",-0.000171609999999999
"288","ran288.hdr.30",-0.000376700000000001
"288","ran288.hdr.31",-0.00013483
"288","ran288.hdr.32",-0.0000994700000000008
"288","ran288.hdr.33",-0.0000202099999999997
"288","ran288.hdr.34",-0.000420199999999999
"288","ran288.hdr.35",-0.000643000000000001
"288","ran288.hdr.36",-0.0004601
"288","ran288.hdr.37",0.00002453
"288","ran288.hdr.38",-0.00046567
"288","ran288.hdr.39",-0.000803359999999999
"288","ran288.hdr.4",-0.0008533
"288","ran288.hdr.40",-0.000707589999999999
"288","ran288.hdr.41",-0.0007116
"288","ran288.hdr.42",-0.0000631999999999994
"288","ran288.hdr.43",-0.0000071997
"288","ran288.hdr.44",-0.0003937
"288","ran288.hdr.45",0.0003563
"288","ran288.hdr.46",0.0004306
"288","ran288.hdr.47",-0.0001434
"288","ran288.hdr.48",-0.0000119000000000005
"288","ran288.hdr.49",-0.0014925
"288","ran288.hdr.5",-0.0013747
"288","ran288.hdr.50",-0.0000239999999999997
"288","ran288.hdr.51",-0.0039113
"288","ran288.hdr.52",0.0005778
"288","ran288.hdr.53",-0.0005532
"288","ran288.hdr.54",0.0000959300000000001
"288","ran288.hdr.55",-0.00037772
"288","ran288.hdr.56",0.0001499
"288","ran288.hdr.57",-0.0004577
"288","ran288.hdr.58",-0.000381660000000001
"288","ran288.hdr.59",-0.00025195
"288","ran288.hdr.6",-0.0053473
"288","ran288.hdr.61",-0.000271400000000002
"288","ran288.hdr.62",-0.000270299999999998
"288","ran288.hdr.63",-0.000513100000000002
"288","ran288.hdr.64",0.000420700000000003
"288","ran288.hdr.65",-0.0014755
"288","ran288.hdr.66",-0.0013776
"288","ran288.hdr.67",-0.000822699999999999
"288","ran288.hdr.68",-0.0028229
"288","ran288.hdr.69",-0.000768900000000003
"288","ran288.hdr.7",0.00021628
"288","ran288.hdr.70",-0.0001492
"288","ran288.hdr.71",-0.0010843
"288","ran288.hdr.72",-0.000590700000000003
"288","ran288.hdr.73",-0.000471699999999999
"288","ran288.hdr.74",-0.000102635
"288","ran288.hdr.75",-0.0023484
"288","ran288.hdr.76",-0.0064447
"288","ran288.hdr.77",-0.0000185999999999988
"288","ran288.hdr.78",-0.000742300000000001
"288","ran288.hdr.8",-0.000393909999999999
"288","ran288.hdr.9",-0.0011386
"289","ran289.hdr.1",-0.0026949
"289","ran289.hdr.10",-0.0034598
"289","ran289.hdr.11",-0.00037472
"289","ran289.hdr.12",-0.0002419
"289","ran289.hdr.13",-0.000358290000000001
"289","ran289.hdr.14",0.0000210999999999996
"289","ran289.hdr.15",-0.000124299999999999
"289","ran289.hdr.16",-0.0011243
"289","ran289.hdr.17",-0.0000559799999999997
"289","ran289.hdr.18",NA
"289","ran289.hdr.19",-0.000380700000000001
"289","ran289.hdr.2",-0.0032872
"289","ran289.hdr.20",-0.0023662
"289","ran289.hdr.21",0.000240199999999999
"289","ran289.hdr.22",-0.0008757
"289","ran289.hdr.23",-0.0013895
"289","ran289.hdr.24",-0.0011853
"289","ran289.hdr.25",-0.0014492
"289","ran289.hdr.26",-0.000257510000000001
"289","ran289.hdr.27",0.00038818
"289","ran289.hdr.28",-0.0004121
"289","ran289.hdr.29",0.00037177
"289","ran289.hdr.3",-0.000849200000000001
"289","ran289.hdr.30",-0.00029554
"289","ran289.hdr.31",0.00037395
"289","ran289.hdr.32",-0.00025349
"289","ran289.hdr.33",-0.000643000000000001
"289","ran289.hdr.34",-0.0008652
"289","ran289.hdr.35",0.000443499999999999
"289","ran289.hdr.36",-0.0002968
"289","ran289.hdr.37",-0.0013695
"289","ran289.hdr.38",-0.000247559999999999
"289","ran289.hdr.39",-0.0015552
"289","ran289.hdr.4",-0.0004437
"289","ran289.hdr.40",0.0007192
"289","ran289.hdr.41",-0.0013524
"289","ran289.hdr.42",-0.0022116
"289","ran289.hdr.43",-0.0030178
"289","ran289.hdr.44",-0.0000572999999999997
"289","ran289.hdr.45",-0.0003823
"289","ran289.hdr.46",-0.0002384
"289","ran289.hdr.47",-0.0022656
"289","ran289.hdr.48",-0.001384
"289","ran289.hdr.49",-0.0011413
"289","ran289.hdr.5",-0.0019788
"289","ran289.hdr.50",0.000439200000000001
"289","ran289.hdr.51",-0.000953000000000001
"289","ran289.hdr.52",-0.000473700000000001
"289","ran289.hdr.53",NA
"289","ran289.hdr.54",-0.0000283000000000002
"289","ran289.hdr.55",-0.0001315
"289","ran289.hdr.56",0.00054718
"289","ran289.hdr.57",-0.00000449999999999995
"289","ran289.hdr.59",-0.0005766
"289","ran289.hdr.6",-0.0003713
"289","ran289.hdr.60",-0.0001099
"289","ran289.hdr.61",-0.00015495
"289","ran289.hdr.62",-0.0018888
"289","ran289.hdr.63",-0.0011457
"289","ran289.hdr.64",-0.0011402
"289","ran289.hdr.65",-0.0001288
"289","ran289.hdr.66",-0.000194100000000003
"289","ran289.hdr.67",-0.000386399999999999
"289","ran289.hdr.68",-0.0016226
"289","ran289.hdr.69",-0.0014307
"289","ran289.hdr.7",0.0004314
"289","ran289.hdr.70",-0.000738799999999998
"289","ran289.hdr.71",-0.00599312
"289","ran289.hdr.72",0.000459899999999999
"289","ran289.hdr.73",-0.0096339
"289","ran289.hdr.74",0.0000390000000000008
"289","ran289.hdr.75",-0.000239000000000003
"289","ran289.hdr.76",-0.0011974
"289","ran289.hdr.77",-0.000692410000000001
"289","ran289.hdr.78",-0.000776900000000001
"289","ran289.hdr.8",-0.0002056
"289","ran289.hdr.9",-0.0041174
"290","ran290.hdr.1",-0.0001598
"290","ran290.hdr.10",-0.000428030000000001
"290","ran290.hdr.11",-0.000204939999999999
"290","ran290.hdr.12",-0.0000389920000000001
"290","ran290.hdr.13",-0.000954400000000001
"290","ran290.hdr.14",-0.000824699999999999
"290","ran290.hdr.15",-0.000785500000000001
"290","ran290.hdr.16",-0.000457879999999999
"290","ran290.hdr.17",-0.0018782
"290","ran290.hdr.18",-0.0011929
"290","ran290.hdr.19",-0.000789400000000003
"290","ran290.hdr.2",-0.000908900000000001
"290","ran290.hdr.20",-0.0009639
"290","ran290.hdr.21",-0.000438299999999999
"290","ran290.hdr.22",-0.0039813
"290","ran290.hdr.23",-0.000248100000000001
"290","ran290.hdr.24",-0.00031687
"290","ran290.hdr.25",-0.000796499999999999
"290","ran290.hdr.26",-0.000473700000000001
"290","ran290.hdr.27",-0.000616499999999999
"290","ran290.hdr.28",-0.0000480399999999992
"290","ran290.hdr.29",-0.000347700000000001
"290","ran290.hdr.3",-0.0054532
"290","ran290.hdr.30",NA
"290","ran290.hdr.31",-0.00035699
"290","ran290.hdr.32",-0.0000373999999999999
"290","ran290.hdr.33",-0.000397399999999999
"290","ran290.hdr.34",-0.0003079
"290","ran290.hdr.35",-0.00069205
"290","ran290.hdr.36",-0.0012418
"290","ran290.hdr.37",-0.0000865999999999992
"290","ran290.hdr.38",-0.000607699999999999
"290","ran290.hdr.39",-0.0013244
"290","ran290.hdr.4",-0.0013866
"290","ran290.hdr.40",-0.0005558
"290","ran290.hdr.41",-0.00023755
"290","ran290.hdr.42",-0.00017519
"290","ran290.hdr.43",-0.0015552
"290","ran290.hdr.44",-0.0002614
"290","ran290.hdr.45",-0.000574999999999999
"290","ran290.hdr.46",-0.000202600000000001
"290","ran290.hdr.47",-0.000730900000000001
"290","ran290.hdr.48",-0.000255799999999999
"290","ran290.hdr.49",-0.0024639
"290","ran290.hdr.5",0.00022458
"290","ran290.hdr.50",-0.0000828000000000009
"290","ran290.hdr.51",-0.000560139999999999
"290","ran290.hdr.52",-0.000879130000000001
"290","ran290.hdr.53",-0.0010527
"290","ran290.hdr.54",-0.0030547
"290","ran290.hdr.55",-0.000551949999999999
"290","ran290.hdr.56",-0.000764300000000002
"290","ran290.hdr.57",-0.00045368
"290","ran290.hdr.58",-0.000599799999999999
"290","ran290.hdr.59",-0.000932299999999999
"290","ran290.hdr.6",-0.0045035
"290","ran290.hdr.61",-0.00023539
"290","ran290.hdr.62",-0.000406799999999999
"290","ran290.hdr.63",-0.000546500000000002
"290","ran290.hdr.64",0.000285500000000001
"290","ran290.hdr.65",-0.0017715
"290","ran290.hdr.66",-0.0000432200000000001
"290","ran290.hdr.67",-0.000334099999999999
"290","ran290.hdr.68",-0.0000573999999999991
"290","ran290.hdr.69",-0.0003382
"290","ran290.hdr.7",-0.000105399999999999
"290","ran290.hdr.70",-0.0037006
"290","ran290.hdr.71",-0.0013312
"290","ran290.hdr.72",-0.0001492
"290","ran290.hdr.73",-0.0004414
"290","ran290.hdr.74",-0.0030586
"290","ran290.hdr.75",-0.0023497
"290","ran290.hdr.76",-0.0025593
"290","ran290.hdr.77",-0.000314699999999999
"290","ran290.hdr.78",-0.0016399
"290","ran290.hdr.8",-0.0000557999999999999
"290","ran290.hdr.9",-0.000405638
"291","ran291.hdr.1",-0.0026949
"291","ran291.hdr.10",-0.0029171
"291","ran291.hdr.11",-0.0116684
"291","ran291.hdr.12",-0.00061467
"291","ran291.hdr.13",-0.0003059
"291","ran291.hdr.14",-0.000174800000000001
"291","ran291.hdr.15",-0.00093515
"291","ran291.hdr.16",-0.000437670000000001
"291","ran291.hdr.17",-0.000721199999999998
"291","ran291.hdr.18",-0.000713499999999999
"291","ran291.hdr.19",0.0001043
"291","ran291.hdr.2",-0.0000461999999999997
"291","ran291.hdr.20",-0.0000885999999999977
"291","ran291.hdr.21",-0.0005968
"291","ran291.hdr.22",-0.0001248
"291","ran291.hdr.23",-0.0000981999999999997
"291","ran291.hdr.24",-0.0011179
"291","ran291.hdr.25",-0.000103899999999997
"291","ran291.hdr.26",-0.0008757
"291","ran291.hdr.27",-0.000118700000000001
"291","ran291.hdr.28",-0.0002915
"291","ran291.hdr.29",-0.0004121
"291","ran291.hdr.3",-0.0011965
"291","ran291.hdr.30",-0.0006008
"291","ran291.hdr.31",-0.00130484
"291","ran291.hdr.32",-0.000280899999999999
"291","ran291.hdr.33",0.000361699999999998
"291","ran291.hdr.34",0.0000702000000000012
"291","ran291.hdr.35",-0.0012202
"291","ran291.hdr.36",0.00011464
"291","ran291.hdr.37",-0.000412399999999999
"291","ran291.hdr.38",-0.0006164
"291","ran291.hdr.39",-0.0015836
"291","ran291.hdr.4",-0.0008068
"291","ran291.hdr.40",-0.00065478
"291","ran291.hdr.41",-0.000644400000000002
"291","ran291.hdr.42",0.0000045761
"291","ran291.hdr.43",-0.0034509
"291","ran291.hdr.44",-0.000392399999999999
"291","ran291.hdr.45",0.000121899999999999
"291","ran291.hdr.46",0.00021511
"291","ran291.hdr.47",-0.00022498
"291","ran291.hdr.48",-0.000366
"291","ran291.hdr.49",-0.01768098
"291","ran291.hdr.5",-0.000160799999999999
"291","ran291.hdr.50",0.00029062
"291","ran291.hdr.51",-0.000369599999999999
"291","ran291.hdr.52",-0.0007711
"291","ran291.hdr.53",-0.000934999999999998
"291","ran291.hdr.54",-0.000121599999999999
"291","ran291.hdr.55",-0.00023539
"291","ran291.hdr.56",-0.000907400000000001
"291","ran291.hdr.57",-0.0041063
"291","ran291.hdr.58",-0.000223800000000001
"291","ran291.hdr.59",-0.0000348999999999992
"291","ran291.hdr.6",0.000443500000000001
"291","ran291.hdr.60",-0.0000376999999999999
"291","ran291.hdr.61",-0.0002646
"291","ran291.hdr.62",0.000619300000000001
"291","ran291.hdr.63",-0.000700800000000001
"291","ran291.hdr.64",-0.000949499999999999
"291","ran291.hdr.65",-0.00029
"291","ran291.hdr.66",-0.000890599999999998
"291","ran291.hdr.67",-0.000230299999999999
"291","ran291.hdr.68",-0.00014392
"291","ran291.hdr.69",-0.0011097
"291","ran291.hdr.7",-0.00218825
"291","ran291.hdr.70",-0.000175900000000001
"291","ran291.hdr.71",-0.0005535
"291","ran291.hdr.72",-0.0013233
"291","ran291.hdr.73",-0.0016949
"291","ran291.hdr.74",-0.000806600000000001
"291","ran291.hdr.75",-0.000528400000000002
"291","ran291.hdr.76",-0.0012143
"291","ran291.hdr.77",-0.0006976
"291","ran291.hdr.78",-0.0000918999999999989
"291","ran291.hdr.8",-0.0033457
"291","ran291.hdr.9",0.001134
"292","ran292.hdr.1",-0.000739499999999999
"292","ran292.hdr.10",-0.0003003
"292","ran292.hdr.11",-0.000301300000000001
"292","ran292.hdr.12",-0.000194699999999999
"292","ran292.hdr.13",-0.000598200000000001
"292","ran292.hdr.14",0.000785599999999999
"292","ran292.hdr.15",0.00000960000000000023
"292","ran292.hdr.16",-0.001162
"292","ran292.hdr.17",-0.0003143
"292","ran292.hdr.18",-0.0000381699999999997
"292","ran292.hdr.19",-0.000336900000000001
"292","ran292.hdr.2",-0.0000463000000000026
"292","ran292.hdr.20",0.0000675200000000006
"292","ran292.hdr.21",-0.000348299999999999
"292","ran292.hdr.22",0.000139150000000001
"292","ran292.hdr.23",0.000380699999999999
"292","ran292.hdr.24",-0.000874099999999999
"292","ran292.hdr.25",-0.0013108
"292","ran292.hdr.26",-0.0012188
"292","ran292.hdr.27",-0.0007122
"292","ran292.hdr.28",-0.0003359
"292","ran292.hdr.29",-0.000416699999999999
"292","ran292.hdr.3",-0.000591300000000003
"292","ran292.hdr.30",-0.00017706
"292","ran292.hdr.31",-0.00019075
"292","ran292.hdr.32",-0.00010709
"292","ran292.hdr.33",-0.000413999999999999
"292","ran292.hdr.34",-0.000453249999999999
"292","ran292.hdr.35",-0.0001782
"292","ran292.hdr.36",0.000720500000000002
"292","ran292.hdr.37",0.000361699999999998
"292","ran292.hdr.38",-0.0013244
"292","ran292.hdr.39",-0.000504299999999999
"292","ran292.hdr.4",-0.0046226
"292","ran292.hdr.40",-0.000195400000000002
"292","ran292.hdr.41",-0.0034946
"292","ran292.hdr.42",-0.00045297
"292","ran292.hdr.43",-0.00018951
"292","ran292.hdr.44",-0.000613500000000001
"292","ran292.hdr.45",-0.000327900000000001
"292","ran292.hdr.46",-0.0003937
"292","ran292.hdr.47",-0.0037192
"292","ran292.hdr.48",-0.0010616
"292","ran292.hdr.49",-0.0030178
"292","ran292.hdr.5",-0.0037929
"292","ran292.hdr.50",-0.00029489
"292","ran292.hdr.51",-0.000917300000000001
"292","ran292.hdr.52",-0.0071472
"292","ran292.hdr.53",-0.0005532
"292","ran292.hdr.54",-0.0030547
"292","ran292.hdr.55",-0.0034143
"292","ran292.hdr.56",-0.0009668
"292","ran292.hdr.57",-0.0010723
"292","ran292.hdr.58",-0.0004198
"292","ran292.hdr.6",-0.0044934
"292","ran292.hdr.60",-0.0001099
"292","ran292.hdr.61",-0.00017091
"292","ran292.hdr.62",0.0000813100000000002
"292","ran292.hdr.63",-0.000824100000000001
"292","ran292.hdr.64",-0.000778600000000001
"292","ran292.hdr.65",-0.0005679
"292","ran292.hdr.66",-0.000914999999999999
"292","ran292.hdr.67",-0.0005631
"292","ran292.hdr.68",0.0000622999999999995
"292","ran292.hdr.69",-0.0006
"292","ran292.hdr.7",-0.0038016
"292","ran292.hdr.70",-0.000293000000000002
"292","ran292.hdr.71",-0.0006222
"292","ran292.hdr.72",-0.0011679
"292","ran292.hdr.73",-0.0044168
"292","ran292.hdr.74",-0.0015308
"292","ran292.hdr.75",-0.000584000000000001
"292","ran292.hdr.76",-0.0022821
"292","ran292.hdr.77",-0.0046933
"292","ran292.hdr.78",-0.0005602
"292","ran292.hdr.8",-0.000229759999999999
"292","ran292.hdr.9",-0.0002272
"293","ran293.hdr.1",-0.000740699999999999
"293","ran293.hdr.10",0.0006747
"293","ran293.hdr.11",-0.00025442
"293","ran293.hdr.12",-0.00021846
"293","ran293.hdr.13",-0.00041618
"293","ran293.hdr.14",-0.0000232874
"293","ran293.hdr.15",0.00013843
"293","ran293.hdr.16",-0.0004884
"293","ran293.hdr.17",-0.0000923199999999999
"293","ran293.hdr.18",0.0000345999999999992
"293","ran293.hdr.19",-0.0003277
"293","ran293.hdr.2",-0.0004317
"293","ran293.hdr.20",-0.0011003
"293","ran293.hdr.21",-0.000369699999999999
"293","ran293.hdr.22",-0.000612299999999998
"293","ran293.hdr.23",-0.000288400000000001
"293","ran293.hdr.24",-0.000554499999999999
"293","ran293.hdr.25",-0.00032336
"293","ran293.hdr.26",0.000296680000000001
"293","ran293.hdr.27",-0.0014725
"293","ran293.hdr.28",-0.00107892
"293","ran293.hdr.29",-0.00034293
"293","ran293.hdr.3",0.0010831
"293","ran293.hdr.30",0.0000111
"293","ran293.hdr.31",-0.00069048
"293","ran293.hdr.32",-0.00019075
"293","ran293.hdr.33",-0.000121709999999999
"293","ran293.hdr.34",-0.000420199999999999
"293","ran293.hdr.35",-0.000359799999999999
"293","ran293.hdr.36",-0.0011074
"293","ran293.hdr.37",-0.0009715
"293","ran293.hdr.38",-0.0006549
"293","ran293.hdr.39",0.00039719
"293","ran293.hdr.4",-0.0000906699999999993
"293","ran293.hdr.40",-0.0009332
"293","ran293.hdr.41",-0.000507200000000003
"293","ran293.hdr.42",-0.0000142300000000005
"293","ran293.hdr.43",-0.000975
"293","ran293.hdr.44",-0.0017019
"293","ran293.hdr.45",-0.00013712
"293","ran293.hdr.46",-0.0014925
"293","ran293.hdr.47",-0.0016134
"293","ran293.hdr.48",-0.0025436
"293","ran293.hdr.49",-0.0022477
"293","ran293.hdr.5",-0.000621999999999998
"293","ran293.hdr.50",-0.000230900000000003
"293","ran293.hdr.51",NA
"293","ran293.hdr.52",0.000276800000000001
"293","ran293.hdr.53",-0.000846200000000002
"293","ran293.hdr.54",-0.000743199999999999
"293","ran293.hdr.55",-0.000392
"293","ran293.hdr.56",-0.00074314
"293","ran293.hdr.57",0.0000833999999999991
"293","ran293.hdr.58",-0.00004207
"293","ran293.hdr.59",-0.0000823899999999999
"293","ran293.hdr.6",0.00018692
"293","ran293.hdr.60",-0.0001382
"293","ran293.hdr.61",-0.00035604
"293","ran293.hdr.62",-0.00378069
"293","ran293.hdr.63",-0.000842700000000002
"293","ran293.hdr.64",0.0000742100000000001
"293","ran293.hdr.65",-0.000395700000000001
"293","ran293.hdr.66",-0.00073805
"293","ran293.hdr.67",-0.0010844
"293","ran293.hdr.68",-0.0005766
"293","ran293.hdr.69",-0.0001286
"293","ran293.hdr.7",-0.0013747
"293","ran293.hdr.70",-0.000595
"293","ran293.hdr.71",-0.0012684
"293","ran293.hdr.72",-0.00762201
"293","ran293.hdr.73",-0.0027675
"293","ran293.hdr.74",-0.000781999999999998
"293","ran293.hdr.75",-0.00203165
"293","ran293.hdr.76",-0.000345399999999999
"293","ran293.hdr.77",-0.00031406
"293","ran293.hdr.78",-0.0014309
"293","ran293.hdr.8",-0.01533333
"293","ran293.hdr.9",-0.002828
"294","ran294.hdr.1",-0.0000554800000000001
"294","ran294.hdr.10",-0.000585499999999999
"294","ran294.hdr.11",-0.000197699999999999
"294","ran294.hdr.12",0.00056994
"294","ran294.hdr.13",-0.00030618
"294","ran294.hdr.14",-0.000482460000000001
"294","ran294.hdr.15",-0.0000232874
"294","ran294.hdr.16",-0.0000293799999999999
"294","ran294.hdr.17",0.00015803
"294","ran294.hdr.18",0.0007071
"294","ran294.hdr.19",-0.00037651
"294","ran294.hdr.2",-0.0014426
"294","ran294.hdr.20",0.000225330000000001
"294","ran294.hdr.21",0.000247599999999997
"294","ran294.hdr.22",-0.00035428
"294","ran294.hdr.23",-0.00020936
"294","ran294.hdr.24",-0.000710000000000002
"294","ran294.hdr.25",-0.000912500000000002
"294","ran294.hdr.26",-0.0024928
"294","ran294.hdr.27",-0.00141581
"294","ran294.hdr.28",-0.00022523
"294","ran294.hdr.29",-0.00018725
"294","ran294.hdr.3",-0.002115
"294","ran294.hdr.30",-0.00620406
"294","ran294.hdr.31",-0.0000862000000000016
"294","ran294.hdr.32",0.00013516
"294","ran294.hdr.33",-0.0001545
"294","ran294.hdr.34",-0.000722799999999999
"294","ran294.hdr.35",-0.0010094
"294","ran294.hdr.36",-0.0013621
"294","ran294.hdr.37",0.0000239999999999997
"294","ran294.hdr.38",0.0000529000000000016
"294","ran294.hdr.39",-0.00018774
"294","ran294.hdr.4",-0.0007992
"294","ran294.hdr.40",-0.00000561000000000008
"294","ran294.hdr.41",0.000217800000000001
"294","ran294.hdr.42",-0.0016063
"294","ran294.hdr.43",0.0000247999999999984
"294","ran294.hdr.44",0.0001577
"294","ran294.hdr.45",0.000389899999999999
"294","ran294.hdr.46",-0.000294639999999999
"294","ran294.hdr.47",-0.0012528
"294","ran294.hdr.48",-0.000129839
"294","ran294.hdr.49",-0.000518399999999999
"294","ran294.hdr.5",-0.0049685
"294","ran294.hdr.50",-0.0013068
"294","ran294.hdr.51",-0.000248099999999999
"294","ran294.hdr.52",0.00026858
"294","ran294.hdr.53",-0.0004577
"294","ran294.hdr.54",-0.00022893
"294","ran294.hdr.55",-0.00020368
"294","ran294.hdr.56",-0.000271400000000002
"294","ran294.hdr.57",-0.0041063
"294","ran294.hdr.58",-0.0003461
"294","ran294.hdr.59",-0.0107924
"294","ran294.hdr.6",-0.00018871
"294","ran294.hdr.60",-0.0001422
"294","ran294.hdr.61",-0.0002325
"294","ran294.hdr.62",-0.0029365
"294","ran294.hdr.63",-0.000420900000000002
"294","ran294.hdr.64",0.00013643
"294","ran294.hdr.65",-0.00045068
"294","ran294.hdr.66",-0.0016847
"294","ran294.hdr.67",-0.0003058
"294","ran294.hdr.68",-0.0028229
"294","ran294.hdr.69",-0.0004732
"294","ran294.hdr.7",-0.0031521
"294","ran294.hdr.70",-0.0007448
"294","ran294.hdr.71",0.000151800000000001
"294","ran294.hdr.72",-0.0002731
"294","ran294.hdr.73",-0.0000844099999999996
"294","ran294.hdr.74",-0.0012116
"294","ran294.hdr.75",-0.0014855
"294","ran294.hdr.76",-0.0010537
"294","ran294.hdr.77",-0.0014027
"294","ran294.hdr.78",-0.0003604
"294","ran294.hdr.8",-0.01280031
"294","ran294.hdr.9",-0.0051096
"295","ran295.hdr.1",-0.000282899999999999
"295","ran295.hdr.10",-0.00049533
"295","ran295.hdr.11",-0.00015088
"295","ran295.hdr.12",-0.0008936
"295","ran295.hdr.13",NA
"295","ran295.hdr.14",0.000290869999999999
"295","ran295.hdr.15",-0.0023044
"295","ran295.hdr.16",-0.000534900000000001
"295","ran295.hdr.17",-0.00017172
"295","ran295.hdr.18",-0.00032312
"295","ran295.hdr.19",0.000381579999999999
"295","ran295.hdr.2",-0.0012446
"295","ran295.hdr.20",-0.0004534
"295","ran295.hdr.21",-0.000771500000000001
"295","ran295.hdr.22",-0.000345199999999997
"295","ran295.hdr.23",-0.00141581
"295","ran295.hdr.24",-0.0000722500000000003
"295","ran295.hdr.25",0.000202000000000001
"295","ran295.hdr.26",-0.000169369999999999
"295","ran295.hdr.27",-0.0003079
"295","ran295.hdr.28",-0.000643000000000001
"295","ran295.hdr.29",-0.000106800000000001
"295","ran295.hdr.3",-0.000443959999999998
"295","ran295.hdr.30",0.000505200000000001
"295","ran295.hdr.31",-0.0000137999999999978
"295","ran295.hdr.32",-0.0009803
"295","ran295.hdr.33",0.000638
"295","ran295.hdr.34",0.00014849
"295","ran295.hdr.35",0.000375199999999999
"295","ran295.hdr.36",-0.0002167
"295","ran295.hdr.37",-0.0001145
"295","ran295.hdr.38",-0.000306899999999999
"295","ran295.hdr.39",-0.0003362
"295","ran295.hdr.4",0.00015914
"295","ran295.hdr.40",-0.0005929
"295","ran295.hdr.41",-0.0073875
"295","ran295.hdr.42",-0.00000997999999999993
"295","ran295.hdr.43",-0.00074314
"295","ran295.hdr.44",-0.000713800000000001
"295","ran295.hdr.45",-0.000560139999999999
"295","ran295.hdr.46",-0.00057312
"295","ran295.hdr.47",0.00000341000000000002
"295","ran295.hdr.48",-0.00062953
"295","ran295.hdr.49",-0.00022498
"295","ran295.hdr.5",-0.000226799999999999
"295","ran295.hdr.50",-0.00328849
"295","ran295.hdr.51",-0.00384145
"295","ran295.hdr.52",-0.000381660000000001
"295","ran295.hdr.53",-0.000362299999999999
"295","ran295.hdr.54",-0.0040008
"295","ran295.hdr.55",-0.000293069999999999
"295","ran295.hdr.56",-0.0003833
"295","ran295.hdr.58",-0.0000596800000000012
"295","ran295.hdr.59",-0.0012752
"295","ran295.hdr.6",-0.0008533
"295","ran295.hdr.60",-0.0000161999999999992
"295","ran295.hdr.61",-0.01281643
"295","ran295.hdr.62",0.0000727999999999996
"295","ran295.hdr.63",-0.000420900000000002
"295","ran295.hdr.64",-0.0012091
"295","ran295.hdr.65",-0.0027675
"295","ran295.hdr.66",-0.000700800000000001
"295","ran295.hdr.67",-0.000589600000000003
"295","ran295.hdr.68",-0.000819
"295","ran295.hdr.69",-0.0009037
"295","ran295.hdr.7",-0.0049685
"295","ran295.hdr.70",-0.0011988
"295","ran295.hdr.71",-0.000126299999999999
"295","ran295.hdr.72",-0.0002862
"295","ran295.hdr.73",-0.0022821
"295","ran295.hdr.74",-0.000806600000000001
"295","ran295.hdr.75",-0.0022866
"295","ran295.hdr.76",-0.000908300000000001
"295","ran295.hdr.77",-0.0046933
"295","ran295.hdr.78",-0.000776900000000001
"295","ran295.hdr.8",-0.0037976
"295","ran295.hdr.9",-0.0043162
"296","ran296.hdr.1",-0.0003254
"296","ran296.hdr.10",-0.000602800000000001
"296","ran296.hdr.11",0.0000692099999999997
"296","ran296.hdr.12",0.00109379
"296","ran296.hdr.13",-0.0006719
"296","ran296.hdr.14",-0.0000446999999999982
"296","ran296.hdr.15",0.000257
"296","ran296.hdr.16",-0.0002961
"296","ran296.hdr.17",-0.000113727
"296","ran296.hdr.18",-0.000333099999999999
"296","ran296.hdr.19",-0.0032234
"296","ran296.hdr.2",-0.0007992
"296","ran296.hdr.20",-0.00049628
"296","ran296.hdr.21",-0.000867099999999999
"296","ran296.hdr.22",-0.0008757
"296","ran296.hdr.23",-0.0000169000000000002
"296","ran296.hdr.24",0.00018949
"296","ran296.hdr.25",-0.0010804
"296","ran296.hdr.26",-0.000257510000000001
"296","ran296.hdr.27",0.0000514499999999998
"296","ran296.hdr.28",-0.0014725
"296","ran296.hdr.29",-0.00035699
"296","ran296.hdr.3",-0.0021526
"296","ran296.hdr.30",-0.00029017
"296","ran296.hdr.31",0.0000686800000000007
"296","ran296.hdr.32",-0.0000940999999999997
"296","ran296.hdr.33",-0.0003193
"296","ran296.hdr.34",-0.000284
"296","ran296.hdr.35",-0.000176700000000002
"296","ran296.hdr.36",-0.000735299999999998
"296","ran296.hdr.37",-0.000250599999999998
"296","ran296.hdr.38",-0.0008564
"296","ran296.hdr.39",-0.000469900000000001
"296","ran296.hdr.4",-0.0041514
"296","ran296.hdr.40",-0.0015268
"296","ran296.hdr.41",-0.00045297
"296","ran296.hdr.42",-0.00025217
"296","ran296.hdr.43",-0.000844599999999997
"296","ran296.hdr.44",-0.0004022
"296","ran296.hdr.45",-0.0013621
"296","ran296.hdr.46",-0.0001434
"296","ran296.hdr.47",0.000217800000000001
"296","ran296.hdr.48",-0.0025436
"296","ran296.hdr.49",-0.0015836
"296","ran296.hdr.5",-0.002287
"296","ran296.hdr.50",-0.000658299999999997
"296","ran296.hdr.51",-0.000717699999999998
"296","ran296.hdr.52",-0.00005857
"296","ran296.hdr.53",-0.00041977
"296","ran296.hdr.54",-0.00029094
"296","ran296.hdr.55",0.000058589999999999
"296","ran296.hdr.56",0.000139
"296","ran296.hdr.57",-0.00047522
"296","ran296.hdr.58",0.00042673
"296","ran296.hdr.59",-0.0010767
"296","ran296.hdr.6",-0.0031124
"296","ran296.hdr.60",-0.00050929
"296","ran296.hdr.61",-0.0003331
"296","ran296.hdr.62",-0.000164299999999999
"296","ran296.hdr.63",0.00006119
"296","ran296.hdr.64",-0.000304
"296","ran296.hdr.65",NA
"296","ran296.hdr.66",-0.0041063
"296","ran296.hdr.67",-0.000221499999999999
"296","ran296.hdr.68",-0.000320829999999999
"296","ran296.hdr.69",0.0001516
"296","ran296.hdr.7",-0.0000702199999999997
"296","ran296.hdr.70",-0.00672884
"296","ran296.hdr.71",-0.0009932
"296","ran296.hdr.72",-0.0010769
"296","ran296.hdr.73",-0.000546100000000001
"296","ran296.hdr.74",-0.0027169
"296","ran296.hdr.75",-0.001383
"296","ran296.hdr.76",-0.000220500000000002
"296","ran296.hdr.77",-0.00096858
"296","ran296.hdr.78",-0.0010666
"296","ran296.hdr.8",-0.000130499999999999
"296","ran296.hdr.9",-0.00011195
"297","ran297.hdr.1",-0.000591300000000003
"297","ran297.hdr.10",-0.000480399999999999
"297","ran297.hdr.11",-0.0023044
"297","ran297.hdr.12",-0.0000410000000000028
"297","ran297.hdr.13",-0.0000870999999999997
"297","ran297.hdr.14",-0.00017451
"297","ran297.hdr.15",-0.000217070000000001
"297","ran297.hdr.16",-0.000216849999999999
"297","ran297.hdr.17",-0.0000692999999999996
"297","ran297.hdr.18",-0.000287399999999998
"297","ran297.hdr.19",-0.000253800000000002
"297","ran297.hdr.2",-0.000358239999999999
"297","ran297.hdr.20",-0.000377500000000001
"297","ran297.hdr.21",-0.000248100000000001
"297","ran297.hdr.22",-0.00043339
"297","ran297.hdr.23",-0.0000985999999999973
"297","ran297.hdr.24",-0.0000709000000000005
"297","ran297.hdr.25",-0.0000480399999999992
"297","ran297.hdr.26",-0.0006201
"297","ran297.hdr.27",-0.00017819
"297","ran297.hdr.28",-0.00055319
"297","ran297.hdr.29",-0.00022865
"297","ran297.hdr.3",-0.0053867
"297","ran297.hdr.30",-0.000507499999999999
"297","ran297.hdr.31",-0.00010227
"297","ran297.hdr.32",-0.000284
"297","ran297.hdr.33",0.0006037
"297","ran297.hdr.34",-0.0011074
"297","ran297.hdr.35",-0.000106800000000001
"297","ran297.hdr.36",0.000159400000000001
"297","ran297.hdr.37",0.000362400000000001
"297","ran297.hdr.38",0.0002442
"297","ran297.hdr.39",-0.0002734
"297","ran297.hdr.4",0.000317900000000001
"297","ran297.hdr.40",-0.0000899999999999998
"297","ran297.hdr.41",-0.0003354
"297","ran297.hdr.42",-0.0012186
"297","ran297.hdr.43",-0.00057255
"297","ran297.hdr.44",-0.0003362
"297","ran297.hdr.45",-0.000692699999999999
"297","ran297.hdr.46",0.000267400000000001
"297","ran297.hdr.47",0.000156
"297","ran297.hdr.48",-0.000358599999999999
"297","ran297.hdr.49",-0.000282899999999999
"297","ran297.hdr.5",-0.0003713
"297","ran297.hdr.50",-0.000842700000000002
"297","ran297.hdr.51",-0.00020354
"297","ran297.hdr.52",-0.000569500000000001
"297","ran297.hdr.53",-0.0000256900000000001
"297","ran297.hdr.54",-0.000586400000000001
"297","ran297.hdr.55",-0.000119059999999999
"297","ran297.hdr.56",0.0003353
"297","ran297.hdr.57",-0.000872299999999999
"297","ran297.hdr.58",-0.0010529
"297","ran297.hdr.59",-0.000544600000000003
"297","ran297.hdr.6",-0.0007133
"297","ran297.hdr.60",0.0000100400000000002
"297","ran297.hdr.61",-0.0029292
"297","ran297.hdr.62",-0.00008194
"297","ran297.hdr.63",-0.00018716
"297","ran297.hdr.64",-0.001278
"297","ran297.hdr.65",-0.0003709
"297","ran297.hdr.66",-0.000334099999999999
"297","ran297.hdr.67",-0.000581100000000001
"297","ran297.hdr.68",-0.000331100000000001
"297","ran297.hdr.69",-0.0003354
"297","ran297.hdr.7",-0.000831800000000001
"297","ran297.hdr.70",-0.000206999999999999
"297","ran297.hdr.71",-0.000276200000000001
"297","ran297.hdr.72",-0.0010769
"297","ran297.hdr.73",-0.0000157000000000004
"297","ran297.hdr.74",-0.0012012
"297","ran297.hdr.75",-0.00018717
"297","ran297.hdr.76",-0.0007588
"297","ran297.hdr.77",-0.00444969
"297","ran297.hdr.78",-0.0017455
"297","ran297.hdr.8",-0.0014125
"297","ran297.hdr.9",-0.0051698
"298","ran298.hdr.1",-0.0004317
"298","ran298.hdr.10",-0.0000582479999999999
"298","ran298.hdr.11",0.0001151
"298","ran298.hdr.12",-0.000725689999999999
"298","ran298.hdr.13",-0.00129969
"298","ran298.hdr.14",-0.000547299999999997
"298","ran298.hdr.15",-0.000824699999999999
"298","ran298.hdr.16",-0.00071959
"298","ran298.hdr.17",0.00045535
"298","ran298.hdr.18",-0.000333099999999999
"298","ran298.hdr.19",-0.000911199999999997
"298","ran298.hdr.2",-0.0016743
"298","ran298.hdr.20",-0.000516000000000001
"298","ran298.hdr.21",-0.0007074
"298","ran298.hdr.22",-0.000187900000000001
"298","ran298.hdr.23",-0.0017655
"298","ran298.hdr.24",-0.0017674
"298","ran298.hdr.25",-0.000404499999999999
"298","ran298.hdr.26",0.000158100000000001
"298","ran298.hdr.27",-0.0002137
"298","ran298.hdr.28",-0.000303699999999999
"298","ran298.hdr.29",-0.00000923999999999999
"298","ran298.hdr.3",-0.0027813
"298","ran298.hdr.30",-0.00029554
"298","ran298.hdr.31",0.0000805999999999984
"298","ran298.hdr.32",0.00015824
"298","ran298.hdr.33",-0.00041873
"298","ran298.hdr.34",0.000354800000000001
"298","ran298.hdr.35",-0.0011074
"298","ran298.hdr.36",-0.0032627
"298","ran298.hdr.37",-0.0010452
"298","ran298.hdr.38",-0.000140850000000001
"298","ran298.hdr.39",-0.0000894500000000005
"298","ran298.hdr.4",-0.0008313
"298","ran298.hdr.40",-0.00023755
"298","ran298.hdr.41",-0.00087888
"298","ran298.hdr.42",-0.0014594
"298","ran298.hdr.43",0.000207600000000002
"298","ran298.hdr.44",-0.000385200000000002
"298","ran298.hdr.45",0.0000239999999999997
"298","ran298.hdr.46",-0.001127
"298","ran298.hdr.47",-0.002171
"298","ran298.hdr.48",-0.0010202
"298","ran298.hdr.49",-0.0011215
"298","ran298.hdr.5",-0.0044797
"298","ran298.hdr.50",-0.00035325
"298","ran298.hdr.51",-0.000755800000000001
"298","ran298.hdr.52",-0.000584899999999999
"298","ran298.hdr.53",-0.0168073
"298","ran298.hdr.54",-0.0135865
"298","ran298.hdr.55",-0.000510450000000001
"298","ran298.hdr.56",-0.00017918
"298","ran298.hdr.57",-0.00021542
"298","ran298.hdr.58",0.000223899999999999
"298","ran298.hdr.59",-0.00017452
"298","ran298.hdr.6",-0.000409400000000001
"298","ran298.hdr.60",-0.0015428
"298","ran298.hdr.61",NA
"298","ran298.hdr.62",-0.00051952
"298","ran298.hdr.63",-0.0001548
"298","ran298.hdr.64",-0.0029365
"298","ran298.hdr.65",-0.0017715
"298","ran298.hdr.66",-0.000190900000000001
"298","ran298.hdr.67",0.000401200000000001
"298","ran298.hdr.68",-0.001507
"298","ran298.hdr.69",-0.000323500000000001
"298","ran298.hdr.7",-0.00047386
"298","ran298.hdr.70",-0.001084
"298","ran298.hdr.71",-0.0037316
"298","ran298.hdr.72",-0.0000532100000000015
"298","ran298.hdr.73",-0.00029
"298","ran298.hdr.74",-0.0023089
"298","ran298.hdr.75",0.000139439999999999
"298","ran298.hdr.76",-0.000175900000000001
"298","ran298.hdr.77",-0.0013233
"298","ran298.hdr.78",-0.000299900000000001
"298","ran298.hdr.8",-0.0015953
"298","ran298.hdr.9",0.0000499000000000003
"299","ran299.hdr.1",-0.00000570800000000001
"299","ran299.hdr.10",-0.000979900000000001
"299","ran299.hdr.11",-0.000358290000000001
"299","ran299.hdr.12",-0.0011382
"299","ran299.hdr.13",-0.0000582479999999999
"299","ran299.hdr.14",-0.0001779
"299","ran299.hdr.15",0.0000320000000000008
"299","ran299.hdr.16",-0.0000983000000000008
"299","ran299.hdr.17",-0.0001574
"299","ran299.hdr.18",-0.0009231
"299","ran299.hdr.19",-0.000380700000000001
"299","ran299.hdr.2",0.000000199999999998812
"299","ran299.hdr.20",-0.0022008
"299","ran299.hdr.21",-0.0007122
"299","ran299.hdr.22",0.0003538
"299","ran299.hdr.23",0.0000373999999999999
"299","ran299.hdr.24",-0.000418709999999999
"299","ran299.hdr.25",-0.00029545
"299","ran299.hdr.26",-0.000450470000000001
"299","ran299.hdr.27",0.000281300000000002
"299","ran299.hdr.28",-0.000777899999999998
"299","ran299.hdr.29",-0.0018846
"299","ran299.hdr.3",0.000021011
"299","ran299.hdr.30",-0.00350844
"299","ran299.hdr.31",-0.000758200000000001
"299","ran299.hdr.32",-0.00023755
"299","ran299.hdr.33",-0.000653770000000001
"299","ran299.hdr.34",-0.000275399999999999
"299","ran299.hdr.35",-0.0011599
"299","ran299.hdr.36",-0.0023505
"299","ran299.hdr.37",-0.000115199999999999
"299","ran299.hdr.38",-0.0016634
"299","ran299.hdr.39",-0.0000555999999999994
"299","ran299.hdr.4",-0.0020013
"299","ran299.hdr.40",-0.0011887
"299","ran299.hdr.41",-0.00011256
"299","ran299.hdr.42",-0.0012963
"299","ran299.hdr.43",-0.000026974
"299","ran299.hdr.44",0.000447400000000001
"299","ran299.hdr.45",-0.0010055
"299","ran299.hdr.46",-0.000940400000000001
"299","ran299.hdr.47",-0.0015836
"299","ran299.hdr.48",0.000197300000000001
"299","ran299.hdr.49",-0.00027166
"299","ran299.hdr.5",0.0000256000000000006
"299","ran299.hdr.50",-0.00074359
"299","ran299.hdr.51",-0.000643990000000001
"299","ran299.hdr.52",-0.0011708
"299","ran299.hdr.53",-0.00029272
"299","ran299.hdr.54",0.00031451
"299","ran299.hdr.55",-0.000652820000000001
"299","ran299.hdr.56",-0.000119059999999999
"299","ran299.hdr.57",-0.000796399999999999
"299","ran299.hdr.58",-0.00017852
"299","ran299.hdr.59",-0.0005941
"299","ran299.hdr.6",-0.0027476
"299","ran299.hdr.60",-0.0000788000000000004
"299","ran299.hdr.61",-0.0007711
"299","ran299.hdr.62",0.00022375
"299","ran299.hdr.63",-0.0011067
"299","ran299.hdr.64",-0.0021629
"299","ran299.hdr.65",-0.0002325
"299","ran299.hdr.66",-0.000481499999999999
"299","ran299.hdr.67",-0.0013204
"299","ran299.hdr.68",0.0000251000000000001
"299","ran299.hdr.69",0.00060888
"299","ran299.hdr.7",-0.0048415
"299","ran299.hdr.70",-0.00740309
"299","ran299.hdr.71",-0.0035232
"299","ran299.hdr.72",-0.00093906
"299","ran299.hdr.73",-0.000283
"299","ran299.hdr.74",-0.000302699999999999
"299","ran299.hdr.75",-0.002875
"299","ran299.hdr.76",-0.0035566
"299","ran299.hdr.77",-0.0014855
"299","ran299.hdr.78",-0.0025593
"299","ran299.hdr.8",-0.0032486
"299","ran299.hdr.9",-0.0000319000000000014
"300","ran300.hdr.1",-0.00100715
"300","ran300.hdr.10",0.0000928000000000005
"300","ran300.hdr.11",-0.0000151700000000001
"300","ran300.hdr.12",-0.0000204900000000002
"300","ran300.hdr.13",-0.000376899999999999
"300","ran300.hdr.14",-0.000312800000000001
"300","ran300.hdr.15",-0.000130770000000001
"300","ran300.hdr.16",-0.0004688
"300","ran300.hdr.17",-0.0011143
"300","ran300.hdr.18",0.000681399999999999
"300","ran300.hdr.19",-0.000348220000000002
"300","ran300.hdr.2",-0.00040682
"300","ran300.hdr.20",-0.000911199999999997
"300","ran300.hdr.21",-0.000657
"300","ran300.hdr.22",-0.000206000000000001
"300","ran300.hdr.23",-0.000682600000000002
"300","ran300.hdr.24",-0.0001443
"300","ran300.hdr.25",-0.0012522
"300","ran300.hdr.26",0.0001004
"300","ran300.hdr.27",-0.000277900000000001
"300","ran300.hdr.28",-0.00060842
"300","ran300.hdr.29",0.0000345999999999992
"300","ran300.hdr.3",-0.000103800000000001
"300","ran300.hdr.30",-0.00038817
"300","ran300.hdr.31",-0.0035614
"300","ran300.hdr.32",-0.0004095
"300","ran300.hdr.33",-0.000348000000000001
"300","ran300.hdr.34",-0.000115799999999999
"300","ran300.hdr.35",-0.000252799999999999
"300","ran300.hdr.36",0.000166100000000001
"300","ran300.hdr.37",-0.000136210000000001
"300","ran300.hdr.38",0.0000920999999999995
"300","ran300.hdr.39",0.0000184400000000002
"300","ran300.hdr.4",-0.0008068
"300","ran300.hdr.40",-0.0011115
"300","ran300.hdr.41",-0.000390949999999999
"300","ran300.hdr.42",-0.000469799999999999
"300","ran300.hdr.43",-0.000643399999999999
"300","ran300.hdr.44",-0.0004718
"300","ran300.hdr.45",-0.00000640000000000016
"300","ran300.hdr.46",-0.00112666
"300","ran300.hdr.47",-0.000982500000000001
"300","ran300.hdr.48",-0.000735400000000001
"300","ran300.hdr.49",-0.000917300000000001
"300","ran300.hdr.5",-0.0027476
"300","ran300.hdr.50",-0.0071472
"300","ran300.hdr.51",-0.0000371
"300","ran300.hdr.52",-0.00119342
"300","ran300.hdr.53",-0.0005222
"300","ran300.hdr.54",0.000012144
"300","ran300.hdr.55",-0.00022498
"300","ran300.hdr.56",-0.000299799999999999
"300","ran300.hdr.57",-0.000755800000000001
"300","ran300.hdr.58",-0.0135865
"300","ran300.hdr.59",-0.0046059
"300","ran300.hdr.6",-0.0038288
"300","ran300.hdr.60",-0.0015162
"300","ran300.hdr.61",-0.00031891
"300","ran300.hdr.62",-0.0000283000000000002
"300","ran300.hdr.63",0.00000257936
"300","ran300.hdr.64",-0.0000728099999999995
"300","ran300.hdr.65",-0.00017091
"300","ran300.hdr.66",-0.0006847
"300","ran300.hdr.67",-0.0028229
"300","ran300.hdr.68",-0.0009818
"300","ran300.hdr.69",-0.0008821
"300","ran300.hdr.7",-0.000063007
"300","ran300.hdr.70",-0.0007443
"300","ran300.hdr.71",-0.000316540000000001
"300","ran300.hdr.72",-0.0037745
"300","ran300.hdr.73",-0.0000212000000000007
"300","ran300.hdr.74",0.000299700000000002
"300","ran300.hdr.75",-0.0001966
"300","ran300.hdr.76",-0.0013547
"300","ran300.hdr.77",-0.0032639
"300","ran300.hdr.78",0.0000157000000000004
"300","ran300.hdr.8",-0.000140000000000001
"300","ran300.hdr.9",-0.00025
"301","ran301.hdr.1",-0.0014785
"301","ran301.hdr.10",-0.00120107
"301","ran301.hdr.11",-0.0038288
"301","ran301.hdr.12",-0.0000556999999999988
"301","ran301.hdr.13",-0.00033059
"301","ran301.hdr.14",-0.000422980000000001
"301","ran301.hdr.15",-0.000282399999999999
"301","ran301.hdr.16",-0.000205999999999998
"301","ran301.hdr.17",-0.000419360000000001
"301","ran301.hdr.18",-0.0000977999999999986
"301","ran301.hdr.19",-0.000516000000000001
"301","ran301.hdr.2",-0.0004317
"301","ran301.hdr.20",-0.00034462
"301","ran301.hdr.21",-0.0003148
"301","ran301.hdr.22",-0.0000705100000000002
"301","ran301.hdr.23",-0.0014725
"301","ran301.hdr.24",-0.000013599999999999
"301","ran301.hdr.25",-0.0000722500000000003
"301","ran301.hdr.26",0.0000166000000000003
"301","ran301.hdr.27",-0.000507499999999999
"301","ran301.hdr.28",-0.002134
"301","ran301.hdr.29",-0.0000891900000000003
"301","ran301.hdr.3",-0.0026658
"301","ran301.hdr.30",-0.0004212
"301","ran301.hdr.31",-0.0018523
"301","ran301.hdr.32",-0.000104399999999999
"301","ran301.hdr.33",-0.001142
"301","ran301.hdr.34",0.000071100000000001
"301","ran301.hdr.35",0.0000366999999999989
"301","ran301.hdr.36",-0.0011052
"301","ran301.hdr.37",-0.0003137
"301","ran301.hdr.38",-0.0010775
"301","ran301.hdr.39",-0.0003798
"301","ran301.hdr.4",-0.0000914000000000002
"301","ran301.hdr.40",-0.0010094
"301","ran301.hdr.41",-0.0012739
"301","ran301.hdr.42",-0.0017019
"301","ran301.hdr.43",-0.0012859
"301","ran301.hdr.44",0.000373499999999999
"301","ran301.hdr.45",-0.000178299999999999
"301","ran301.hdr.46",-0.0041082
"301","ran301.hdr.47",-0.0000250599999999999
"301","ran301.hdr.48",-0.000280989999999999
"301","ran301.hdr.49",-0.0144723
"301","ran301.hdr.5",-0.0016743
"301","ran301.hdr.50",-0.000842700000000002
"301","ran301.hdr.51",0.00011506
"301","ran301.hdr.52",-0.0011511
"301","ran301.hdr.53",0.00005185
"301","ran301.hdr.54",-0.000421599999999999
"301","ran301.hdr.57",-0.0004641
"301","ran301.hdr.58",0.0000893000000000005
"301","ran301.hdr.59",-0.011466
"301","ran301.hdr.6",-0.000849200000000001
"301","ran301.hdr.60",-0.0020511
"301","ran301.hdr.61",-0.0043602
"301","ran301.hdr.62",-0.0010964
"301","ran301.hdr.63",-0.0002284
"301","ran301.hdr.64",-0.0011892
"301","ran301.hdr.65",-0.000128400000000001
"301","ran301.hdr.66",-0.00040548
"301","ran301.hdr.67",-0.000792399999999999
"301","ran301.hdr.68",0.0000275999999999992
"301","ran301.hdr.69",-0.0023812
"301","ran301.hdr.7",-0.0000573999999999991
"301","ran301.hdr.70",-0.0000779999999999999
"301","ran301.hdr.71",-0.000347499999999997
"301","ran301.hdr.72",-0.0020861
"301","ran301.hdr.73",-0.000194
"301","ran301.hdr.74",0.00002271
"301","ran301.hdr.75",-0.0009914
"301","ran301.hdr.76",-0.00050556
"301","ran301.hdr.77",-0.0003198
"301","ran301.hdr.78",-0.0010028
"301","ran301.hdr.8",0.00049115
"301","ran301.hdr.9",0.00002592
"302","ran302.hdr.1",0.000132149999999999
"302","ran302.hdr.10",-0.0003155
"302","ran302.hdr.11",0.00000960000000000023
"302","ran302.hdr.12",-0.000217070000000001
"302","ran302.hdr.13",-0.0000622000000000001
"302","ran302.hdr.14",-0.000713499999999999
"302","ran302.hdr.15",-0.0003458
"302","ran302.hdr.16",-0.000262800000000001
"302","ran302.hdr.17",-0.0002961
"302","ran302.hdr.18",-0.000113727
"302","ran302.hdr.19",0.0000675200000000006
"302","ran302.hdr.2",-0.000591300000000003
"302","ran302.hdr.20",-0.0007235
"302","ran302.hdr.21",-0.0000759999999999997
"302","ran302.hdr.22",-0.000184699999999999
"302","ran302.hdr.23",-0.00035428
"302","ran302.hdr.24",-0.000397499999999999
"302","ran302.hdr.25",0.0000345999999999992
"302","ran302.hdr.26",-0.0033496
"302","ran302.hdr.27",-0.00180345
"302","ran302.hdr.28",-0.0023332
"302","ran302.hdr.29",-0.0008757
"302","ran302.hdr.3",-0.0037929
"302","ran302.hdr.30",-0.000352700000000001
"302","ran302.hdr.31",-0.00032336
"302","ran302.hdr.32",0.00004039
"302","ran302.hdr.33",-0.0010873
"302","ran302.hdr.34",-0.000382199999999999
"302","ran302.hdr.35",-0.00043048
"302","ran302.hdr.36",-0.00046126
"302","ran302.hdr.37",-0.00009449
"302","ran302.hdr.38",-0.000572599999999999
"302","ran302.hdr.39",-0.00041873
"302","ran302.hdr.4",-0.0044093
"302","ran302.hdr.40",0.000035033
"302","ran302.hdr.41",-0.0018846
"302","ran302.hdr.42",-0.0036419
"302","ran302.hdr.43",-0.0000245000000000002
"302","ran302.hdr.44",-0.0005964
"302","ran302.hdr.45",0.00013281
"302","ran302.hdr.46",-0.0000756000000000003
"302","ran302.hdr.47",-0.001261
"302","ran302.hdr.48",-0.00022582
"302","ran302.hdr.49",-0.0000446000000000005
"302","ran302.hdr.5",-0.00056552
"302","ran302.hdr.50",-0.0020892
"302","ran302.hdr.51",-0.0003459
"302","ran302.hdr.52",-0.0000823899999999999
"302","ran302.hdr.53",-0.0000781000000000011
"302","ran302.hdr.54",-0.000588099999999999
"302","ran302.hdr.55",-0.00021607
"302","ran302.hdr.56",-0.000137400000000001
"302","ran302.hdr.58",-0.00017852
"302","ran302.hdr.59",-0.0007711
"302","ran302.hdr.6",-0.000458999999999999
"302","ran302.hdr.60",0.000730000000000001
"302","ran302.hdr.61",-0.000811599999999999
"302","ran302.hdr.62",-0.0001288
"302","ran302.hdr.63",-0.000589599999999999
"302","ran302.hdr.64",-0.000404369999999999
"302","ran302.hdr.65",-0.0000738000000000006
"302","ran302.hdr.66",-0.000581100000000001
"302","ran302.hdr.67",-0.000566599999999999
"302","ran302.hdr.68",-0.0000376999999999999
"302","ran302.hdr.69",-0.000890599999999998
"302","ran302.hdr.7",0.00058855
"302","ran302.hdr.70",-0.0000591999999999988
"302","ran302.hdr.71",-0.000955899999999999
"302","ran302.hdr.72",0.000139439999999999
"302","ran302.hdr.73",-0.000265999999999999
"302","ran302.hdr.74",-0.0020513
"302","ran302.hdr.75",-0.00089669
"302","ran302.hdr.76",-0.0026397
"302","ran302.hdr.77",-0.000309
"302","ran302.hdr.78",-0.0010028
"302","ran302.hdr.8",-0.000428030000000001
"302","ran302.hdr.9",-0.0006642
"303","ran303.hdr.1",-0.000279100000000001
"303","ran303.hdr.10",-0.000438800000000001
"303","ran303.hdr.11",-0.000146299999999999
"303","ran303.hdr.12",-0.00047309
"303","ran303.hdr.13",-0.000184699999999999
"303","ran303.hdr.14",-0.0012838
"303","ran303.hdr.15",0.00000329999999999948
"303","ran303.hdr.16",-0.0001814
"303","ran303.hdr.17",-0.0011163
"303","ran303.hdr.18",-0.00033013
"303","ran303.hdr.19",-0.00019075
"303","ran303.hdr.2",-0.0014413
"303","ran303.hdr.20",-0.00031556
"303","ran303.hdr.21",-0.00044142
"303","ran303.hdr.22",-0.000191240000000001
"303","ran303.hdr.23",-0.000297
"303","ran303.hdr.24",-0.000643000000000001
"303","ran303.hdr.25",-0.0050666
"303","ran303.hdr.26",-0.000488699999999998
"303","ran303.hdr.27",-0.0009529
"303","ran303.hdr.28",-0.000498499999999999
"303","ran303.hdr.29",0.0004592
"303","ran303.hdr.3",-0.000226799999999999
"303","ran303.hdr.30",-0.0023487
"303","ran303.hdr.31",-0.0018392
"303","ran303.hdr.32",-0.0000376999999999999
"303","ran303.hdr.33",-0.000394099999999998
"303","ran303.hdr.34",0.000141799999999999
"303","ran303.hdr.35",0.000104199999999999
"303","ran303.hdr.36",-0.0012739
"303","ran303.hdr.37",-0.000491499999999999
"303","ran303.hdr.38",-0.00035142
"303","ran303.hdr.39",-0.000870699999999999
"303","ran303.hdr.4",0.0000271099999999986
"303","ran303.hdr.40",-0.00042848
"303","ran303.hdr.41",-0.000259000000000002
"303","ran303.hdr.42",-0.0015836
"303","ran303.hdr.43",-0.0033085
"303","ran303.hdr.44",-0.0018642
"303","ran303.hdr.45",-0.000392
"303","ran303.hdr.46",-0.0002082
"303","ran303.hdr.47",0.0000501999999999985
"303","ran303.hdr.48",-0.002897
"303","ran303.hdr.49",-0.0005872
"303","ran303.hdr.5",-0.00218825
"303","ran303.hdr.50",-0.000231500000000003
"303","ran303.hdr.51",-0.0070655
"303","ran303.hdr.52",0.00030373
"303","ran303.hdr.53",-0.00328849
"303","ran303.hdr.54",-0.000814100000000002
"303","ran303.hdr.55",-0.0004831
"303","ran303.hdr.56",-0.00061173
"303","ran303.hdr.57",-0.0000256900000000001
"303","ran303.hdr.58",-0.000456100000000001
"303","ran303.hdr.59",-0.000381660000000001
"303","ran303.hdr.6",0.000212
"303","ran303.hdr.60",0.000603950000000001
"303","ran303.hdr.61",-0.00016094
"303","ran303.hdr.62",-0.0007711
"303","ran303.hdr.63",-0.0006961
"303","ran303.hdr.64",-0.001084
"303","ran303.hdr.65",-0.0037006
"303","ran303.hdr.66",-0.0000303999999999999
"303","ran303.hdr.67",-0.0000153999999999987
"303","ran303.hdr.68",-0.0000717600000000001
"303","ran303.hdr.69",-0.0006002
"303","ran303.hdr.7",-0.00042476
"303","ran303.hdr.70",-0.000559999999999998
"303","ran303.hdr.71",-0.0006286
"303","ran303.hdr.72",-0.0002688
"303","ran303.hdr.73",-0.00059618
"303","ran303.hdr.74",-0.0021382
"303","ran303.hdr.75",-0.00096858
"303","ran303.hdr.76",-0.0011631
"303","ran303.hdr.77",-0.0003198
"303","ran303.hdr.78",-0.0003225
"303","ran303.hdr.8",-0.00018325
"303","ran303.hdr.9",-0.001099
"304","ran304.hdr.1",-0.000905800000000002
"304","ran304.hdr.10",-0.00021
"304","ran304.hdr.11",-0.0029382
"304","ran304.hdr.12",0.0000250000000000007
"304","ran304.hdr.13",0.00010593
"304","ran304.hdr.14",-0.0003795
"304","ran304.hdr.15",-0.00066134
"304","ran304.hdr.16",0.0005415
"304","ran304.hdr.17",-0.000413510000000001
"304","ran304.hdr.18",-0.00016698
"304","ran304.hdr.19",-0.0000342699999999994
"304","ran304.hdr.2",-0.0000786699999999994
"304","ran304.hdr.20",0.0006018
"304","ran304.hdr.21",-0.0010992
"304","ran304.hdr.22",0.0000243300000000001
"304","ran304.hdr.23",-0.000333099999999999
"304","ran304.hdr.24",-0.000935750000000001
"304","ran304.hdr.25",-0.00041669
"304","ran304.hdr.26",-0.000710000000000002
"304","ran304.hdr.27",-0.000556399999999999
"304","ran304.hdr.28",-0.0003237
"304","ran304.hdr.29",-0.0000960500000000003
"304","ran304.hdr.3",-0.0011092
"304","ran304.hdr.30",-0.00107892
"304","ran304.hdr.31",-0.00019894
"304","ran304.hdr.32",-0.00053928
"304","ran304.hdr.33",-0.0000047999999999999
"304","ran304.hdr.34",-0.00035699
"304","ran304.hdr.35",-0.000177500000000001
"304","ran304.hdr.36",-0.0001311
"304","ran304.hdr.37",0.000180019999999999
"304","ran304.hdr.38",0.000331
"304","ran304.hdr.39",-0.0008652
"304","ran304.hdr.4",-0.0001004
"304","ran304.hdr.40",-0.0010093
"304","ran304.hdr.41",0.0000982999999999999
"304","ran304.hdr.42",0.0000742600000000005
"304","ran304.hdr.43",-0.000487100000000001
"304","ran304.hdr.44",-0.0005707
"304","ran304.hdr.45",-0.000583800000000001
"304","ran304.hdr.46",0.0000540300000000001
"304","ran304.hdr.47",-0.000446100000000001
"304","ran304.hdr.48",-0.00017526
"304","ran304.hdr.49",-0.0010202
"304","ran304.hdr.5",0.00026852
"304","ran304.hdr.50",-0.002897
"304","ran304.hdr.51",-0.0015836
"304","ran304.hdr.52",0.00019344
"304","ran304.hdr.53",-0.000167800000000001
"304","ran304.hdr.54",-0.00061173
"304","ran304.hdr.55",-0.0001084
"304","ran304.hdr.56",0.0000521000000000002
"304","ran304.hdr.57",-0.000395
"304","ran304.hdr.58",-0.00047522
"304","ran304.hdr.59",-0.000313409999999999
"304","ran304.hdr.6",-0.00030613
"304","ran304.hdr.60",-0.000477600000000002
"304","ran304.hdr.61",0.0003102
"304","ran304.hdr.62",-0.0012769
"304","ran304.hdr.63",-0.0041063
"304","ran304.hdr.64",-0.0011376
"304","ran304.hdr.65",-0.0040338
"304","ran304.hdr.66",0.000620300000000001
"304","ran304.hdr.67",-0.0003359
"304","ran304.hdr.68",-0.000420499999999999
"304","ran304.hdr.69",-0.0003286
"304","ran304.hdr.7",-0.000225299999999998
"304","ran304.hdr.70",-0.0010023
"304","ran304.hdr.71",-0.000841399999999999
"304","ran304.hdr.72",-0.000256100000000002
"304","ran304.hdr.73",-0.0015308
"304","ran304.hdr.74",-0.0053353
"304","ran304.hdr.75",-0.000471699999999999
"304","ran304.hdr.76",-0.0017455
"304","ran304.hdr.77",0.0004966
"304","ran304.hdr.78",-0.000584000000000001
"304","ran304.hdr.8",-0.00227271
"304","ran304.hdr.9",-0.00246744
"305","ran305.hdr.1",-0.00449763
"305","ran305.hdr.10",-0.00018564
"305","ran305.hdr.11",0.0000193100000000002
"305","ran305.hdr.12",-0.0000622000000000001
"305","ran305.hdr.13",-0.00017172
"305","ran305.hdr.14",-0.000547299999999997
"305","ran305.hdr.15",-0.0002322
"305","ran305.hdr.16",0.0002296
"305","ran305.hdr.17",-0.000111799999999999
"305","ran305.hdr.18",-0.0009639
"305","ran305.hdr.19",-0.0075695
"305","ran305.hdr.2",-0.01685291
"305","ran305.hdr.20",0.00028976
"305","ran305.hdr.21",-0.000248100000000001
"305","ran305.hdr.22",-0.000611500000000001
"305","ran305.hdr.23",-0.000131599999999999
"305","ran305.hdr.24",-0.0014492
"305","ran305.hdr.25",0.00000603000000000062
"305","ran305.hdr.26",-0.0007746
"305","ran305.hdr.27",0.0003788
"305","ran305.hdr.28",-0.00022865
"305","ran305.hdr.29",-0.000243760000000001
"305","ran305.hdr.3",-0.00044229
"305","ran305.hdr.30",0.0001251
"305","ran305.hdr.31",-0.0003079
"305","ran305.hdr.32",-0.00014131
"305","ran305.hdr.33",0.000720500000000002
"305","ran305.hdr.34",-0.00350844
"305","ran305.hdr.35",-0.0013244
"305","ran305.hdr.36",-0.0005558
"305","ran305.hdr.37",-0.0007758
"305","ran305.hdr.38",0.000159400000000001
"305","ran305.hdr.39",-0.000491499999999999
"305","ran305.hdr.4",-0.00011542
"305","ran305.hdr.40",-0.0037192
"305","ran305.hdr.41",-0.000499899999999998
"305","ran305.hdr.42",-0.0076935
"305","ran305.hdr.43",-0.0000261999999999971
"305","ran305.hdr.44",-0.000034158
"305","ran305.hdr.45",0.000374129999999999
"305","ran305.hdr.46",0.00010489
"305","ran305.hdr.47",0.00000739999999999942
"305","ran305.hdr.48",-0.0009605
"305","ran305.hdr.49",0.000050503
"305","ran305.hdr.5",0.0000136999999999984
"305","ran305.hdr.50",-0.000568100000000002
"305","ran305.hdr.51",-0.0010822
"305","ran305.hdr.52",-0.000106240000000001
"305","ran305.hdr.53",-0.00050929
"305","ran305.hdr.54",-0.000313409999999999
"305","ran305.hdr.55",-0.000293069999999999
"305","ran305.hdr.56",-0.00023275
"305","ran305.hdr.57",-0.000162300000000001
"305","ran305.hdr.58",-0.0007711
"305","ran305.hdr.59",-0.0000195000000000004
"305","ran305.hdr.6",0.00016477
"305","ran305.hdr.60",0.0000455999999999998
"305","ran305.hdr.61",-0.0017637
"305","ran305.hdr.62",-0.0010529
"305","ran305.hdr.63",0.000414400000000001
"305","ran305.hdr.64",0.00011186
"305","ran305.hdr.65",-0.0011457
"305","ran305.hdr.66",-0.0005466
"305","ran305.hdr.67",-0.0002284
"305","ran305.hdr.68",-0.0000573999999999991
"305","ran305.hdr.69",-0.0011581
"305","ran305.hdr.7",-0.00037472
"305","ran305.hdr.70",-0.0011658
"305","ran305.hdr.71",-0.0002389
"305","ran305.hdr.72",-0.0037906
"305","ran305.hdr.73",-0.000112899999999999
"305","ran305.hdr.74",-0.0004732
"305","ran305.hdr.75",-0.000228699999999998
"305","ran305.hdr.76",-0.0016949
"305","ran305.hdr.77",-0.0010666
"305","ran305.hdr.78",-0.0002331
"305","ran305.hdr.8",-0.000405638
"305","ran305.hdr.9",0.000242800000000001
"306","ran306.hdr.1",-0.000366200000000001
"306","ran306.hdr.10",-0.00036891
"306","ran306.hdr.11",-0.000456600000000001
"306","ran306.hdr.12",-0.0023044
"306","ran306.hdr.13",-0.000675400000000003
"306","ran306.hdr.14",-0.00016992
"306","ran306.hdr.15",-0.0000204900000000002
"306","ran306.hdr.16",-0.00053636
"306","ran306.hdr.17",-0.000399699999999999
"306","ran306.hdr.18",-0.0007302
"306","ran306.hdr.19",-0.000911199999999997
"306","ran306.hdr.2",-0.000311580000000001
"306","ran306.hdr.20",0.0000904899999999995
"306","ran306.hdr.21",0.00011082
"306","ran306.hdr.22",-0.0011003
"306","ran306.hdr.23",-0.0005906
"306","ran306.hdr.24",0.00000603000000000062
"306","ran306.hdr.25",-0.000759340000000001
"306","ran306.hdr.26",-0.0013931
"306","ran306.hdr.27",-0.00141581
"306","ran306.hdr.28",0.0000737099999999994
"306","ran306.hdr.29",-0.000243760000000001
"306","ran306.hdr.3",-0.0003178
"306","ran306.hdr.30",0.0000498999999999999
"306","ran306.hdr.31",-0.0049962
"306","ran306.hdr.32",-0.000662100000000001
"306","ran306.hdr.33",-0.0002396
"306","ran306.hdr.34",-0.000409099999999999
"306","ran306.hdr.35",-0.000504299999999999
"306","ran306.hdr.36",0.0000920999999999995
"306","ran306.hdr.37",-0.000768999999999999
"306","ran306.hdr.38",-0.0007116
"306","ran306.hdr.39",-0.000844599999999997
"306","ran306.hdr.4",0.0000508000000000002
"306","ran306.hdr.40",-0.0014594
"306","ran306.hdr.41",-0.0011277
"306","ran306.hdr.42",-0.0014925
"306","ran306.hdr.43",0.00004965
"306","ran306.hdr.44",-0.0006164
"306","ran306.hdr.45",-0.0011836
"306","ran306.hdr.46",-0.0017191
"306","ran306.hdr.47",-0.0000633000000000005
"306","ran306.hdr.48",-0.001384
"306","ran306.hdr.49",-0.0020892
"306","ran306.hdr.5",-0.000184100000000001
"306","ran306.hdr.50",-0.000192500000000002
"306","ran306.hdr.51",0.000374129999999999
"306","ran306.hdr.52",-0.00047324
"306","ran306.hdr.53",-0.00024031
"306","ran306.hdr.54",-0.0000283000000000002
"306","ran306.hdr.55",-0.00000449999999999995
"306","ran306.hdr.56",-0.000410299999999999
"306","ran306.hdr.57",-0.0004492
"306","ran306.hdr.58",-0.0013104
"306","ran306.hdr.59",-0.000247399999999998
"306","ran306.hdr.6",-0.000653600000000001
"306","ran306.hdr.60",-0.000268299999999999
"306","ran306.hdr.61",-0.000163490000000001
"306","ran306.hdr.62",-0.0012438
"306","ran306.hdr.63",0.0001323
"306","ran306.hdr.64",-0.000914999999999999
"306","ran306.hdr.65",-0.001831
"306","ran306.hdr.66",-0.0007443
"306","ran306.hdr.67",-0.000401100000000001
"306","ran306.hdr.68",0.000303590000000001
"306","ran306.hdr.69",-0.0009751
"306","ran306.hdr.7",-0.0038288
"306","ran306.hdr.70",0.0002185
"306","ran306.hdr.71",-0.0012116
"306","ran306.hdr.72",-0.000680200000000001
"306","ran306.hdr.73",-0.000535300000000002
"306","ran306.hdr.74",-0.00089669
"306","ran306.hdr.75",-0.000676700000000002
"306","ran306.hdr.76",-0.00288578
"306","ran306.hdr.77",-0.0000290799999999999
"306","ran306.hdr.78",-0.000318599999999999
"306","ran306.hdr.8",-0.0003134
"306","ran306.hdr.9",-0.0035262
"307","ran307.hdr.1",-0.00036043
"307","ran307.hdr.10",-0.000653000000000001
"307","ran307.hdr.11",-0.000679800000000001
"307","ran307.hdr.12",-0.000438800000000001
"307","ran307.hdr.13",-0.000413510000000001
"307","ran307.hdr.14",-0.0003458
"307","ran307.hdr.15",-0.0002021
"307","ran307.hdr.16",-0.00082745
"307","ran307.hdr.17",-0.000710000000000002
"307","ran307.hdr.18",-0.000997100000000001
"307","ran307.hdr.19",0.0000066000000000007
"307","ran307.hdr.2",-0.0012185
"307","ran307.hdr.20",-0.0011853
"307","ran307.hdr.21",-0.000598599999999998
"307","ran307.hdr.22",-0.000390400000000001
"307","ran307.hdr.23",-0.0006546
"307","ran307.hdr.24",-0.000217149999999999
"307","ran307.hdr.25",-0.000284
"307","ran307.hdr.26",-0.0028943
"307","ran307.hdr.27",-0.000833900000000002
"307","ran307.hdr.28",-0.000735299999999998
"307","ran307.hdr.29",-0.0018392
"307","ran307.hdr.3",-0.000310999999999999
"307","ran307.hdr.30",-0.0002396
"307","ran307.hdr.31",-0.00020333
"307","ran307.hdr.32",0.000000420200000000003
"307","ran307.hdr.33",-0.000623100000000001
"307","ran307.hdr.34",0.00011464
"307","ran307.hdr.35",-0.000830000000000001
"307","ran307.hdr.36",-0.0011
"307","ran307.hdr.37",-0.000565699999999999
"307","ran307.hdr.38",-0.000499899999999998
"307","ran307.hdr.39",-0.000707100000000002
"307","ran307.hdr.4",-0.00000898999999999995
"307","ran307.hdr.40",-0.000688599999999999
"307","ran307.hdr.41",0.000885229999999999
"307","ran307.hdr.42",-0.002897
"307","ran307.hdr.43",-0.0008558
"307","ran307.hdr.44",-0.0005532
"307","ran307.hdr.45",-0.00074314
"307","ran307.hdr.46",-0.0011337
"307","ran307.hdr.47",-0.0000856099999999999
"307","ran307.hdr.48",-0.000418910000000001
"307","ran307.hdr.49",-0.0001382
"307","ran307.hdr.5",-0.0012446
"307","ran307.hdr.50",-0.00031891
"307","ran307.hdr.51",-0.0006619
"307","ran307.hdr.52",-0.0000753999999999998
"307","ran307.hdr.53",0.00026858
"307","ran307.hdr.54",-0.000270960000000001
"307","ran307.hdr.55",-0.0000614399999999998
"307","ran307.hdr.57",-0.0001829
"307","ran307.hdr.58",0.000165
"307","ran307.hdr.59",-0.0004576
"307","ran307.hdr.6",-0.002469
"307","ran307.hdr.60",0.00017869
"307","ran307.hdr.61",-0.0007899
"307","ran307.hdr.62",0.000166699999999999
"307","ran307.hdr.63",0.0000218000000000006
"307","ran307.hdr.64",-0.001278
"307","ran307.hdr.65",-0.0005504
"307","ran307.hdr.66",-0.0001876
"307","ran307.hdr.67",-0.000164500000000001
"307","ran307.hdr.68",-0.00056939
"307","ran307.hdr.69",0.000204899999999999
"307","ran307.hdr.7",-0.0005222
"307","ran307.hdr.70",-0.000474
"307","ran307.hdr.71",-0.0000376999999999999
"307","ran307.hdr.72",-0.0037006
"307","ran307.hdr.73",-0.00059999
"307","ran307.hdr.74",-0.0018408
"307","ran307.hdr.75",-0.0000595999999999999
"307","ran307.hdr.76",-0.000637200000000001
"307","ran307.hdr.77",-0.000578
"307","ran307.hdr.78",-0.0025593
"307","ran307.hdr.8",-0.000979900000000001
"307","ran307.hdr.9",-0.0011219
"308","ran308.hdr.1",-0.000345949999999999
"308","ran308.hdr.10",-0.0003155
"308","ran308.hdr.11",-0.00042711
"308","ran308.hdr.12",-0.00018093
"308","ran308.hdr.13",-0.000808199999999999
"308","ran308.hdr.14",-0.0003397
"308","ran308.hdr.15",-0.000262800000000001
"308","ran308.hdr.16",-0.0000234100000000002
"308","ran308.hdr.17",-0.0004586
"308","ran308.hdr.18",-0.0010564
"308","ran308.hdr.19",-0.000377500000000001
"308","ran308.hdr.2",-0.000849200000000001
"308","ran308.hdr.20",-0.0005363
"308","ran308.hdr.21",-0.00045882
"308","ran308.hdr.22",-0.0000348000000000015
"308","ran308.hdr.23",-0.000846999999999997
"308","ran308.hdr.24",-0.000551599999999999
"308","ran308.hdr.25",-0.0026503
"308","ran308.hdr.26",-0.00027227
"308","ran308.hdr.27",-0.00084943
"308","ran308.hdr.28",-0.0003097
"308","ran308.hdr.29",0.000993499999999998
"308","ran308.hdr.3",-0.0025708
"308","ran308.hdr.30",-0.0014108
"308","ran308.hdr.31",-0.00665937
"308","ran308.hdr.32",0.000399099999999999
"308","ran308.hdr.33",-0.000140850000000001
"308","ran308.hdr.34",-0.0023487
"308","ran308.hdr.35",-0.00023755
"308","ran308.hdr.36",-0.00015807
"308","ran308.hdr.37",0.000262999999999999
"308","ran308.hdr.38",-0.000446100000000001
"308","ran308.hdr.39",-0.0016634
"308","ran308.hdr.4",-0.004515
"308","ran308.hdr.40",-0.000752999999999998
"308","ran308.hdr.41",-0.000688599999999999
"308","ran308.hdr.42",-0.00011256
"308","ran308.hdr.43",-0.0017191
"308","ran308.hdr.44",0.0000647999999999985
"308","ran308.hdr.45",0.000752300000000001
"308","ran308.hdr.46",-0.000408800000000001
"308","ran308.hdr.47",-0.0015836
"308","ran308.hdr.48",0.000345
"308","ran308.hdr.49",-0.01768098
"308","ran308.hdr.5",0.000856199999999998
"308","ran308.hdr.50",-0.000528000000000001
"308","ran308.hdr.51",-0.000599799999999999
"308","ran308.hdr.52",-0.0011511
"308","ran308.hdr.53",0.000139
"308","ran308.hdr.54",-0.0006896
"308","ran308.hdr.55",-0.00050929
"308","ran308.hdr.56",-0.0013817
"308","ran308.hdr.57",-0.000193199999999999
"308","ran308.hdr.59",-0.000618499999999999
"308","ran308.hdr.6",-0.0051096
"308","ran308.hdr.60",-0.000694199999999999
"308","ran308.hdr.61",-0.0009592
"308","ran308.hdr.62",-0.00019203
"308","ran308.hdr.63",0.000498500000000002
"308","ran308.hdr.64",-0.000959399999999999
"308","ran308.hdr.65",-0.0003067
"308","ran308.hdr.66",-0.0010828
"308","ran308.hdr.67",-0.000386900000000003
"308","ran308.hdr.68",-0.000052345
"308","ran308.hdr.69",-0.000798899999999998
"308","ran308.hdr.7",-0.0044797
"308","ran308.hdr.70",-0.000454899999999998
"308","ran308.hdr.71",-0.0024365
"308","ran308.hdr.72",-0.000031369
"308","ran308.hdr.73",-0.000198200000000001
"308","ran308.hdr.74",0.000443500000000001
"308","ran308.hdr.75",-0.0020758
"308","ran308.hdr.76",-0.0023484
"308","ran308.hdr.77",-0.002875
"308","ran308.hdr.78",-0.000802599999999999
"308","ran308.hdr.8",-0.0013379
"308","ran308.hdr.9",-0.000309469999999999
"309","ran309.hdr.1",-0.0000914000000000002
"309","ran309.hdr.10",-0.0031909
"309","ran309.hdr.11",-0.000825599999999999
"309","ran309.hdr.12",-0.000598200000000001
"309","ran309.hdr.13",-0.0001755
"309","ran309.hdr.14",-0.0015955
"309","ran309.hdr.15",-0.000299499999999999
"309","ran309.hdr.16",-0.000113727
"309","ran309.hdr.17",-0.00061751
"309","ran309.hdr.18",-0.000727600000000002
"309","ran309.hdr.19",-0.000389500000000001
"309","ran309.hdr.2",0.000160499999999999
"309","ran309.hdr.20",-0.0001443
"309","ran309.hdr.21",-0.0010804
"309","ran309.hdr.22",-0.000266500000000001
"309","ran309.hdr.23",-0.0019493
"309","ran309.hdr.24",0.0000853599999999996
"309","ran309.hdr.25",-0.00035699
"309","ran309.hdr.26",-0.000541900000000001
"309","ran309.hdr.27",-0.0019666
"309","ran309.hdr.28",0.0009695
"309","ran309.hdr.29",-0.0001799
"309","ran309.hdr.3",-0.0002056
"309","ran309.hdr.30",-0.00620406
"309","ran309.hdr.31",-0.0006306
"309","ran309.hdr.32",-0.000831499999999999
"309","ran309.hdr.33",-0.000968999999999999
"309","ran309.hdr.34",-0.0009809
"309","ran309.hdr.35",-0.00028523
"309","ran309.hdr.36",-0.000423400000000001
"309","ran309.hdr.37",NA
"309","ran309.hdr.38",-0.000722799999999999
"309","ran309.hdr.39",-0.000266000000000002
"309","ran309.hdr.4",-0.000226799999999999
"309","ran309.hdr.40",-0.000643399999999999
"309","ran309.hdr.41",-0.0013356
"309","ran309.hdr.42",-0.0001709
"309","ran309.hdr.43",-0.00002191
"309","ran309.hdr.44",-0.00025843
"309","ran309.hdr.45",-0.000870699999999999
"309","ran309.hdr.46",-0.000499899999999998
"309","ran309.hdr.47",-0.000217700000000001
"309","ran309.hdr.48",-0.0006786
"309","ran309.hdr.49",-0.000730900000000001
"309","ran309.hdr.5",0.0003643
"309","ran309.hdr.50",-0.00065478
"309","ran309.hdr.51",-0.02102894
"309","ran309.hdr.52",-0.000576500000000001
"309","ran309.hdr.53",-0.0010055
"309","ran309.hdr.54",-0.0024639
"309","ran309.hdr.55",-0.0000973699999999998
"309","ran309.hdr.56",-0.000207299999999999
"309","ran309.hdr.57",-0.000231500000000003
"309","ran309.hdr.58",-0.0072374
"309","ran309.hdr.59",-0.0000665000000000002
"309","ran309.hdr.6",-0.000160850000000001
"309","ran309.hdr.60",-0.00384145
"309","ran309.hdr.61",-0.000369599999999999
"309","ran309.hdr.62",-0.000599799999999999
"309","ran309.hdr.63",0.0000281999999999999
"309","ran309.hdr.64",-0.000270960000000001
"309","ran309.hdr.65",-0.00026482
"309","ran309.hdr.66",-0.000117300000000001
"309","ran309.hdr.67",-0.011466
"309","ran309.hdr.68",-0.0068252
"309","ran309.hdr.69",-0.0038969
"309","ran309.hdr.7",-0.0059011
"309","ran309.hdr.70",-0.001507
"309","ran309.hdr.71",-0.000323500000000001
"309","ran309.hdr.72",-0.00024505
"309","ran309.hdr.73",-0.0000779999999999999
"309","ran309.hdr.74",0.000296999999999999
"309","ran309.hdr.75",-0.000265999999999999
"309","ran309.hdr.76",-0.000710300000000001
"309","ran309.hdr.77",-0.0030586
"309","ran309.hdr.78",-0.000275039999999999
"309","ran309.hdr.8",-0.0029886
"309","ran309.hdr.9",-0.0000556999999999988
"310","ran310.hdr.1",-0.000272339999999999
"310","ran310.hdr.10",-0.00014609
"310","ran310.hdr.11",-0.00020486
"310","ran310.hdr.12",-0.000456600000000001
"310","ran310.hdr.13",-0.0005371
"310","ran310.hdr.14",-0.00017451
"310","ran310.hdr.15",-0.000554099999999998
"310","ran310.hdr.16",0.00016
"310","ran310.hdr.17",0.000681399999999999
"310","ran310.hdr.18",0.0000675200000000006
"310","ran310.hdr.19",-0.000657
"310","ran310.hdr.2",-0.0009043
"310","ran310.hdr.20",-0.000516000000000001
"310","ran310.hdr.21",-0.0004314
"310","ran310.hdr.22",-0.0011179
"310","ran310.hdr.23",-0.0010173
"310","ran310.hdr.24",-0.0012838
"310","ran310.hdr.25",-0.000894799999999998
"310","ran310.hdr.26",-0.0021765
"310","ran310.hdr.27",-0.0000940000000000003
"310","ran310.hdr.28",-0.000435399999999999
"310","ran310.hdr.29",-0.0000682000000000009
"310","ran310.hdr.3",-0.000621999999999998
"310","ran310.hdr.30",-0.0005926
"310","ran310.hdr.31",-0.00141581
"310","ran310.hdr.32",NA
"310","ran310.hdr.33",-0.000336700000000001
"310","ran310.hdr.34",0.0000498999999999999
"310","ran310.hdr.35",0.000281300000000002
"310","ran310.hdr.36",0.000316899999999998
"310","ran310.hdr.37",-0.000777200000000002
"310","ran310.hdr.38",0.00039719
"310","ran310.hdr.39",-0.0017371
"310","ran310.hdr.4",-0.000077743
"310","ran310.hdr.40",-0.00014632
"310","ran310.hdr.41",0.000642199999999999
"310","ran310.hdr.42",NA
"310","ran310.hdr.43",-0.000844599999999997
"310","ran310.hdr.44",0.000355000000000001
"310","ran310.hdr.45",-0.0001046
"310","ran310.hdr.46",-0.0013244
"310","ran310.hdr.47",-0.000571099999999998
"310","ran310.hdr.48",0.000377580000000001
"310","ran310.hdr.49",-0.0011887
"310","ran310.hdr.5",-0.000704
"310","ran310.hdr.50",-0.000692699999999999
"310","ran310.hdr.51",-0.000026974
"310","ran310.hdr.52",-0.0000958999999999995
"310","ran310.hdr.53",-0.000392
"310","ran310.hdr.54",-0.0001647
"310","ran310.hdr.55",-0.0016044
"310","ran310.hdr.56",0.0000163999999999997
"310","ran310.hdr.57",0.0000281999999999999
"310","ran310.hdr.58",-0.00018941
"310","ran310.hdr.59",-0.0006508
"310","ran310.hdr.6",-0.0037929
"310","ran310.hdr.60",-0.0003198
"310","ran310.hdr.62",-0.00012652
"310","ran310.hdr.63",-0.000577100000000001
"310","ran310.hdr.64",-0.0019575
"310","ran310.hdr.65",-0.0107924
"310","ran310.hdr.66",-0.00024239
"310","ran310.hdr.67",-0.000382200000000003
"310","ran310.hdr.68",0.000357209999999999
"310","ran310.hdr.69",-0.0015557
"310","ran310.hdr.7",0.0000167000000000014
"310","ran310.hdr.70",-0.000890599999999998
"310","ran310.hdr.71",0.00013489
"310","ran310.hdr.72",-0.0007448
"310","ran310.hdr.73",0.000151800000000001
"310","ran310.hdr.74",-0.000546100000000001
"310","ran310.hdr.75",-0.0013741
"310","ran310.hdr.76",-0.0023484
"310","ran310.hdr.77",-0.00118788
"310","ran310.hdr.78",-0.000231200000000001
"310","ran310.hdr.8",0.0001694
"310","ran310.hdr.9",-0.00062661
"311","ran311.hdr.1",-0.00000992000000000007
"311","ran311.hdr.10",-0.0005222
"311","ran311.hdr.11",-0.00018325
"311","ran311.hdr.12",-0.0000849000000000006
"311","ran311.hdr.13",-0.000183900000000001
"311","ran311.hdr.14",0.00034144
"311","ran311.hdr.15",0.0002302
"311","ran311.hdr.16",-0.0000977999999999986
"311","ran311.hdr.17",0.0000650099999999999
"311","ran311.hdr.18",-0.000100910000000001
"311","ran311.hdr.19",-0.000934500000000001
"311","ran311.hdr.2",-0.0004317
"311","ran311.hdr.20",-0.00025741
"311","ran311.hdr.21",-0.0012819
"311","ran311.hdr.22",-0.000397499999999999
"311","ran311.hdr.23",-0.0011619
"311","ran311.hdr.24",-0.0005983
"311","ran311.hdr.25",-0.0075695
"311","ran311.hdr.26",-0.0016952
"311","ran311.hdr.27",-0.0007861
"311","ran311.hdr.28",-0.000311800000000001
"311","ran311.hdr.29",-0.0000276999999999986
"311","ran311.hdr.3",-0.000224699999999998
"311","ran311.hdr.30",0.0000345999999999992
"311","ran311.hdr.31",-0.00017027
"311","ran311.hdr.32",0.0000498999999999999
"311","ran311.hdr.33",-0.000359799999999999
"311","ran311.hdr.34",-0.000709920000000001
"311","ran311.hdr.35",-0.0018392
"311","ran311.hdr.36",-0.0000624000000000006
"311","ran311.hdr.37",-0.00036563
"311","ran311.hdr.38",-0.0000631999999999994
"311","ran311.hdr.39",-0.000241
"311","ran311.hdr.4",0.000177799999999999
"311","ran311.hdr.40",-0.000830000000000001
"311","ran311.hdr.41",-0.0010275
"311","ran311.hdr.42",-0.0030178
"311","ran311.hdr.43",-0.000492200000000002
"311","ran311.hdr.44",-0.000189699999999999
"311","ran311.hdr.45",-0.0002392
"311","ran311.hdr.46",0.0000501999999999985
"311","ran311.hdr.47",-0.0004434
"311","ran311.hdr.48",-0.0020892
"311","ran311.hdr.49",-0.000129839
"311","ran311.hdr.5",-0.0042269
"311","ran311.hdr.50",-0.0000958000000000001
"311","ran311.hdr.51",-0.0000118100000000001
"311","ran311.hdr.52",-0.01111509
"311","ran311.hdr.53",-0.000599799999999999
"311","ran311.hdr.54",-0.00025784
"311","ran311.hdr.55",-0.00011027
"311","ran311.hdr.56",-0.000849699999999998
"311","ran311.hdr.57",-0.0015743
"311","ran311.hdr.58",-0.00023539
"311","ran311.hdr.59",-0.000163490000000001
"311","ran311.hdr.6",-0.00041678
"311","ran311.hdr.60",-0.000964599999999999
"311","ran311.hdr.61",-0.000675199999999997
"311","ran311.hdr.62",-0.0010964
"311","ran311.hdr.63",-0.0015961
"311","ran311.hdr.64",-0.00040548
"311","ran311.hdr.65",-0.001085
"311","ran311.hdr.66",-0.000290670000000001
"311","ran311.hdr.67",-0.000326299999999998
"311","ran311.hdr.68",-0.000316540000000001
"311","ran311.hdr.69",0.00032069
"311","ran311.hdr.7",-0.0031124
"311","ran311.hdr.70",-0.00059999
"311","ran311.hdr.71",-0.0007448
"311","ran311.hdr.72",-0.0011457
"311","ran311.hdr.73",-0.000586100000000003
"311","ran311.hdr.74",-0.0027169
"311","ran311.hdr.75",-0.000535300000000002
"311","ran311.hdr.76",-0.0012473
"311","ran311.hdr.77",-0.0015017
"311","ran311.hdr.78",-0.0004317
"311","ran311.hdr.8",-0.003403
"311","ran311.hdr.9",0.00011923
"312","ran312.hdr.1",0.00045877
"312","ran312.hdr.10",-0.00017451
"312","ran312.hdr.11",-0.000554099999999998
"312","ran312.hdr.12",-0.00026176
"312","ran312.hdr.13",-0.0006719
"312","ran312.hdr.14",-0.0002322
"312","ran312.hdr.15",-0.000168099999999999
"312","ran312.hdr.16",-0.00082745
"312","ran312.hdr.17",-0.000253800000000002
"312","ran312.hdr.18",-0.000397499999999999
"312","ran312.hdr.19",-0.000142999999999997
"312","ran312.hdr.2",-0.000319699999999999
"312","ran312.hdr.20",0.000226199999999999
"312","ran312.hdr.21",-0.0013829
"312","ran312.hdr.22",-0.00000579400000000005
"312","ran312.hdr.23",-0.0000987999999999996
"312","ran312.hdr.24",-0.0025725
"312","ran312.hdr.25",-0.000274099999999999
"312","ran312.hdr.26",0.0005156
"312","ran312.hdr.27",-0.00026379
"312","ran312.hdr.28",-0.0010313
"312","ran312.hdr.29",-0.000383960000000001
"312","ran312.hdr.3",-0.000220599999999998
"312","ran312.hdr.30",-0.001167
"312","ran312.hdr.31",0.0000634299999999997
"312","ran312.hdr.32",-0.000149719999999999
"312","ran312.hdr.33",-0.000297
"312","ran312.hdr.34",-0.01715588
"312","ran312.hdr.35",-0.000498499999999999
"312","ran312.hdr.36",-0.00000899999999999859
"312","ran312.hdr.37",-0.0004601
"312","ran312.hdr.38",0.0004151
"312","ran312.hdr.39",0.0000443000000000006
"312","ran312.hdr.4",-0.000637000000000002
"312","ran312.hdr.40",-0.00073436
"312","ran312.hdr.41",-0.0030608
"312","ran312.hdr.42",-0.0000543000000000002
"312","ran312.hdr.43",-0.0023505
"312","ran312.hdr.44",0.0001554
"312","ran312.hdr.45",-0.0012106
"312","ran312.hdr.46",-0.0022477
"312","ran312.hdr.47",0.000763799999999999
"312","ran312.hdr.48",0.000161699999999999
"312","ran312.hdr.49",-0.0024639
"312","ran312.hdr.5",-0.000621999999999998
"312","ran312.hdr.50",-0.000560139999999999
"312","ran312.hdr.51",0.0000792999999999992
"312","ran312.hdr.52",-0.000133000000000001
"312","ran312.hdr.53",-0.000434999999999998
"312","ran312.hdr.54",-0.0004037
"312","ran312.hdr.55",-0.00111662
"312","ran312.hdr.56",-0.001074
"312","ran312.hdr.57",-0.0003833
"312","ran312.hdr.58",-0.0000788000000000004
"312","ran312.hdr.59",-0.0010605
"312","ran312.hdr.6",-0.000704
"312","ran312.hdr.60",0.000502859999999999
"312","ran312.hdr.61",-0.000811599999999999
"312","ran312.hdr.62",-0.0073105
"312","ran312.hdr.63",-0.0009154
"312","ran312.hdr.64",0.000342199999999999
"312","ran312.hdr.65",-0.0014755
"312","ran312.hdr.66",-0.0012643
"312","ran312.hdr.67",-0.000190900000000001
"312","ran312.hdr.68",-0.0010423
"312","ran312.hdr.69",-0.00015663
"312","ran312.hdr.7",-0.0059011
"312","ran312.hdr.70",-0.0028671
"312","ran312.hdr.71",-0.00672884
"312","ran312.hdr.72",0.000341000000000001
"312","ran312.hdr.73",-0.0000374500000000014
"312","ran312.hdr.74",-0.0011431
"312","ran312.hdr.75",-0.0003088
"312","ran312.hdr.76",-0.0012827
"312","ran312.hdr.77",-0.0032639
"312","ran312.hdr.78",-0.000118658
"312","ran312.hdr.8",-0.0038288
"312","ran312.hdr.9",-0.000119528
"313","ran313.hdr.1",-0.0000463000000000026
"313","ran313.hdr.10",-0.00065658
"313","ran313.hdr.11",-0.00029445
"313","ran313.hdr.12",-0.000419700000000002
"313","ran313.hdr.13",-0.000527999999999999
"313","ran313.hdr.14",-0.00013079
"313","ran313.hdr.15",-0.0012923
"313","ran313.hdr.16",-0.000516000000000001
"313","ran313.hdr.17",-0.0017649
"313","ran313.hdr.18",-0.000389500000000001
"313","ran313.hdr.19",-0.0017312
"313","ran313.hdr.2",-0.0006076
"313","ran313.hdr.20",-0.000769800000000001
"313","ran313.hdr.21",0.0001549743
"313","ran313.hdr.22",-0.0001559
"313","ran313.hdr.23",-0.00000549000000000036
"313","ran313.hdr.24",-0.0005877
"313","ran313.hdr.25",-0.00017027
"313","ran313.hdr.26",-0.00045666
"313","ran313.hdr.27",-0.0002793
"313","ran313.hdr.28",-0.000803359999999999
"313","ran313.hdr.29",-0.000250599999999998
"313","ran313.hdr.3",-0.0023043
"313","ran313.hdr.30",-0.00025136
"313","ran313.hdr.31",-0.0001828
"313","ran313.hdr.32",-0.000494
"313","ran313.hdr.33",-0.00028523
"313","ran313.hdr.34",-0.00020889
"313","ran313.hdr.35",-0.0012954
"313","ran313.hdr.36",-0.0014594
"313","ran313.hdr.37",-0.0009972
"313","ran313.hdr.38",-0.000125500000000001
"313","ran313.hdr.39",-0.000159100000000001
"313","ran313.hdr.4",-0.0031124
"313","ran313.hdr.40",-0.000404300000000002
"313","ran313.hdr.41",-0.0005929
"313","ran313.hdr.42",0.000131700000000002
"313","ran313.hdr.43",-0.000846200000000002
"313","ran313.hdr.44",0.0009417
"313","ran313.hdr.45",-0.000153199999999999
"313","ran313.hdr.46",0.00012679
"313","ran313.hdr.47",-0.0000828000000000009
"313","ran313.hdr.48",0.0000833999999999991
"313","ran313.hdr.49",0.0000174459
"313","ran313.hdr.5",0.00000759999999999997
"313","ran313.hdr.50",-0.000270000000000001
"313","ran313.hdr.51",-0.000510450000000001
"313","ran313.hdr.52",-0.00048754
"313","ran313.hdr.53",-0.0006896
"313","ran313.hdr.54",-0.00289142
"313","ran313.hdr.59",-0.000477600000000002
"313","ran313.hdr.6",0.0000803000000000002
"313","ran313.hdr.60",-0.000618499999999999
"313","ran313.hdr.61",-0.0000330300000000016
"313","ran313.hdr.62",-0.000262800000000001
"313","ran313.hdr.63",-0.000639499999999998
"313","ran313.hdr.64",-0.0093999
"313","ran313.hdr.65",-0.000727199999999997
"313","ran313.hdr.66",-0.000959399999999999
"313","ran313.hdr.67",-0.000334099999999999
"313","ran313.hdr.68",-0.0006
"313","ran313.hdr.69",-0.0013312
"313","ran313.hdr.7",-0.00031262
"313","ran313.hdr.70",0.00049861
"313","ran313.hdr.71",-0.0023429
"313","ran313.hdr.72",0.0000442000000000012
"313","ran313.hdr.73",-0.00038061
"313","ran313.hdr.74",-0.000031369
"313","ran313.hdr.75",0.0000492999999999987
"313","ran313.hdr.76",-0.0022069
"313","ran313.hdr.77",0.000203477
"313","ran313.hdr.78",-0.0006976
"313","ran313.hdr.8",-0.000032131
"313","ran313.hdr.9",-0.001099
"314","ran314.hdr.1",-0.000905800000000002
"314","ran314.hdr.10",-0.00037651
"314","ran314.hdr.11",-0.00032687
"314","ran314.hdr.12",-0.000527999999999999
"314","ran314.hdr.13",-0.0001779
"314","ran314.hdr.14",-0.0010476
"314","ran314.hdr.15",-0.0000999999999999994
"314","ran314.hdr.16",-0.0000309000000000004
"314","ran314.hdr.17",-0.0008182
"314","ran314.hdr.18",-0.000767400000000001
"314","ran314.hdr.19",0.0000328100000000012
"314","ran314.hdr.2",0.0001084
"314","ran314.hdr.20",-0.0000858199999999995
"314","ran314.hdr.21",0.00030473
"314","ran314.hdr.22",-0.00026379
"314","ran314.hdr.23",-0.000453249999999999
"314","ran314.hdr.24",-0.000297
"314","ran314.hdr.25",-0.0020978
"314","ran314.hdr.26",-0.00350844
"314","ran314.hdr.27",0.000316899999999998
"314","ran314.hdr.28",-0.0025053
"314","ran314.hdr.29",-0.0023487
"314","ran314.hdr.3",-0.0020795
"314","ran314.hdr.30",-0.0009332
"314","ran314.hdr.31",-0.0011115
"314","ran314.hdr.32",-0.000627829999999999
"314","ran314.hdr.33",-0.0007461
"314","ran314.hdr.34",-0.00020783
"314","ran314.hdr.35",-0.0013524
"314","ran314.hdr.36",-0.0000457900000000004
"314","ran314.hdr.37",-0.000207300000000001
"314","ran314.hdr.38",-0.0000397000000000002
"314","ran314.hdr.39",-0.000440300000000001
"314","ran314.hdr.4",-0.00025442
"314","ran314.hdr.40",-0.0076935
"314","ran314.hdr.41",-0.000940400000000001
"314","ran314.hdr.42",-0.00017032
"314","ran314.hdr.43",-0.00021661
"314","ran314.hdr.44",-0.0000673000000000028
"314","ran314.hdr.45",-0.00026183
"314","ran314.hdr.46",0.00029808
"314","ran314.hdr.47",-0.0009605
"314","ran314.hdr.48",0.000358000000000001
"314","ran314.hdr.49",-0.00010805
"314","ran314.hdr.5",-0.000458999999999999
"314","ran314.hdr.50",0.00171483
"314","ran314.hdr.51",-0.00000449999999999995
"314","ran314.hdr.53",-0.000179
"314","ran314.hdr.54",-0.00029748
"314","ran314.hdr.55",-0.0004641
"314","ran314.hdr.56",-0.0010605
"314","ran314.hdr.57",-0.000163490000000001
"314","ran314.hdr.58",0.0000100400000000002
"314","ran314.hdr.59",-0.0011268
"314","ran314.hdr.6",-0.000194699999999999
"314","ran314.hdr.60",-0.0003231
"314","ran314.hdr.61",-0.000404369999999999
"314","ran314.hdr.62",-0.0003435
"314","ran314.hdr.63",-0.000604199999999999
"314","ran314.hdr.64",-0.000481499999999999
"314","ran314.hdr.65",0.000100399999999999
"314","ran314.hdr.66",0.000132810000000001
"314","ran314.hdr.67",-0.000039273
"314","ran314.hdr.68",-0.0011097
"314","ran314.hdr.69",-0.0002862
"314","ran314.hdr.7",0.00000845800000000001
"314","ran314.hdr.70",-0.0014855
"314","ran314.hdr.71",-0.000220500000000002
"314","ran314.hdr.72",-0.0032753
"314","ran314.hdr.73",-0.00039613
"314","ran314.hdr.74",-0.0018985
"314","ran314.hdr.75",-0.000748700000000001
"314","ran314.hdr.76",-0.0025593
"314","ran314.hdr.77",-0.0003198
"314","ran314.hdr.78",-0.0012143
"314","ran314.hdr.8",-0.000808199999999999
"314","ran314.hdr.9",-0.000413510000000001
"315","ran315.hdr.1",-0.00020446
"315","ran315.hdr.10",-0.0003499
"315","ran315.hdr.11",-0.000515700000000001
"315","ran315.hdr.12",-0.000274099999999999
"315","ran315.hdr.13",-0.00032312
"315","ran315.hdr.14",-0.0018782
"315","ran315.hdr.15",-0.0000383099999999997
"315","ran315.hdr.16",-0.000397499999999999
"315","ran315.hdr.17",-0.0009639
"315","ran315.hdr.18",-0.000977599999999999
"315","ran315.hdr.19",-0.0021765
"315","ran315.hdr.2",-0.000160799999999999
"315","ran315.hdr.20",0.0000920000000000001
"315","ran315.hdr.21",-0.000159899999999999
"315","ran315.hdr.22",-0.00084943
"315","ran315.hdr.23",-0.000383960000000001
"315","ran315.hdr.24",-0.0001554
"315","ran315.hdr.25",0.000391599999999999
"315","ran315.hdr.26",-0.0012418
"315","ran315.hdr.27",-0.0018846
"315","ran315.hdr.28",-0.0107692
"315","ran315.hdr.29",0.00030284
"315","ran315.hdr.3",-0.00034287
"315","ran315.hdr.30",-0.0006427
"315","ran315.hdr.31",-0.0010877
"315","ran315.hdr.32",-0.000184700000000001
"315","ran315.hdr.33",-0.0005509
"315","ran315.hdr.34",-0.00087888
"315","ran315.hdr.35",-0.0015552
"315","ran315.hdr.36",-0.000575500000000001
"315","ran315.hdr.37",0.000208709999999999
"315","ran315.hdr.38",0.0000540300000000001
"315","ran315.hdr.39",-0.000488300000000001
"315","ran315.hdr.4",-0.000180700000000001
"315","ran315.hdr.40",-0.00018774
"315","ran315.hdr.41",-0.000569200000000002
"315","ran315.hdr.42",-0.0017799
"315","ran315.hdr.43",-0.000207300000000001
"315","ran315.hdr.44",-0.00270844
"315","ran315.hdr.45",-0.00027166
"315","ran315.hdr.46",-0.0030547
"315","ran315.hdr.47",-0.002475
"315","ran315.hdr.48",-0.000510450000000001
"315","ran315.hdr.49",-0.00000727000000000019
"315","ran315.hdr.5",-0.0000849000000000006
"315","ran315.hdr.50",-0.0000134699999999998
"315","ran315.hdr.51",-0.0011044
"315","ran315.hdr.52",-0.00017588
"315","ran315.hdr.53",-0.0021164
"315","ran315.hdr.54",-0.0010723
"315","ran315.hdr.55",-0.0046284
"315","ran315.hdr.56",-0.0000928000000000005
"315","ran315.hdr.57",0.000212799999999999
"315","ran315.hdr.58",-0.000141199999999999
"315","ran315.hdr.59",-0.0084385
"315","ran315.hdr.6",0.00018026
"315","ran315.hdr.60",-0.000746799999999999
"315","ran315.hdr.61",0.00011186
"315","ran315.hdr.62",0.0000897999999999993
"315","ran315.hdr.63",-0.0003231
"315","ran315.hdr.64",-0.0014307
"315","ran315.hdr.65",-0.0011581
"315","ran315.hdr.66",-0.00012416
"315","ran315.hdr.67",-0.000822699999999999
"315","ran315.hdr.68",-0.0007215
"315","ran315.hdr.69",-0.000890599999999998
"315","ran315.hdr.7",-0.000204939999999999
"315","ran315.hdr.70",-0.0000461999999999997
"315","ran315.hdr.71",0.0005564
"315","ran315.hdr.72",0.0001417
"315","ran315.hdr.73",-0.000871399999999998
"315","ran315.hdr.74",-0.000471699999999999
"315","ran315.hdr.75",-0.0000662200000000005
"315","ran315.hdr.76",-0.0003368
"315","ran315.hdr.77",-0.000894099999999998
"315","ran315.hdr.78",-0.0003225
"315","ran315.hdr.8",-0.0000204900000000002
"315","ran315.hdr.9",-0.00013877
"316","ran316.hdr.1",-0.0014785
"316","ran316.hdr.10",-0.0004092
"316","ran316.hdr.11",-0.00039314
"316","ran316.hdr.12",-0.000320599999999999
"316","ran316.hdr.13",-0.00037651
"316","ran316.hdr.14",-0.000824699999999999
"316","ran316.hdr.15",-0.0011143
"316","ran316.hdr.16",-0.0016211
"316","ran316.hdr.17",-0.0012838
"316","ran316.hdr.18",-0.0005666
"316","ran316.hdr.19",-0.000257510000000001
"316","ran316.hdr.2",-0.0000463000000000026
"316","ran316.hdr.20",0.000386200000000001
"316","ran316.hdr.21",-0.000429799999999999
"316","ran316.hdr.22",-0.0019493
"316","ran316.hdr.23",0.000223299999999999
"316","ran316.hdr.24",NA
"316","ran316.hdr.25",-0.000166349999999999
"316","ran316.hdr.26",-0.000156699999999999
"316","ran316.hdr.27",-0.00081971
"316","ran316.hdr.28",-0.000541900000000001
"316","ran316.hdr.29",-0.0003079
"316","ran316.hdr.3",0.000021011
"316","ran316.hdr.30",-0.00024082
"316","ran316.hdr.31",-0.0030506
"316","ran316.hdr.32",-0.00180704
"316","ran316.hdr.33",-0.00620406
"316","ran316.hdr.34",-0.0010877
"316","ran316.hdr.35",-0.000830900000000002
"316","ran316.hdr.36",-0.000349499999999999
"316","ran316.hdr.37",-0.000804199999999998
"316","ran316.hdr.38",-0.0002968
"316","ran316.hdr.39",-0.0003861
"316","ran316.hdr.4",-0.0061766
"316","ran316.hdr.40",0.000156699999999999
"316","ran316.hdr.41",0.000032569
"316","ran316.hdr.42",-0.000360099999999999
"316","ran316.hdr.43",-0.0002132
"316","ran316.hdr.44",-0.00102067
"316","ran316.hdr.45",-0.0002384
"316","ran316.hdr.46",0.0000185000000000012
"316","ran316.hdr.47",-0.0011337
"316","ran316.hdr.48",-0.0023048
"316","ran316.hdr.49",-0.00062953
"316","ran316.hdr.5",-0.000461899999999998
"316","ran316.hdr.50",-0.000092715
"316","ran316.hdr.51",-0.000814100000000002
"316","ran316.hdr.52",-0.0030547
"316","ran316.hdr.53",-0.000175950000000001
"316","ran316.hdr.54",-0.00022462
"316","ran316.hdr.55",-0.001074
"316","ran316.hdr.58",-0.000723700000000001
"316","ran316.hdr.59",-0.0000146999999999994
"316","ran316.hdr.6",0.0000855000000000005
"316","ran316.hdr.60",-0.0004576
"316","ran316.hdr.61",-0.0017637
"316","ran316.hdr.62",0.000420700000000003
"316","ran316.hdr.63",-0.00424687
"316","ran316.hdr.64",-0.0107924
"316","ran316.hdr.65",0.000612100000000001
"316","ran316.hdr.66",-0.00017847
"316","ran316.hdr.67",-0.0008821
"316","ran316.hdr.68",0.0000305999999999987
"316","ran316.hdr.69",-0.000522900000000001
"316","ran316.hdr.7",0.00031072
"316","ran316.hdr.70",-0.000420299999999998
"316","ran316.hdr.71",-0.0009751
"316","ran316.hdr.72",-0.001624
"316","ran316.hdr.73",-0.0006967
"316","ran316.hdr.74",0.0000125500000000001
"316","ran316.hdr.75",0.00015336
"316","ran316.hdr.76",0.000299700000000002
"316","ran316.hdr.77",-0.0007951
"316","ran316.hdr.78",-0.0004975
"316","ran316.hdr.8",-0.0015953
"316","ran316.hdr.9",-0.00066134
"317","ran317.hdr.1",-0.0011152
"317","ran317.hdr.10",-0.00025442
"317","ran317.hdr.11",-0.0000370000000000006
"317","ran317.hdr.12",-0.000292249999999999
"317","ran317.hdr.13",-0.0000281999999999991
"317","ran317.hdr.14",-0.000348600000000001
"317","ran317.hdr.15",0.0000198799999999999
"317","ran317.hdr.16",0.00031077
"317","ran317.hdr.17",-0.000713499999999999
"317","ran317.hdr.18",0.0002302
"317","ran317.hdr.19",-0.0000885999999999977
"317","ran317.hdr.2",-0.0001598
"317","ran317.hdr.20",0.000321200000000001
"317","ran317.hdr.21",-0.0008974
"317","ran317.hdr.22",-0.0023662
"317","ran317.hdr.23",-0.000243729999999999
"317","ran317.hdr.24",-0.0053424
"317","ran317.hdr.25",-0.0001248
"317","ran317.hdr.26",-0.000616499999999999
"317","ran317.hdr.27",0.00034779
"317","ran317.hdr.28",-0.00010144
"317","ran317.hdr.29",-0.000258999999999999
"317","ran317.hdr.3",-0.000849200000000001
"317","ran317.hdr.30",-0.00069205
"317","ran317.hdr.31",0.000119000000000001
"317","ran317.hdr.32",-0.0018846
"317","ran317.hdr.33",-0.0107692
"317","ran317.hdr.34",0.000487700000000001
"317","ran317.hdr.35",-0.00096386
"317","ran317.hdr.36",-0.0018987
"317","ran317.hdr.37",-0.0013637
"317","ran317.hdr.38",-0.000844900000000001
"317","ran317.hdr.39",-0.0005801
"317","ran317.hdr.4",-0.0015855
"317","ran317.hdr.40",-0.0005073
"317","ran317.hdr.41",-0.000803359999999999
"317","ran317.hdr.42",-0.00023078
"317","ran317.hdr.43",-0.0006228
"317","ran317.hdr.44",-0.000232199999999998
"317","ran317.hdr.45",-0.000463499999999999
"317","ran317.hdr.46",0.000377029999999999
"317","ran317.hdr.47",-0.0003076
"317","ran317.hdr.48",0.0000270999999999987
"317","ran317.hdr.49",-0.0015782
"317","ran317.hdr.5",0.0000545999999999997
"317","ran317.hdr.50",-0.00018774
"317","ran317.hdr.51",-0.00000561000000000008
"317","ran317.hdr.52",-0.0004983
"317","ran317.hdr.53",-0.000522199999999999
"317","ran317.hdr.54",-0.000449600000000001
"317","ran317.hdr.55",-0.0034509
"317","ran317.hdr.56",-0.000917300000000001
"317","ran317.hdr.57",-0.0037644
"317","ran317.hdr.58",0.00019344
"317","ran317.hdr.59",-0.000280989999999999
"317","ran317.hdr.6",-0.0000417999999999998
"317","ran317.hdr.60",-0.0003459
"317","ran317.hdr.61",-0.0004927
"317","ran317.hdr.62",-0.000175700000000001
"317","ran317.hdr.63",-0.000253400000000001
"317","ran317.hdr.64",-0.000268079999999999
"317","ran317.hdr.65",-0.0006342
"317","ran317.hdr.66",-0.0004641
"317","ran317.hdr.67",-0.00023539
"317","ran317.hdr.68",-0.0019575
"317","ran317.hdr.69",-0.000775500000000002
"317","ran317.hdr.7",-0.0027476
"317","ran317.hdr.70",0.000324999999999999
"317","ran317.hdr.71",-0.000154400000000002
"317","ran317.hdr.72",-0.000914999999999999
"317","ran317.hdr.73",0.000142200000000002
"317","ran317.hdr.74",-0.0007443
"317","ran317.hdr.75",-0.000204899999999999
"317","ran317.hdr.76",-0.000432600000000002
"317","ran317.hdr.77",-0.0012012
"317","ran317.hdr.78",-0.0016911
"317","ran317.hdr.8",-0.0000530499999999998
"317","ran317.hdr.9",-0.0040521
"318","ran318.hdr.1",0.00026852
"318","ran318.hdr.10",-0.00154022
"318","ran318.hdr.11",-0.0010879
"318","ran318.hdr.12",0.000253400000000001
"318","ran318.hdr.13",-0.0008751
"318","ran318.hdr.14",0.000209899999999999
"318","ran318.hdr.15",-0.000587000000000001
"318","ran318.hdr.16",-0.002734
"318","ran318.hdr.17",-0.000473700000000001
"318","ran318.hdr.18",-0.0004445
"318","ran318.hdr.19",-0.002999
"318","ran318.hdr.2",-0.0000233999999999998
"318","ran318.hdr.20",-0.0007746
"318","ran318.hdr.21",-0.000013599999999999
"318","ran318.hdr.22",-0.00084943
"318","ran318.hdr.23",-0.0001771
"318","ran318.hdr.24",-0.000686299999999999
"318","ran318.hdr.25",-0.0065131
"318","ran318.hdr.26",-0.000114900000000001
"318","ran318.hdr.27",-0.0005219
"318","ran318.hdr.28",-0.0004972
"318","ran318.hdr.29",-0.000287379999999999
"318","ran318.hdr.3",-0.0056027
"318","ran318.hdr.30",-0.00031298
"318","ran318.hdr.31",-0.0013695
"318","ran318.hdr.32",0.000022900000000001
"318","ran318.hdr.33",-0.000942499999999999
"318","ran318.hdr.34",-0.00002191
"318","ran318.hdr.35",-0.000522599999999998
"318","ran318.hdr.36",-0.0014925
"318","ran318.hdr.37",-0.000402600000000001
"318","ran318.hdr.38",-0.000379500000000001
"318","ran318.hdr.39",-0.000727459999999999
"318","ran318.hdr.4",-0.000537139999999999
"318","ran318.hdr.40",NA
"318","ran318.hdr.41",-0.00029489
"318","ran318.hdr.42",-0.0039113
"318","ran318.hdr.43",-0.0011215
"318","ran318.hdr.44",-0.000743199999999999
"318","ran318.hdr.45",0.000994600000000002
"318","ran318.hdr.46",0.00031759
"318","ran318.hdr.47",0.00012679
"318","ran318.hdr.48",-0.0008558
"318","ran318.hdr.49",-0.000294639999999999
"318","ran318.hdr.5",-0.001546
"318","ran318.hdr.50",0.000195099999999998
"318","ran318.hdr.51",NA
"318","ran318.hdr.52",-0.0016606
"318","ran318.hdr.53",-0.0121992
"318","ran318.hdr.54",-0.00384145
"318","ran318.hdr.55",0.0003412
"318","ran318.hdr.56",-0.0000134699999999998
"318","ran318.hdr.57",0.00029457
"318","ran318.hdr.58",0.00012839
"318","ran318.hdr.59",-0.000568100000000002
"318","ran318.hdr.6",-0.000979900000000001
"318","ran318.hdr.60",-0.00000773000000000006
"318","ran318.hdr.61",-0.0000770000000000007
"318","ran318.hdr.62",-0.000587900000000001
"318","ran318.hdr.63",0.000502859999999999
"318","ran318.hdr.64",-0.0011885
"318","ran318.hdr.65",-0.000775500000000002
"318","ran318.hdr.66",-0.000746799999999999
"318","ran318.hdr.67",-0.000775399999999999
"318","ran318.hdr.68",-0.000103800000000001
"318","ran318.hdr.69",-0.000914999999999999
"318","ran318.hdr.7",-0.00012034
"318","ran318.hdr.70",-0.0005631
"318","ran318.hdr.71",-0.000290670000000001
"318","ran318.hdr.72",-0.0010023
"318","ran318.hdr.73",0.0001838
"318","ran318.hdr.74",-0.0005033
"318","ran318.hdr.75",0.00011249
"318","ran318.hdr.76",-0.00288578
"318","ran318.hdr.77",-0.000548699999999999
"318","ran318.hdr.78",-0.0016978
"318","ran318.hdr.8",-0.000215165
"318","ran318.hdr.9",-0.001099
"319","ran319.hdr.1",-0.000195000000000001
"319","ran319.hdr.10",-0.0002267
"319","ran319.hdr.11",-0.0001755
"319","ran319.hdr.12",-0.000824699999999999
"319","ran319.hdr.13",-0.0000160999999999998
"319","ran319.hdr.14",-0.000779799999999999
"319","ran319.hdr.15",-0.0016942
"319","ran319.hdr.16",-0.0000583000000000007
"319","ran319.hdr.17",-0.0001083
"319","ran319.hdr.18",-0.0010122
"319","ran319.hdr.19",-0.000506100000000002
"319","ran319.hdr.2",-0.0004317
"319","ran319.hdr.20",-0.0010736
"319","ran319.hdr.21",-0.00158129
"319","ran319.hdr.22",-0.000174299999999999
"319","ran319.hdr.23",-0.000114100000000002
"319","ran319.hdr.24",-0.0008389
"319","ran319.hdr.25",-0.0004121
"319","ran319.hdr.26",-0.000496900000000002
"319","ran319.hdr.27",-0.000258999999999999
"319","ran319.hdr.28",-0.0001419
"319","ran319.hdr.29",0.000441479999999999
"319","ran319.hdr.3",-0.000637099999999998
"319","ran319.hdr.30",-0.000214700000000002
"319","ran319.hdr.31",-0.0000774399999999998
"319","ran319.hdr.32",0.000699000000000002
"319","ran319.hdr.33",-0.0000862999999999975
"319","ran319.hdr.34",-0.00020889
"319","ran319.hdr.35",-0.00087888
"319","ran319.hdr.36",-0.0002614
"319","ran319.hdr.37",-0.0011573
"319","ran319.hdr.38",0.000375199999999999
"319","ran319.hdr.39",-0.0001203
"319","ran319.hdr.4",-0.0000461999999999997
"319","ran319.hdr.40",-0.0007499
"319","ran319.hdr.41",-0.0002392
"319","ran319.hdr.42",-0.00035147
"319","ran319.hdr.43",-0.00034381
"319","ran319.hdr.44",-0.000988299999999998
"319","ran319.hdr.45",-0.002897
"319","ran319.hdr.46",-0.000274020000000001
"319","ran319.hdr.47",-0.00270844
"319","ran319.hdr.48",-0.0016044
"319","ran319.hdr.49",-0.000755800000000001
"319","ran319.hdr.5",-0.00364684
"319","ran319.hdr.50",-0.000413300000000002
"319","ran319.hdr.51",-0.0003331
"319","ran319.hdr.52",-0.0001227
"319","ran319.hdr.53",-0.000448199999999999
"319","ran319.hdr.54",-0.000268299999999999
"319","ran319.hdr.55",-0.001222
"319","ran319.hdr.56",-0.0011885
"319","ran319.hdr.57",-0.0001213
"319","ran319.hdr.58",-0.0107924
"319","ran319.hdr.59",-0.000979899999999999
"319","ran319.hdr.6",0.0003686
"319","ran319.hdr.60",-0.0002716
"319","ran319.hdr.61",0.0002951
"319","ran319.hdr.62",-0.00039282
"319","ran319.hdr.63",-0.0016226
"319","ran319.hdr.64",-0.0004568
"319","ran319.hdr.65",-0.00040548
"319","ran319.hdr.66",0.0001846
"319","ran319.hdr.67",-0.0003865
"319","ran319.hdr.68",-0.0011299
"319","ran319.hdr.69",-0.0004732
"319","ran319.hdr.7",-0.0000395000000000013
"319","ran319.hdr.70",-0.0023812
"319","ran319.hdr.71",-0.000104799999999999
"319","ran319.hdr.72",-0.0011457
"319","ran319.hdr.73",-0.0002688
"319","ran319.hdr.74",-0.00033557
"319","ran319.hdr.75",-0.0014673
"319","ran319.hdr.76",-0.0037325
"319","ran319.hdr.77",-0.000547499999999999
"319","ran319.hdr.78",0.000196698
"319","ran319.hdr.8",-0.00041681
"319","ran319.hdr.9",-0.000414400000000001
"320","ran320.hdr.1",-0.0000527200000000009
"320","ran320.hdr.10",-0.00026145
"320","ran320.hdr.11",-0.000358290000000001
"320","ran320.hdr.12",0.000151200000000001
"320","ran320.hdr.13",-0.00045021
"320","ran320.hdr.14",-0.000419360000000001
"320","ran320.hdr.15",-0.000446700000000001
"320","ran320.hdr.16",-0.0002828
"320","ran320.hdr.17",-0.00012599
"320","ran320.hdr.18",-0.00047623
"320","ran320.hdr.19",-0.0011143
"320","ran320.hdr.2",-0.0013435
"320","ran320.hdr.20",0.0003303
"320","ran320.hdr.21",-0.0032234
"320","ran320.hdr.22",-0.000291369999999999
"320","ran320.hdr.23",0.000254799999999999
"320","ran320.hdr.24",-0.0017312
"320","ran320.hdr.25",-0.000271739999999999
"320","ran320.hdr.26",-0.0011163
"320","ran320.hdr.27",-0.000515720000000001
"320","ran320.hdr.28",-0.000249299999999999
"320","ran320.hdr.29",-0.00022216
"320","ran320.hdr.3",-0.0008068
"320","ran320.hdr.30",-0.0010313
"320","ran320.hdr.31",-0.000397399999999999
"320","ran320.hdr.32",-0.00010227
"320","ran320.hdr.33",-0.000119399999999999
"320","ran320.hdr.34",-0.000397499999999999
"320","ran320.hdr.35",-0.0002396
"320","ran320.hdr.36",-0.0000624000000000006
"320","ran320.hdr.37",-0.00033054
"320","ran320.hdr.38",-0.000235339999999999
"320","ran320.hdr.39",0.00020067
"320","ran320.hdr.4",-0.0053867
"320","ran320.hdr.40",-0.000184700000000001
"320","ran320.hdr.41",-0.00013584
"320","ran320.hdr.42",-0.00068703
"320","ran320.hdr.43",-0.0002126
"320","ran320.hdr.44",-0.0000572999999999997
"320","ran320.hdr.45",-0.0011887
"320","ran320.hdr.46",-0.000080199999999999
"320","ran320.hdr.47",-0.0011215
"320","ran320.hdr.48",-0.000971
"320","ran320.hdr.49",-0.000551949999999999
"320","ran320.hdr.5",-0.000892799999999999
"320","ran320.hdr.50",0.0000742100000000001
"320","ran320.hdr.51",NA
"320","ran320.hdr.52",0.00109176
"320","ran320.hdr.54",-0.000141199999999999
"320","ran320.hdr.55",-0.000658
"320","ran320.hdr.56",-0.000102700000000001
"320","ran320.hdr.57",-0.0007746
"320","ran320.hdr.58",-0.0010508
"320","ran320.hdr.59",-0.0011067
"320","ran320.hdr.6",-0.0059011
"320","ran320.hdr.60",0.000170999999999999
"320","ran320.hdr.61",-0.0020502
"320","ran320.hdr.62",-0.0003709
"320","ran320.hdr.63",-0.0024046
"320","ran320.hdr.64",-0.0014372
"320","ran320.hdr.65",-0.0021688
"320","ran320.hdr.66",-0.0013792
"320","ran320.hdr.67",-0.000386900000000003
"320","ran320.hdr.68",0.000100399999999999
"320","ran320.hdr.69",-0.0001271
"320","ran320.hdr.7",-0.00168994
"320","ran320.hdr.70",-0.0004749
"320","ran320.hdr.71",-0.000495900000000001
"320","ran320.hdr.72",0.00011249
"320","ran320.hdr.73",-0.0015308
"320","ran320.hdr.74",-0.0000739999999999977
"320","ran320.hdr.75",-0.0008768
"320","ran320.hdr.76",-0.0046933
"320","ran320.hdr.77",0.00023438
"320","ran320.hdr.78",-0.000802599999999999
"320","ran320.hdr.8",-0.000585499999999999
"320","ran320.hdr.9",-0.000409400000000001
"321","ran321.hdr.1",-0.0003459
"321","ran321.hdr.10",-0.0032486
"321","ran321.hdr.11",-0.0037929
"321","ran321.hdr.12",-0.0043162
"321","ran321.hdr.13",-0.0043666
"321","ran321.hdr.14",-0.00030618
"321","ran321.hdr.15",0.0000449828
"321","ran321.hdr.16",-0.00065658
"321","ran321.hdr.17",-0.000954400000000001
"321","ran321.hdr.18",-0.000359400000000001
"321","ran321.hdr.19",-0.000527999999999999
"321","ran321.hdr.2",-0.000905800000000002
"321","ran321.hdr.20",-0.00025741
"321","ran321.hdr.21",0.000097899999999998
"321","ran321.hdr.22",-0.0039813
"321","ran321.hdr.23",-0.000369699999999999
"321","ran321.hdr.24",-0.00010883
"321","ran321.hdr.25",-0.000311800000000001
"321","ran321.hdr.26",-0.000243729999999999
"321","ran321.hdr.27",-0.000383960000000001
"321","ran321.hdr.28",-0.000243760000000001
"321","ran321.hdr.29",-0.000149719999999999
"321","ran321.hdr.3",-0.00010092
"321","ran321.hdr.30",-0.00069205
"321","ran321.hdr.31",-0.0012737
"321","ran321.hdr.32",-0.000643000000000001
"321","ran321.hdr.33",0.000505200000000001
"321","ran321.hdr.34",-0.0018392
"321","ran321.hdr.35",-0.000487100000000001
"321","ran321.hdr.36",0.00011464
"321","ran321.hdr.37",-0.000722799999999999
"321","ran321.hdr.38",-0.000259789999999999
"321","ran321.hdr.39",0.000402199999999998
"321","ran321.hdr.4",-0.000319699999999999
"321","ran321.hdr.40",-0.000735400000000001
"321","ran321.hdr.41",-0.000198799999999999
"321","ran321.hdr.42",-0.000315939999999999
"321","ran321.hdr.43",-0.00022498
"321","ran321.hdr.44",-0.0013068
"321","ran321.hdr.45",-0.0000836999999999991
"321","ran321.hdr.46",-0.00384145
"321","ran321.hdr.47",-0.0011708
"321","ran321.hdr.48",-0.0001373
"321","ran321.hdr.49",-0.000119059999999999
"321","ran321.hdr.5",-0.000366200000000001
"321","ran321.hdr.50",-0.0002815
"321","ran321.hdr.51",-0.000313409999999999
"321","ran321.hdr.53",-0.000492100000000002
"321","ran321.hdr.54",-0.000602269999999999
"321","ran321.hdr.55",-0.0007279
"321","ran321.hdr.56",0.0000675999999999993
"321","ran321.hdr.57",0.0000782999999999999
"321","ran321.hdr.58",-0.0011885
"321","ran321.hdr.59",0.00011186
"321","ran321.hdr.6",-0.00036043
"321","ran321.hdr.60",-0.0001259
"321","ran321.hdr.61",-0.000404369999999999
"321","ran321.hdr.62",0.000203400000000001
"321","ran321.hdr.63",-0.0016152
"321","ran321.hdr.64",-0.000792399999999999
"321","ran321.hdr.65",-0.0027675
"321","ran321.hdr.66",-0.000681889999999999
"321","ran321.hdr.67",-0.0023928
"321","ran321.hdr.68",-0.000692700000000001
"321","ran321.hdr.69",-0.000140899999999999
"321","ran321.hdr.7",-0.0008068
"321","ran321.hdr.70",-0.000228699999999998
"321","ran321.hdr.71",-0.0002956
"321","ran321.hdr.72",0.00037328
"321","ran321.hdr.73",-0.001414
"321","ran321.hdr.74",-0.0016911
"321","ran321.hdr.75",-0.00062796
"321","ran321.hdr.76",-0.000452500000000002
"321","ran321.hdr.77",-0.00080927
"321","ran321.hdr.78",-0.000289600000000001
"321","ran321.hdr.8",-0.0012176
"321","ran321.hdr.9",-0.0020392
"322","ran322.hdr.1",-0.0014426
"322","ran322.hdr.10",0.00000845800000000001
"322","ran322.hdr.11",-0.00038553
"322","ran322.hdr.12",-0.0000892099999999999
"322","ran322.hdr.13",-0.0000506599999999992
"322","ran322.hdr.14",-0.0010992
"322","ran322.hdr.15",-0.00049628
"322","ran322.hdr.16",-0.0010439
"322","ran322.hdr.17",-0.0008757
"322","ran322.hdr.18",-0.000367500000000002
"322","ran322.hdr.19",-0.0026503
"322","ran322.hdr.2",-0.002469
"322","ran322.hdr.20",-0.004241
"322","ran322.hdr.21",-0.0010155
"322","ran322.hdr.22",-0.0006546
"322","ran322.hdr.23",-0.00034293
"322","ran322.hdr.24",-0.000576
"322","ran322.hdr.25",0.0001101
"322","ran322.hdr.26",-0.00037474
"322","ran322.hdr.27",0.0000383999999999992
"322","ran322.hdr.28",-0.0076907
"322","ran322.hdr.29",-0.0029271
"322","ran322.hdr.3",-0.00449763
"322","ran322.hdr.30",-0.0028943
"322","ran322.hdr.31",0.000720500000000002
"322","ran322.hdr.32",-0.0050666
"322","ran322.hdr.33",0.000155600000000001
"322","ran322.hdr.34",-0.000480399999999999
"322","ran322.hdr.35",-0.0006549
"322","ran322.hdr.36",-0.00000899999999999859
"322","ran322.hdr.37",-0.00025136
"322","ran322.hdr.38",0.0000463000000000009
"322","ran322.hdr.39",-0.00015807
"322","ran322.hdr.4",-0.000077743
"322","ran322.hdr.40",-0.0003937
"322","ran322.hdr.41",-0.0015552
"322","ran322.hdr.42",-0.000942499999999999
"322","ran322.hdr.43",-0.000666099999999999
"322","ran322.hdr.44",0.0000239999999999997
"322","ran322.hdr.45",-0.0001046
"322","ran322.hdr.46",-0.0009219
"322","ran322.hdr.47",0.0000540300000000001
"322","ran322.hdr.48",-0.0000119000000000005
"322","ran322.hdr.49",-0.00112666
"322","ran322.hdr.5",NA
"322","ran322.hdr.50",-0.0000750999999999981
"322","ran322.hdr.51",-0.0098876
"322","ran322.hdr.52",-0.000246700000000001
"322","ran322.hdr.53",-0.00057312
"322","ran322.hdr.54",-0.0031055
"322","ran322.hdr.55",-0.00057659
"322","ran322.hdr.56",-0.00003125
"322","ran322.hdr.57",-0.0000491999999999992
"322","ran322.hdr.58",-0.0000596800000000012
"322","ran322.hdr.59",-0.0000788000000000004
"322","ran322.hdr.6",-0.003143
"322","ran322.hdr.60",-0.0007746
"322","ran322.hdr.61",-0.0008541
"322","ran322.hdr.62",-0.01281643
"322","ran322.hdr.63",0.000265019999999999
"322","ran322.hdr.64",-0.00274956
"322","ran322.hdr.65",0.000324999999999999
"322","ran322.hdr.66",-0.0003359
"322","ran322.hdr.67",0.0000612000000000008
"322","ran322.hdr.68",-0.0028671
"322","ran322.hdr.69",-0.0000296799999999989
"322","ran322.hdr.7",-0.000145270000000001
"322","ran322.hdr.70",-0.0003088
"322","ran322.hdr.71",0.0000663
"322","ran322.hdr.72",-0.0000834000000000008
"322","ran322.hdr.73",-0.0014309
"322","ran322.hdr.74",-0.0014855
"322","ran322.hdr.75",-0.0003604
"322","ran322.hdr.76",-0.0003888
"322","ran322.hdr.77",-0.0006941
"322","ran322.hdr.78",-0.000289600000000001
"322","ran322.hdr.8",-0.0005222
"322","ran322.hdr.9",-0.0001706
"323","ran323.hdr.1",-0.000739499999999999
"323","ran323.hdr.10",-0.00036672
"323","ran323.hdr.11",-0.0000979900000000001
"323","ran323.hdr.12",-0.0000977999999999986
"323","ran323.hdr.13",-0.00062684
"323","ran323.hdr.14",-0.0001177
"323","ran323.hdr.15",0.000424899999999999
"323","ran323.hdr.16",-0.000727600000000002
"323","ran323.hdr.17",NA
"323","ran323.hdr.18",-0.000718199999999999
"323","ran323.hdr.19",0.00028849
"323","ran323.hdr.2",-0.000831800000000001
"323","ran323.hdr.20",-0.0084394
"323","ran323.hdr.21",0.00000545000000000016
"323","ran323.hdr.22",NA
"323","ran323.hdr.23",-0.00019303
"323","ran323.hdr.24",-0.0011965
"323","ran323.hdr.25",-0.0019854
"323","ran323.hdr.26",-0.0006427
"323","ran323.hdr.27",0.0007553
"323","ran323.hdr.28",-0.0000862000000000016
"323","ran323.hdr.29",-0.000115799999999999
"323","ran323.hdr.3",-0.000188199999999999
"323","ran323.hdr.30",-0.000459899999999999
"323","ran323.hdr.31",-0.000243200000000001
"323","ran323.hdr.32",-0.00023755
"323","ran323.hdr.33",-0.000210999999999999
"323","ran323.hdr.34",-0.000468900000000001
"323","ran323.hdr.35",-0.00017519
"323","ran323.hdr.36",-0.0005269
"323","ran323.hdr.37",-0.0000391499999999999
"323","ran323.hdr.38",NA
"323","ran323.hdr.39",-0.0013524
"323","ran323.hdr.4",-0.00574258
"323","ran323.hdr.40",-0.0000485800000000003
"323","ran323.hdr.41",-0.0016596
"323","ran323.hdr.42",0.000844299999999999
"323","ran323.hdr.43",-0.000988299999999998
"323","ran323.hdr.44",-0.000390110000000001
"323","ran323.hdr.45",0.0000792999999999992
"323","ran323.hdr.46",0.0000226999999999988
"323","ran323.hdr.47",-0.00029094
"323","ran323.hdr.48",-0.01768098
"323","ran323.hdr.49",-0.000842700000000002
"323","ran323.hdr.5",-0.000197699999999999
"323","ran323.hdr.50",-0.0025824
"323","ran323.hdr.51",0.00019544
"323","ran323.hdr.52",-0.0000283000000000002
"323","ran323.hdr.53",-0.00003125
"323","ran323.hdr.54",-0.000658
"323","ran323.hdr.55",-0.0022371
"323","ran323.hdr.56",-0.000706399999999999
"323","ran323.hdr.57",-0.0012438
"323","ran323.hdr.58",-0.011466
"323","ran323.hdr.59",-0.0048342
"323","ran323.hdr.6",-0.001099
"323","ran323.hdr.60",-0.00018396
"323","ran323.hdr.61",-0.000350800000000002
"323","ran323.hdr.62",-0.000226199999999999
"323","ran323.hdr.63",-0.0011581
"323","ran323.hdr.64",-0.000681889999999999
"323","ran323.hdr.65",-0.000206999999999999
"323","ran323.hdr.66",-0.0012506
"323","ran323.hdr.67",-0.00029
"323","ran323.hdr.68",-0.0023812
"323","ran323.hdr.69",-0.000522900000000001
"323","ran323.hdr.7",-0.00045021
"323","ran323.hdr.70",-0.00000879999999999978
"323","ran323.hdr.71",-0.0037745
"323","ran323.hdr.72",-0.0002731
"323","ran323.hdr.73",-0.0016215
"323","ran323.hdr.74",-0.0014426
"323","ran323.hdr.75",-0.0010537
"323","ran323.hdr.76",0.0000250000000000007
"323","ran323.hdr.77",-0.0005602
"323","ran323.hdr.78",-0.000802599999999999
"323","ran323.hdr.8",-0.000413510000000001
"323","ran323.hdr.9",0.00000960000000000023
"324","ran324.hdr.1",-0.00131489
"324","ran324.hdr.10",-0.00045021
"324","ran324.hdr.11",-0.0005371
"324","ran324.hdr.12",-0.000539240000000002
"324","ran324.hdr.13",0.00000960000000000023
"324","ran324.hdr.14",-0.000799000000000001
"324","ran324.hdr.15",0.0000675200000000006
"324","ran324.hdr.16",-0.00091031
"324","ran324.hdr.17",-0.000657499999999998
"324","ran324.hdr.18",-0.0006205
"324","ran324.hdr.19",-0.0001083
"324","ran324.hdr.2",0.000297800000000001
"324","ran324.hdr.20",-0.000872700000000001
"324","ran324.hdr.21",0.000017600000000003
"324","ran324.hdr.22",-0.000273900000000001
"324","ran324.hdr.23",-0.00158129
"324","ran324.hdr.24",-0.000771500000000001
"324","ran324.hdr.25",-0.0000257999999999994
"324","ran324.hdr.26",0.0000461000000000003
"324","ran324.hdr.27",-0.00044134
"324","ran324.hdr.28",-0.0012418
"324","ran324.hdr.29",-0.0000805300000000005
"324","ran324.hdr.3",-0.0021526
"324","ran324.hdr.30",-0.00665937
"324","ran324.hdr.31",0.000316899999999998
"324","ran324.hdr.32",0.000205900000000002
"324","ran324.hdr.33",0.000265399999999999
"324","ran324.hdr.34",-0.0000245000000000002
"324","ran324.hdr.35",-0.000344299999999999
"324","ran324.hdr.36",-0.000804199999999998
"324","ran324.hdr.37",-0.0018962
"324","ran324.hdr.38",0.0000920999999999995
"324","ran324.hdr.39",-0.000394099999999998
"324","ran324.hdr.4",0.00000526999999999993
"324","ran324.hdr.40",-0.000687
"324","ran324.hdr.41",NA
"324","ran324.hdr.42",0.000377029999999999
"324","ran324.hdr.43",-0.0022116
"324","ran324.hdr.44",-0.000924100000000001
"324","ran324.hdr.45",-0.00000561000000000008
"324","ran324.hdr.46",-0.0000750999999999981
"324","ran324.hdr.47",-0.000314099999999998
"324","ran324.hdr.48",-0.0000328000000000004
"324","ran324.hdr.49",-0.00000839599999999998
"324","ran324.hdr.5",-0.000145270000000001
"324","ran324.hdr.50",-0.00137689
"324","ran324.hdr.51",-0.01768098
"324","ran324.hdr.52",0.0000691835
"324","ran324.hdr.53",0.0000771000000000001
"324","ran324.hdr.54",-0.000270960000000001
"324","ran324.hdr.55",0.000139
"324","ran324.hdr.57",-0.0001829
"324","ran324.hdr.58",0.0000782999999999999
"324","ran324.hdr.59",-0.00133806
"324","ran324.hdr.6",-0.000194699999999999
"324","ran324.hdr.60",-0.000737700000000001
"324","ran324.hdr.61",-0.00050468
"324","ran324.hdr.62",-0.0016719
"324","ran324.hdr.63",-0.00019203
"324","ran324.hdr.64",-0.0021686
"324","ran324.hdr.65",0.000498500000000002
"324","ran324.hdr.66",-0.000914999999999999
"324","ran324.hdr.67",-0.000420499999999999
"324","ran324.hdr.68",0.00016178
"324","ran324.hdr.69",-0.0028671
"324","ran324.hdr.7",-0.0001706
"324","ran324.hdr.70",-0.0000374500000000014
"324","ran324.hdr.71",-0.0012283
"324","ran324.hdr.72",-0.0004414
"324","ran324.hdr.73",-0.0010843
"324","ran324.hdr.74",0.0005815
"324","ran324.hdr.75",-0.0007229
"324","ran324.hdr.76",0.0009494
"324","ran324.hdr.77",-0.000496399999999999
"324","ran324.hdr.78",-0.0013713
"324","ran324.hdr.8",-0.00137783
"324","ran324.hdr.9",0.000242800000000001
"325","ran325.hdr.1",-0.000221499999999999
"325","ran325.hdr.10",-0.0002307
"325","ran325.hdr.11",-0.000405638
"325","ran325.hdr.12",-0.00027193
"325","ran325.hdr.13",-0.000419360000000001
"325","ran325.hdr.14",-0.0000622000000000001
"325","ran325.hdr.15",-0.000954400000000001
"325","ran325.hdr.16",0.000104400000000001
"325","ran325.hdr.17",-0.000359400000000001
"325","ran325.hdr.18",-0.0002021
"325","ran325.hdr.19",-0.000348220000000002
"325","ran325.hdr.2",0.0003686
"325","ran325.hdr.20",-0.0004586
"325","ran325.hdr.21",-0.0006205
"325","ran325.hdr.22",-0.000257799999999999
"325","ran325.hdr.23",0.000588000000000002
"325","ran325.hdr.24",-0.0003961
"325","ran325.hdr.25",-0.0004445
"325","ran325.hdr.26",0.0000672999999999993
"325","ran325.hdr.27",-0.000383960000000001
"325","ran325.hdr.28",-0.00029017
"325","ran325.hdr.29",-0.00017027
"325","ran325.hdr.3",0.0008661
"325","ran325.hdr.30",-0.0001799
"325","ran325.hdr.31",-0.000359199999999999
"325","ran325.hdr.32",-0.000126000000000001
"325","ran325.hdr.33",-0.000441899999999999
"325","ran325.hdr.34",-0.0015268
"325","ran325.hdr.35",-0.0005558
"325","ran325.hdr.36",-0.001142
"325","ran325.hdr.37",-0.000391219999999999
"325","ran325.hdr.38",0.00048249
"325","ran325.hdr.39",0.0003978
"325","ran325.hdr.4",-0.0013522
"325","ran325.hdr.40",0.0000621000000000007
"325","ran325.hdr.41",-0.000870699999999999
"325","ran325.hdr.42",-0.000735400000000001
"325","ran325.hdr.43",-0.02102894
"325","ran325.hdr.44",-0.000258099999999999
"325","ran325.hdr.45",0.000189099999999999
"325","ran325.hdr.46",0.0000683999999999997
"325","ran325.hdr.47",-0.0004434
"325","ran325.hdr.48",-0.000280989999999999
"325","ran325.hdr.49",-0.000837099999999999
"325","ran325.hdr.5",-0.0038261
"325","ran325.hdr.50",NA
"325","ran325.hdr.51",-0.000569500000000001
"325","ran325.hdr.52",-0.0005042
"325","ran325.hdr.53",-0.000586400000000001
"325","ran325.hdr.54",-0.000310099999999999
"325","ran325.hdr.55",-0.00050929
"325","ran325.hdr.56",-0.0040008
"325","ran325.hdr.58",-0.0000994599999999991
"325","ran325.hdr.59",-0.0017637
"325","ran325.hdr.6",-0.0029886
"325","ran325.hdr.60",-0.000964599999999999
"325","ran325.hdr.61",-0.0001213
"325","ran325.hdr.62",0.000166699999999999
"325","ran325.hdr.63",0.000498500000000002
"325","ran325.hdr.64",0.000272909999999999
"325","ran325.hdr.65",-0.000317599999999999
"325","ran325.hdr.66",-0.000914999999999999
"325","ran325.hdr.67",-0.000376000000000001
"325","ran325.hdr.68",-0.000417899999999999
"325","ran325.hdr.69",-0.0000400999999999995
"325","ran325.hdr.7",-0.0051096
"325","ran325.hdr.70",-0.0002956
"325","ran325.hdr.71",-0.000031369
"325","ran325.hdr.72",0.0000356999999999996
"325","ran325.hdr.73",-0.0011035
"325","ran325.hdr.74",-0.0020758
"325","ran325.hdr.75",-0.0035566
"325","ran325.hdr.76",-0.000413
"325","ran325.hdr.77",-0.000880000000000002
"325","ran325.hdr.78",-0.000742300000000001
"325","ran325.hdr.8",0.0005225
"325","ran325.hdr.9",-0.000571100000000001
"326","ran326.hdr.1",-0.000142300000000001
"326","ran326.hdr.10",-0.0015386
"326","ran326.hdr.11",-0.0004092
"326","ran326.hdr.12",0.0000210999999999996
"326","ran326.hdr.13",-0.0000232874
"326","ran326.hdr.14",-0.0002471
"326","ran326.hdr.15",-0.000168099999999999
"326","ran326.hdr.16",-0.0003742
"326","ran326.hdr.17",-0.0013259
"326","ran326.hdr.18",-0.00035428
"326","ran326.hdr.19",-0.00098458
"326","ran326.hdr.2",-0.00036043
"326","ran326.hdr.20",-0.000318300000000001
"326","ran326.hdr.21",-0.00055601
"326","ran326.hdr.22",-0.0001338
"326","ran326.hdr.23",0.000177500000000001
"326","ran326.hdr.24",-0.000216899999999999
"326","ran326.hdr.25",-0.0036419
"326","ran326.hdr.26",-0.0003333
"326","ran326.hdr.27",-0.000844900000000001
"326","ran326.hdr.28",-0.0018523
"326","ran326.hdr.29",-0.000557099999999998
"326","ran326.hdr.3",-0.0014413
"326","ran326.hdr.30",-0.0002012
"326","ran326.hdr.31",-0.000627829999999999
"326","ran326.hdr.32",-0.000352100000000001
"326","ran326.hdr.33",-0.0013204
"326","ran326.hdr.34",-0.000574999999999999
"326","ran326.hdr.35",-0.000787299999999999
"326","ran326.hdr.36",-0.0000248000000000002
"326","ran326.hdr.37",-0.000291899999999999
"326","ran326.hdr.38",-0.0014925
"326","ran326.hdr.39",-0.000752999999999998
"326","ran326.hdr.4",-0.0003713
"326","ran326.hdr.40",-0.00013614
"326","ran326.hdr.41",-0.0018642
"326","ran326.hdr.42",-0.0000446000000000005
"326","ran326.hdr.43",0.000415499999999999
"326","ran326.hdr.44",-0.00074314
"326","ran326.hdr.45",-0.000334300000000001
"326","ran326.hdr.46",0.00010489
"326","ran326.hdr.47",-0.000343609999999999
"326","ran326.hdr.48",-0.000456100000000001
"326","ran326.hdr.49",0.00109847
"326","ran326.hdr.5",0.000363470000000001
"326","ran326.hdr.50",-0.0000566400000000002
"326","ran326.hdr.51",0.00006295
"326","ran326.hdr.52",-0.0001099
"326","ran326.hdr.53",-0.000639499999999998
"326","ran326.hdr.54",-0.0015743
"326","ran326.hdr.55",-0.0010529
"326","ran326.hdr.56",0.0000100400000000002
"326","ran326.hdr.57",-0.00194603
"326","ran326.hdr.58",-0.000546500000000002
"326","ran326.hdr.59",-0.0013776
"326","ran326.hdr.6",-0.0078616
"326","ran326.hdr.60",-0.0025664
"326","ran326.hdr.61",-0.000959399999999999
"326","ran326.hdr.62",-0.0011783
"326","ran326.hdr.63",-0.0000582000000000013
"326","ran326.hdr.64",-0.0023323
"326","ran326.hdr.65",-0.000480599999999998
"326","ran326.hdr.66",0.00049501
"326","ran326.hdr.67",-0.0015712
"326","ran326.hdr.68",-0.00179129
"326","ran326.hdr.69",-0.00124621
"326","ran326.hdr.7",-0.000585499999999999
"326","ran326.hdr.70",-0.00038061
"326","ran326.hdr.71",-0.0011679
"326","ran326.hdr.72",-0.000420299999999998
"326","ran326.hdr.73",-0.0037745
"326","ran326.hdr.74",-0.000282660000000001
"326","ran326.hdr.75",-0.001624
"326","ran326.hdr.76",-0.0007229
"326","ran326.hdr.77",-0.000733480000000001
"326","ran326.hdr.78",-0.0016978
"326","ran326.hdr.8",-0.0000637999999999993
"326","ran326.hdr.9",-0.0005302
"327","ran327.hdr.1",-0.0013435
"327","ran327.hdr.10",-0.000300809999999999
"327","ran327.hdr.11",-0.000491700000000001
"327","ran327.hdr.12",0.0000528000000000004
"327","ran327.hdr.13",-0.000799000000000001
"327","ran327.hdr.14",-0.0011929
"327","ran327.hdr.15",-0.00043519
"327","ran327.hdr.16",-0.000091299999999999
"327","ran327.hdr.17",0.0001659
"327","ran327.hdr.18",-0.000404499999999999
"327","ran327.hdr.19",-0.000686199999999998
"327","ran327.hdr.2",0.0000546000000000001
"327","ran327.hdr.20",-0.0033496
"327","ran327.hdr.21",-0.00098458
"327","ran327.hdr.22",-0.0008757
"327","ran327.hdr.23",-0.00158129
"327","ran327.hdr.24",0.00017578
"327","ran327.hdr.25",-0.000796499999999999
"327","ran327.hdr.26",-0.00034284
"327","ran327.hdr.27",0.00038818
"327","ran327.hdr.28",0.000145640000000001
"327","ran327.hdr.29",0.0000487999999999999
"327","ran327.hdr.3",-0.0016682
"327","ran327.hdr.30",-0.000155240000000001
"327","ran327.hdr.31",0.0000686800000000007
"327","ran327.hdr.32",-0.0004084
"327","ran327.hdr.33",0.0000383999999999992
"327","ran327.hdr.34",-0.0000696199999999994
"327","ran327.hdr.35",-0.0000691999999999984
"327","ran327.hdr.36",-0.0004601
"327","ran327.hdr.37",0.0000982999999999999
"327","ran327.hdr.38",-0.000395299999999999
"327","ran327.hdr.39",-0.0034946
"327","ran327.hdr.4",-0.0019788
"327","ran327.hdr.40",-0.00020328
"327","ran327.hdr.41",-0.000463499999999999
"327","ran327.hdr.42",-0.0003076
"327","ran327.hdr.43",0.0000917999999999995
"327","ran327.hdr.44",-0.0009237
"327","ran327.hdr.45",0.0000540300000000001
"327","ran327.hdr.46",-0.0000755699999999996
"327","ran327.hdr.47",-0.00112666
"327","ran327.hdr.48",-0.0016134
"327","ran327.hdr.49",-0.0010616
"327","ran327.hdr.5",0.0000508000000000002
"327","ran327.hdr.50",-0.0000572999999999997
"327","ran327.hdr.51",-0.0002267
"327","ran327.hdr.52",-0.0071472
"327","ran327.hdr.53",-0.00074314
"327","ran327.hdr.54",-0.000280989999999999
"327","ran327.hdr.55",-0.000749
"327","ran327.hdr.56",-0.0002342
"327","ran327.hdr.57",-0.000568100000000002
"327","ran327.hdr.59",NA
"327","ran327.hdr.6",-0.0011071
"327","ran327.hdr.60",-0.00424687
"327","ran327.hdr.61",-0.000746799999999999
"327","ran327.hdr.62",0.0000525999999999999
"327","ran327.hdr.63",-0.000195799999999999
"327","ran327.hdr.64",-0.000604199999999999
"327","ran327.hdr.65",-0.0010849
"327","ran327.hdr.66",-0.0068051
"327","ran327.hdr.67",-0.00740309
"327","ran327.hdr.68",-0.000093939999999999
"327","ran327.hdr.69",0.0001677
"327","ran327.hdr.7",-0.000979900000000001
"327","ran327.hdr.70",-0.0043812
"327","ran327.hdr.71",-0.00092503
"327","ran327.hdr.72",-0.000274399999999998
"327","ran327.hdr.73",0.000132810000000001
"327","ran327.hdr.74",-0.0013232
"327","ran327.hdr.75",-0.0003706
"327","ran327.hdr.76",-0.0016949
"327","ran327.hdr.77",-0.000908300000000001
"327","ran327.hdr.78",-0.0016399
"327","ran327.hdr.8",-0.000437670000000001
"327","ran327.hdr.9",0.000234499999999999
"328","ran328.hdr.1",-0.0002678
"328","ran328.hdr.10",-0.0004828
"328","ran328.hdr.11",-0.000549999999999998
"328","ran328.hdr.12",-0.0000253000000000007
"328","ran328.hdr.13",-0.000300809999999999
"328","ran328.hdr.14",-0.00036672
"328","ran328.hdr.15",-0.00085353
"328","ran328.hdr.16",-0.000216849999999999
"328","ran328.hdr.17",-0.00071959
"328","ran328.hdr.18",-0.000864889999999999
"328","ran328.hdr.19",-0.000611500000000001
"328","ran328.hdr.2",-0.0000461999999999997
"328","ran328.hdr.20",-0.000214800000000001
"328","ran328.hdr.21",0.000169600000000001
"328","ran328.hdr.22",-0.0004364
"328","ran328.hdr.23",0.0001004
"328","ran328.hdr.24",-0.0045505
"328","ran328.hdr.25",-0.000515720000000001
"328","ran328.hdr.26",-0.000013599999999999
"328","ran328.hdr.27",-0.00046126
"328","ran328.hdr.28",-0.00175568
"328","ran328.hdr.29",-0.00044142
"328","ran328.hdr.3",-0.0041174
"328","ran328.hdr.30",0.000720500000000002
"328","ran328.hdr.31",0.0000934000000000004
"328","ran328.hdr.32",-0.000349499999999999
"328","ran328.hdr.33",-0.00011027
"328","ran328.hdr.34",-0.000468900000000001
"328","ran328.hdr.35",-0.000365000000000001
"328","ran328.hdr.36",-0.0023716
"328","ran328.hdr.37",-0.000722799999999999
"328","ran328.hdr.38",0.00023099
"328","ran328.hdr.39",-0.000307
"328","ran328.hdr.4",-0.0078616
"328","ran328.hdr.40",-0.0003076
"328","ran328.hdr.41",0.0002877
"328","ran328.hdr.42",-0.000138299999999997
"328","ran328.hdr.43",-0.00035147
"328","ran328.hdr.44",0.000856300000000001
"328","ran328.hdr.45",-0.0000261999999999971
"328","ran328.hdr.46",-0.0015836
"328","ran328.hdr.47",-0.000129839
"328","ran328.hdr.48",-0.0010527
"328","ran328.hdr.49",-0.00077464
"328","ran328.hdr.5",-0.0031124
"328","ran328.hdr.50",-0.000510450000000001
"328","ran328.hdr.51",-0.0001373
"328","ran328.hdr.52",0.00005185
"328","ran328.hdr.53",-0.00020627
"328","ran328.hdr.54",0.0002101
"328","ran328.hdr.55",-0.0000914999999999996
"328","ran328.hdr.56",-0.0043657
"328","ran328.hdr.57",-0.000618499999999999
"328","ran328.hdr.58",-0.00002352
"328","ran328.hdr.59",-0.0000770000000000007
"328","ran328.hdr.6",-0.0010609
"328","ran328.hdr.60",-0.0010605
"328","ran328.hdr.61",-0.0011376
"328","ran328.hdr.62",0.0005559
"328","ran328.hdr.63",-0.0107924
"328","ran328.hdr.64",-0.00274956
"328","ran328.hdr.65",-0.00039282
"328","ran328.hdr.66",-0.0000850799999999995
"328","ran328.hdr.67",-0.000581100000000001
"328","ran328.hdr.68",-0.000164200000000001
"328","ran328.hdr.69",-0.00045068
"328","ran328.hdr.7",-0.000437670000000001
"328","ran328.hdr.70",-0.0016696
"328","ran328.hdr.71",-0.0010023
"328","ran328.hdr.72",-0.002342
"328","ran328.hdr.73",-0.000276200000000001
"328","ran328.hdr.74",-0.0000214000000000013
"328","ran328.hdr.75",-0.000590700000000003
"328","ran328.hdr.76",-0.000586100000000003
"328","ran328.hdr.77",-0.0011035
"328","ran328.hdr.78",-0.000676700000000002
"328","ran328.hdr.8",-0.00030618
"328","ran328.hdr.9",-0.000714099999999999
"329","ran329.hdr.1",-0.0002678
"329","ran329.hdr.10",-0.000128
"329","ran329.hdr.11",-0.000021199999999999
"329","ran329.hdr.12",-0.000508749999999999
"329","ran329.hdr.13",-0.00038553
"329","ran329.hdr.14",-0.0008751
"329","ran329.hdr.15",-0.000113727
"329","ran329.hdr.16",-0.000516000000000001
"329","ran329.hdr.17",-0.0010476
"329","ran329.hdr.18",-0.000657499999999998
"329","ran329.hdr.19",0.0002296
"329","ran329.hdr.2",-0.00163367
"329","ran329.hdr.20",-0.0006205
"329","ran329.hdr.21",-0.002734
"329","ran329.hdr.22",-0.000997100000000001
"329","ran329.hdr.23",-0.0017045
"329","ran329.hdr.24",-0.000598599999999998
"329","ran329.hdr.25",-0.00036543
"329","ran329.hdr.26",-0.000418709999999999
"329","ran329.hdr.27",0.0000788999999999998
"329","ran329.hdr.28",-0.0004084
"329","ran329.hdr.29",-0.0003193
"329","ran329.hdr.3",-0.0008068
"329","ran329.hdr.30",0.000165800000000001
"329","ran329.hdr.31",-0.0107692
"329","ran329.hdr.32",0.000720500000000002
"329","ran329.hdr.33",-0.0019572
"329","ran329.hdr.34",-0.000830900000000002
"329","ran329.hdr.35",-0.000041641
"329","ran329.hdr.36",NA
"329","ran329.hdr.37",0.0001256
"329","ran329.hdr.38",-0.0009237
"329","ran329.hdr.39",0.000516300000000001
"329","ran329.hdr.4",-0.0020013
"329","ran329.hdr.40",-0.000616299999999997
"329","ran329.hdr.41",-0.002171
"329","ran329.hdr.42",-0.000720200000000001
"329","ran329.hdr.43",-0.0011914
"329","ran329.hdr.44",-0.0022656
"329","ran329.hdr.45",-0.000743199999999999
"329","ran329.hdr.46",-0.00071791
"329","ran329.hdr.47",-0.000392399999999999
"329","ran329.hdr.48",-0.000879130000000001
"329","ran329.hdr.49",-0.000837099999999999
"329","ran329.hdr.5",-0.0013747
"329","ran329.hdr.50",0.000156099999999999
"329","ran329.hdr.51",-0.0000781000000000011
"329","ran329.hdr.52",-0.0000118100000000001
"329","ran329.hdr.53",-0.000846700000000001
"329","ran329.hdr.54",0.000114
"329","ran329.hdr.55",-0.0004577
"329","ran329.hdr.56",-0.000586400000000001
"329","ran329.hdr.57",0.0000982199999999996
"329","ran329.hdr.6",-0.0036308
"329","ran329.hdr.60",-0.0020265
"329","ran329.hdr.61",0.000136550000000001
"329","ran329.hdr.62",-0.000377200000000001
"329","ran329.hdr.63",0.0002951
"329","ran329.hdr.64",0.0000194084
"329","ran329.hdr.65",-0.0004568
"329","ran329.hdr.66",-0.0015961
"329","ran329.hdr.67",-0.000480599999999998
"329","ran329.hdr.68",-0.00040548
"329","ran329.hdr.69",-0.000356599999999999
"329","ran329.hdr.7",-0.000229759999999999
"329","ran329.hdr.70",-0.000798899999999998
"329","ran329.hdr.71",0.0000233799999999999
"329","ran329.hdr.72",-0.000230299999999999
"329","ran329.hdr.73",-0.000766199999999998
"329","ran329.hdr.74",-0.000184350000000002
"329","ran329.hdr.75",-0.0064447
"329","ran329.hdr.76",-0.0015057
"329","ran329.hdr.77",0.0000627000000000023
"329","ran329.hdr.78",-0.000507599999999999
"329","ran329.hdr.8",-0.0003003
"329","ran329.hdr.9",-0.00037472
"330","ran330.hdr.1",-0.000149890000000001
"330","ran330.hdr.10",-0.000414400000000001
"330","ran330.hdr.11",-0.00065658
"330","ran330.hdr.12",0.0000256859999999999
"330","ran330.hdr.13",-0.0011143
"330","ran330.hdr.14",-0.0002877
"330","ran330.hdr.15",-0.000168099999999999
"330","ran330.hdr.16",-0.000988359999999999
"330","ran330.hdr.17",-0.0000269599999999999
"330","ran330.hdr.18",-0.0010596
"330","ran330.hdr.19",-0.000934500000000001
"330","ran330.hdr.2",-0.00227271
"330","ran330.hdr.20",-0.0008602
"330","ran330.hdr.21",0.0000345999999999992
"330","ran330.hdr.22",-0.00252268
"330","ran330.hdr.23",-0.0014586
"330","ran330.hdr.24",-0.0084394
"330","ran330.hdr.25",0.00000603000000000062
"330","ran330.hdr.26",-0.0002137
"330","ran330.hdr.27",-0.0003855
"330","ran330.hdr.28",-0.0019493
"330","ran330.hdr.29",-0.00047553
"330","ran330.hdr.3",-0.0001863
"330","ran330.hdr.30",-0.0011926
"330","ran330.hdr.31",0.0000166000000000003
"330","ran330.hdr.32",-0.00024082
"330","ran330.hdr.33",-0.0038148
"330","ran330.hdr.34",-0.0025825
"330","ran330.hdr.35",-0.0044356
"330","ran330.hdr.36",0.000720500000000002
"330","ran330.hdr.37",-0.0010093
"330","ran330.hdr.38",-0.0024831
"330","ran330.hdr.39",-0.000480399999999999
"330","ran330.hdr.4",-0.0036308
"330","ran330.hdr.40",0.0000956999999999972
"330","ran330.hdr.41",-0.0023114
"330","ran330.hdr.42",-0.00036563
"330","ran330.hdr.43",-0.000468900000000001
"330","ran330.hdr.44",-0.000327900000000001
"330","ran330.hdr.45",-0.000944
"330","ran330.hdr.46",-0.0013204
"330","ran330.hdr.47",-0.0018326
"330","ran330.hdr.48",-0.0011
"330","ran330.hdr.49",-0.000446100000000001
"330","ran330.hdr.5",-0.0013379
"330","ran330.hdr.50",-0.00057255
"330","ran330.hdr.51",-0.000080199999999999
"330","ran330.hdr.52",-0.000263900000000001
"330","ran330.hdr.53",-0.00020563
"330","ran330.hdr.54",-0.0011486
"330","ran330.hdr.55",0.00000257936
"330","ran330.hdr.56",-0.0010313
"330","ran330.hdr.57",0.00008457
"330","ran330.hdr.6",-0.000229759999999999
"330","ran330.hdr.60",-0.00017852
"330","ran330.hdr.61",-0.0015112
"330","ran330.hdr.62",-0.000268299999999999
"330","ran330.hdr.63",0.000699099999999999
"330","ran330.hdr.64",-0.00574057
"330","ran330.hdr.65",-0.0014755
"330","ran330.hdr.66",-0.000914999999999999
"330","ran330.hdr.67",-0.000681889999999999
"330","ran330.hdr.68",-0.000188000000000001
"330","ran330.hdr.69",0.0000832999999999997
"330","ran330.hdr.7",0.0000762699999999998
"330","ran330.hdr.70",-0.0008821
"330","ran330.hdr.71",-0.000201800000000002
"330","ran330.hdr.72",-0.000889800000000001
"330","ran330.hdr.73",0.000301900000000001
"330","ran330.hdr.74",-0.000454899999999998
"330","ran330.hdr.75",-0.0037745
"330","ran330.hdr.76",0.00045273
"330","ran330.hdr.77",0.0001239
"330","ran330.hdr.78",-0.0064447
"330","ran330.hdr.8",-0.000480399999999999
"330","ran330.hdr.9",-0.0006642
"331","ran331.hdr.1",-0.0002161
"331","ran331.hdr.10",-0.001546
"331","ran331.hdr.11",0.000044213
"331","ran331.hdr.12",-0.000571100000000001
"331","ran331.hdr.13",-0.00028705
"331","ran331.hdr.14",-0.000232599999999999
"331","ran331.hdr.15",-0.00010734
"331","ran331.hdr.16",-0.00036672
"331","ran331.hdr.17",-0.000713499999999999
"331","ran331.hdr.18",-0.0002249
"331","ran331.hdr.19",-0.0002951
"331","ran331.hdr.2",-0.000195000000000001
"331","ran331.hdr.20",-0.000612299999999998
"331","ran331.hdr.21",-0.000846699999999999
"331","ran331.hdr.22",-0.00019801
"331","ran331.hdr.23",-0.000429799999999999
"331","ran331.hdr.24",-0.000171499999999998
"331","ran331.hdr.25",-0.00510713
"331","ran331.hdr.26",-0.0010666
"331","ran331.hdr.27",-0.000235339999999999
"331","ran331.hdr.28",-0.00012828
"331","ran331.hdr.29",-0.000281700000000001
"331","ran331.hdr.3",-0.0004475
"331","ran331.hdr.30",NA
"331","ran331.hdr.31",-0.0014027
"331","ran331.hdr.32",-0.0010504
"331","ran331.hdr.33",-0.000574999999999999
"331","ran331.hdr.34",-0.0026491
"331","ran331.hdr.35",-0.0030178
"331","ran331.hdr.36",-0.000255799999999999
"331","ran331.hdr.37",-0.00034381
"331","ran331.hdr.38",-0.000688599999999999
"331","ran331.hdr.39",-0.0021068
"331","ran331.hdr.4",-0.000849200000000001
"331","ran331.hdr.40",-0.0073875
"331","ran331.hdr.41",-0.0017799
"331","ran331.hdr.42",0.00011249
"331","ran331.hdr.43",0.000374129999999999
"331","ran331.hdr.44",-0.0000823899999999999
"331","ran331.hdr.45",-0.000473700000000001
"331","ran331.hdr.46",-0.00029094
"331","ran331.hdr.47",-0.0000118100000000001
"331","ran331.hdr.48",-0.00074359
"331","ran331.hdr.49",-0.0034143
"331","ran331.hdr.5",0.0000281399999999994
"331","ran331.hdr.50",-0.000137489
"331","ran331.hdr.51",-0.0046284
"331","ran331.hdr.52",0.0000982199999999996
"331","ran331.hdr.53",-0.0003331
"331","ran331.hdr.56",-0.000141199999999999
"331","ran331.hdr.57",-0.000268600000000001
"331","ran331.hdr.58",-0.0011885
"331","ran331.hdr.59",-0.0180869
"331","ran331.hdr.6",-0.000614400000000001
"331","ran331.hdr.60",-0.0107924
"331","ran331.hdr.61",-0.000409900000000001
"331","ran331.hdr.62",-0.0010621
"331","ran331.hdr.63",-0.0015961
"331","ran331.hdr.64",-0.0003058
"331","ran331.hdr.65",-0.000925489999999999
"331","ran331.hdr.66",-0.0023424
"331","ran331.hdr.67",-0.0001385
"331","ran331.hdr.68",-0.0008821
"331","ran331.hdr.69",-0.00029
"331","ran331.hdr.7",-0.0028274
"331","ran331.hdr.70",-0.000754080000000001
"331","ran331.hdr.71",-0.0003088
"331","ran331.hdr.72",-0.0000744000000000022
"331","ran331.hdr.73",-0.0002339
"331","ran331.hdr.74",-0.0013741
"331","ran331.hdr.75",0.00074746
"331","ran331.hdr.76",-0.002875
"331","ran331.hdr.77",-0.00118788
"331","ran331.hdr.78",-0.000365799999999999
"331","ran331.hdr.8",-0.0051096
"331","ran331.hdr.9",-0.00044199
"332","ran332.hdr.1",-0.000893399999999999
"332","ran332.hdr.10",-0.000130499999999999
"332","ran332.hdr.11",-0.00033059
"332","ran332.hdr.12",-0.000979900000000001
"332","ran332.hdr.13",0.000234499999999999
"332","ran332.hdr.14",0.000161699999999999
"332","ran332.hdr.15",-0.0000232874
"332","ran332.hdr.16",-0.0000801099999999996
"332","ran332.hdr.17",-0.0005968
"332","ran332.hdr.18",-0.000477
"332","ran332.hdr.19",-0.000113727
"332","ran332.hdr.2",-0.000175400000000001
"332","ran332.hdr.20",-0.0016942
"332","ran332.hdr.21",0.00001738
"332","ran332.hdr.22",0.000460200000000001
"332","ran332.hdr.23",-0.000595100000000001
"332","ran332.hdr.24",-0.000598599999999998
"332","ran332.hdr.25",0.00004944
"332","ran332.hdr.26",-0.000347700000000001
"332","ran332.hdr.27",-0.0006008
"332","ran332.hdr.28",-0.000336700000000001
"332","ran332.hdr.29",-0.00018774
"332","ran332.hdr.3",-0.000739499999999999
"332","ran332.hdr.30",-0.000212320000000001
"332","ran332.hdr.31",-0.000383960000000001
"332","ran332.hdr.32",-0.001093
"332","ran332.hdr.33",-0.000730600000000001
"332","ran332.hdr.34",-0.0014502
"332","ran332.hdr.35",-0.000735299999999998
"332","ran332.hdr.36",-0.0000862000000000016
"332","ran332.hdr.37",-0.0003333
"332","ran332.hdr.38",0.0005319
"332","ran332.hdr.39",-0.000844900000000001
"332","ran332.hdr.4",-0.0026658
"332","ran332.hdr.40",-0.0034946
"332","ran332.hdr.41",-0.0005801
"332","ran332.hdr.42",-0.00033054
"332","ran332.hdr.43",0.00020067
"332","ran332.hdr.44",-0.000281700000000001
"332","ran332.hdr.45",-0.000616499999999999
"332","ran332.hdr.46",-0.000307
"332","ran332.hdr.47",-0.000522599999999998
"332","ran332.hdr.48",-0.00019346
"332","ran332.hdr.49",-0.00034381
"332","ran332.hdr.5",-0.0020795
"332","ran332.hdr.50",-0.001739
"332","ran332.hdr.51",-0.000080199999999999
"332","ran332.hdr.52",-0.000216600000000001
"332","ran332.hdr.53",0.000844299999999999
"332","ran332.hdr.54",-0.000713800000000001
"332","ran332.hdr.55",-0.00047324
"332","ran332.hdr.56",-0.00270844
"332","ran332.hdr.57",0.0000742100000000001
"332","ran332.hdr.58",-0.000369599999999999
"332","ran332.hdr.59",-0.000268079999999999
"332","ran332.hdr.6",0.00015914
"332","ran332.hdr.61",-0.0003339
"332","ran332.hdr.62",-0.0010605
"332","ran332.hdr.63",-0.000455400000000002
"332","ran332.hdr.64",-0.001222
"332","ran332.hdr.65",-0.0011376
"332","ran332.hdr.66",-0.0093999
"332","ran332.hdr.67",0.000625200000000001
"332","ran332.hdr.68",-0.0001876
"332","ran332.hdr.69",-0.0006633
"332","ran332.hdr.7",-0.000617699999999999
"332","ran332.hdr.70",0.0001706
"332","ran332.hdr.71",-0.00087436
"332","ran332.hdr.72",-0.0000717600000000001
"332","ran332.hdr.73",-0.0008746
"332","ran332.hdr.74",-0.0022069
"332","ran332.hdr.75",-0.0017992
"332","ran332.hdr.76",-0.00050556
"332","ran332.hdr.77",-0.0014027
"332","ran332.hdr.78",-0.0015057
"332","ran332.hdr.8",-0.0048415
"332","ran332.hdr.9",-0.0013379
"333","ran333.hdr.1",-0.0024371
"333","ran333.hdr.10",0.00027519
"333","ran333.hdr.11",0.00016113
"333","ran333.hdr.12",-0.0000844999999999995
"333","ran333.hdr.13",-0.000554099999999998
"333","ran333.hdr.14",-0.000359400000000001
"333","ran333.hdr.15",0.000024999999999999
"333","ran333.hdr.16",-0.0000506599999999992
"333","ran333.hdr.17",-0.0000649700000000001
"333","ran333.hdr.18",0.0002016
"333","ran333.hdr.19",-0.0011929
"333","ran333.hdr.2",-0.000119600000000001
"333","ran333.hdr.20",-0.0012819
"333","ran333.hdr.21",-0.00034688
"333","ran333.hdr.22",-0.000187900000000001
"333","ran333.hdr.23",-0.0011003
"333","ran333.hdr.24",-0.000369699999999999
"333","ran333.hdr.25",-0.0014586
"333","ran333.hdr.26",-0.000595100000000001
"333","ran333.hdr.27",-0.000454400000000001
"333","ran333.hdr.28",-0.0010873
"333","ran333.hdr.29",-0.000327499999999998
"333","ran333.hdr.3",0.000317900000000001
"333","ran333.hdr.30",NA
"333","ran333.hdr.31",-0.0000828099999999991
"333","ran333.hdr.32",-0.000322500000000002
"333","ran333.hdr.33",-0.0004084
"333","ran333.hdr.34",-0.00019777
"333","ran333.hdr.35",-0.0002793
"333","ran333.hdr.36",0.000035033
"333","ran333.hdr.37",-0.01715588
"333","ran333.hdr.38",-0.00166575
"333","ran333.hdr.39",-0.00198339
"333","ran333.hdr.4",-0.000171609999999999
"333","ran333.hdr.40",-0.000348000000000001
"333","ran333.hdr.41",-0.00620406
"333","ran333.hdr.42",-0.000844900000000001
"333","ran333.hdr.43",-0.00036563
"333","ran333.hdr.44",-0.0019089
"333","ran333.hdr.45",-0.0005509
"333","ran333.hdr.46",-0.000469799999999999
"333","ran333.hdr.47",-0.000491499999999999
"333","ran333.hdr.48",-0.000908200000000001
"333","ran333.hdr.49",0.000262999999999999
"333","ran333.hdr.5",-0.000174000000000001
"333","ran333.hdr.50",-0.0026491
"333","ran333.hdr.51",0.000100250000000001
"333","ran333.hdr.52",-0.0010777
"333","ran333.hdr.53",0.00036749
"333","ran333.hdr.54",-0.000473700000000001
"333","ran333.hdr.55",-0.0023439
"333","ran333.hdr.56",-0.0004037
"333","ran333.hdr.57",-0.000643990000000001
"333","ran333.hdr.58",-0.0005042
"333","ran333.hdr.59",-0.000796399999999999
"333","ran333.hdr.6",-0.000540269999999999
"333","ran333.hdr.61",-0.0000546999999999995
"333","ran333.hdr.62",-0.000999000000000003
"333","ran333.hdr.63",-0.0000748000000000016
"333","ran333.hdr.64",-0.0010605
"333","ran333.hdr.65",-0.0022595
"333","ran333.hdr.66",-0.0107924
"333","ran333.hdr.67",-0.00015083
"333","ran333.hdr.68",0.00056144
"333","ran333.hdr.69",-0.000540200000000001
"333","ran333.hdr.7",-0.0031066
"333","ran333.hdr.70",0.000401200000000001
"333","ran333.hdr.71",-0.0001227
"333","ran333.hdr.72",-0.000822699999999999
"333","ran333.hdr.73",-0.000603300000000001
"333","ran333.hdr.74",-0.0003493
"333","ran333.hdr.75",-0.00038061
"333","ran333.hdr.76",0.00051701
"333","ran333.hdr.77",-0.0001025
"333","ran333.hdr.78",-0.000318599999999999
"333","ran333.hdr.8",-0.000197699999999999
"333","ran333.hdr.9",-0.000979900000000001
"334","ran334.hdr.1",-0.0000216000000000001
"334","ran334.hdr.10",-0.00037472
"334","ran334.hdr.11",-0.000215165
"334","ran334.hdr.12",-0.00107844
"334","ran334.hdr.13",-0.000454599999999999
"334","ran334.hdr.14",-0.0000117999999999993
"334","ran334.hdr.15",-0.000198540000000001
"334","ran334.hdr.16",-0.0002471
"334","ran334.hdr.17",-0.000320800000000001
"334","ran334.hdr.18",-0.00047623
"334","ran334.hdr.19",-0.0004673
"334","ran334.hdr.2",0.000132
"334","ran334.hdr.20",-0.0005968
"334","ran334.hdr.21",-0.000911199999999997
"334","ran334.hdr.22",-0.0002951
"334","ran334.hdr.23",-0.0007338
"334","ran334.hdr.24",-0.0012188
"334","ran334.hdr.25",-0.000380700000000001
"334","ran334.hdr.26",-0.000581499999999999
"334","ran334.hdr.27",0.0000270699999999997
"334","ran334.hdr.28",-0.0008389
"334","ran334.hdr.29",-0.0000786399999999996
"334","ran334.hdr.3",-0.000591300000000003
"334","ran334.hdr.30",-0.00034293
"334","ran334.hdr.31",-0.002522
"334","ran334.hdr.32",-0.000207189999999999
"334","ran334.hdr.33",0.0000345999999999992
"334","ran334.hdr.34",-0.00044134
"334","ran334.hdr.35",-0.00018725
"334","ran334.hdr.36",-0.0032627
"334","ran334.hdr.37",-0.0025053
"334","ran334.hdr.38",0.000630499999999999
"334","ran334.hdr.39",-0.0018392
"334","ran334.hdr.4",-0.0023043
"334","ran334.hdr.40",-0.000184700000000001
"334","ran334.hdr.41",0.000159400000000001
"334","ran334.hdr.42",NA
"334","ran334.hdr.43",-0.0013083
"334","ran334.hdr.44",-0.0001709
"334","ran334.hdr.45",-0.00002191
"334","ran334.hdr.46",-0.0030178
"334","ran334.hdr.47",-0.0011563
"334","ran334.hdr.48",-0.0000572999999999997
"334","ran334.hdr.49",-0.000688599999999999
"334","ran334.hdr.5",-0.00120107
"334","ran334.hdr.50",-0.0011215
"334","ran334.hdr.51",0.000121899999999999
"334","ran334.hdr.52",-0.00015647
"334","ran334.hdr.53",0.0000892000000000011
"334","ran334.hdr.54",-0.0000781000000000011
"334","ran334.hdr.55",-0.000180100000000001
"334","ran334.hdr.56",0.0000162599999999997
"334","ran334.hdr.57",NA
"334","ran334.hdr.58",-0.0040008
"334","ran334.hdr.6",-0.0048653
"334","ran334.hdr.60",-0.0000834000000000008
"334","ran334.hdr.61",-0.0013724
"334","ran334.hdr.62",-0.00023275
"334","ran334.hdr.63",-0.000737700000000001
"334","ran334.hdr.64",-0.0030293
"334","ran334.hdr.65",-0.0102309
"334","ran334.hdr.66",0.0002951
"334","ran334.hdr.67",0.0007124
"334","ran334.hdr.68",0.0001323
"334","ran334.hdr.69",-0.0002646
"334","ran334.hdr.7",-0.000261300000000003
"334","ran334.hdr.70",-0.0024046
"334","ran334.hdr.71",-0.000356599999999999
"334","ran334.hdr.72",-0.0001385
"334","ran334.hdr.73",-0.0010284
"334","ran334.hdr.74",-0.00124621
"334","ran334.hdr.75",-0.0023812
"334","ran334.hdr.76",-0.0017992
"334","ran334.hdr.77",0.00002271
"334","ran334.hdr.78",-0.000384199999999999
"334","ran334.hdr.8",-0.00056552
"334","ran334.hdr.9",-0.0035262
"335","ran335.hdr.1",-0.000481700000000002
"335","ran335.hdr.10",-0.0008751
"335","ran335.hdr.11",-0.00071959
"335","ran335.hdr.12",-0.0013508
"335","ran335.hdr.13",-0.000431160000000002
"335","ran335.hdr.14",-0.0001177
"335","ran335.hdr.15",NA
"335","ran335.hdr.16",-0.0035352
"335","ran335.hdr.17",-0.000682600000000002
"335","ran335.hdr.18",-0.000228799999999999
"335","ran335.hdr.19",-0.00032068
"335","ran335.hdr.2",-0.000831800000000001
"335","ran335.hdr.20",-0.0045794
"335","ran335.hdr.21",-0.0024928
"335","ran335.hdr.22",-0.0000667999999999988
"335","ran335.hdr.23",0.000220730000000001
"335","ran335.hdr.24",-0.00017027
"335","ran335.hdr.25",0.0000461000000000003
"335","ran335.hdr.26",-0.000480399999999999
"335","ran335.hdr.27",-0.000607699999999999
"335","ran335.hdr.28",-0.0034946
"335","ran335.hdr.29",-0.0018523
"335","ran335.hdr.3",-0.00017145
"335","ran335.hdr.30",-0.000883700000000001
"335","ran335.hdr.31",-0.000276169999999999
"335","ran335.hdr.32",-0.0000142300000000005
"335","ran335.hdr.33",-0.0001543
"335","ran335.hdr.34",-0.0004099
"335","ran335.hdr.35",-0.000753500000000001
"335","ran335.hdr.36",-0.0000784999999999987
"335","ran335.hdr.37",0.000262999999999999
"335","ran335.hdr.38",-0.0010616
"335","ran335.hdr.39",-0.0010777
"335","ran335.hdr.4",-0.0000849000000000006
"335","ran335.hdr.40",-0.02102894
"335","ran335.hdr.41",-0.000246700000000001
"335","ran335.hdr.42",-0.002897
"335","ran335.hdr.43",0.000136669
"335","ran335.hdr.44",0.0000792999999999992
"335","ran335.hdr.45",-0.0002421
"335","ran335.hdr.46",-0.000343609999999999
"335","ran335.hdr.47",-0.000821700000000002
"335","ran335.hdr.48",-0.00055
"335","ran335.hdr.49",-0.000248099999999999
"335","ran335.hdr.5",-0.00021115
"335","ran335.hdr.50",-0.000268079999999999
"335","ran335.hdr.52",-0.0003461
"335","ran335.hdr.53",-0.0000692000000000002
"335","ran335.hdr.54",-0.0068252
"335","ran335.hdr.55",-0.00574057
"335","ran335.hdr.56",-0.000557700000000001
"335","ran335.hdr.57",-0.0002284
"335","ran335.hdr.58",-0.000735300000000001
"335","ran335.hdr.59",-0.000781200000000003
"335","ran335.hdr.6",-0.000482460000000001
"335","ran335.hdr.60",-0.0011074
"335","ran335.hdr.61",-0.0016152
"335","ran335.hdr.62",-0.000914999999999999
"335","ran335.hdr.63",-0.0002646
"335","ran335.hdr.64",-0.000319819999999998
"335","ran335.hdr.65",-0.0013697
"335","ran335.hdr.66",-0.000140899999999999
"335","ran335.hdr.67",0.0000390000000000008
"335","ran335.hdr.68",-0.000386900000000003
"335","ran335.hdr.69",-0.0000844099999999996
"335","ran335.hdr.7",-0.00013863
"335","ran335.hdr.70",-0.000198200000000001
"335","ran335.hdr.71",-0.000590700000000003
"335","ran335.hdr.72",-0.0012012
"335","ran335.hdr.73",-0.00047494
"335","ran335.hdr.74",-0.0032639
"335","ran335.hdr.75",-0.0015597
"335","ran335.hdr.76",-0.000692410000000001
"335","ran335.hdr.77",-0.000547499999999999
"335","ran335.hdr.78",-0.000802599999999999
"335","ran335.hdr.8",-0.000679800000000001
"335","ran335.hdr.9",0.00004987
"336","ran336.hdr.1",-0.000103800000000001
"336","ran336.hdr.10",-0.0043162
"336","ran336.hdr.11",-0.0034598
"336","ran336.hdr.12",0.0000567700000000011
"336","ran336.hdr.13",-0.000428030000000001
"336","ran336.hdr.14",-0.0002419
"336","ran336.hdr.15",-0.000393299999999999
"336","ran336.hdr.16",-0.0000293799999999999
"336","ran336.hdr.17",-0.0000979900000000001
"336","ran336.hdr.18",-0.0006719
"336","ran336.hdr.19",-0.00071959
"336","ran336.hdr.2",-0.004515
"336","ran336.hdr.20",-0.0010596
"336","ran336.hdr.21",-0.0004314
"336","ran336.hdr.22",0.00000759999999999997
"336","ran336.hdr.23",-0.00035428
"336","ran336.hdr.24",-0.001596
"336","ran336.hdr.25",-0.0010563
"336","ran336.hdr.26",-0.0001743
"336","ran336.hdr.27",-0.0004364
"336","ran336.hdr.28",0.0000327000000000001
"336","ran336.hdr.29",-0.0013931
"336","ran336.hdr.3",0.000214600000000002
"336","ran336.hdr.30",0.0001919
"336","ran336.hdr.31",-0.0006335
"336","ran336.hdr.32",-0.001167
"336","ran336.hdr.33",-0.000123399999999999
"336","ran336.hdr.34",-0.00033577
"336","ran336.hdr.35",0.000369429999999999
"336","ran336.hdr.36",0.000362400000000001
"336","ran336.hdr.37",-0.0013448
"336","ran336.hdr.38",-0.00046567
"336","ran336.hdr.39",0.000294800000000001
"336","ran336.hdr.4",-0.0007133
"336","ran336.hdr.40",-0.0002614
"336","ran336.hdr.41",-0.000307
"336","ran336.hdr.42",-0.0005404
"336","ran336.hdr.43",-0.000870699999999999
"336","ran336.hdr.44",-0.00000705000000000063
"336","ran336.hdr.45",-0.0002384
"336","ran336.hdr.46",-0.00018614
"336","ran336.hdr.47",0.000207200000000001
"336","ran336.hdr.48",-0.000023311
"336","ran336.hdr.49",-0.000153199999999999
"336","ran336.hdr.5",0.000367099999999999
"336","ran336.hdr.50",0.000872019999999999
"336","ran336.hdr.51",-0.002897
"336","ran336.hdr.52",0.00013718
"336","ran336.hdr.53",-0.0011173
"336","ran336.hdr.54",-0.000117969999999999
"336","ran336.hdr.55",0.0000534000000000021
"336","ran336.hdr.56",-0.000410299999999999
"336","ran336.hdr.57",-0.000753399999999998
"336","ran336.hdr.58",-0.0013724
"336","ran336.hdr.59",-0.000618499999999999
"336","ran336.hdr.6",-0.000160799999999999
"336","ran336.hdr.60",-0.000137
"336","ran336.hdr.61",0.0000727999999999996
"336","ran336.hdr.62",0.000115799999999999
"336","ran336.hdr.63",-0.000738799999999998
"336","ran336.hdr.64",0.000120899999999999
"336","ran336.hdr.65",-0.000261
"336","ran336.hdr.66",-0.00006251
"336","ran336.hdr.67",-0.000293000000000002
"336","ran336.hdr.68",-0.000454899999999998
"336","ran336.hdr.69",-0.0003563
"336","ran336.hdr.7",-0.0027476
"336","ran336.hdr.70",-0.000198200000000001
"336","ran336.hdr.71",-0.0006096
"336","ran336.hdr.72",-0.0011035
"336","ran336.hdr.73",-0.00034776
"336","ran336.hdr.74",-0.000806600000000001
"336","ran336.hdr.75",-0.0013547
"336","ran336.hdr.76",-0.0032753
"336","ran336.hdr.77",-0.0015057
"336","ran336.hdr.78",-0.001318
"336","ran336.hdr.8",-0.0033457
"336","ran336.hdr.9",-0.00227271
"337","ran337.hdr.1",-0.000195000000000001
"337","ran337.hdr.10",-0.000194699999999999
"337","ran337.hdr.11",-0.001099
"337","ran337.hdr.12",-0.00042711
"337","ran337.hdr.13",0.0000112099999999993
"337","ran337.hdr.14",-0.0011143
"337","ran337.hdr.15",-0.00026025
"337","ran337.hdr.16",-0.0010992
"337","ran337.hdr.17",-0.0005193
"337","ran337.hdr.18",0.0000146999999999994
"337","ran337.hdr.19",0.0000941999999999991
"337","ran337.hdr.2",-0.000319699999999999
"337","ran337.hdr.20",-0.00023074
"337","ran337.hdr.21",-0.0012819
"337","ran337.hdr.22",-0.0017674
"337","ran337.hdr.23",-0.000257799999999999
"337","ran337.hdr.24",-0.0002144
"337","ran337.hdr.25",-0.000159899999999999
"337","ran337.hdr.26",-0.0001723
"337","ran337.hdr.27",0.00004944
"337","ran337.hdr.28",-0.0003788
"337","ran337.hdr.29",-0.0006546
"337","ran337.hdr.3",-0.000214900000000001
"337","ran337.hdr.30",-0.0005678
"337","ran337.hdr.31",-0.00012519
"337","ran337.hdr.32",-0.0000645899999999998
"337","ran337.hdr.33",-0.000297
"337","ran337.hdr.34",-0.00000790000000000166
"337","ran337.hdr.35",-0.0050666
"337","ran337.hdr.36",-0.0009529
"337","ran337.hdr.37",0.00002453
"337","ran337.hdr.38",-0.000613500000000001
"337","ran337.hdr.39",0.00001051
"337","ran337.hdr.4",-0.0015948
"337","ran337.hdr.40",0.0000336999999999994
"337","ran337.hdr.41",-0.0008168
"337","ran337.hdr.42",-0.000480400000000001
"337","ran337.hdr.43",-0.00048092
"337","ran337.hdr.44",-0.0000647699999999996
"337","ran337.hdr.45",-0.000402600000000001
"337","ran337.hdr.46",0.000446699999999998
"337","ran337.hdr.47",-0.0008938
"337","ran337.hdr.48",-0.0012169
"337","ran337.hdr.49",-0.0015836
"337","ran337.hdr.5",-0.0008068
"337","ran337.hdr.50",0.0000849800000000001
"337","ran337.hdr.51",-0.00015647
"337","ran337.hdr.52",-0.0010527
"337","ran337.hdr.53",-0.000162499999999999
"337","ran337.hdr.54",-0.0019361
"337","ran337.hdr.55",0.0000281999999999999
"337","ran337.hdr.56",0.00015145
"337","ran337.hdr.57",-0.00017588
"337","ran337.hdr.58",-0.000227550000000002
"337","ran337.hdr.59",-0.0000146
"337","ran337.hdr.6",-0.0037763
"337","ran337.hdr.63",-0.000268299999999999
"337","ran337.hdr.64",-0.0018888
"337","ran337.hdr.65",-0.0015428
"337","ran337.hdr.66",-0.012746
"337","ran337.hdr.67",-0.0001548
"337","ran337.hdr.68",-0.000675199999999997
"337","ran337.hdr.69",-0.000324099999999999
"337","ran337.hdr.7",-0.00044199
"337","ran337.hdr.70",-0.0012721
"337","ran337.hdr.71",-0.000681889999999999
"337","ran337.hdr.72",-0.000356599999999999
"337","ran337.hdr.73",-0.000754080000000001
"337","ran337.hdr.74",-0.000136799999999999
"337","ran337.hdr.75",-0.0004913
"337","ran337.hdr.76",-0.000692399999999999
"337","ran337.hdr.77",-0.001736
"337","ran337.hdr.78",0.0004966
"337","ran337.hdr.8",-0.0004966
"337","ran337.hdr.9",0.00016416
"338","ran338.hdr.1",-0.000739499999999999
"338","ran338.hdr.10",0.00054986
"338","ran338.hdr.11",-0.0000736000000000001
"338","ran338.hdr.12",-0.000333099999999999
"338","ran338.hdr.13",-0.000516000000000001
"338","ran338.hdr.14",-0.00049628
"338","ran338.hdr.15",-0.0000437000000000007
"338","ran338.hdr.16",-0.0008757
"338","ran338.hdr.17",-0.000159899999999999
"338","ran338.hdr.18",-0.0028616
"338","ran338.hdr.19",-0.0000276999999999986
"338","ran338.hdr.2",-0.0014413
"338","ran338.hdr.20",-0.0006546
"338","ran338.hdr.21",-0.00055319
"338","ran338.hdr.22",-0.001167
"338","ran338.hdr.23",-0.00010709
"338","ran338.hdr.24",-0.000143009999999999
"338","ran338.hdr.25",-0.00033577
"338","ran338.hdr.26",-0.0019666
"338","ran338.hdr.27",-0.000327999999999998
"338","ran338.hdr.28",-0.0018392
"338","ran338.hdr.29",0.0000139000000000007
"338","ran338.hdr.3",0.000214480000000001
"338","ran338.hdr.30",0.00003065
"338","ran338.hdr.31",NA
"338","ran338.hdr.32",-0.0003316
"338","ran338.hdr.33",-0.0014594
"338","ran338.hdr.34",-0.0012739
"338","ran338.hdr.35",-0.0012106
"338","ran338.hdr.36",-0.000125500000000001
"338","ran338.hdr.37",-0.0015782
"338","ran338.hdr.38",-0.0016634
"338","ran338.hdr.39",-0.000522199999999999
"338","ran338.hdr.4",0.000309
"338","ran338.hdr.40",0.000163300000000002
"338","ran338.hdr.41",-0.0041082
"338","ran338.hdr.42",-0.0076935
"338","ran338.hdr.43",-0.00032122
"338","ran338.hdr.44",-0.00021607
"338","ran338.hdr.45",-0.000764300000000002
"338","ran338.hdr.46",-0.000510450000000001
"338","ran338.hdr.47",-0.0000335399999999999
"338","ran338.hdr.48",-0.00010923
"338","ran338.hdr.49",-0.000248099999999999
"338","ran338.hdr.5",-0.0044797
"338","ran338.hdr.50",0.0000198999999999998
"338","ran338.hdr.51",0.000499
"338","ran338.hdr.52",-0.00047522
"338","ran338.hdr.53",-0.00025195
"338","ran338.hdr.56",-0.000540700000000002
"338","ran338.hdr.57",-0.000473699999999999
"338","ran338.hdr.58",-0.000455400000000002
"338","ran338.hdr.59",-0.000580600000000001
"338","ran338.hdr.6",0.0000174000000000007
"338","ran338.hdr.60",-0.0180869
"338","ran338.hdr.61",-0.01281643
"338","ran338.hdr.62",-0.0009154
"338","ran338.hdr.63",-0.0032377
"338","ran338.hdr.64",-0.0011457
"338","ran338.hdr.65",0.0000854000000000028
"338","ran338.hdr.66",-0.0003359
"338","ran338.hdr.67",-0.0006961
"338","ran338.hdr.68",-0.000373099999999998
"338","ran338.hdr.69",-0.00031509
"338","ran338.hdr.7",-0.000128
"338","ran338.hdr.70",-0.000376000000000001
"338","ran338.hdr.71",-0.0004131
"338","ran338.hdr.72",-0.0010327
"338","ran338.hdr.73",0.000158
"338","ran338.hdr.74",-0.000525600000000001
"338","ran338.hdr.75",-0.00124621
"338","ran338.hdr.76",-0.0002284
"338","ran338.hdr.77",-0.0030263
"338","ran338.hdr.78",-0.0018985
"338","ran338.hdr.8",-0.00041618
"338","ran338.hdr.9",0.000151200000000001
"339","ran339.hdr.1",-0.0026658
"339","ran339.hdr.10",-0.0005222
"339","ran339.hdr.11",-0.000063007
"339","ran339.hdr.12",0.00015803
"339","ran339.hdr.13",-0.0005371
"339","ran339.hdr.14",-0.00026376
"339","ran339.hdr.15",-0.000397499999999999
"339","ran339.hdr.16",-0.00141581
"339","ran339.hdr.17",-0.0002773
"339","ran339.hdr.18",-0.0000800499999999999
"339","ran339.hdr.19",-0.00031339
"339","ran339.hdr.2",-0.000532600000000001
"339","ran339.hdr.20",-0.00038817
"339","ran339.hdr.21",-0.000106800000000001
"339","ran339.hdr.22",-0.0010845
"339","ran339.hdr.23",-0.0000865999999999992
"339","ran339.hdr.24",-0.0019572
"339","ran339.hdr.25",-0.0000392999999999991
"339","ran339.hdr.26",-0.000394099999999998
"339","ran339.hdr.27",-0.000768999999999999
"339","ran339.hdr.28",-0.0013695
"339","ran339.hdr.29",-0.0011599
"339","ran339.hdr.3",-0.0018301
"339","ran339.hdr.30",-0.0037192
"339","ran339.hdr.31",-0.00011533
"339","ran339.hdr.32",-0.0016634
"339","ran339.hdr.33",-0.0033085
"339","ran339.hdr.34",-0.00077238
"339","ran339.hdr.35",0.000197900000000001
"339","ran339.hdr.36",-0.0020349
"339","ran339.hdr.37",-0.0000856099999999999
"339","ran339.hdr.38",0.000368500000000001
"339","ran339.hdr.39",0.000649729999999999
"339","ran339.hdr.4",-0.0000253999999999983
"339","ran339.hdr.40",-0.0012528
"339","ran339.hdr.41",0.00001661
"339","ran339.hdr.42",-0.0015804
"339","ran339.hdr.43",NA
"339","ran339.hdr.44",-0.0046059
"339","ran339.hdr.45",-0.000640600000000002
"339","ran339.hdr.46",-0.0034143
"339","ran339.hdr.47",-0.0009668
"339","ran339.hdr.48",-0.0000753999999999998
"339","ran339.hdr.49",-0.00155443
"339","ran339.hdr.5",-0.0054872
"339","ran339.hdr.50",-0.000395
"339","ran339.hdr.51",-0.00018122
"339","ran339.hdr.52",-0.000796399999999999
"339","ran339.hdr.53",-0.000253400000000001
"339","ran339.hdr.55",-0.0004551
"339","ran339.hdr.56",-0.0000202999999999991
"339","ran339.hdr.57",-0.0005393
"339","ran339.hdr.58",-0.000849699999999998
"339","ran339.hdr.59",-0.000639499999999998
"339","ran339.hdr.6",NA
"339","ran339.hdr.60",-0.0020934
"339","ran339.hdr.61",-0.000867700000000001
"339","ran339.hdr.62",-0.0011885
"339","ran339.hdr.63",NA
"339","ran339.hdr.64",-0.0011376
"339","ran339.hdr.65",-0.0000291000000000007
"339","ran339.hdr.66",0.000324999999999999
"339","ran339.hdr.67",-0.000164500000000001
"339","ran339.hdr.68",-0.000914999999999999
"339","ran339.hdr.69",-0.0002646
"339","ran339.hdr.7",-0.005769
"339","ran339.hdr.70",-0.0037006
"339","ran339.hdr.71",-0.0012283
"339","ran339.hdr.72",-0.0009932
"339","ran339.hdr.73",-0.00059999
"339","ran339.hdr.74",-0.0013741
"339","ran339.hdr.75",-0.000126299999999999
"339","ran339.hdr.76",-0.0004913
"339","ran339.hdr.77",-0.000511299999999999
"339","ran339.hdr.78",0.00000149999999999803
"339","ran339.hdr.8",-0.0028987
"339","ran339.hdr.9",-0.0044934
"340","ran340.hdr.1",-0.000676
"340","ran340.hdr.10",-0.000315299999999999
"340","ran340.hdr.11",-0.0000713600000000003
"340","ran340.hdr.12",0.000172
"340","ran340.hdr.13",-0.0000582479999999999
"340","ran340.hdr.14",-0.000414400000000001
"340","ran340.hdr.15",-0.000547299999999997
"340","ran340.hdr.16",-0.0002877
"340","ran340.hdr.17",-0.0013508
"340","ran340.hdr.18",-0.0000756000000000003
"340","ran340.hdr.19",-0.000600499999999999
"340","ran340.hdr.2",-0.0013435
"340","ran340.hdr.20",-0.000350699999999999
"340","ran340.hdr.21",-0.00030432
"340","ran340.hdr.22",-0.0010439
"340","ran340.hdr.23",-0.0007775
"340","ran340.hdr.24",-0.000352700000000001
"340","ran340.hdr.25",-0.00032068
"340","ran340.hdr.26",0.00000140000000000036
"340","ran340.hdr.27",-0.0000276999999999986
"340","ran340.hdr.28",NA
"340","ran340.hdr.29",-0.000336700000000001
"340","ran340.hdr.3",0.000220700000000001
"340","ran340.hdr.30",-0.0000800499999999999
"340","ran340.hdr.31",-0.000175300000000001
"340","ran340.hdr.32",-0.0032627
"340","ran340.hdr.33",0.000505200000000001
"340","ran340.hdr.34",-0.000823900000000002
"340","ran340.hdr.35",-0.00510713
"340","ran340.hdr.36",0.00013516
"340","ran340.hdr.37",-0.0000899999999999998
"340","ran340.hdr.38",-0.000174199999999999
"340","ran340.hdr.39",NA
"340","ran340.hdr.4",0.000000199999999998812
"340","ran340.hdr.40",-0.000575500000000001
"340","ran340.hdr.41",-0.0011413
"340","ran340.hdr.42",-0.0023505
"340","ran340.hdr.43",-0.000773600000000003
"340","ran340.hdr.44",0.0005427
"340","ran340.hdr.45",0.000217800000000001
"340","ran340.hdr.46",-0.000730900000000001
"340","ran340.hdr.47",-0.0013738
"340","ran340.hdr.48",-0.000946000000000002
"340","ran340.hdr.49",-0.0017799
"340","ran340.hdr.5",-0.000621999999999998
"340","ran340.hdr.50",-0.00031891
"340","ran340.hdr.51",-0.0000509000000000013
"340","ran340.hdr.52",0.000572
"340","ran340.hdr.53",0.000510900000000002
"340","ran340.hdr.54",-0.0007899
"340","ran340.hdr.55",-0.00133806
"340","ran340.hdr.56",-0.000775500000000002
"340","ran340.hdr.57",-0.000775399999999999
"340","ran340.hdr.58",-0.000727199999999997
"340","ran340.hdr.59",0.0009225
"340","ran340.hdr.6",-0.0027813
"340","ran340.hdr.60",-0.00045068
"340","ran340.hdr.61",-0.0003382
"340","ran340.hdr.62",-0.0002389
"340","ran340.hdr.63",0.000343
"340","ran340.hdr.64",-0.0016431
"340","ran340.hdr.65",-0.000771000000000001
"340","ran340.hdr.66",0.00029028
"340","ran340.hdr.67",NA
"340","ran340.hdr.68",-0.0012699
"340","ran340.hdr.69",-0.0011097
"340","ran340.hdr.7",-0.0011761
"340","ran340.hdr.70",0.000611130000000001
"340","ran340.hdr.71",-0.0012116
"340","ran340.hdr.72",-0.00033557
"340","ran340.hdr.73",-0.000637200000000001
"340","ran340.hdr.74",-0.0015886
"340","ran340.hdr.75",-0.0032639
"340","ran340.hdr.76",-0.000961299999999998
"340","ran340.hdr.77",-0.00118
"340","ran340.hdr.78",-0.000802599999999999
"340","ran340.hdr.8",-0.0056027
"340","ran340.hdr.9",-0.00168994
"341","ran341.hdr.1",-0.000195000000000001
"341","ran341.hdr.10",-0.000446700000000001
"341","ran341.hdr.11",-0.0002828
"341","ran341.hdr.12",-0.0000108700000000005
"341","ran341.hdr.13",-0.0001755
"341","ran341.hdr.14",-0.0001922
"341","ran341.hdr.15",-0.000477
"341","ran341.hdr.16",-0.000473100000000001
"341","ran341.hdr.17",-0.00049628
"341","ran341.hdr.18",-0.000847199999999999
"341","ran341.hdr.19",-0.0033496
"341","ran341.hdr.2",-0.000279100000000001
"341","ran341.hdr.20",-0.000288400000000001
"341","ran341.hdr.21",-0.00158129
"341","ran341.hdr.22",-0.000416699999999999
"341","ran341.hdr.23",-0.0001723
"341","ran341.hdr.24",-0.0002915
"341","ran341.hdr.25",-0.00046126
"341","ran341.hdr.26",-0.002522
"341","ran341.hdr.27",-0.00012519
"341","ran341.hdr.28",-0.000156699999999999
"341","ran341.hdr.29",-0.00038817
"341","ran341.hdr.3",0.0000256000000000006
"341","ran341.hdr.30",-0.0009823
"341","ran341.hdr.31",-0.000591899999999999
"341","ran341.hdr.32",-0.0012418
"341","ran341.hdr.33",-0.0018846
"341","ran341.hdr.34",-0.00046567
"341","ran341.hdr.35",-0.0001115
"341","ran341.hdr.36",-0.00068703
"341","ran341.hdr.37",0.00011464
"341","ran341.hdr.38",-0.0013621
"341","ran341.hdr.39",-0.0003316
"341","ran341.hdr.4",-0.0109775
"341","ran341.hdr.40",-0.0004718
"341","ran341.hdr.41",-0.00056584
"341","ran341.hdr.42",-0.0005428
"341","ran341.hdr.43",-0.0000487999999999999
"341","ran341.hdr.44",-0.000522199999999999
"341","ran341.hdr.45",-0.0021208
"341","ran341.hdr.46",-0.000730900000000001
"341","ran341.hdr.47",-0.001384
"341","ran341.hdr.48",0.0000156399999999999
"341","ran341.hdr.49",0.000143500000000001
"341","ran341.hdr.5",0.00011099
"341","ran341.hdr.50",-0.00270844
"341","ran341.hdr.51",-0.01768098
"341","ran341.hdr.52",-0.000369599999999999
"341","ran341.hdr.53",-0.0006896
"341","ran341.hdr.55",-0.000203699999999999
"341","ran341.hdr.56",-0.000639499999999998
"341","ran341.hdr.57",-0.000775500000000002
"341","ran341.hdr.58",-0.0003826
"341","ran341.hdr.59",-0.0000438000000000001
"341","ran341.hdr.6",-0.00041681
"341","ran341.hdr.60",-0.0001288
"341","ran341.hdr.61",0.000119899999999999
"341","ran341.hdr.62",-0.00274956
"341","ran341.hdr.63",-0.00017358
"341","ran341.hdr.64",-0.0004852
"341","ran341.hdr.65",-0.000252200000000001
"341","ran341.hdr.66",-0.000792399999999999
"341","ran341.hdr.67",-0.00048136
"341","ran341.hdr.68",-0.000164200000000001
"341","ran341.hdr.69",-0.001085
"341","ran341.hdr.7",-0.000714099999999999
"341","ran341.hdr.70",-0.0000134000000000002
"341","ran341.hdr.71",-0.0008821
"341","ran341.hdr.72",0.00049861
"341","ran341.hdr.73",-0.000955899999999999
"341","ran341.hdr.74",0.000268299999999999
"341","ran341.hdr.75",-0.0006096
"341","ran341.hdr.76",-0.00083164
"341","ran341.hdr.77",-0.000457200000000001
"341","ran341.hdr.78",-0.000710300000000001
"341","ran341.hdr.8",-0.000393299999999999
"341","ran341.hdr.9",0.0004463
"342","ran342.hdr.1",-0.000434299999999999
"342","ran342.hdr.10",-0.0000770000000000007
"342","ran342.hdr.11",-0.0000844999999999995
"342","ran342.hdr.12",-0.000434459999999999
"342","ran342.hdr.13",-0.000320800000000001
"342","ran342.hdr.14",-0.000622000000000001
"342","ran342.hdr.15",-0.0013508
"342","ran342.hdr.16",-0.000477
"342","ran342.hdr.17",-0.0004586
"342","ran342.hdr.18",0.00020194
"342","ran342.hdr.19",-0.000291369999999999
"342","ran342.hdr.2",-0.0053867
"342","ran342.hdr.20",-0.0010564
"342","ran342.hdr.21",-0.0012838
"342","ran342.hdr.22",0.00016851
"342","ran342.hdr.23",0.0003538
"342","ran342.hdr.24",-0.0005666
"342","ran342.hdr.25",0.000350800000000002
"342","ran342.hdr.26",0.00038818
"342","ran342.hdr.27",-0.0000786399999999996
"342","ran342.hdr.28",-0.0013931
"342","ran342.hdr.29",0.0000111
"342","ran342.hdr.3",-0.0002056
"342","ran342.hdr.30",-0.00013827
"342","ran342.hdr.31",-0.00044142
"342","ran342.hdr.32",-0.000143009999999999
"342","ran342.hdr.33",-0.0019854
"342","ran342.hdr.34",-0.0004016
"342","ran342.hdr.35",-0.00036563
"342","ran342.hdr.36",-0.0008168
"342","ran342.hdr.37",-0.0013204
"342","ran342.hdr.38",0.0001554
"342","ran342.hdr.39",0.000375199999999999
"342","ran342.hdr.4",-0.0036814
"342","ran342.hdr.40",-0.0010275
"342","ran342.hdr.41",-0.000207300000000001
"342","ran342.hdr.42",-0.0011836
"342","ran342.hdr.43",0.0001907
"342","ran342.hdr.44",-0.0000750999999999981
"342","ran342.hdr.45",-0.0041082
"342","ran342.hdr.46",-0.0000371
"342","ran342.hdr.47",-0.000408800000000001
"342","ran342.hdr.48",-0.000225599999999999
"342","ran342.hdr.49",0.00004863
"342","ran342.hdr.5",-0.003143
"342","ran342.hdr.50",-0.0047786
"342","ran342.hdr.51",-0.000238039999999999
"342","ran342.hdr.52",-0.0000283000000000002
"342","ran342.hdr.53",-0.00155443
"342","ran342.hdr.54",-0.000362299999999999
"342","ran342.hdr.55",-0.000753399999999998
"342","ran342.hdr.56",-0.0000312699999999999
"342","ran342.hdr.57",-0.000588982
"342","ran342.hdr.58",-0.0004492
"342","ran342.hdr.59",-0.000363
"342","ran342.hdr.6",-0.0061766
"342","ran342.hdr.60",-0.0000202999999999991
"342","ran342.hdr.61",0.00041589
"342","ran342.hdr.62",-0.000972200000000003
"342","ran342.hdr.63",-0.0004576
"342","ran342.hdr.64",-0.000763170000000001
"342","ran342.hdr.65",-0.0006976
"342","ran342.hdr.66",0.00048652
"342","ran342.hdr.67",0.000112299999999999
"342","ran342.hdr.68",0.000127700000000001
"342","ran342.hdr.69",-0.0001259
"342","ran342.hdr.7",-0.0056027
"342","ran342.hdr.70",0.000051197
"342","ran342.hdr.71",-0.000480599999999998
"342","ran342.hdr.72",-0.001507
"342","ran342.hdr.73",-0.0000736999999999995
"342","ran342.hdr.74",0.000417299999999999
"342","ran342.hdr.75",-0.0006002
"342","ran342.hdr.76",-0.0001025
"342","ran342.hdr.77",-0.0004913
"342","ran342.hdr.78",-0.0010032
"342","ran342.hdr.8",-0.000248699999999999
"342","ran342.hdr.9",-0.00056426
"343","ran343.hdr.1",-0.000224699999999998
"343","ran343.hdr.10",-0.0002828
"343","ran343.hdr.11",-0.0004673
"343","ran343.hdr.12",0.000178610000000001
"343","ran343.hdr.13",-0.0005968
"343","ran343.hdr.14",-0.000651099999999998
"343","ran343.hdr.15",0.0001659
"343","ran343.hdr.16",-0.00039311
"343","ran343.hdr.17",-0.00035428
"343","ran343.hdr.18",0.0001712
"343","ran343.hdr.19",-0.000159899999999999
"343","ran343.hdr.2",-0.0024371
"343","ran343.hdr.20",-0.000217
"343","ran343.hdr.21",-0.00158129
"343","ran343.hdr.22",-0.0024132
"343","ran343.hdr.23",-0.00032068
"343","ran343.hdr.24",-0.0001248
"343","ran343.hdr.25",0.0001034
"343","ran343.hdr.26",-0.00060842
"343","ran343.hdr.27",-0.01715588
"343","ran343.hdr.28",-0.0001799
"343","ran343.hdr.29",-0.00087039
"343","ran343.hdr.3",-0.0001058
"343","ran343.hdr.30",-0.0000774399999999998
"343","ran343.hdr.31",-0.000844900000000001
"343","ran343.hdr.32",-0.000399060000000001
"343","ran343.hdr.33",-0.00048092
"343","ran343.hdr.34",0.0001175
"343","ran343.hdr.35",-0.0012106
"343","ran343.hdr.36",0.0003117
"343","ran343.hdr.37",-0.0015782
"343","ran343.hdr.38",0.000177999999999998
"343","ran343.hdr.39",-0.000189699999999999
"343","ran343.hdr.4",-0.00246744
"343","ran343.hdr.40",-0.0012558
"343","ran343.hdr.41",-0.000114999999999999
"343","ran343.hdr.42",-0.0012046
"343","ran343.hdr.43",-0.000392
"343","ran343.hdr.44",-0.0024639
"343","ran343.hdr.45",-0.000198799999999999
"343","ran343.hdr.46",-0.00032122
"343","ran343.hdr.47",-0.00062953
"343","ran343.hdr.48",-0.0013068
"343","ran343.hdr.49",-0.00055
"343","ran343.hdr.5",-0.0000446999999999999
"343","ran343.hdr.50",0.00028793
"343","ran343.hdr.51",NA
"343","ran343.hdr.52",-0.00000727000000000019
"343","ran343.hdr.53",-0.000652820000000001
"343","ran343.hdr.59",-0.00016591
"343","ran343.hdr.6",-0.0000362499999999998
"343","ran343.hdr.60",-0.00023275
"343","ran343.hdr.61",-0.0034825
"343","ran343.hdr.62",-0.0000495000000000009
"343","ran343.hdr.63",-0.0064744
"343","ran343.hdr.64",-0.0000494999999999992
"343","ran343.hdr.65",-0.00056939
"343","ran343.hdr.66",-0.00740309
"343","ran343.hdr.67",-0.000201800000000002
"343","ran343.hdr.68",-0.0009932
"343","ran343.hdr.69",-0.000388300000000001
"343","ran343.hdr.7",-0.00154022
"343","ran343.hdr.70",-0.0003324
"343","ran343.hdr.71",-0.000282660000000001
"343","ran343.hdr.72",-0.000916799999999999
"343","ran343.hdr.73",-0.00034776
"343","ran343.hdr.74",-0.000694699999999999
"343","ran343.hdr.75",-0.002875
"343","ran343.hdr.76",-0.0013547
"343","ran343.hdr.77",-0.00444969
"343","ran343.hdr.78",-0.000289600000000001
"343","ran343.hdr.8",-0.0007343
"343","ran343.hdr.9",-0.000679800000000001
"344","ran344.hdr.1",-0.000115250000000001
"344","ran344.hdr.10",-0.0003059
"344","ran344.hdr.11",-0.000607799999999999
"344","ran344.hdr.12",0.000160479999999999
"344","ran344.hdr.13",-0.000108
"344","ran344.hdr.14",-0.000675400000000003
"344","ran344.hdr.15",-0.0000005000000000005
"344","ran344.hdr.16",-0.000351200000000001
"344","ran344.hdr.17",-0.0004673
"344","ran344.hdr.18",-0.000431160000000002
"344","ran344.hdr.19",0.000260199999999999
"344","ran344.hdr.2",-0.000543500000000002
"344","ran344.hdr.20",-0.00023074
"344","ran344.hdr.21",0.0001817
"344","ran344.hdr.22",-0.0016942
"344","ran344.hdr.23",-0.0025921
"344","ran344.hdr.24",-0.000611500000000001
"344","ran344.hdr.25",-0.0000566999999999998
"344","ran344.hdr.26",0.0001549743
"344","ran344.hdr.27",-0.000163968
"344","ran344.hdr.28",-0.0006201
"344","ran344.hdr.29",-0.000327499999999998
"344","ran344.hdr.3",-0.0025708
"344","ran344.hdr.30",-0.0000570099999999997
"344","ran344.hdr.31",-0.00029017
"344","ran344.hdr.32",0.0000686800000000007
"344","ran344.hdr.33",-0.00033577
"344","ran344.hdr.34",-0.0019666
"344","ran344.hdr.35",-0.0009823
"344","ran344.hdr.36",-0.000119399999999999
"344","ran344.hdr.37",-0.0058339
"344","ran344.hdr.38",-0.001677
"344","ran344.hdr.39",-0.0019572
"344","ran344.hdr.4",-0.002115
"344","ran344.hdr.40",-0.000777200000000002
"344","ran344.hdr.41",-0.0009332
"344","ran344.hdr.42",0.000166100000000001
"344","ran344.hdr.43",0.000620799999999999
"344","ran344.hdr.44",-0.0002538
"344","ran344.hdr.45",-0.0013524
"344","ran344.hdr.46",-0.0015782
"344","ran344.hdr.47",-0.00011256
"344","ran344.hdr.48",-0.0010009
"344","ran344.hdr.49",0.00058626
"344","ran344.hdr.5",-0.0007133
"344","ran344.hdr.50",-0.000404599999999998
"344","ran344.hdr.51",-0.00270844
"344","ran344.hdr.52",-0.0035095
"344","ran344.hdr.53",-0.0007171
"344","ran344.hdr.54",-0.000764300000000002
"344","ran344.hdr.55",-0.0000955000000000001
"344","ran344.hdr.56",-0.00155443
"344","ran344.hdr.57",-0.00022893
"344","ran344.hdr.58",-0.000118309
"344","ran344.hdr.59",-0.000164299999999999
"344","ran344.hdr.6",-0.0007992
"344","ran344.hdr.60",-0.000972200000000003
"344","ran344.hdr.61",-0.0180869
"344","ran344.hdr.62",0.0000988399999999993
"344","ran344.hdr.63",-0.000746799999999999
"344","ran344.hdr.64",-0.000663200000000001
"344","ran344.hdr.65",0.0001323
"344","ran344.hdr.66",-0.000836699999999999
"344","ran344.hdr.67",-0.0004037
"344","ran344.hdr.68",-0.000187199999999998
"344","ran344.hdr.69",-0.00063214
"344","ran344.hdr.7",-0.0044934
"344","ran344.hdr.70",-0.0004873
"344","ran344.hdr.71",-0.0019338
"344","ran344.hdr.72",-0.00014085
"344","ran344.hdr.73",-0.0018724
"344","ran344.hdr.74",-0.000794900000000001
"344","ran344.hdr.75",-0.0006967
"344","ran344.hdr.76",-0.000818700000000002
"344","ran344.hdr.77",-0.0026397
"344","ran344.hdr.78",-0.000748700000000001
"344","ran344.hdr.8",-0.0045035
"344","ran344.hdr.9",-0.0043666
"345","ran345.hdr.1",-0.0012185
"345","ran345.hdr.10",-0.000184100000000001
"345","ran345.hdr.11",-0.0027476
"345","ran345.hdr.12",-0.0018464
"345","ran345.hdr.13",-0.0078616
"345","ran345.hdr.14",-0.001546
"345","ran345.hdr.15",NA
"345","ran345.hdr.16",-0.000349700000000001
"345","ran345.hdr.17",-0.0000232874
"345","ran345.hdr.18",0.00016113
"345","ran345.hdr.19",0.00000845800000000001
"345","ran345.hdr.2",-0.0014413
"345","ran345.hdr.20",-0.000250199999999999
"345","ran345.hdr.21",-0.0000979900000000001
"345","ran345.hdr.22",-0.000113727
"345","ran345.hdr.23",-0.000587000000000001
"345","ran345.hdr.24",-0.000350699999999999
"345","ran345.hdr.25",NA
"345","ran345.hdr.26",0.000645400000000001
"345","ran345.hdr.27",-0.001596
"345","ran345.hdr.28",-0.0010173
"345","ran345.hdr.29",-0.000533099999999998
"345","ran345.hdr.3",-0.0013435
"345","ran345.hdr.30",-0.0010372
"345","ran345.hdr.31",0.000130460000000001
"345","ran345.hdr.32",-0.0012417
"345","ran345.hdr.33",0.0001549743
"345","ran345.hdr.34",-0.000450880000000001
"345","ran345.hdr.35",-0.00141581
"345","ran345.hdr.36",-0.0019493
"345","ran345.hdr.37",-0.0002538
"345","ran345.hdr.38",0.00037395
"345","ran345.hdr.39",0.000165800000000001
"345","ran345.hdr.4",-0.000220599999999998
"345","ran345.hdr.40",-0.000777200000000002
"345","ran345.hdr.41",-0.0001826
"345","ran345.hdr.42",0.0000876999999999996
"345","ran345.hdr.43",-0.00045297
"345","ran345.hdr.44",-0.000480400000000001
"345","ran345.hdr.45",-0.002021
"345","ran345.hdr.46",0.0001796
"345","ran345.hdr.47",-0.0017019
"345","ran345.hdr.48",0.000208709999999999
"345","ran345.hdr.49",-0.000787299999999999
"345","ran345.hdr.5",0.000177399999999999
"345","ran345.hdr.50",-0.00005258
"345","ran345.hdr.51",-0.00047324
"345","ran345.hdr.52",-0.01768098
"345","ran345.hdr.53",-0.0011486
"345","ran345.hdr.54",-0.0006619
"345","ran345.hdr.55",-0.00013051
"345","ran345.hdr.56",-0.000932299999999999
"345","ran345.hdr.57",0.0000941399999999995
"345","ran345.hdr.6",-0.0016682
"345","ran345.hdr.60",-0.0013724
"345","ran345.hdr.61",-0.001153
"345","ran345.hdr.62",-0.000102700000000001
"345","ran345.hdr.63",-0.00017452
"345","ran345.hdr.64",-0.00051952
"345","ran345.hdr.65",-0.0029627
"345","ran345.hdr.66",-0.0107924
"345","ran345.hdr.67",-0.0003826
"345","ran345.hdr.68",-0.000110100000000002
"345","ran345.hdr.69",-0.0006149
"345","ran345.hdr.7",-0.004515
"345","ran345.hdr.70",-0.0015819
"345","ran345.hdr.71",-0.0027675
"345","ran345.hdr.72",-0.000853100000000002
"345","ran345.hdr.73",-0.000456100000000001
"345","ran345.hdr.74",-0.0009037
"345","ran345.hdr.75",-0.0017992
"345","ran345.hdr.76",-0.000220500000000002
"345","ran345.hdr.77",0.000584100000000001
"345","ran345.hdr.78",-0.0003274
"345","ran345.hdr.8",0.0000146
"345","ran345.hdr.9",-0.000892799999999999
"346","ran346.hdr.1",-0.00119054
"346","ran346.hdr.10",-0.00025102
"346","ran346.hdr.11",-0.0006119
"346","ran346.hdr.12",-0.00047386
"346","ran346.hdr.13",-0.000392959999999999
"346","ran346.hdr.14",-0.00038553
"346","ran346.hdr.15",-0.0003499
"346","ran346.hdr.16",-0.0000885999999999977
"346","ran346.hdr.17",0.000321200000000001
"346","ran346.hdr.18",-0.0002006
"346","ran346.hdr.19",NA
"346","ran346.hdr.2",-0.0007133
"346","ran346.hdr.20",-0.000718199999999999
"346","ran346.hdr.21",0.00018759
"346","ran346.hdr.22",-0.0025867
"346","ran346.hdr.23",-0.0003534
"346","ran346.hdr.24",0.0001004
"346","ran346.hdr.25",-0.0000722500000000003
"346","ran346.hdr.26",-0.00012519
"346","ran346.hdr.27",-0.000376700000000001
"346","ran346.hdr.28",0.000505200000000001
"346","ran346.hdr.29",-0.000304100000000002
"346","ran346.hdr.3",-0.0050893
"346","ran346.hdr.30",-0.0004043
"346","ran346.hdr.31",-0.0000774399999999998
"346","ran346.hdr.32",-0.000409099999999999
"346","ran346.hdr.33",0.0001451
"346","ran346.hdr.34",-0.0010504
"346","ran346.hdr.35",-0.000830000000000001
"346","ran346.hdr.36",-0.0013356
"346","ran346.hdr.37",0.000237399999999999
"346","ran346.hdr.38",-0.00102067
"346","ran346.hdr.39",-0.00025843
"346","ran346.hdr.4",-0.005219
"346","ran346.hdr.40",0.000217800000000001
"346","ran346.hdr.41",-0.00029224
"346","ran346.hdr.42",0.000171900000000003
"346","ran346.hdr.43",-0.0000258999999999988
"346","ran346.hdr.44",0.0000839000000000013
"346","ran346.hdr.45",-0.000464200000000001
"346","ran346.hdr.46",-0.0002202
"346","ran346.hdr.47",-0.00047324
"346","ran346.hdr.48",-0.0009605
"346","ran346.hdr.49",-0.0001578
"346","ran346.hdr.5",-0.003072
"346","ran346.hdr.50",-0.000697900000000001
"346","ran346.hdr.51",-0.000293069999999999
"346","ran346.hdr.53",-0.000492100000000002
"346","ran346.hdr.54",-0.0000914999999999996
"346","ran346.hdr.55",0.000366500000000001
"346","ran346.hdr.56",-0.000580600000000001
"346","ran346.hdr.57",-0.001222
"346","ran346.hdr.58",-0.00051952
"346","ran346.hdr.59",-0.0011457
"346","ran346.hdr.6",-0.0045035
"346","ran346.hdr.60",0.000127700000000001
"346","ran346.hdr.61",-0.000485049999999999
"346","ran346.hdr.62",-0.000727199999999997
"346","ran346.hdr.63",-0.0010621
"346","ran346.hdr.64",-0.0011892
"346","ran346.hdr.65",-0.000604199999999999
"346","ran346.hdr.66",-0.000681889999999999
"346","ran346.hdr.67",-0.000854299999999999
"346","ran346.hdr.68",-0.0023436
"346","ran346.hdr.69",0.000374500000000003
"346","ran346.hdr.7",-0.0023804
"346","ran346.hdr.70",-0.0011457
"346","ran346.hdr.71",-0.0005561
"346","ran346.hdr.72",-0.0053353
"346","ran346.hdr.73",-0.00083164
"346","ran346.hdr.74",-0.0000953799999999999
"346","ran346.hdr.75",-0.0011873
"346","ran346.hdr.76",-0.000908300000000001
"346","ran346.hdr.77",-0.000584000000000001
"346","ran346.hdr.78",-0.00021593
"346","ran346.hdr.8",-0.0005222
"346","ran346.hdr.9",-0.000409400000000001
"347","ran347.hdr.1",-0.0008809
"347","ran347.hdr.10",-0.0036814
"347","ran347.hdr.11",-0.0032525
"347","ran347.hdr.12",-0.00061467
"347","ran347.hdr.13",-0.000461899999999998
"347","ran347.hdr.14",-0.0005591
"347","ran347.hdr.15",-0.00045021
"347","ran347.hdr.16",-0.000376899999999999
"347","ran347.hdr.17",-0.0005371
"347","ran347.hdr.18",-0.00036672
"347","ran347.hdr.19",-0.000625899999999999
"347","ran347.hdr.2",-0.000451700000000001
"347","ran347.hdr.20",-0.0000977999999999986
"347","ran347.hdr.21",-0.000935750000000001
"347","ran347.hdr.22",-0.000911199999999997
"347","ran347.hdr.23",-0.00041669
"347","ran347.hdr.24",-0.0017649
"347","ran347.hdr.25",0.0011142
"347","ran347.hdr.26",-0.000354199999999999
"347","ran347.hdr.27",-0.0013108
"347","ran347.hdr.28",-0.0015342
"347","ran347.hdr.29",-0.0011163
"347","ran347.hdr.3",0.0000496999999999997
"347","ran347.hdr.30",0.000345
"347","ran347.hdr.31",0.0000328100000000012
"347","ran347.hdr.32",0.000197699999999999
"347","ran347.hdr.33",0.00026201
"347","ran347.hdr.34",-0.000582599999999999
"347","ran347.hdr.35",-0.00019563
"347","ran347.hdr.36",0.00025733
"347","ran347.hdr.37",0.0000345999999999992
"347","ran347.hdr.38",-0.000155240000000001
"347","ran347.hdr.39",0.00021165
"347","ran347.hdr.4",0.0002915
"347","ran347.hdr.40",0.000619399999999999
"347","ran347.hdr.41",0.000649
"347","ran347.hdr.42",-0.0019572
"347","ran347.hdr.43",0.0006589
"347","ran347.hdr.44",-0.0034946
"347","ran347.hdr.45",0.000226500000000001
"347","ran347.hdr.46",-0.0010504
"347","ran347.hdr.47",-0.0002614
"347","ran347.hdr.48",0.000357900000000001
"347","ran347.hdr.49",-0.0006496
"347","ran347.hdr.5",-0.0026658
"347","ran347.hdr.50",-0.0002167
"347","ran347.hdr.51",-0.000522599999999998
"347","ran347.hdr.52",-0.0013738
"347","ran347.hdr.53",0.000163300000000002
"347","ran347.hdr.54",-0.000107803
"347","ran347.hdr.55",-0.0041082
"347","ran347.hdr.56",-0.00074314
"347","ran347.hdr.57",-0.000228000000000001
"347","ran347.hdr.58",-0.0023048
"347","ran347.hdr.59",-0.00031891
"347","ran347.hdr.6",-0.0006856
"347","ran347.hdr.60",-0.0000335399999999999
"347","ran347.hdr.61",-0.000270960000000001
"347","ran347.hdr.62",0.00013192
"347","ran347.hdr.63",0.000136550000000001
"347","ran347.hdr.64",0.000107299999999999
"347","ran347.hdr.65",-0.00095777
"347","ran347.hdr.66",-0.000455400000000002
"347","ran347.hdr.67",-0.0010964
"347","ran347.hdr.68",-0.0004037
"347","ran347.hdr.69",-0.0019411
"347","ran347.hdr.7",-0.0022515
"347","ran347.hdr.70",-0.0001385
"347","ran347.hdr.71",-0.0011431
"347","ran347.hdr.72",-0.000401100000000001
"347","ran347.hdr.73",-0.000149199999999999
"347","ran347.hdr.74",-0.000559999999999998
"347","ran347.hdr.75",-0.0015308
"347","ran347.hdr.76",-0.0014855
"347","ran347.hdr.77",-0.0032753
"347","ran347.hdr.78",-0.0023497
"347","ran347.hdr.8",-0.000184100000000001
"347","ran347.hdr.9",0.00010741
"348","ran348.hdr.1",-0.0000554800000000001
"348","ran348.hdr.10",-0.000309469999999999
"348","ran348.hdr.11",-0.00020486
"348","ran348.hdr.12",0.0000439499999999992
"348","ran348.hdr.13",-0.00038213
"348","ran348.hdr.14",-0.0000232874
"348","ran348.hdr.15",-0.000320800000000001
"348","ran348.hdr.16",-0.000540199999999999
"348","ran348.hdr.17",-0.00032312
"348","ran348.hdr.18",-0.0000712300000000003
"348","ran348.hdr.19",-0.000657
"348","ran348.hdr.2",-0.0003254
"348","ran348.hdr.20",-0.0011929
"348","ran348.hdr.21",-0.000727600000000002
"348","ran348.hdr.22",-0.0016942
"348","ran348.hdr.23",-0.0017674
"348","ran348.hdr.24",-0.0010173
"348","ran348.hdr.25",-0.000612299999999998
"348","ran348.hdr.26",-0.0011183
"348","ran348.hdr.27",-0.0001443
"348","ran348.hdr.28",-0.0002792
"348","ran348.hdr.29",-0.0000759999999999997
"348","ran348.hdr.3",-0.005219
"348","ran348.hdr.30",-0.000249299999999999
"348","ran348.hdr.31",-0.000759340000000001
"348","ran348.hdr.32",-0.000468900000000001
"348","ran348.hdr.33",-0.0000410300000000001
"348","ran348.hdr.34",-0.000420199999999999
"348","ran348.hdr.35",-0.0076907
"348","ran348.hdr.36",-0.00198339
"348","ran348.hdr.37",-0.000411400000000003
"348","ran348.hdr.38",-0.0012599
"348","ran348.hdr.39",-0.000250599999999998
"348","ran348.hdr.4",-0.00246744
"348","ran348.hdr.40",-0.0023487
"348","ran348.hdr.41",-0.0005219
"348","ran348.hdr.42",-0.0018523
"348","ran348.hdr.43",-0.000757799999999999
"348","ran348.hdr.44",-0.001126
"348","ran348.hdr.45",-0.00023078
"348","ran348.hdr.46",0.0000377199999999998
"348","ran348.hdr.47",-0.000666099999999999
"348","ran348.hdr.48",-0.000202600000000001
"348","ran348.hdr.49",-0.000908200000000001
"348","ran348.hdr.5",-0.0037447
"348","ran348.hdr.50",-0.000584600000000001
"348","ran348.hdr.51",0.0000270999999999987
"348","ran348.hdr.52",-0.0000431900000000002
"348","ran348.hdr.53",-0.0021208
"348","ran348.hdr.54",-0.0025436
"348","ran348.hdr.55",-0.000379500000000001
"348","ran348.hdr.56",-0.000670300000000002
"348","ran348.hdr.57",0.0001577
"348","ran348.hdr.58",-0.000377499999999999
"348","ran348.hdr.59",0.0000501999999999985
"348","ran348.hdr.6",0.0000479499999999997
"348","ran348.hdr.60",0.0000792999999999992
"348","ran348.hdr.61",-0.00009566
"348","ran348.hdr.62",-0.00008964
"348","ran348.hdr.63",-0.000238039999999999
"348","ran348.hdr.64",-0.00155443
"348","ran348.hdr.65",0.0000186600000000002
"348","ran348.hdr.67",-0.0005766
"348","ran348.hdr.68",-0.0022371
"348","ran348.hdr.69",0.0000303000000000005
"348","ran348.hdr.7",-0.000422980000000001
"348","ran348.hdr.70",-0.0022851
"348","ran348.hdr.71",-0.0043812
"348","ran348.hdr.72",-0.000140899999999999
"348","ran348.hdr.73",-0.0011097
"348","ran348.hdr.74",-0.0015308
"348","ran348.hdr.75",-0.0017992
"348","ran348.hdr.76",-0.0032639
"348","ran348.hdr.77",-0.00096858
"348","ran348.hdr.78",0.00023438
"348","ran348.hdr.8",-0.00037472
"348","ran348.hdr.9",0.0000292000000000001
"349","ran349.hdr.1",-0.0002161
"349","ran349.hdr.10",0.00011312
"349","ran349.hdr.11",-0.00036227
"349","ran349.hdr.12",-0.000725689999999999
"349","ran349.hdr.13",-0.000242599999999999
"349","ran349.hdr.14",-0.0000649700000000001
"349","ran349.hdr.15",-0.0002249
"349","ran349.hdr.16",0.00000759999999999997
"349","ran349.hdr.17",-0.0017674
"349","ran349.hdr.18",-0.0000187
"349","ran349.hdr.19",-0.0010754
"349","ran349.hdr.2",0.00017701
"349","ran349.hdr.20",-0.0005906
"349","ran349.hdr.21",-0.0006158
"349","ran349.hdr.22",-0.00034293
"349","ran349.hdr.23",-0.000336700000000001
"349","ran349.hdr.24",0.0003322
"349","ran349.hdr.25",-0.00023903
"349","ran349.hdr.26",-0.000149719999999999
"349","ran349.hdr.27",0.0000409999999999994
"349","ran349.hdr.28",-0.002242
"349","ran349.hdr.29",-0.0107692
"349","ran349.hdr.3",-0.000637000000000002
"349","ran349.hdr.30",-0.0000862000000000016
"349","ran349.hdr.31",-0.0004212
"349","ran349.hdr.32",0.000166100000000001
"349","ran349.hdr.33",-0.00012828
"349","ran349.hdr.34",-0.0005509
"349","ran349.hdr.35",-0.00087888
"349","ran349.hdr.36",-0.000975
"349","ran349.hdr.37",-0.0008214
"349","ran349.hdr.38",-0.000638400000000001
"349","ran349.hdr.39",0.000162800000000001
"349","ran349.hdr.4",0.00069696
"349","ran349.hdr.40",-0.0006496
"349","ran349.hdr.41",-0.0025436
"349","ran349.hdr.42",-0.00019346
"349","ran349.hdr.43",-0.0016596
"349","ran349.hdr.44",0.0000045761
"349","ran349.hdr.45",-0.001384
"349","ran349.hdr.46",-0.000924000000000001
"349","ran349.hdr.47",-0.0015836
"349","ran349.hdr.48",-0.00026183
"349","ran349.hdr.49",-0.0001382
"349","ran349.hdr.5",0.0000580000000000025
"349","ran349.hdr.50",-0.00055
"349","ran349.hdr.51",-0.00016562
"349","ran349.hdr.52",0.00019544
"349","ran349.hdr.53",0.000637179999999999
"349","ran349.hdr.54",-0.000000799999999999586
"349","ran349.hdr.55",0.0000859999999999993
"349","ran349.hdr.56",-0.000175700000000001
"349","ran349.hdr.57",-0.00016591
"349","ran349.hdr.58",-0.000448199999999999
"349","ran349.hdr.59",-0.0013104
"349","ran349.hdr.6",-0.000160850000000001
"349","ran349.hdr.60",-0.0034825
"349","ran349.hdr.61",0.000129292
"349","ran349.hdr.62",-0.0010529
"349","ran349.hdr.63",-0.0010234
"349","ran349.hdr.64",0.0000107000000000006
"349","ran349.hdr.65",-0.000781200000000003
"349","ran349.hdr.66",-0.0035597
"349","ran349.hdr.67",-0.000919
"349","ran349.hdr.68",-0.000820599999999999
"349","ran349.hdr.69",-0.000794200000000002
"349","ran349.hdr.7",-0.0017379
"349","ran349.hdr.70",-0.0037906
"349","ran349.hdr.71",-0.0035232
"349","ran349.hdr.72",-0.0010098
"349","ran349.hdr.73",-0.000316540000000001
"349","ran349.hdr.74",-0.000546000000000001
"349","ran349.hdr.75",-0.000825300000000001
"349","ran349.hdr.76",-0.000579
"349","ran349.hdr.77",-0.0011974
"349","ran349.hdr.78",-0.0010666
"349","ran349.hdr.8",-0.0059011
"349","ran349.hdr.9",-0.00021
"350","ran350.hdr.1",0.0000236000000000004
"350","ran350.hdr.10",-0.000437670000000001
"350","ran350.hdr.11",-0.000679800000000001
"350","ran350.hdr.12",-0.00065658
"350","ran350.hdr.13",-0.00012563
"350","ran350.hdr.14",-0.00085353
"350","ran350.hdr.15",-0.000506029999999999
"350","ran350.hdr.16",0.00023279
"350","ran350.hdr.17",-0.00008435
"350","ran350.hdr.18",-0.000350699999999999
"350","ran350.hdr.19",-0.00034688
"350","ran350.hdr.2",-0.0016743
"350","ran350.hdr.20",-0.0002951
"350","ran350.hdr.21",-0.000291369999999999
"350","ran350.hdr.22",-0.0013108
"350","ran350.hdr.23",0.0002343
"350","ran350.hdr.24",0.0000345999999999992
"350","ran350.hdr.25",-0.001862
"350","ran350.hdr.26",-0.000140599999999999
"350","ran350.hdr.27",-0.000159899999999999
"350","ran350.hdr.28",-0.00010883
"350","ran350.hdr.29",-0.0005906
"350","ran350.hdr.3",-0.0012446
"350","ran350.hdr.30",0.0000993499999999998
"350","ran350.hdr.31",0.00082612
"350","ran350.hdr.32",-0.00039436
"350","ran350.hdr.33",-0.00016391
"350","ran350.hdr.34",-0.00081971
"350","ran350.hdr.35",-0.000310299999999999
"350","ran350.hdr.36",-0.00014131
"350","ran350.hdr.37",-0.000420199999999999
"350","ran350.hdr.38",-0.0076907
"350","ran350.hdr.39",-0.000709920000000001
"350","ran350.hdr.4",-0.00010781
"350","ran350.hdr.40",-0.000252799999999999
"350","ran350.hdr.41",-0.000016600000000002
"350","ran350.hdr.42",-0.0013621
"350","ran350.hdr.43",0.000237399999999999
"350","ran350.hdr.44",-0.0004983
"350","ran350.hdr.45",-0.000404300000000002
"350","ran350.hdr.46",-0.0000571000000000009
"350","ran350.hdr.47",-0.0011215
"350","ran350.hdr.48",-0.0073875
"350","ran350.hdr.49",-0.000514700000000002
"350","ran350.hdr.5",-0.00218825
"350","ran350.hdr.50",0.0000839000000000013
"350","ran350.hdr.51",-0.00077464
"350","ran350.hdr.52",-0.00030034
"350","ran350.hdr.53",0.0001499
"350","ran350.hdr.54",-0.00003125
"350","ran350.hdr.55",-0.0002716
"350","ran350.hdr.56",0.0000292299999999999
"350","ran350.hdr.57",-0.00018941
"350","ran350.hdr.58",-0.000253400000000001
"350","ran350.hdr.59",-0.0004576
"350","ran350.hdr.6",-0.0014125
"350","ran350.hdr.60",-0.000290100000000001
"350","ran350.hdr.61",0.000420700000000003
"350","ran350.hdr.62",-0.00483893
"350","ran350.hdr.63",-0.00039282
"350","ran350.hdr.64",-0.0003231
"350","ran350.hdr.65",-0.0010621
"350","ran350.hdr.66",-0.000157899999999999
"350","ran350.hdr.67",0.0000759199999999993
"350","ran350.hdr.68",-0.0004414
"350","ran350.hdr.69",-0.000430999999999999
"350","ran350.hdr.7",-0.0000717000000000009
"350","ran350.hdr.70",-0.000481599999999999
"350","ran350.hdr.71",-0.00031406
"350","ran350.hdr.72",-0.000297700000000001
"350","ran350.hdr.73",-0.0021902
"350","ran350.hdr.74",-0.0013233
"350","ran350.hdr.75",-0.000000800000000000453
"350","ran350.hdr.76",-0.000908300000000001
"350","ran350.hdr.77",-0.0046933
"350","ran350.hdr.78",0.0004966
"350","ran350.hdr.8",-0.0000849000000000006
"350","ran350.hdr.9",-0.0000712999999999998
"351","ran351.hdr.1",0.000128399999999997
"351","ran351.hdr.10",-0.0000736000000000001
"351","ran351.hdr.11",0.00033088
"351","ran351.hdr.12",-0.0019612
"351","ran351.hdr.13",-0.00026376
"351","ran351.hdr.14",NA
"351","ran351.hdr.15",-0.0016769
"351","ran351.hdr.16",-0.0005983
"351","ran351.hdr.17",-0.0010372
"351","ran351.hdr.18",-0.0045794
"351","ran351.hdr.19",-0.0045505
"351","ran351.hdr.2",-0.000077743
"351","ran351.hdr.20",-0.000154699999999999
"351","ran351.hdr.21",-0.0001239
"351","ran351.hdr.22",0.0001235
"351","ran351.hdr.23",-0.00018017
"351","ran351.hdr.24",-0.000860700000000001
"351","ran351.hdr.25",-0.000468900000000001
"351","ran351.hdr.26",-0.0000640999999999992
"351","ran351.hdr.27",0.00041483
"351","ran351.hdr.28",-0.000453249999999999
"351","ran351.hdr.29",-0.002134
"351","ran351.hdr.3",-0.0000321599999999998
"351","ran351.hdr.30",-0.0077298
"351","ran351.hdr.31",0.00004498
"351","ran351.hdr.32",-0.000844900000000001
"351","ran351.hdr.33",-0.000468900000000001
"351","ran351.hdr.34",-0.000803359999999999
"351","ran351.hdr.35",-0.0001115
"351","ran351.hdr.36",-0.00028523
"351","ran351.hdr.37",0.0001668
"351","ran351.hdr.38",-0.00030301
"351","ran351.hdr.39",0.0003137
"351","ran351.hdr.4",-0.002934
"351","ran351.hdr.40",0.0000540300000000001
"351","ran351.hdr.41",-0.000870699999999999
"351","ran351.hdr.42",-0.000522599999999998
"351","ran351.hdr.43",-0.00112666
"351","ran351.hdr.44",-0.0016634
"351","ran351.hdr.45",-0.000522199999999999
"351","ran351.hdr.46",-0.000379500000000001
"351","ran351.hdr.47",-0.0028342
"351","ran351.hdr.48",-0.02102894
"351","ran351.hdr.49",-0.000336299999999999
"351","ran351.hdr.5",-0.0032525
"351","ran351.hdr.50",-0.000334300000000001
"351","ran351.hdr.51",-0.000226
"351","ran351.hdr.52",0.0001724
"351","ran351.hdr.53",-0.00004207
"351","ran351.hdr.54",-0.000640600000000002
"351","ran351.hdr.55",-0.0000753999999999998
"351","ran351.hdr.56",-0.0011708
"351","ran351.hdr.57",-0.0046284
"351","ran351.hdr.58",-0.00026482
"351","ran351.hdr.59",-0.00073559
"351","ran351.hdr.6",-0.0023125
"351","ran351.hdr.61",-0.0000596800000000012
"351","ran351.hdr.62",-0.000141199999999999
"351","ran351.hdr.63",-0.000271219999999999
"351","ran351.hdr.64",0.000129292
"351","ran351.hdr.65",0.00024384
"351","ran351.hdr.66",0.000238299999999999
"351","ran351.hdr.67",-0.001971
"351","ran351.hdr.68",-0.0029365
"351","ran351.hdr.69",-0.000959399999999999
"351","ran351.hdr.7",-0.0000149
"351","ran351.hdr.70",-0.0011783
"351","ran351.hdr.71",-0.000933400000000001
"351","ran351.hdr.72",-0.0027675
"351","ran351.hdr.73",-0.000345399999999999
"351","ran351.hdr.74",-0.000890599999999998
"351","ran351.hdr.75",0.0000233799999999999
"351","ran351.hdr.76",0.000235200000000001
"351","ran351.hdr.77",-0.0000595999999999999
"351","ran351.hdr.78",0.0000125500000000001
"351","ran351.hdr.8",0.000294599999999999
"351","ran351.hdr.9",-0.00039314
"352","ran352.hdr.1",0.000623700000000001
"352","ran352.hdr.10",0.0000509400000000002
"352","ran352.hdr.11",-0.000011800000000001
"352","ran352.hdr.12",-0.000217070000000001
"352","ran352.hdr.13",-0.00013877
"352","ran352.hdr.14",-0.000359400000000001
"352","ran352.hdr.15",0.00013843
"352","ran352.hdr.16",-0.000622000000000001
"352","ran352.hdr.17",-0.0000649700000000001
"352","ran352.hdr.18",-0.00030432
"352","ran352.hdr.19",-0.0000387000000000009
"352","ran352.hdr.2",-0.0011761
"352","ran352.hdr.20",-0.000997100000000001
"352","ran352.hdr.21",-0.0013037
"352","ran352.hdr.22",-0.000846699999999999
"352","ran352.hdr.23",-0.000288800000000001
"352","ran352.hdr.24",-0.000110299999999999
"352","ran352.hdr.25",0.00019389
"352","ran352.hdr.26",-0.000582599999999999
"352","ran352.hdr.27",0.0002124
"352","ran352.hdr.28",-0.00053928
"352","ran352.hdr.29",0.0002037
"352","ran352.hdr.3",-0.000942399999999999
"352","ran352.hdr.30",-0.0076907
"352","ran352.hdr.31",-0.0049962
"352","ran352.hdr.32",-0.000348000000000001
"352","ran352.hdr.33",-0.0000894500000000005
"352","ran352.hdr.34",-0.0002343
"352","ran352.hdr.35",-0.000468900000000001
"352","ran352.hdr.36",-0.0002734
"352","ran352.hdr.37",0.000504300000000003
"352","ran352.hdr.38",-0.001126
"352","ran352.hdr.39",-0.0000631999999999994
"352","ran352.hdr.4",-0.0035328
"352","ran352.hdr.40",-0.000480400000000001
"352","ran352.hdr.41",-0.000259789999999999
"352","ran352.hdr.42",-0.000575500000000001
"352","ran352.hdr.43",0.0001796
"352","ran352.hdr.44",-0.0001811
"352","ran352.hdr.45",-0.001261
"352","ran352.hdr.46",-0.0030178
"352","ran352.hdr.47",-0.0011699
"352","ran352.hdr.48",0.000295299999999998
"352","ran352.hdr.49",0.0004291
"352","ran352.hdr.5",-0.00093515
"352","ran352.hdr.50",-0.00021661
"352","ran352.hdr.51",0.00010489
"352","ran352.hdr.52",-0.0001724
"352","ran352.hdr.53",-0.00188647
"352","ran352.hdr.54",-0.000510450000000001
"352","ran352.hdr.55",-0.0004198
"352","ran352.hdr.56",-0.00011945
"352","ran352.hdr.57",-0.000175700000000001
"352","ran352.hdr.58",0.000194639999999999
"352","ran352.hdr.59",-0.0005766
"352","ran352.hdr.6",-0.000032131
"352","ran352.hdr.60",-0.0013724
"352","ran352.hdr.61",-0.000658
"352","ran352.hdr.62",-0.000247399999999998
"352","ran352.hdr.63",-0.0008541
"352","ran352.hdr.64",-0.0019575
"352","ran352.hdr.65",0.0000100400000000002
"352","ran352.hdr.66",-0.000540200000000001
"352","ran352.hdr.67",-0.0039875
"352","ran352.hdr.68",-0.0010023
"352","ran352.hdr.69",-0.000964700000000002
"352","ran352.hdr.7",-0.0003446
"352","ran352.hdr.70",-0.00024505
"352","ran352.hdr.71",-0.000228699999999998
"352","ran352.hdr.72",-0.000819
"352","ran352.hdr.73",-0.000642299999999998
"352","ran352.hdr.74",0.000189100000000001
"352","ran352.hdr.75",-0.0053353
"352","ran352.hdr.76",-0.0017992
"352","ran352.hdr.77",-0.0006002
"352","ran352.hdr.78",-0.000365799999999999
"352","ran352.hdr.8",0.0001142
"352","ran352.hdr.9",-0.000401799999999999
"353","ran353.hdr.1",0.0000171999999999985
"353","ran353.hdr.10",-0.00026544
"353","ran353.hdr.11",0.0001315
"353","ran353.hdr.12",-0.000113727
"353","ran353.hdr.13",-0.0002232
"353","ran353.hdr.14",-0.00012237
"353","ran353.hdr.15",-0.000912500000000002
"353","ran353.hdr.16",-0.000435399999999999
"353","ran353.hdr.17",-0.000246100000000003
"353","ran353.hdr.18",-0.0003788
"353","ran353.hdr.19",-0.0025984
"353","ran353.hdr.2",-0.0004317
"353","ran353.hdr.20",-0.0000722500000000003
"353","ran353.hdr.21",-0.00031138
"353","ran353.hdr.22",-0.000292799999999999
"353","ran353.hdr.23",0.000144799999999999
"353","ran353.hdr.24",-0.0050666
"353","ran353.hdr.25",-0.00198339
"353","ran353.hdr.26",-0.000735299999999998
"353","ran353.hdr.27",-0.00000849999999999983
"353","ran353.hdr.28",-0.0009332
"353","ran353.hdr.29",-0.0002968
"353","ran353.hdr.3",-0.0000463000000000026
"353","ran353.hdr.30",-0.000505799999999999
"353","ran353.hdr.31",-0.0000886700000000001
"353","ran353.hdr.32",0.0000540300000000001
"353","ran353.hdr.33",-0.0000647699999999996
"353","ran353.hdr.34",-0.0000485800000000003
"353","ran353.hdr.35",-0.000306899999999999
"353","ran353.hdr.36",-0.0016596
"353","ran353.hdr.37",0.000131700000000002
"353","ran353.hdr.38",-0.0000280999999999997
"353","ran353.hdr.39",0.0013582
"353","ran353.hdr.4",-0.0037976
"353","ran353.hdr.40",-0.0020349
"353","ran353.hdr.41",-0.000034158
"353","ran353.hdr.42",0.00004863
"353","ran353.hdr.43",-0.0000990000000000001
"353","ran353.hdr.44",-0.0027789
"353","ran353.hdr.45",-0.0112283
"353","ran353.hdr.46",-0.000821700000000002
"353","ran353.hdr.47",-0.0014393
"353","ran353.hdr.48",-0.000568100000000002
"353","ran353.hdr.49",-0.000381660000000001
"353","ran353.hdr.5",0.0000743100000000002
"353","ran353.hdr.50",-0.0010313
"353","ran353.hdr.53",-0.000263810000000001
"353","ran353.hdr.54",0.0000525999999999999
"353","ran353.hdr.55",-0.0107924
"353","ran353.hdr.56",-0.0021629
"353","ran353.hdr.57",0.000010099999999999
"353","ran353.hdr.58",0.000228300000000001
"353","ran353.hdr.59",-0.000382200000000003
"353","ran353.hdr.6",-0.0021506
"353","ran353.hdr.60",-0.0027675
"353","ran353.hdr.61",-0.0011581
"353","ran353.hdr.62",-0.000420499999999999
"353","ran353.hdr.63",-0.0037906
"353","ran353.hdr.64",-0.000121900000000001
"353","ran353.hdr.65",-0.0002583
"353","ran353.hdr.66",-0.000649899999999998
"353","ran353.hdr.67",0.000162199999999999
"353","ran353.hdr.68",-0.000720800000000001
"353","ran353.hdr.69",-0.000630200000000001
"353","ran353.hdr.7",-0.0000151700000000001
"353","ran353.hdr.70",-0.000482799999999999
"353","ran353.hdr.71",-0.0021382
"353","ran353.hdr.72",-0.0021902
"353","ran353.hdr.73",-0.0016621
"353","ran353.hdr.74",-0.000894099999999998
"353","ran353.hdr.75",-0.000153199999999999
"353","ran353.hdr.76",-0.0000290799999999999
"353","ran353.hdr.77",-0.000547499999999999
"353","ran353.hdr.78",-0.000678990000000001
"353","ran353.hdr.8",0.00017944
"353","ran353.hdr.9",-0.0000844999999999995
"354","ran354.hdr.1",-0.0003084
"354","ran354.hdr.10",-0.0007992
"354","ran354.hdr.11",-0.0056035
"354","ran354.hdr.12",-0.00044229
"354","ran354.hdr.13",-0.00032649
"354","ran354.hdr.14",-0.001546
"354","ran354.hdr.15",-0.0006119
"354","ran354.hdr.16",-0.00020486
"354","ran354.hdr.17",-0.000358290000000001
"354","ran354.hdr.18",-0.0005371
"354","ran354.hdr.19",0.00024105
"354","ran354.hdr.2",-0.000239700000000001
"354","ran354.hdr.20",0.0000348000000000015
"354","ran354.hdr.21",-0.00032687
"354","ran354.hdr.22",0.000209899999999999
"354","ran354.hdr.23",-0.0005968
"354","ran354.hdr.24",-0.000911199999999997
"354","ran354.hdr.25",-0.000578499999999999
"354","ran354.hdr.26",-0.000997100000000001
"354","ran354.hdr.27",-0.0021765
"354","ran354.hdr.28",-0.00012475
"354","ran354.hdr.29",-0.000518899999999999
"354","ran354.hdr.3",0.0000546000000000001
"354","ran354.hdr.30",-0.000347700000000001
"354","ran354.hdr.31",-0.00068852
"354","ran354.hdr.32",-0.000383960000000001
"354","ran354.hdr.33",-0.000113400000000001
"354","ran354.hdr.34",0.000056719
"354","ran354.hdr.35",0.0000315000000000003
"354","ran354.hdr.36",-0.0014853
"354","ran354.hdr.37",-0.0044356
"354","ran354.hdr.38",-0.000784
"354","ran354.hdr.39",-0.0005206
"354","ran354.hdr.4",-0.0008068
"354","ran354.hdr.40",-0.0003333
"354","ran354.hdr.41",-0.000613500000000001
"354","ran354.hdr.42",0.0000920999999999995
"354","ran354.hdr.43",-0.000390949999999999
"354","ran354.hdr.44",-0.000266000000000002
"354","ran354.hdr.45",-0.0013356
"354","ran354.hdr.46",-0.0009972
"354","ran354.hdr.47",-0.0003076
"354","ran354.hdr.48",-0.000464300000000001
"354","ran354.hdr.49",-0.0004679
"354","ran354.hdr.5",-0.004515
"354","ran354.hdr.50",0.0000050100000000006
"354","ran354.hdr.51",-0.0037192
"354","ran354.hdr.52",-0.0010884
"354","ran354.hdr.53",-0.0030178
"354","ran354.hdr.54",-0.0021208
"354","ran354.hdr.55",-0.0000750999999999981
"354","ran354.hdr.56",-0.0010009
"354","ran354.hdr.57",0.000197900000000001
"354","ran354.hdr.58",0.0000156399999999999
"354","ran354.hdr.59",-0.00000727000000000019
"354","ran354.hdr.6",-0.000573799999999999
"354","ran354.hdr.60",-0.00021542
"354","ran354.hdr.61",-0.000697900000000001
"354","ran354.hdr.62",-0.0000235999999999986
"354","ran354.hdr.63",0.00011186
"354","ran354.hdr.64",-0.0001422
"354","ran354.hdr.65",-0.00274956
"354","ran354.hdr.66",-0.0003359
"354","ran354.hdr.67",-0.000604199999999999
"354","ran354.hdr.68",-0.0000134000000000002
"354","ran354.hdr.69",-0.0010644
"354","ran354.hdr.7",-0.0000987999999999996
"354","ran354.hdr.70",-0.0009818
"354","ran354.hdr.71",-0.0004049
"354","ran354.hdr.72",0.000398200000000001
"354","ran354.hdr.73",-0.0020758
"354","ran354.hdr.74",-0.000766199999999998
"354","ran354.hdr.75",-0.00118788
"354","ran354.hdr.76",-0.0032753
"354","ran354.hdr.77",0.0003078
"354","ran354.hdr.78",-0.0010028
"354","ran354.hdr.8",-0.000125199999999999
"354","ran354.hdr.9",-0.0001004
"355","ran355.hdr.1",-0.0024371
"355","ran355.hdr.10",NA
"355","ran355.hdr.11",-0.0000801099999999996
"355","ran355.hdr.12",-0.0013661
"355","ran355.hdr.13",-0.0003143
"355","ran355.hdr.14",-0.0011243
"355","ran355.hdr.15",-0.0008751
"355","ran355.hdr.16",-0.0003499
"355","ran355.hdr.17",-0.0004673
"355","ran355.hdr.18",-0.000274099999999999
"355","ran355.hdr.19",0.00045535
"355","ran355.hdr.2",-0.000637000000000002
"355","ran355.hdr.20",-0.000431160000000002
"355","ran355.hdr.21",0.0000675200000000006
"355","ran355.hdr.22",0.00011082
"355","ran355.hdr.23",-0.0007864
"355","ran355.hdr.24",-0.000159899999999999
"355","ran355.hdr.25",-0.0004364
"355","ran355.hdr.26",-0.0000786399999999996
"355","ran355.hdr.27",0.0001919
"355","ran355.hdr.28",-0.00068852
"355","ran355.hdr.29",-0.000464099999999999
"355","ran355.hdr.3",-0.0008313
"355","ran355.hdr.30",-0.0000663
"355","ran355.hdr.31",-0.0003193
"355","ran355.hdr.32",-0.000306500000000001
"355","ran355.hdr.33",0.000202000000000001
"355","ran355.hdr.34",0.00014714
"355","ran355.hdr.35",-0.0006558
"355","ran355.hdr.36",-0.000423400000000001
"355","ran355.hdr.37",-0.00035637
"355","ran355.hdr.38",-0.0001264
"355","ran355.hdr.39",-0.0008214
"355","ran355.hdr.4",-0.0000119299999999994
"355","ran355.hdr.40",0.0000239999999999997
"355","ran355.hdr.41",-0.000616299999999997
"355","ran355.hdr.42",-0.000730900000000001
"355","ran355.hdr.43",-0.0000572999999999997
"355","ran355.hdr.44",-0.000846200000000002
"355","ran355.hdr.45",-0.004276
"355","ran355.hdr.46",0.000389899999999999
"355","ran355.hdr.47",-0.0020892
"355","ran355.hdr.48",-0.000032588
"355","ran355.hdr.49",-0.000294639999999999
"355","ran355.hdr.5",-0.00120107
"355","ran355.hdr.50",-0.000713800000000001
"355","ran355.hdr.51",-0.00027166
"355","ran355.hdr.52",-0.00073805
"355","ran355.hdr.53",0.00031291
"355","ran355.hdr.54",-0.000421599999999999
"355","ran355.hdr.55",0.000533059999999999
"355","ran355.hdr.56",-0.0003833
"355","ran355.hdr.58",-0.000602269999999999
"355","ran355.hdr.59",-0.000999000000000003
"355","ran355.hdr.6",-0.0000301099999999999
"355","ran355.hdr.60",-0.0004244
"355","ran355.hdr.61",-0.000964599999999999
"355","ran355.hdr.62",-0.00050468
"355","ran355.hdr.63",-0.0038969
"355","ran355.hdr.64",-0.0013065
"355","ran355.hdr.65",-0.000312099999999999
"355","ran355.hdr.66",-0.0012091
"355","ran355.hdr.67",0.0000770000000000007
"355","ran355.hdr.68",-0.000834999999999999
"355","ran355.hdr.69",-0.0004019
"355","ran355.hdr.7",-0.000635699999999999
"355","ran355.hdr.70",-0.0010769
"355","ran355.hdr.71",-0.000481599999999999
"355","ran355.hdr.72",-0.0014309
"355","ran355.hdr.73",-0.0021902
"355","ran355.hdr.74",-0.00050556
"355","ran355.hdr.75",-0.00062796
"355","ran355.hdr.76",-0.002875
"355","ran355.hdr.77",-0.0004762
"355","ran355.hdr.78",0.0000916000000000007
"355","ran355.hdr.8",0.00000320000000000008
"355","ran355.hdr.9",-0.0006119
"356","ran356.hdr.1",-0.00011342
"356","ran356.hdr.10",-0.0050149
"356","ran356.hdr.11",-0.0051096
"356","ran356.hdr.12",-0.00071284
"356","ran356.hdr.13",-0.0008936
"356","ran356.hdr.14",-0.000358290000000001
"356","ran356.hdr.15",-0.000292249999999999
"356","ran356.hdr.16",-0.00013863
"356","ran356.hdr.17",0.0000509400000000002
"356","ran356.hdr.18",-0.0006374
"356","ran356.hdr.19",-0.0005673
"356","ran356.hdr.2",-0.0025708
"356","ran356.hdr.20",-0.00008435
"356","ran356.hdr.21",0.0000675200000000006
"356","ran356.hdr.22",-0.000473100000000001
"356","ran356.hdr.23",-0.0002951
"356","ran356.hdr.24",-0.000919
"356","ran356.hdr.25",-0.0015418
"356","ran356.hdr.26",-0.000841600000000001
"356","ran356.hdr.27",-0.001862
"356","ran356.hdr.28",-0.000767400000000001
"356","ran356.hdr.29",-0.0015342
"356","ran356.hdr.3",-0.0023191
"356","ran356.hdr.30",-0.00032336
"356","ran356.hdr.31",-0.0002915
"356","ran356.hdr.32",0.000354859999999999
"356","ran356.hdr.33",-0.00009449
"356","ran356.hdr.34",-0.000541900000000001
"356","ran356.hdr.35",-0.000420199999999999
"356","ran356.hdr.36",0.000361699999999998
"356","ran356.hdr.37",-0.0000774399999999998
"356","ran356.hdr.38",-0.000267450000000001
"356","ran356.hdr.39",-0.000613500000000001
"356","ran356.hdr.4",0.0006064
"356","ran356.hdr.40",0.000166100000000001
"356","ran356.hdr.41",-0.0001543
"356","ran356.hdr.42",0.000276050000000002
"356","ran356.hdr.43",-0.000480400000000001
"356","ran356.hdr.44",0.0003598
"356","ran356.hdr.45",-0.0001264
"356","ran356.hdr.46",-0.000392100000000001
"356","ran356.hdr.47",-0.0012739
"356","ran356.hdr.48",-0.0000119000000000005
"356","ran356.hdr.49",0.000074900000000001
"356","ran356.hdr.5",0.0000271099999999986
"356","ran356.hdr.50",-0.0016134
"356","ran356.hdr.51",-0.00001509
"356","ran356.hdr.52",-0.0028342
"356","ran356.hdr.53",-0.0041082
"356","ran356.hdr.54",-0.000436799999999998
"356","ran356.hdr.55",-0.000209999999999998
"356","ran356.hdr.56",-0.0013068
"356","ran356.hdr.57",-0.00045368
"356","ran356.hdr.58",-0.00022903
"356","ran356.hdr.59",-0.00022893
"356","ran356.hdr.6",-0.0014125
"356","ran356.hdr.60",-0.0005941
"356","ran356.hdr.61",0.000532300000000001
"356","ran356.hdr.62",-0.0007711
"356","ran356.hdr.63",-0.0015743
"356","ran356.hdr.64",0.000413299999999998
"356","ran356.hdr.65",-0.0012591
"356","ran356.hdr.66",-0.00017847
"356","ran356.hdr.67",-0.0002325
"356","ran356.hdr.68",-0.0005728
"356","ran356.hdr.69",-0.0013204
"356","ran356.hdr.7",-0.0049685
"356","ran356.hdr.70",-0.0005631
"356","ran356.hdr.71",-0.0096339
"356","ran356.hdr.72",-0.0001492
"356","ran356.hdr.73",-0.0000469999999999984
"356","ran356.hdr.74",-0.000579
"356","ran356.hdr.75",-0.0021382
"356","ran356.hdr.76",-0.0035566
"356","ran356.hdr.77",-0.0064447
"356","ran356.hdr.78",-0.0015052
"356","ran356.hdr.8",-0.0031521
"356","ran356.hdr.9",-0.01541877
"357","ran357.hdr.1",0.000127499999999999
"357","ran357.hdr.10",-0.0007343
"357","ran357.hdr.11",-0.0011481
"357","ran357.hdr.12",-0.000824699999999999
"357","ran357.hdr.13",0.000321200000000001
"357","ran357.hdr.14",-0.0004112
"357","ran357.hdr.15",-0.000404499999999999
"357","ran357.hdr.16",-0.0009639
"357","ran357.hdr.17",-0.0022008
"357","ran357.hdr.18",0.00007813
"357","ran357.hdr.19",-0.0006201
"357","ran357.hdr.2",-0.000739499999999999
"357","ran357.hdr.20",-0.0000777700000000004
"357","ran357.hdr.21",0.000431030000000001
"357","ran357.hdr.22",-0.000121709999999999
"357","ran357.hdr.23",-0.0002538
"357","ran357.hdr.24",-0.00013483
"357","ran357.hdr.25",0.0000461000000000003
"357","ran357.hdr.26",0.000504299999999999
"357","ran357.hdr.27",-0.000643000000000001
"357","ran357.hdr.28",-0.01414423
"357","ran357.hdr.29",-0.0025053
"357","ran357.hdr.3",-0.0013435
"357","ran357.hdr.30",-0.0000862000000000016
"357","ran357.hdr.31",-0.0008564
"357","ran357.hdr.32",0.000381299999999999
"357","ran357.hdr.33",-0.000488800000000001
"357","ran357.hdr.34",-0.00048092
"357","ran357.hdr.35",-0.0013621
"357","ran357.hdr.36",-0.000753500000000001
"357","ran357.hdr.37",-0.000773600000000003
"357","ran357.hdr.38",-0.00065478
"357","ran357.hdr.39",-0.0010055
"357","ran357.hdr.4",-0.00046909
"357","ran357.hdr.40",-0.000408800000000001
"357","ran357.hdr.41",-0.00042634
"357","ran357.hdr.42",-0.0005222
"357","ran357.hdr.43",0.0000662000000000006
"357","ran357.hdr.44",-0.0012528
"357","ran357.hdr.45",0.00015401
"357","ran357.hdr.46",0.000694520000000001
"357","ran357.hdr.47",-0.00029094
"357","ran357.hdr.48",-0.000749
"357","ran357.hdr.49",0.000197100000000002
"357","ran357.hdr.5",-0.0003713
"357","ran357.hdr.50",-0.0023439
"357","ran357.hdr.51",0.000169599999999999
"357","ran357.hdr.52",0.0000691835
"357","ran357.hdr.53",-0.00045368
"357","ran357.hdr.54",-0.0001373
"357","ran357.hdr.55",-0.000070321
"357","ran357.hdr.56",-0.0021164
"357","ran357.hdr.57",-0.000753399999999998
"357","ran357.hdr.58",-0.0000972000000000004
"357","ran357.hdr.59",-0.000999000000000003
"357","ran357.hdr.6",-0.0007992
"357","ran357.hdr.60",-0.0010964
"357","ran357.hdr.61",0.0007899
"357","ran357.hdr.62",-0.0044594
"357","ran357.hdr.63",-0.000320829999999999
"357","ran357.hdr.64",-0.0003709
"357","ran357.hdr.65",0.000272909999999999
"357","ran357.hdr.66",-0.00040548
"357","ran357.hdr.67",0.00025289
"357","ran357.hdr.68",-0.000889800000000001
"357","ran357.hdr.69",-0.0013312
"357","ran357.hdr.7",-0.0002272
"357","ran357.hdr.70",-0.0023812
"357","ran357.hdr.71",-0.00063214
"357","ran357.hdr.72",-0.0038792
"357","ran357.hdr.73",-0.000482799999999999
"357","ran357.hdr.74",-0.000276999999999999
"357","ran357.hdr.75",-0.000424799999999999
"357","ran357.hdr.76",-0.002875
"357","ran357.hdr.77",-0.000365799999999999
"357","ran357.hdr.78",-0.0005872
"357","ran357.hdr.8",0.0000372000000000011
"357","ran357.hdr.9",-0.0005643
"358","ran358.hdr.1",-0.00040682
"358","ran358.hdr.10",-0.000032131
"358","ran358.hdr.11",-0.00039314
"358","ran358.hdr.12",-0.000824699999999999
"358","ran358.hdr.13",-0.00032312
"358","ran358.hdr.14",0.000681399999999999
"358","ran358.hdr.15",-0.000657
"358","ran358.hdr.16",-0.000934500000000001
"358","ran358.hdr.17",-0.00026376
"358","ran358.hdr.18",-0.00038126
"358","ran358.hdr.19",-0.000948300000000003
"358","ran358.hdr.2",-0.000149890000000001
"358","ran358.hdr.20",-0.000646799999999999
"358","ran358.hdr.21",-0.0000984000000000002
"358","ran358.hdr.22",-0.000796499999999999
"358","ran358.hdr.23",-0.0002137
"358","ran358.hdr.24",-0.00141581
"358","ran358.hdr.25",-0.00046126
"358","ran358.hdr.26",-0.00034293
"358","ran358.hdr.27",0.00017261
"358","ran358.hdr.28",-0.000189700000000001
"358","ran358.hdr.29",-0.000292629999999999
"358","ran358.hdr.3",-0.0000461999999999997
"358","ran358.hdr.30",-0.000156699999999999
"358","ran358.hdr.31",-0.0000683100000000002
"358","ran358.hdr.32",-0.000875799999999999
"358","ran358.hdr.33",-0.000214700000000002
"358","ran358.hdr.34",-0.0010094
"358","ran358.hdr.35",0.000237399999999999
"358","ran358.hdr.36",-0.000207300000000001
"358","ran358.hdr.37",-0.0001607
"358","ran358.hdr.38",-0.0023474
"358","ran358.hdr.39",-0.000311799999999999
"358","ran358.hdr.4",0.000317900000000001
"358","ran358.hdr.40",0.000017147
"358","ran358.hdr.41",-0.0031654
"358","ran358.hdr.42",-0.004276
"358","ran358.hdr.43",-0.00017032
"358","ran358.hdr.44",-0.0003459
"358","ran358.hdr.45",0.0000792999999999992
"358","ran358.hdr.46",-0.000837099999999999
"358","ran358.hdr.47",0.0000226999999999988
"358","ran358.hdr.48",-0.00035604
"358","ran358.hdr.49",-0.0047786
"358","ran358.hdr.5",-0.0023
"358","ran358.hdr.50",-0.000991599999999999
"358","ran358.hdr.51",-0.000764300000000002
"358","ran358.hdr.52",-0.00032049
"358","ran358.hdr.53",-0.000117300000000001
"358","ran358.hdr.54",-0.00029748
"358","ran358.hdr.55",-0.000102300000000001
"358","ran358.hdr.56",0.00039781
"358","ran358.hdr.57",-0.000694199999999999
"358","ran358.hdr.58",-0.001153
"358","ran358.hdr.59",-0.000728099999999999
"358","ran358.hdr.6",-0.0051096
"358","ran358.hdr.60",-0.00038507
"358","ran358.hdr.61",-0.000746799999999999
"358","ran358.hdr.62",-0.0001548
"358","ran358.hdr.63",0.0000100400000000002
"358","ran358.hdr.64",0.000264199999999999
"358","ran358.hdr.65",-0.00024239
"358","ran358.hdr.66",-0.0014755
"358","ran358.hdr.67",-0.000727199999999997
"358","ran358.hdr.68",0.000401200000000001
"358","ran358.hdr.69",-0.00031509
"358","ran358.hdr.7",-0.00037472
"358","ran358.hdr.70",-0.000681889999999999
"358","ran358.hdr.71",-0.00672884
"358","ran358.hdr.72",-0.0014372
"358","ran358.hdr.73",-0.0015712
"358","ran358.hdr.74",NA
"358","ran358.hdr.75",0.00060482
"358","ran358.hdr.76",-0.000630200000000001
"358","ran358.hdr.77",-0.0008091
"358","ran358.hdr.78",-0.000584000000000001
"358","ran358.hdr.8",0.0000106099999999994
"358","ran358.hdr.9",-0.0000293999999999989
"359","ran359.hdr.1",-0.000326900000000001
"359","ran359.hdr.10",-0.0066937
"359","ran359.hdr.11",-0.0026706
"359","ran359.hdr.12",-0.0109775
"359","ran359.hdr.13",0.0001142
"359","ran359.hdr.14",-0.0011386
"359","ran359.hdr.15",-0.0011243
"359","ran359.hdr.16",0.000209899999999999
"359","ran359.hdr.17",-0.00062684
"359","ran359.hdr.18",-0.0005187
"359","ran359.hdr.19",-0.0002961
"359","ran359.hdr.2",0.00068582
"359","ran359.hdr.20",-0.00082745
"359","ran359.hdr.21",-0.000168399999999999
"359","ran359.hdr.22",-0.0000854700000000007
"359","ran359.hdr.23",-0.0018782
"359","ran359.hdr.24",0.00050915
"359","ran359.hdr.25",-0.0000437000000000007
"359","ran359.hdr.26",-0.0016942
"359","ran359.hdr.27",-0.000686199999999998
"359","ran359.hdr.28",-0.001596
"359","ran359.hdr.29",-0.000241700000000001
"359","ran359.hdr.3",-0.000740699999999999
"359","ran359.hdr.30",-0.0024132
"359","ran359.hdr.31",-0.000890400000000001
"359","ran359.hdr.32",0.000223299999999999
"359","ran359.hdr.33",-0.000336700000000001
"359","ran359.hdr.34",-0.000285000000000001
"359","ran359.hdr.35",-0.0011926
"359","ran359.hdr.36",-0.00044134
"359","ran359.hdr.37",-0.0009823
"359","ran359.hdr.38",-0.001081
"359","ran359.hdr.39",-0.000968999999999999
"359","ran359.hdr.4",-0.0000914000000000002
"359","ran359.hdr.40",-0.0000747000000000005
"359","ran359.hdr.41",-0.00013584
"359","ran359.hdr.42",-0.00087888
"359","ran359.hdr.43",-0.000423400000000001
"359","ran359.hdr.44",-0.000692499999999999
"359","ran359.hdr.45",-0.0016134
"359","ran359.hdr.46",-0.000189699999999999
"359","ran359.hdr.47",-0.000023311
"359","ran359.hdr.48",-0.0012169
"359","ran359.hdr.49",0.00002906
"359","ran359.hdr.5",0.000214480000000001
"359","ran359.hdr.50",-0.00074314
"359","ran359.hdr.51",0.0000892000000000011
"359","ran359.hdr.52",-0.0016606
"359","ran359.hdr.53",-0.0012038
"359","ran359.hdr.54",0.000078332
"359","ran359.hdr.55",-0.00155443
"359","ran359.hdr.56",0.0003446
"359","ran359.hdr.57",0.0000941399999999995
"359","ran359.hdr.59",-0.000121599999999999
"359","ran359.hdr.6",-0.0025737
"359","ran359.hdr.60",-0.0017637
"359","ran359.hdr.61",0.0000675999999999993
"359","ran359.hdr.62",-0.000781200000000003
"359","ran359.hdr.63",-0.000914999999999999
"359","ran359.hdr.64",-0.0005187
"359","ran359.hdr.65",-0.0005761
"359","ran359.hdr.66",-0.000448899999999999
"359","ran359.hdr.67",-0.000417899999999999
"359","ran359.hdr.68",-0.0023424
"359","ran359.hdr.69",-0.000407000000000001
"359","ran359.hdr.7",-0.000290820000000001
"359","ran359.hdr.70",-0.000798899999999998
"359","ran359.hdr.71",0.0006011
"359","ran359.hdr.72",-0.0009751
"359","ran359.hdr.73",-0.0012012
"359","ran359.hdr.74",-0.000471699999999999
"359","ran359.hdr.75",-0.0021382
"359","ran359.hdr.76",-0.0064447
"359","ran359.hdr.77",-0.000616800000000001
"359","ran359.hdr.78",-0.000476600000000001
"359","ran359.hdr.8",-0.0000395000000000013
"359","ran359.hdr.9",-0.0046226
"360","ran360.hdr.1",0.00000133999999999985
"360","ran360.hdr.10",-0.0049685
"360","ran360.hdr.11",-0.01685291
"360","ran360.hdr.12",-0.0034598
"360","ran360.hdr.13",-0.000130499999999999
"360","ran360.hdr.14",-0.0000446999999999999
"360","ran360.hdr.15",-0.00018433
"360","ran360.hdr.16",0.00000845800000000001
"360","ran360.hdr.17",-0.0000191000000000002
"360","ran360.hdr.18",-0.00024315
"360","ran360.hdr.19",-0.0000984200000000001
"360","ran360.hdr.2",0.0005404
"360","ran360.hdr.20",-0.000118400000000001
"360","ran360.hdr.21",-0.0000559799999999997
"360","ran360.hdr.22",-0.0013508
"360","ran360.hdr.23",-0.0003742
"360","ran360.hdr.24",0.0000243300000000001
"360","ran360.hdr.25",-0.0005322
"360","ran360.hdr.26",-0.000110299999999999
"360","ran360.hdr.27",-0.0025867
"360","ran360.hdr.28",-0.000473700000000001
"360","ran360.hdr.29",-0.0004364
"360","ran360.hdr.3",-0.0012185
"360","ran360.hdr.30",-0.0014725
"360","ran360.hdr.31",-0.0025725
"360","ran360.hdr.32",-0.0013931
"360","ran360.hdr.33",-0.0000834099999999999
"360","ran360.hdr.34",-0.0000385899999999998
"360","ran360.hdr.35",-0.000292629999999999
"360","ran360.hdr.36",-0.000143009999999999
"360","ran360.hdr.37",-0.00024082
"360","ran360.hdr.38",-0.00069205
"360","ran360.hdr.39",-0.0065131
"360","ran360.hdr.4",-0.0000461999999999997
"360","ran360.hdr.40",0.000720500000000002
"360","ran360.hdr.41",0.000205900000000002
"360","ran360.hdr.42",0.0010176
"360","ran360.hdr.43",-0.000126000000000001
"360","ran360.hdr.44",-0.0004972
"360","ran360.hdr.45",-0.000507200000000003
"360","ran360.hdr.46",-0.00070169
"360","ran360.hdr.47",0.000361500000000001
"360","ran360.hdr.48",-0.0001543
"360","ran360.hdr.49",-0.00087888
"360","ran360.hdr.5",-0.000849200000000001
"360","ran360.hdr.50",-0.0021991
"360","ran360.hdr.51",0.00002906
"360","ran360.hdr.52",-0.00017032
"360","ran360.hdr.53",-0.000207300000000001
"360","ran360.hdr.54",-0.000945399999999999
"360","ran360.hdr.55",-0.0135865
"360","ran360.hdr.56",-0.0014054
"360","ran360.hdr.57",-0.0004831
"360","ran360.hdr.58",0.0000198999999999998
"360","ran360.hdr.59",-0.000586400000000001
"360","ran360.hdr.6",-0.0023043
"360","ran360.hdr.60",-0.000796399999999999
"360","ran360.hdr.61",-0.00034376
"360","ran360.hdr.62",-0.00073559
"360","ran360.hdr.63",-0.000293069999999999
"360","ran360.hdr.64",-0.0001829
"360","ran360.hdr.65",-0.000763170000000001
"360","ran360.hdr.66",-0.001222
"360","ran360.hdr.67",-0.000738799999999998
"360","ran360.hdr.68",-0.000616799999999997
"360","ran360.hdr.69",-0.00012416
"360","ran360.hdr.7",-0.0001004
"360","ran360.hdr.70",-0.00740309
"360","ran360.hdr.71",-0.0010023
"360","ran360.hdr.72",0.0001677
"360","ran360.hdr.73",-0.0010284
"360","ran360.hdr.74",-0.0022069
"360","ran360.hdr.75",-0.0017992
"360","ran360.hdr.76",0.000375
"360","ran360.hdr.77",-0.0000447299999999998
"360","ran360.hdr.78",-0.0016399
"360","ran360.hdr.8",-0.000290820000000001
"360","ran360.hdr.9",0.000559200000000003
"361","ran361.hdr.1",-0.000807899999999999
"361","ran361.hdr.10",-0.00071959
"361","ran361.hdr.11",-0.001482
"361","ran361.hdr.12",-0.0008164
"361","ran361.hdr.13",-0.00039311
"361","ran361.hdr.14",-0.00019801
"361","ran361.hdr.15",-0.0007861
"361","ran361.hdr.16",0.0001919
"361","ran361.hdr.17",-0.00024889
"361","ran361.hdr.18",-0.00018809
"361","ran361.hdr.19",0.0000345999999999992
"361","ran361.hdr.2",-0.0008068
"361","ran361.hdr.20",-0.00035935
"361","ran361.hdr.21",-0.0002793
"361","ran361.hdr.22",-0.000531400000000001
"361","ran361.hdr.23",-0.0018392
"361","ran361.hdr.24",0.0000578999999999996
"361","ran361.hdr.25",-0.000613500000000001
"361","ran361.hdr.26",-0.0003861
"361","ran361.hdr.27",-0.0004022
"361","ran361.hdr.28",-0.000643399999999999
"361","ran361.hdr.29",-0.002021
"361","ran361.hdr.3",-0.000111760000000001
"361","ran361.hdr.30",0.000375199999999999
"361","ran361.hdr.31",-0.0026491
"361","ran361.hdr.32",-0.000870699999999999
"361","ran361.hdr.33",-0.00112666
"361","ran361.hdr.34",-0.0015836
"361","ran361.hdr.35",0.0000045761
"361","ran361.hdr.36",-0.0000446000000000005
"361","ran361.hdr.37",-0.0041082
"361","ran361.hdr.38",-0.0076935
"361","ran361.hdr.39",-0.0004522
"361","ran361.hdr.4",-0.0028401
"361","ran361.hdr.40",0.0000920999999999995
"361","ran361.hdr.41",0.00002906
"361","ran361.hdr.42",-0.000940400000000001
"361","ran361.hdr.43",-0.000294639999999999
"361","ran361.hdr.44",-0.0000781000000000011
"361","ran361.hdr.45",-0.0001382
"361","ran361.hdr.46",-0.000425500000000001
"361","ran361.hdr.47",-0.00031891
"361","ran361.hdr.48",-0.000175950000000001
"361","ran361.hdr.49",-0.0002815
"361","ran361.hdr.5",-0.00044229
"361","ran361.hdr.50",-0.00000449999999999995
"361","ran361.hdr.52",-0.0002454
"361","ran361.hdr.53",-0.0004551
"361","ran361.hdr.54",-0.0000330300000000016
"361","ran361.hdr.55",0.000129292
"361","ran361.hdr.56",-0.0018888
"361","ran361.hdr.57",-0.0011067
"361","ran361.hdr.58",-0.0001422
"361","ran361.hdr.59",-0.0016226
"361","ran361.hdr.6",-0.00017739
"361","ran361.hdr.60",0.0003354
"361","ran361.hdr.61",-0.0011581
"361","ran361.hdr.62",-0.00031509
"361","ran361.hdr.63",-0.0000338000000000005
"361","ran361.hdr.64",-0.000112899999999999
"361","ran361.hdr.65",-0.0000400999999999995
"361","ran361.hdr.66",-0.000798899999999998
"361","ran361.hdr.67",0.00000999999999999959
"361","ran361.hdr.68",0.00060482
"361","ran361.hdr.69",-0.0007229
"361","ran361.hdr.7",-0.0035262
"361","ran361.hdr.70",-0.0013741
"361","ran361.hdr.71",-0.000590700000000003
"361","ran361.hdr.72",0.000560000000000001
"361","ran361.hdr.73",-0.0027169
"361","ran361.hdr.74",-0.0003706
"361","ran361.hdr.75",-0.0013547
"361","ran361.hdr.76",-0.000894099999999998
"361","ran361.hdr.77",-0.0001402
"361","ran361.hdr.78",-0.000802599999999999
"361","ran361.hdr.8",-0.0011219
"361","ran361.hdr.9",-0.00006411
"362","ran362.hdr.1",-0.0003622
"362","ran362.hdr.10",-0.0034598
"362","ran362.hdr.11",-0.000675400000000003
"362","ran362.hdr.12",-0.00137783
"362","ran362.hdr.13",-0.0007343
"362","ran362.hdr.14",-0.000232599999999999
"362","ran362.hdr.15",-0.0000117999999999993
"362","ran362.hdr.16",-0.0010879
"362","ran362.hdr.17",-0.0002267
"362","ran362.hdr.18",-0.000409099999999999
"362","ran362.hdr.19",0.00047357
"362","ran362.hdr.2",-0.0026949
"362","ran362.hdr.20",-0.0004673
"362","ran362.hdr.21",-0.0010596
"362","ran362.hdr.22",-0.0003742
"362","ran362.hdr.23",-0.0005968
"362","ran362.hdr.24",-0.00102123
"362","ran362.hdr.25",-0.0008164
"362","ran362.hdr.26",NA
"362","ran362.hdr.27",0.0001817
"362","ran362.hdr.28",-0.000248100000000001
"362","ran362.hdr.29",-0.000997100000000001
"362","ran362.hdr.3",0.000273800000000001
"362","ran362.hdr.30",-0.0014586
"362","ran362.hdr.31",-0.00032336
"362","ran362.hdr.32",-0.000232900000000001
"362","ran362.hdr.33",-0.0000800499999999999
"362","ran362.hdr.34",-0.00060842
"362","ran362.hdr.35",-0.00028711
"362","ran362.hdr.36",0.000666629999999999
"362","ran362.hdr.37",0.000720500000000002
"362","ran362.hdr.38",-0.000480399999999999
"362","ran362.hdr.39",-0.000830900000000002
"362","ran362.hdr.4",-0.0000914000000000002
"362","ran362.hdr.40",-0.0009332
"362","ran362.hdr.41",-0.0013224
"362","ran362.hdr.42",-0.000507200000000003
"362","ran362.hdr.43",-0.0007116
"362","ran362.hdr.44",-0.001986
"362","ran362.hdr.45",-0.0013738
"362","ran362.hdr.46",0.00042818
"362","ran362.hdr.47",-0.000408800000000001
"362","ran362.hdr.48",-0.0002851
"362","ran362.hdr.49",-0.000518399999999999
"362","ran362.hdr.5",-0.0004437
"362","ran362.hdr.50",NA
"362","ran362.hdr.51",-0.0016606
"362","ran362.hdr.52",-0.000510450000000001
"362","ran362.hdr.53",-0.00073805
"362","ran362.hdr.54",0.00031291
"362","ran362.hdr.55",-0.00000449999999999995
"362","ran362.hdr.58",-0.000162300000000001
"362","ran362.hdr.59",-0.0004492
"362","ran362.hdr.6",-0.0053867
"362","ran362.hdr.60",-0.0017637
"362","ran362.hdr.61",0.000003000000000003
"362","ran362.hdr.62",0.0000522999999999999
"362","ran362.hdr.63",-0.000404369999999999
"362","ran362.hdr.64",-0.0000853
"362","ran362.hdr.65",-0.0005761
"362","ran362.hdr.66",-0.0010327
"362","ran362.hdr.67",-0.0028229
"362","ran362.hdr.68",-0.000692700000000001
"362","ran362.hdr.69",0.000341000000000001
"362","ran362.hdr.7",-0.0033457
"362","ran362.hdr.70",-0.0000167600000000002
"362","ran362.hdr.71",-0.0015712
"362","ran362.hdr.72",-0.000896399999999999
"362","ran362.hdr.73",-0.000870200000000002
"362","ran362.hdr.74",0.000127200000000001
"362","ran362.hdr.75",-0.0004873
"362","ran362.hdr.76",-0.0000157000000000004
"362","ran362.hdr.77",-0.00118788
"362","ran362.hdr.78",-0.000487700000000001
"362","ran362.hdr.8",-0.0029094
"362","ran362.hdr.9",-0.0012059
"363","ran363.hdr.1",-0.0016682
"363","ran363.hdr.10",-0.000416400000000001
"363","ran363.hdr.11",-0.0000712300000000003
"363","ran363.hdr.12",-0.000348220000000002
"363","ran363.hdr.13",-0.000136260000000001
"363","ran363.hdr.14",-0.0021765
"363","ran363.hdr.15",-0.000509900000000001
"363","ran363.hdr.16",-0.0025867
"363","ran363.hdr.17",-0.0026503
"363","ran363.hdr.18",-0.00029554
"363","ran363.hdr.19",-0.000383960000000001
"363","ran363.hdr.2",-0.0003383
"363","ran363.hdr.20",-0.0001311
"363","ran363.hdr.21",0.0000498999999999999
"363","ran363.hdr.22",-0.000310299999999999
"363","ran363.hdr.23",-0.0051598
"363","ran363.hdr.24",0.000271899999999999
"363","ran363.hdr.25",-0.000478900000000001
"363","ran363.hdr.26",-0.0004972
"363","ran363.hdr.27",-0.000287379999999999
"363","ran363.hdr.28",-0.00087888
"363","ran363.hdr.29",-0.0006558
"363","ran363.hdr.3",-0.000180700000000001
"363","ran363.hdr.30",-0.000412399999999999
"363","ran363.hdr.31",-0.0003798
"363","ran363.hdr.32",-0.000942499999999999
"363","ran363.hdr.33",-0.00037394
"363","ran363.hdr.34",-0.0030178
"363","ran363.hdr.35",-0.000308399999999999
"363","ran363.hdr.36",-0.000379500000000001
"363","ran363.hdr.37",-0.00065478
"363","ran363.hdr.38",-0.00034381
"363","ran363.hdr.39",-0.000023311
"363","ran363.hdr.4",-0.0054872
"363","ran363.hdr.40",-0.00068416
"363","ran363.hdr.41",-0.000982800000000002
"363","ran363.hdr.42",0.00002906
"363","ran363.hdr.43",-0.000207299999999999
"363","ran363.hdr.44",-0.0012528
"363","ran363.hdr.45",-0.0030547
"363","ran363.hdr.46",NA
"363","ran363.hdr.47",0.0009291
"363","ran363.hdr.48",-0.0006896
"363","ran363.hdr.49",0.0000941399999999995
"363","ran363.hdr.5",-0.0035328
"363","ran363.hdr.51",-0.000102700000000001
"363","ran363.hdr.52",-0.000331
"363","ran363.hdr.53",-0.000455400000000002
"363","ran363.hdr.54",-0.000290100000000001
"363","ran363.hdr.55",-0.0010347
"363","ran363.hdr.56",-0.000778600000000001
"363","ran363.hdr.57",-0.00084326
"363","ran363.hdr.58",-0.0021686
"363","ran363.hdr.59",-0.0016226
"363","ran363.hdr.6",0.000191600000000002
"363","ran363.hdr.60",0.000465999999999999
"363","ran363.hdr.61",-0.00045068
"363","ran363.hdr.62",-0.000328449999999999
"363","ran363.hdr.63",-0.000681889999999999
"363","ran363.hdr.64",-0.0000376999999999999
"363","ran363.hdr.65",-0.000179800000000001
"363","ran363.hdr.66",-0.0007443
"363","ran363.hdr.67",-0.000401100000000001
"363","ran363.hdr.68",-0.00021431
"363","ran363.hdr.69",-0.0032984
"363","ran363.hdr.7",-0.000681099999999999
"363","ran363.hdr.70",0.0000524000000000011
"363","ran363.hdr.71",-0.0005033
"363","ran363.hdr.72",-0.0013232
"363","ran363.hdr.73",-0.0011457
"363","ran363.hdr.74",-0.000766199999999998
"363","ran363.hdr.75",-0.0014027
"363","ran363.hdr.76",-0.000894099999999998
"363","ran363.hdr.77",-0.0005872
"363","ran363.hdr.78",-0.0014428
"363","ran363.hdr.8",-0.0000281999999999991
"363","ran363.hdr.9",-0.0000167599999999993
"364","ran364.hdr.1",-0.0011152
"364","ran364.hdr.10",-0.0008936
"364","ran364.hdr.11",-0.000309469999999999
"364","ran364.hdr.12",-0.000374649999999999
"364","ran364.hdr.13",-0.0000057098
"364","ran364.hdr.14",-0.00013863
"364","ran364.hdr.15",-0.000679800000000001
"364","ran364.hdr.16",-0.000808199999999999
"364","ran364.hdr.17",-0.000414400000000001
"364","ran364.hdr.18",-0.000351200000000001
"364","ran364.hdr.19",-0.0000692999999999996
"364","ran364.hdr.2",-0.0007133
"364","ran364.hdr.20",-0.000168099999999999
"364","ran364.hdr.21",-0.000168399999999999
"364","ran364.hdr.22",-0.0008164
"364","ran364.hdr.23",-0.000288400000000001
"364","ran364.hdr.24",-0.0000985999999999973
"364","ran364.hdr.25",-0.0010804
"364","ran364.hdr.26",0.0000514499999999998
"364","ran364.hdr.27",-0.0001248
"364","ran364.hdr.28",0.0001034
"364","ran364.hdr.29",-0.0003788
"364","ran364.hdr.3",-0.000184100000000001
"364","ran364.hdr.30",-0.0025725
"364","ran364.hdr.31",-0.000759340000000001
"364","ran364.hdr.32",-0.0002773
"364","ran364.hdr.33",0.000313819999999999
"364","ran364.hdr.34",-0.0001311
"364","ran364.hdr.35",-0.000464099999999999
"364","ran364.hdr.36",-0.000156699999999999
"364","ran364.hdr.37",0.0000134599999999999
"364","ran364.hdr.38",-0.000507499999999999
"364","ran364.hdr.39",-0.000450470000000001
"364","ran364.hdr.4",0.000559200000000003
"364","ran364.hdr.40",-0.0018846
"364","ran364.hdr.41",-0.000784
"364","ran364.hdr.42",-0.0000774399999999998
"364","ran364.hdr.43",0.0001516
"364","ran364.hdr.44",-0.000583
"364","ran364.hdr.45",-0.000944
"364","ran364.hdr.46",-0.0012739
"364","ran364.hdr.47",-0.0002126
"364","ran364.hdr.48",-0.000571099999999998
"364","ran364.hdr.49",0.0000197800000000001
"364","ran364.hdr.5",-0.000233200000000003
"364","ran364.hdr.50",-0.000924000000000001
"364","ran364.hdr.51",-0.000713800000000001
"364","ran364.hdr.52",0.0000833999999999991
"364","ran364.hdr.53",0.0000530699999999997
"364","ran364.hdr.54",-0.0001647
"364","ran364.hdr.55",-0.00018992
"364","ran364.hdr.56",-0.0031055
"364","ran364.hdr.57",-0.0012793
"364","ran364.hdr.58",0.0000691835
"364","ran364.hdr.59",-0.0003833
"364","ran364.hdr.6",-0.00017145
"364","ran364.hdr.60",-0.00029748
"364","ran364.hdr.61",-0.0010605
"364","ran364.hdr.62",-0.0180869
"364","ran364.hdr.63",-0.0001288
"364","ran364.hdr.64",-0.000838799999999997
"364","ran364.hdr.65",-0.0029365
"364","ran364.hdr.66",-0.0012643
"364","ran364.hdr.67",-0.0003435
"364","ran364.hdr.68",-0.0013204
"364","ran364.hdr.69",-0.0005082
"364","ran364.hdr.7",-0.0013379
"364","ran364.hdr.70",0.000539400000000001
"364","ran364.hdr.71",-0.000276200000000001
"364","ran364.hdr.72",0.00030567
"364","ran364.hdr.73",-0.0003563
"364","ran364.hdr.74",-0.0011097
"364","ran364.hdr.75",-0.000137399999999999
"364","ran364.hdr.76",-0.0015886
"364","ran364.hdr.77",-0.0014027
"364","ran364.hdr.78",-0.000548699999999999
"364","ran364.hdr.8",-0.00278592
"364","ran364.hdr.9",-0.0004966
"365","ran365.hdr.1",-0.0011152
"365","ran365.hdr.10",-0.0000648300000000001
"365","ran365.hdr.11",-0.0003795
"365","ran365.hdr.12",0.0000499000000000003
"365","ran365.hdr.13",0.00017944
"365","ran365.hdr.14",-0.000250199999999999
"365","ran365.hdr.15",-0.000409099999999999
"365","ran365.hdr.16",-0.0003143
"365","ran365.hdr.17",-0.0006719
"365","ran365.hdr.18",-0.00037709
"365","ran365.hdr.19",-0.00016964
"365","ran365.hdr.2",0.000105279999999999
"365","ran365.hdr.20",-0.00028543
"365","ran365.hdr.21",-0.0008974
"365","ran365.hdr.22",-0.000600499999999999
"365","ran365.hdr.23",-0.0134706
"365","ran365.hdr.24",-0.00049628
"365","ran365.hdr.25",-0.000952600000000001
"365","ran365.hdr.26",-0.000253800000000002
"365","ran365.hdr.27",-0.00035428
"365","ran365.hdr.28",-0.002734
"365","ran365.hdr.29",-0.0014586
"365","ran365.hdr.3",-0.0000370000000000006
"365","ran365.hdr.30",-0.0026503
"365","ran365.hdr.31",-0.0003534
"365","ran365.hdr.32",0.0000838999999999996
"365","ran365.hdr.33",-0.000383960000000001
"365","ran365.hdr.34",-0.00031339
"365","ran365.hdr.35",-0.000572599999999999
"365","ran365.hdr.36",-0.0002793
"365","ran365.hdr.37",-0.000469900000000001
"365","ran365.hdr.38",0.000158699999999998
"365","ran365.hdr.39",-0.0010775
"365","ran365.hdr.4",-0.0016682
"365","ran365.hdr.40",-0.000574999999999999
"365","ran365.hdr.41",-0.0011
"365","ran365.hdr.42",-0.0014927
"365","ran365.hdr.43",-0.0001811
"365","ran365.hdr.44",-0.0001393
"365","ran365.hdr.45",-0.0002267
"365","ran365.hdr.46",-0.000846200000000002
"365","ran365.hdr.47",0.00031759
"365","ran365.hdr.48",-0.00003691
"365","ran365.hdr.49",-0.000765099999999998
"365","ran365.hdr.5",-0.0053867
"365","ran365.hdr.50",-0.0035095
"365","ran365.hdr.51",-0.0012038
"365","ran365.hdr.52",-0.0005042
"365","ran365.hdr.53",-0.000137699999999999
"365","ran365.hdr.54",0.00014666
"365","ran365.hdr.55",-0.000070321
"365","ran365.hdr.56",0.0002464
"365","ran365.hdr.57",-0.000578199999999999
"365","ran365.hdr.59",-0.000270299999999998
"365","ran365.hdr.6",-0.000892799999999999
"365","ran365.hdr.60",-0.000849699999999998
"365","ran365.hdr.61",0.0000675999999999993
"365","ran365.hdr.62",-0.0107924
"365","ran365.hdr.63",-0.0003826
"365","ran365.hdr.64",-0.000979899999999999
"365","ran365.hdr.65",0.0011488
"365","ran365.hdr.66",-0.0012643
"365","ran365.hdr.67",0.0001121
"365","ran365.hdr.68",-0.000792399999999999
"365","ran365.hdr.69",-0.0016847
"365","ran365.hdr.7",-0.0056027
"365","ran365.hdr.70",-0.0019411
"365","ran365.hdr.71",-0.000044035
"365","ran365.hdr.72",-0.000276200000000001
"365","ran365.hdr.73",-0.0004414
"365","ran365.hdr.74",-0.0012827
"365","ran365.hdr.75",-0.00118788
"365","ran365.hdr.76",0.0000250000000000007
"365","ran365.hdr.77",-0.0001402
"365","ran365.hdr.78",-0.0003888
"365","ran365.hdr.8",-0.000585499999999999
"365","ran365.hdr.9",-0.000571100000000001
"366","ran366.hdr.1",-0.000235900000000001
"366","ran366.hdr.10",0.0000803000000000002
"366","ran366.hdr.11",-0.0008936
"366","ran366.hdr.12",-0.00024783
"366","ran366.hdr.13",-0.00014609
"366","ran366.hdr.14",-0.0006642
"366","ran366.hdr.15",-0.0000281999999999991
"366","ran366.hdr.16",-0.0000622000000000001
"366","ran366.hdr.17",-0.0011481
"366","ran366.hdr.18",0.000104400000000001
"366","ran366.hdr.19",0.00016
"366","ran366.hdr.2",-0.00100715
"366","ran366.hdr.20",-0.000327600000000001
"366","ran366.hdr.21",-0.0032234
"366","ran366.hdr.22",-0.000948300000000003
"366","ran366.hdr.23",-0.000581499999999999
"366","ran366.hdr.24",-0.0017045
"366","ran366.hdr.25",-0.000556399999999999
"366","ran366.hdr.26",-0.000435399999999999
"366","ran366.hdr.27",-0.002999
"366","ran366.hdr.28",-0.00291982
"366","ran366.hdr.29",-0.0002915
"366","ran366.hdr.3",-0.00040682
"366","ran366.hdr.30",0.0000737099999999994
"366","ran366.hdr.31",-0.00068852
"366","ran366.hdr.32",-0.0006008
"366","ran366.hdr.33",-0.000686299999999999
"366","ran366.hdr.34",-0.00130484
"366","ran366.hdr.35",-0.0000373999999999999
"366","ran366.hdr.36",-0.00023069
"366","ran366.hdr.37",-0.0044356
"366","ran366.hdr.38",-0.0000333999999999994
"366","ran366.hdr.39",-0.0035614
"366","ran366.hdr.4",-0.0004317
"366","ran366.hdr.40",-0.0024831
"366","ran366.hdr.41",-0.000548
"366","ran366.hdr.42",-0.000623100000000001
"366","ran366.hdr.43",-0.0007116
"366","ran366.hdr.44",-0.00023078
"366","ran366.hdr.45",-0.0000897299999999997
"366","ran366.hdr.46",-0.000104
"366","ran366.hdr.47",-0.0011277
"366","ran366.hdr.48",-0.000720500000000002
"366","ran366.hdr.49",-0.0014925
"366","ran366.hdr.5",-0.000224699999999998
"366","ran366.hdr.50",-0.0000750999999999981
"366","ran366.hdr.51",-0.00026183
"366","ran366.hdr.52",-0.0031055
"366","ran366.hdr.53",-0.000395
"366","ran366.hdr.54",-0.00016094
"366","ran366.hdr.56",-0.0018929
"366","ran366.hdr.57",-0.000203699999999999
"366","ran366.hdr.58",-0.000639499999999998
"366","ran366.hdr.59",-0.000580600000000001
"366","ran366.hdr.6",0.000357100000000001
"366","ran366.hdr.60",-0.0000233000000000004
"366","ran366.hdr.61",-0.000214800000000001
"366","ran366.hdr.62",-0.000154400000000002
"366","ran366.hdr.63",-0.0011581
"366","ran366.hdr.64",-0.0013204
"366","ran366.hdr.65",-0.0003058
"366","ran366.hdr.66",0.00029028
"366","ran366.hdr.67",-0.0003493
"366","ran366.hdr.68",-0.0007229
"366","ran366.hdr.69",-0.0002339
"366","ran366.hdr.7",-0.01575819
"366","ran366.hdr.70",-0.000177710000000001
"366","ran366.hdr.71",-0.0006096
"366","ran366.hdr.72",-0.000471699999999999
"366","ran366.hdr.73",-0.000302699999999999
"366","ran366.hdr.74",-0.000535300000000002
"366","ran366.hdr.75",-0.0035566
"366","ran366.hdr.76",-0.0013547
"366","ran366.hdr.77",0.0004966
"366","ran366.hdr.78",0.000153199999999999
"366","ran366.hdr.8",-0.00056552
"366","ran366.hdr.9",-0.00042476
"367","ran367.hdr.1",-0.000220599999999998
"367","ran367.hdr.10",0.0001142
"367","ran367.hdr.11",-0.0008879
"367","ran367.hdr.12",-0.000598200000000001
"367","ran367.hdr.13",0.0001871
"367","ran367.hdr.14",-0.0000970999999999993
"367","ran367.hdr.15",-0.00047623
"367","ran367.hdr.16",-0.0000736000000000001
"367","ran367.hdr.17",-0.0003742
"367","ran367.hdr.18",-0.000657
"367","ran367.hdr.19",-0.000840899999999999
"367","ran367.hdr.2",-0.0017379
"367","ran367.hdr.20",-0.00035428
"367","ran367.hdr.21",-0.0016211
"367","ran367.hdr.22",-0.0007279
"367","ran367.hdr.23",-0.000533099999999998
"367","ran367.hdr.24",-0.0005906
"367","ran367.hdr.25",-0.000257510000000001
"367","ran367.hdr.26",-0.000277900000000001
"367","ran367.hdr.27",-0.00019894
"367","ran367.hdr.28",-0.000383960000000001
"367","ran367.hdr.29",-0.00023903
"367","ran367.hdr.3",-0.01685291
"367","ran367.hdr.30",-0.00060842
"367","ran367.hdr.31",-0.000420199999999999
"367","ran367.hdr.32",0.000657799999999997
"367","ran367.hdr.33",0.000261600000000001
"367","ran367.hdr.34",-0.000140850000000001
"367","ran367.hdr.35",-0.000355399999999999
"367","ran367.hdr.36",0.000071100000000001
"367","ran367.hdr.37",-0.000287379999999999
"367","ran367.hdr.38",-0.00016476
"367","ran367.hdr.39",-0.000480400000000001
"367","ran367.hdr.4",-0.0061766
"367","ran367.hdr.40",-0.0005707
"367","ran367.hdr.41",-0.000942499999999999
"367","ran367.hdr.42",-0.0012106
"367","ran367.hdr.43",-0.000870699999999999
"367","ran367.hdr.44",0.0000184916
"367","ran367.hdr.45",-0.000113099999999998
"367","ran367.hdr.46",-0.0016063
"367","ran367.hdr.47",-0.0011887
"367","ran367.hdr.48",-0.0017191
"367","ran367.hdr.49",NA
"367","ran367.hdr.5",-0.0037447
"367","ran367.hdr.50",-0.000023311
"367","ran367.hdr.51",-0.0000114000000000017
"367","ran367.hdr.52",-0.0000328000000000004
"367","ran367.hdr.53",-0.0011337
"367","ran367.hdr.54",0.0000367029999999999
"367","ran367.hdr.55",-0.00035154
"367","ran367.hdr.56",0.0000246199999999995
"367","ran367.hdr.57",-0.000787200000000002
"367","ran367.hdr.58",-0.0000586999999999983
"367","ran367.hdr.59",-0.0011067
"367","ran367.hdr.6",-0.0044797
"367","ran367.hdr.60",-0.0006961
"367","ran367.hdr.61",-0.0016226
"367","ran367.hdr.62",-0.000317599999999999
"367","ran367.hdr.63",-0.00056939
"367","ran367.hdr.64",-0.0004418
"367","ran367.hdr.65",-0.000525600000000001
"367","ran367.hdr.66",-0.0013792
"367","ran367.hdr.67",-0.0016673
"367","ran367.hdr.68",-0.000180900000000001
"367","ran367.hdr.69",-0.000579
"367","ran367.hdr.7",-0.0051698
"367","ran367.hdr.70",-0.0002688
"367","ran367.hdr.71",-0.000590700000000003
"367","ran367.hdr.72",-0.00119554
"367","ran367.hdr.73",-0.0023484
"367","ran367.hdr.74",-0.00062796
"367","ran367.hdr.75",-0.000220500000000002
"367","ran367.hdr.76",-0.0014027
"367","ran367.hdr.77",-0.000738050000000001
"367","ran367.hdr.78",-0.000678990000000001
"367","ran367.hdr.8",-0.0013379
"367","ran367.hdr.9",-0.000171079999999999
"368","ran368.hdr.1",-0.000358239999999999
"368","ran368.hdr.10",-0.0002828
"368","ran368.hdr.11",-0.0006719
"368","ran368.hdr.12",-0.00062684
"368","ran368.hdr.13",-0.0010596
"368","ran368.hdr.14",-0.0012923
"368","ran368.hdr.15",0.000293700000000001
"368","ran368.hdr.16",-0.000516000000000001
"368","ran368.hdr.17",-0.0000175000000000002
"368","ran368.hdr.18",-0.0006205
"368","ran368.hdr.19",-0.000397499999999999
"368","ran368.hdr.2",0.0000546000000000001
"368","ran368.hdr.20",0.000219199999999999
"368","ran368.hdr.21",NA
"368","ran368.hdr.22",-0.00252268
"368","ran368.hdr.23",-0.0003757
"368","ran368.hdr.24",0.0002261
"368","ran368.hdr.25",-0.000576
"368","ran368.hdr.26",-0.00020257
"368","ran368.hdr.27",-0.00130484
"368","ran368.hdr.28",-0.00175568
"368","ran368.hdr.29",-0.0001753
"368","ran368.hdr.3",-0.000637099999999998
"368","ran368.hdr.30",-0.000541900000000001
"368","ran368.hdr.31",-0.000149719999999999
"368","ran368.hdr.32",-0.000784
"368","ran368.hdr.33",-0.000533599999999999
"368","ran368.hdr.34",-0.000831499999999999
"368","ran368.hdr.35",-0.0034946
"368","ran368.hdr.36",-0.000507200000000003
"368","ran368.hdr.37",-0.000394099999999998
"368","ran368.hdr.38",-0.00028523
"368","ran368.hdr.39",0.000246399999999997
"368","ran368.hdr.4",-0.0029886
"368","ran368.hdr.40",-0.000104
"368","ran368.hdr.41",-0.0023716
"368","ran368.hdr.42",-0.0013356
"368","ran368.hdr.43",-0.0016134
"368","ran368.hdr.44",-0.000114100000000002
"368","ran368.hdr.45",-0.0034509
"368","ran368.hdr.46",-0.000384600000000002
"368","ran368.hdr.47",-0.00057312
"368","ran368.hdr.48",-0.000597900000000002
"368","ran368.hdr.49",-0.00328849
"368","ran368.hdr.5",-0.0003003
"368","ran368.hdr.50",-0.0014392
"368","ran368.hdr.51",-0.0047786
"368","ran368.hdr.52",-0.00038213
"368","ran368.hdr.53",0.0001239
"368","ran368.hdr.54",-0.0001578
"368","ran368.hdr.55",-0.00032049
"368","ran368.hdr.56",-0.00047522
"368","ran368.hdr.57",-0.00035154
"368","ran368.hdr.58",-0.000624599999999999
"368","ran368.hdr.59",0.0000861899999999999
"368","ran368.hdr.6",-0.00046459
"368","ran368.hdr.60",-0.000778600000000001
"368","ran368.hdr.61",-0.0009154
"368","ran368.hdr.62",-0.0014307
"368","ran368.hdr.63",-0.0001876
"368","ran368.hdr.64",-0.0016152
"368","ran368.hdr.65",-0.000331100000000001
"368","ran368.hdr.66",-0.0019411
"368","ran368.hdr.67",-0.0024046
"368","ran368.hdr.68",0.0000255200000000002
"368","ran368.hdr.69",-0.0002583
"368","ran368.hdr.7",0.0002167
"368","ran368.hdr.70",-0.0002284
"368","ran368.hdr.71",-0.000149199999999999
"368","ran368.hdr.72",-0.000107400000000001
"368","ran368.hdr.73",-0.000137399999999999
"368","ran368.hdr.74",-0.000427900000000002
"368","ran368.hdr.75",-0.000481599999999999
"368","ran368.hdr.76",-0.0005749
"368","ran368.hdr.77",-0.000427199999999999
"368","ran368.hdr.78",-0.0006941
"368","ran368.hdr.8",-0.0007343
"368","ran368.hdr.9",-0.00053636
"369","ran369.hdr.1",-0.0002678
"369","ran369.hdr.10",-0.0041351
"369","ran369.hdr.11",-0.000063007
"369","ran369.hdr.12",0.0000928000000000005
"369","ran369.hdr.13",-0.000549999999999998
"369","ran369.hdr.14",-0.00053636
"369","ran369.hdr.15",-0.000539240000000002
"369","ran369.hdr.16",-0.00013877
"369","ran369.hdr.17",-0.00026544
"369","ran369.hdr.18",-0.00018229
"369","ran369.hdr.19",-0.000785500000000001
"369","ran369.hdr.2",-0.000279100000000001
"369","ran369.hdr.20",-0.00161496
"369","ran369.hdr.21",-0.000348220000000002
"369","ran369.hdr.22",-0.000288800000000001
"369","ran369.hdr.23",-0.000257800000000001
"369","ran369.hdr.24",-0.0011163
"369","ran369.hdr.25",-0.000390400000000001
"369","ran369.hdr.26",-0.0010873
"369","ran369.hdr.27",-0.0025984
"369","ran369.hdr.28",0.0003788
"369","ran369.hdr.29",0.0004048
"369","ran369.hdr.3",-0.000272339999999999
"369","ran369.hdr.30",-0.0014222
"369","ran369.hdr.31",-0.0000146999999999994
"369","ran369.hdr.32",-0.002439
"369","ran369.hdr.33",-0.0006427
"369","ran369.hdr.34",-0.0023193
"369","ran369.hdr.35",-0.00023755
"369","ran369.hdr.36",-0.000623100000000001
"369","ran369.hdr.37",-0.000975
"369","ran369.hdr.38",-0.000423400000000001
"369","ran369.hdr.39",NA
"369","ran369.hdr.4",-0.000220599999999998
"369","ran369.hdr.40",-0.0012954
"369","ran369.hdr.41",-0.002021
"369","ran369.hdr.42",-0.0021188
"369","ran369.hdr.43",0.000182400000000003
"369","ran369.hdr.44",-0.000390699999999999
"369","ran369.hdr.45",-0.000584600000000001
"369","ran369.hdr.46",0.000219299999999999
"369","ran369.hdr.47",-0.004276
"369","ran369.hdr.48",-0.00021661
"369","ran369.hdr.49",-0.0000823899999999999
"369","ran369.hdr.5",-0.0025737
"369","ran369.hdr.50",-0.000299799999999999
"369","ran369.hdr.51",-0.0010598
"369","ran369.hdr.52",-0.0030547
"369","ran369.hdr.53",-0.00016562
"369","ran369.hdr.54",-0.0001373
"369","ran369.hdr.55",-0.0010723
"369","ran369.hdr.56",-0.00018122
"369","ran369.hdr.57",-0.0006896
"369","ran369.hdr.58",-0.000578199999999999
"369","ran369.hdr.6",-0.000621999999999998
"369","ran369.hdr.60",-0.000618499999999999
"369","ran369.hdr.61",-0.000268299999999999
"369","ran369.hdr.62",-0.0008541
"369","ran369.hdr.63",-0.000324099999999999
"369","ran369.hdr.64",0.000622900000000001
"369","ran369.hdr.65",-0.0002325
"369","ran369.hdr.66",-0.0010621
"369","ran369.hdr.67",-0.0005761
"369","ran369.hdr.68",-0.000794200000000002
"369","ran369.hdr.69",-0.0009818
"369","ran369.hdr.7",-0.0022515
"369","ran369.hdr.70",-0.000121900000000001
"369","ran369.hdr.71",-0.0001492
"369","ran369.hdr.72",-0.000180900000000001
"369","ran369.hdr.73",0.00011249
"369","ran369.hdr.74",0.000197199999999998
"369","ran369.hdr.75",-0.000871399999999998
"369","ran369.hdr.76",-0.000809499999999998
"369","ran369.hdr.77",-0.0015872
"369","ran369.hdr.78",0.000203477
"369","ran369.hdr.8",-0.0049685
"369","ran369.hdr.9",-0.003143
"370","ran370.hdr.1",-0.000739499999999999
"370","ran370.hdr.10",-0.0001052
"370","ran370.hdr.11",0.0000567700000000011
"370","ran370.hdr.12",-0.00058509
"370","ran370.hdr.13",-0.0006642
"370","ran370.hdr.14",-0.0002419
"370","ran370.hdr.15",-0.000358290000000001
"370","ran370.hdr.16",-0.000292249999999999
"370","ran370.hdr.17",0.00044537
"370","ran370.hdr.18",-0.000476399999999998
"370","ran370.hdr.19",-0.000320800000000001
"370","ran370.hdr.2",0.000277900000000001
"370","ran370.hdr.20",-0.000262800000000001
"370","ran370.hdr.21",-0.00036797
"370","ran370.hdr.22",-0.0014586
"370","ran370.hdr.23",-0.000466500000000002
"370","ran370.hdr.24",0.000147099999999999
"370","ran370.hdr.25",-0.00107892
"370","ran370.hdr.26",-0.00055319
"370","ran370.hdr.27",-0.00053928
"370","ran370.hdr.28",-0.0010313
"370","ran370.hdr.29",-0.000383960000000001
"370","ran370.hdr.3",-0.00119054
"370","ran370.hdr.30",0.0000686800000000007
"370","ran370.hdr.31",-0.00017027
"370","ran370.hdr.32",-0.00000790000000000166
"370","ran370.hdr.33",-0.0006827
"370","ran370.hdr.34",0.000071100000000001
"370","ran370.hdr.35",0.0000833000000000014
"370","ran370.hdr.36",-0.0007116
"370","ran370.hdr.37",0.00020653
"370","ran370.hdr.38",-0.0009637
"370","ran370.hdr.39",-0.000617899999999998
"370","ran370.hdr.4",0.000331560000000002
"370","ran370.hdr.40",-0.00048092
"370","ran370.hdr.41",-0.000583800000000001
"370","ran370.hdr.42",-0.0004679
"370","ran370.hdr.43",-0.0000755699999999996
"370","ran370.hdr.44",-0.0011545
"370","ran370.hdr.45",-0.0000239999999999997
"370","ran370.hdr.46",-0.000241100000000001
"370","ran370.hdr.47",-0.000717699999999998
"370","ran370.hdr.48",-0.000114999999999999
"370","ran370.hdr.49",-0.000743199999999999
"370","ran370.hdr.5",-0.000160799999999999
"370","ran370.hdr.50",0.0000683999999999997
"370","ran370.hdr.51",-0.002897
"370","ran370.hdr.52",-0.000940400000000001
"370","ran370.hdr.53",-0.0005872
"370","ran370.hdr.54",-0.000392399999999999
"370","ran370.hdr.55",-0.000207300000000001
"370","ran370.hdr.56",-0.0012528
"370","ran370.hdr.57",-0.00270844
"370","ran370.hdr.58",-0.000842700000000002
"370","ran370.hdr.59",-0.00029187
"370","ran370.hdr.6",-0.0021506
"370","ran370.hdr.60",-0.00188647
"370","ran370.hdr.61",0.000172299999999998
"370","ran370.hdr.62",-0.000448199999999999
"370","ran370.hdr.63",-0.0007711
"370","ran370.hdr.64",-0.00010847
"370","ran370.hdr.65",-0.000137
"370","ran370.hdr.66",-0.000872299999999999
"370","ran370.hdr.67",-0.0040338
"370","ran370.hdr.68",0.000524999999999999
"370","ran370.hdr.69",0.000449379999999999
"370","ran370.hdr.7",-0.00014336
"370","ran370.hdr.70",-0.0021686
"370","ran370.hdr.71",-0.001507
"370","ran370.hdr.72",-0.001085
"370","ran370.hdr.73",-0.000401100000000001
"370","ran370.hdr.74",-0.000871300000000002
"370","ran370.hdr.75",-0.000458999999999998
"370","ran370.hdr.76",-0.0003721
"370","ran370.hdr.77",-0.0046933
"370","ran370.hdr.78",-0.0016399
"370","ran370.hdr.8",-0.0000637999999999993
"370","ran370.hdr.9",0.0000803000000000002
"371","ran371.hdr.1",-0.0012185
"371","ran371.hdr.10",0.00027519
"371","ran371.hdr.11",-0.0015386
"371","ran371.hdr.12",-0.00000620999999999998
"371","ran371.hdr.13",-0.0000844999999999995
"371","ran371.hdr.14",-0.00029445
"371","ran371.hdr.15",-0.000988359999999999
"371","ran371.hdr.16",-0.00026025
"371","ran371.hdr.17",-0.0012819
"371","ran371.hdr.18",0.0000707500000000001
"371","ran371.hdr.19",0.000254799999999999
"371","ran371.hdr.2",-0.0026949
"371","ran371.hdr.20",-0.0002947
"371","ran371.hdr.21",-0.0016942
"371","ran371.hdr.22",-0.000377500000000001
"371","ran371.hdr.23",-0.000140599999999999
"371","ran371.hdr.24",0.0000116000000000005
"371","ran371.hdr.25",-0.000383100000000001
"371","ran371.hdr.26",0.00037177
"371","ran371.hdr.27",-0.002522
"371","ran371.hdr.28",-0.0003097
"371","ran371.hdr.29",-0.000468900000000001
"371","ran371.hdr.3",-0.000870900000000001
"371","ran371.hdr.30",-0.00028711
"371","ran371.hdr.31",-0.0001554
"371","ran371.hdr.32",-0.00069205
"371","ran371.hdr.33",-0.001677
"371","ran371.hdr.34",-0.0006549
"371","ran371.hdr.35",-0.0001826
"371","ran371.hdr.36",-0.0011807
"371","ran371.hdr.37",-0.00015702
"371","ran371.hdr.38",-0.0006827
"371","ran371.hdr.39",-0.0019144
"371","ran371.hdr.4",-0.000290729999999999
"371","ran371.hdr.40",-0.0013695
"371","ran371.hdr.41",-0.000627829999999999
"371","ran371.hdr.42",0.000141799999999999
"371","ran371.hdr.43",-0.000844599999999997
"371","ran371.hdr.44",-0.0013621
"371","ran371.hdr.45",-0.000643399999999999
"371","ran371.hdr.46",-0.0013524
"371","ran371.hdr.47",-0.0004551
"371","ran371.hdr.48",-0.00025843
"371","ran371.hdr.49",-0.000717699999999998
"371","ran371.hdr.5",-0.000617699999999999
"371","ran371.hdr.50",-0.0016596
"371","ran371.hdr.51",-0.0000828000000000009
"371","ran371.hdr.52",-0.0046402
"371","ran371.hdr.53",-0.0070655
"371","ran371.hdr.54",-0.00010923
"371","ran371.hdr.55",0.0000521000000000002
"371","ran371.hdr.56",-0.0006896
"371","ran371.hdr.57",-0.0040008
"371","ran371.hdr.58",0.0000186600000000002
"371","ran371.hdr.6",-0.00012883
"371","ran371.hdr.61",-0.0002095
"371","ran371.hdr.62",-0.000934999999999998
"371","ran371.hdr.63",0.00024531
"371","ran371.hdr.64",-0.0034825
"371","ran371.hdr.65",0.000129292
"371","ran371.hdr.66",-0.0020934
"371","ran371.hdr.67",-0.0001002
"371","ran371.hdr.68",-0.000229500000000001
"371","ran371.hdr.69",0.000487100000000001
"371","ran371.hdr.7",-0.002287
"371","ran371.hdr.70",-0.0035597
"371","ran371.hdr.71",-0.001507
"371","ran371.hdr.72",-0.000454899999999998
"371","ran371.hdr.73",-0.0024365
"371","ran371.hdr.74",0.0002185
"371","ran371.hdr.75",-0.0003208
"371","ran371.hdr.76",-0.000218699999999999
"371","ran371.hdr.77",-0.000908300000000001
"371","ran371.hdr.78",-0.0006941
"371","ran371.hdr.8",-0.00013425
"371","ran371.hdr.9",-0.000602800000000001
"372","ran372.hdr.1",-0.000637000000000002
"372","ran372.hdr.10",-0.000437670000000001
"372","ran372.hdr.11",-0.000032131
"372","ran372.hdr.12",-0.000309469999999999
"372","ran372.hdr.13",-0.0003821
"372","ran372.hdr.14",-0.00045021
"372","ran372.hdr.15",-0.00018093
"372","ran372.hdr.16",-0.000625899999999999
"372","ran372.hdr.17",-0.00071959
"372","ran372.hdr.18",-0.000452899999999999
"372","ran372.hdr.19",-0.00043339
"372","ran372.hdr.2",0.000229999999999999
"372","ran372.hdr.20",-0.00019801
"372","ran372.hdr.21",-0.00023674
"372","ran372.hdr.22",0.000181200000000001
"372","ran372.hdr.23",-0.00026379
"372","ran372.hdr.24",-0.000383960000000001
"372","ran372.hdr.25",-0.00023903
"372","ran372.hdr.26",-0.000413999999999999
"372","ran372.hdr.27",0.0000141299999999994
"372","ran372.hdr.28",-0.000962000000000001
"372","ran372.hdr.29",-0.00018951
"372","ran372.hdr.3",0.00026852
"372","ran372.hdr.30",-0.001126
"372","ran372.hdr.31",-0.0014594
"372","ran372.hdr.32",-0.0002094
"372","ran372.hdr.33",0.0000144999999999989
"372","ran372.hdr.34",-0.0015782
"372","ran372.hdr.35",-0.0006164
"372","ran372.hdr.36",0.000150899999999999
"372","ran372.hdr.37",-0.000717699999999998
"372","ran372.hdr.38",-0.000743199999999999
"372","ran372.hdr.39",-0.0073875
"372","ran372.hdr.4",-0.00120107
"372","ran372.hdr.40",0.000319100000000001
"372","ran372.hdr.41",-0.00057312
"372","ran372.hdr.42",0.0000530699999999997
"372","ran372.hdr.43",-0.0023048
"372","ran372.hdr.44",-0.0010527
"372","ran372.hdr.45",0.0000346000000000009
"372","ran372.hdr.46",-0.0002342
"372","ran372.hdr.47",-0.01111509
"372","ran372.hdr.48",-0.01768098
"372","ran372.hdr.49",-0.0025824
"372","ran372.hdr.5",0.00011623
"372","ran372.hdr.50",-0.000268079999999999
"372","ran372.hdr.54",-0.0020265
"372","ran372.hdr.55",-0.000137030000000001
"372","ran372.hdr.56",-0.0007711
"372","ran372.hdr.57",-0.000137
"372","ran372.hdr.58",-0.0004576
"372","ran372.hdr.59",-0.000425699999999999
"372","ran372.hdr.6",-0.000105399999999999
"372","ran372.hdr.60",-0.00038507
"372","ran372.hdr.61",-0.0008071
"372","ran372.hdr.62",-0.000350800000000002
"372","ran372.hdr.63",-0.000320829999999999
"372","ran372.hdr.64",-0.000919
"372","ran372.hdr.65",-0.0000573999999999991
"372","ran372.hdr.66",-0.000382200000000003
"372","ran372.hdr.67",-0.0000736999999999995
"372","ran372.hdr.68",0.0000622999999999995
"372","ran372.hdr.69",-0.0021688
"372","ran372.hdr.7",-0.000422980000000001
"372","ran372.hdr.70",-0.0010284
"372","ran372.hdr.71",-0.0006
"372","ran372.hdr.72",-0.000276200000000001
"372","ran372.hdr.73",0.00028892
"372","ran372.hdr.74",-0.0002688
"372","ran372.hdr.75",-0.000348569999999999
"372","ran372.hdr.76",-0.0011554
"372","ran372.hdr.77",-0.000692399999999999
"372","ran372.hdr.78",-0.0015057
"372","ran372.hdr.8",-0.00025442
"372","ran372.hdr.9",0.000249640000000001
"373","ran373.hdr.1",-0.0012185
"373","ran373.hdr.10",-0.00014609
"373","ran373.hdr.11",-0.000204939999999999
"373","ran373.hdr.12",-0.00038213
"373","ran373.hdr.13",-0.000399699999999999
"373","ran373.hdr.14",-0.00023309
"373","ran373.hdr.15",-0.0011243
"373","ran373.hdr.16",-0.0000643999999999992
"373","ran373.hdr.17",-0.0006205
"373","ran373.hdr.18",-0.000404499999999999
"373","ran373.hdr.19",0.0001045
"373","ran373.hdr.2",-0.000345949999999999
"373","ran373.hdr.20",-0.000446100000000001
"373","ran373.hdr.21",-0.00020505
"373","ran373.hdr.22",-0.0018318
"373","ran373.hdr.23",-0.00000579400000000005
"373","ran373.hdr.24",0.0001549743
"373","ran373.hdr.25",-0.000429799999999999
"373","ran373.hdr.26",-0.00019894
"373","ran373.hdr.27",-0.0006008
"373","ran373.hdr.28",-0.0001771
"373","ran373.hdr.29",-0.000148799999999999
"373","ran373.hdr.3",-0.000220599999999998
"373","ran373.hdr.30",-0.0011926
"373","ran373.hdr.31",-0.0003193
"373","ran373.hdr.32",0.0000948100000000007
"373","ran373.hdr.33",-0.00198339
"373","ran373.hdr.34",-0.0049962
"373","ran373.hdr.35",-0.0023487
"373","ran373.hdr.36",-0.0023114
"373","ran373.hdr.37",-0.0006827
"373","ran373.hdr.38",-0.000136210000000001
"373","ran373.hdr.39",-0.000768999999999999
"373","ran373.hdr.4",-0.0002114
"373","ran373.hdr.40",-0.001126
"373","ran373.hdr.41",-0.0010775
"373","ran373.hdr.42",-0.0010094
"373","ran373.hdr.43",-0.0000710000000000016
"373","ran373.hdr.44",-0.000583800000000001
"373","ran373.hdr.45",-0.00037394
"373","ran373.hdr.46",-0.00026413
"373","ran373.hdr.47",-0.000153199999999999
"373","ran373.hdr.48",-0.0010009
"373","ran373.hdr.49",-0.000392399999999999
"373","ran373.hdr.5",-0.000160799999999999
"373","ran373.hdr.50",-0.0011337
"373","ran373.hdr.51",0.0000792999999999992
"373","ran373.hdr.52",0.00017578
"373","ran373.hdr.53",-0.000274020000000001
"373","ran373.hdr.54",-0.00022498
"373","ran373.hdr.55",-0.000299799999999999
"373","ran373.hdr.56",-0.000755800000000001
"373","ran373.hdr.57",-0.01768098
"373","ran373.hdr.58",-0.0047786
"373","ran373.hdr.59",-0.000153
"373","ran373.hdr.6",-0.00136
"373","ran373.hdr.60",0.00056718
"373","ran373.hdr.61",-0.0004577
"373","ran373.hdr.62",-0.00022462
"373","ran373.hdr.63",-0.00010805
"373","ran373.hdr.64",-0.00048754
"373","ran373.hdr.67",-0.000542549999999999
"373","ran373.hdr.68",-0.0000146999999999994
"373","ran373.hdr.69",-0.0005393
"373","ran373.hdr.7",-0.0048952
"373","ran373.hdr.70",-0.000580600000000001
"373","ran373.hdr.71",0.000420700000000003
"373","ran373.hdr.72",-0.000556319999999999
"373","ran373.hdr.73",-0.001507
"373","ran373.hdr.74",-0.0004037
"373","ran373.hdr.75",-0.0023928
"373","ran373.hdr.76",-0.000407100000000001
"373","ran373.hdr.77",-0.0004638
"373","ran373.hdr.78",-0.000806600000000001
"373","ran373.hdr.8",0.00000320000000000008
"373","ran373.hdr.9",-0.0008936
"374","ran374.hdr.1",0.00045877
"374","ran374.hdr.10",-0.0011382
"374","ran374.hdr.11",-0.0000950400000000011
"374","ran374.hdr.12",-0.00065658
"374","ran374.hdr.13",-0.000824699999999999
"374","ran374.hdr.14",-0.000146299999999999
"374","ran374.hdr.15",-0.0003499
"374","ran374.hdr.16",-0.00062684
"374","ran374.hdr.17",-0.000168099999999999
"374","ran374.hdr.18",-0.0013508
"374","ran374.hdr.19",-0.0008164
"374","ran374.hdr.2",-0.000119600000000001
"374","ran374.hdr.20",-0.0012819
"374","ran374.hdr.21",-0.0000309000000000004
"374","ran374.hdr.22",-0.0000383099999999997
"374","ran374.hdr.23",-0.0010736
"374","ran374.hdr.24",-0.000159899999999999
"374","ran374.hdr.25",-0.0000169000000000002
"374","ran374.hdr.26",-0.00020505
"374","ran374.hdr.27",-0.000518899999999999
"374","ran374.hdr.28",0.0001034
"374","ran374.hdr.29",-0.000458800000000001
"374","ran374.hdr.3",-0.002828
"374","ran374.hdr.30",-0.0002915
"374","ran374.hdr.31",0.0000134599999999999
"374","ran374.hdr.32",0.00051959
"374","ran374.hdr.33",-0.00010144
"374","ran374.hdr.34",-0.0014853
"374","ran374.hdr.35",-0.0051598
"374","ran374.hdr.36",-0.002439
"374","ran374.hdr.37",-0.000607699999999999
"374","ran374.hdr.38",0.000437099999999999
"374","ran374.hdr.39",-0.000844900000000001
"374","ran374.hdr.4",-0.00032649
"374","ran374.hdr.40",-0.000504299999999999
"374","ran374.hdr.41",-0.0018523
"374","ran374.hdr.42",0.0000670599999999999
"374","ran374.hdr.43",-0.00023078
"374","ran374.hdr.44",-0.000446100000000001
"374","ran374.hdr.45",-0.0011563
"374","ran374.hdr.46",-0.000730900000000001
"374","ran374.hdr.47",-0.0001393
"374","ran374.hdr.48",-0.0011914
"374","ran374.hdr.49",0.000276800000000001
"374","ran374.hdr.5",-0.00044199
"374","ran374.hdr.50",-0.000258099999999999
"374","ran374.hdr.51",0.000121899999999999
"374","ran374.hdr.52",0.000551400000000001
"374","ran374.hdr.53",0.000058589999999999
"374","ran374.hdr.54",-0.000362299999999999
"374","ran374.hdr.55",0.0003353
"374","ran374.hdr.57",-0.000753399999999998
"374","ran374.hdr.58",-0.0000495000000000009
"374","ran374.hdr.59",-0.0010508
"374","ran374.hdr.6",-0.00025442
"374","ran374.hdr.60",-0.000403400000000002
"374","ran374.hdr.61",-0.0008541
"374","ran374.hdr.62",-0.001971
"374","ran374.hdr.63",-0.000242100000000002
"374","ran374.hdr.64",-0.00104738
"374","ran374.hdr.65",-0.0003058
"374","ran374.hdr.66",0.0001706
"374","ran374.hdr.67",-0.000276200000000001
"374","ran374.hdr.68",-0.000825300000000001
"374","ran374.hdr.69",0.0003344
"374","ran374.hdr.7",-0.0015953
"374","ran374.hdr.70",-0.0013232
"374","ran374.hdr.71",-0.000302699999999999
"374","ran374.hdr.72",-0.0000447299999999998
"374","ran374.hdr.73",-0.0000739999999999977
"374","ran374.hdr.74",-0.000231200000000001
"374","ran374.hdr.75",-0.0046933
"374","ran374.hdr.76",-0.000498099999999998
"374","ran374.hdr.77",-0.0003888
"374","ran374.hdr.78",-0.0014428
"374","ran374.hdr.8",-0.000701999999999999
"374","ran374.hdr.9",0.000128
"375","ran375.hdr.1",-0.0003084
"375","ran375.hdr.10",-0.000409400000000001
"375","ran375.hdr.11",-0.00040456
"375","ran375.hdr.12",-0.00041618
"375","ran375.hdr.13",-0.00129969
"375","ran375.hdr.14",-0.000554099999999998
"375","ran375.hdr.15",-0.000168099999999999
"375","ran375.hdr.16",0.000681399999999999
"375","ran375.hdr.17",-0.0010476
"375","ran375.hdr.18",-0.00039311
"375","ran375.hdr.19",-0.0075695
"375","ran375.hdr.2",-0.000142300000000001
"375","ran375.hdr.20",-0.000771500000000001
"375","ran375.hdr.21",-0.0028616
"375","ran375.hdr.22",-0.0006865
"375","ran375.hdr.23",0.0001919
"375","ran375.hdr.24",-0.00175568
"375","ran375.hdr.25",-0.00023362
"375","ran375.hdr.26",-0.00037474
"375","ran375.hdr.27",-0.00035935
"375","ran375.hdr.28",-0.0014222
"375","ran375.hdr.29",-0.0009715
"375","ran375.hdr.3",-0.000451700000000001
"375","ran375.hdr.30",-0.000803359999999999
"375","ran375.hdr.31",0.0000139000000000007
"375","ran375.hdr.32",-0.000883700000000001
"375","ran375.hdr.33",-0.000352100000000001
"375","ran375.hdr.34",-0.0003975
"375","ran375.hdr.35",-0.000266000000000002
"375","ran375.hdr.36",-0.0013621
"375","ran375.hdr.37",0.000221300000000001
"375","ran375.hdr.38",-0.0023505
"375","ran375.hdr.39",0.000375199999999999
"375","ran375.hdr.4",-0.000115250000000001
"375","ran375.hdr.40",-0.0014927
"375","ran375.hdr.41",0.000715
"375","ran375.hdr.42",0.000357699999999999
"375","ran375.hdr.43",-0.0010884
"375","ran375.hdr.44",-0.00057255
"375","ran375.hdr.45",-0.000598000000000001
"375","ran375.hdr.46",0.0000195999999999998
"375","ran375.hdr.47",-0.0011887
"375","ran375.hdr.48",0.0000647999999999985
"375","ran375.hdr.49",0.000168934
"375","ran375.hdr.5",-0.000325500000000003
"375","ran375.hdr.50",-0.0000563199999999995
"375","ran375.hdr.51",-0.00119342
"375","ran375.hdr.52",-0.0002729
"375","ran375.hdr.53",0.0000530699999999997
"375","ran375.hdr.54",-0.000551949999999999
"375","ran375.hdr.55",-0.0005736
"375","ran375.hdr.56",-0.00047522
"375","ran375.hdr.57",-0.00022985
"375","ran375.hdr.58",-0.0013817
"375","ran375.hdr.59",-0.00000449999999999995
"375","ran375.hdr.6",0.000297800000000001
"375","ran375.hdr.61",-0.000753399999999998
"375","ran375.hdr.62",-0.0005766
"375","ran375.hdr.63",0.000975699999999999
"375","ran375.hdr.64",-0.000588982
"375","ran375.hdr.65",-0.000363600000000002
"375","ran375.hdr.66",-0.0007279
"375","ran375.hdr.67",-0.000775399999999999
"375","ran375.hdr.68",-0.000350800000000002
"375","ran375.hdr.69",0.000401200000000001
"375","ran375.hdr.7",-0.000430400000000001
"375","ran375.hdr.70",-0.000420499999999999
"375","ran375.hdr.71",-0.000474
"375","ran375.hdr.72",-0.0010098
"375","ran375.hdr.73",0.000239400000000001
"375","ran375.hdr.74",-0.000228699999999998
"375","ran375.hdr.75",-0.0012137
"375","ran375.hdr.76",-0.000126299999999999
"375","ran375.hdr.77",-0.0006096
"375","ran375.hdr.78",-0.0013233
"375","ran375.hdr.8",-0.0038288
"375","ran375.hdr.9",-0.0000849000000000006
"376","ran376.hdr.1",-0.0014444
"376","ran376.hdr.10",-0.0023044
"376","ran376.hdr.11",-0.000454599999999999
"376","ran376.hdr.12",-0.0010879
"376","ran376.hdr.13",-0.0002828
"376","ran376.hdr.14",-0.000413510000000001
"376","ran376.hdr.15",-0.000217070000000001
"376","ran376.hdr.16",-0.000102409999999999
"376","ran376.hdr.17",0.00047357
"376","ran376.hdr.18",-0.0005968
"376","ran376.hdr.19",-0.001596
"376","ran376.hdr.2",-0.0023191
"376","ran376.hdr.20",-0.0011003
"376","ran376.hdr.21",-0.000288800000000001
"376","ran376.hdr.22",-0.000796499999999999
"376","ran376.hdr.23",-0.000108899999999999
"376","ran376.hdr.24",-0.000064715
"376","ran376.hdr.25",-0.00026931
"376","ran376.hdr.26",-0.000336700000000001
"376","ran376.hdr.27",-0.0010313
"376","ran376.hdr.28",-0.000113400000000001
"376","ran376.hdr.29",-0.000143009999999999
"376","ran376.hdr.3",-0.00163709
"376","ran376.hdr.30",-0.0012737
"376","ran376.hdr.31",-0.000253900000000001
"376","ran376.hdr.32",-0.000844900000000001
"376","ran376.hdr.33",-0.0005219
"376","ran376.hdr.34",-0.000409099999999999
"376","ran376.hdr.35",-0.0005059
"376","ran376.hdr.36",-0.0000631999999999994
"376","ran376.hdr.37",-0.0013204
"376","ran376.hdr.38",-0.000202600000000001
"376","ran376.hdr.39",-0.00056584
"376","ran376.hdr.4",NA
"376","ran376.hdr.40",-0.0000647699999999996
"376","ran376.hdr.41",-0.0000175000000000002
"376","ran376.hdr.42",-0.000499899999999998
"376","ran376.hdr.43",-0.00539226
"376","ran376.hdr.44",0.0000839000000000013
"376","ran376.hdr.45",-0.000799499999999998
"376","ran376.hdr.46",-0.0000593299999999998
"376","ran376.hdr.47",-0.0015804
"376","ran376.hdr.48",-0.0019361
"376","ran376.hdr.49",-0.01768098
"376","ran376.hdr.5",-0.0032486
"376","ran376.hdr.50",-0.0000753999999999998
"376","ran376.hdr.51",-0.00045368
"376","ran376.hdr.52",-0.00022903
"376","ran376.hdr.53",0.00000257936
"376","ran376.hdr.54",-0.00010908
"376","ran376.hdr.55",-0.0040008
"376","ran376.hdr.56",-0.00000449999999999995
"376","ran376.hdr.57",-0.0007711
"376","ran376.hdr.58",-0.00016504
"376","ran376.hdr.59",-0.0003339
"376","ran376.hdr.6",-0.000571100000000001
"376","ran376.hdr.60",-0.0000146999999999994
"376","ran376.hdr.61",-0.0015112
"376","ran376.hdr.62",-0.000728099999999999
"376","ran376.hdr.63",-0.00017959
"376","ran376.hdr.64",NA
"376","ran376.hdr.65",0.000166699999999999
"376","ran376.hdr.66",0.0000107000000000006
"376","ran376.hdr.67",-0.0003826
"376","ran376.hdr.68",-0.00574057
"376","ran376.hdr.69",-0.0015961
"376","ran376.hdr.7",-0.00058509
"376","ran376.hdr.70",-0.000328449999999999
"376","ran376.hdr.71",-0.000717199999999999
"376","ran376.hdr.72",-0.000134699999999998
"376","ran376.hdr.73",0.0001838
"376","ran376.hdr.74",0.000235299999999997
"376","ran376.hdr.75",-0.00033557
"376","ran376.hdr.76",-0.000894099999999998
"376","ran376.hdr.77",-0.0004323
"376","ran376.hdr.78",0.000226799999999999
"376","ran376.hdr.8",-0.000321109999999999
"376","ran376.hdr.9",0.00037802
"377","ran377.hdr.1",-0.0025737
"377","ran377.hdr.10",0.0002904
"377","ran377.hdr.11",-0.000112099999999999
"377","ran377.hdr.12",-0.000701999999999999
"377","ran377.hdr.13",-0.0000713600000000003
"377","ran377.hdr.14",0.00134578
"377","ran377.hdr.15",0.00000119999999999981
"377","ran377.hdr.16",-0.000414400000000001
"377","ran377.hdr.17",-0.0000475000000000007
"377","ran377.hdr.18",-0.000341899999999999
"377","ran377.hdr.19",-0.0010992
"377","ran377.hdr.2",-0.0014426
"377","ran377.hdr.20",-0.000348220000000002
"377","ran377.hdr.21",-0.000911199999999997
"377","ran377.hdr.22",-0.000516000000000001
"377","ran377.hdr.23",-0.0134706
"377","ran377.hdr.24",-0.0000387000000000009
"377","ran377.hdr.25",-0.000291369999999999
"377","ran377.hdr.26",-0.0016211
"377","ran377.hdr.27",0.000380700000000001
"377","ran377.hdr.28",-0.0023332
"377","ran377.hdr.29",-0.000375199999999999
"377","ran377.hdr.3",-0.000860900000000001
"377","ran377.hdr.30",-0.0011853
"377","ran377.hdr.31",-0.0084394
"377","ran377.hdr.32",-0.000890400000000001
"377","ran377.hdr.33",-0.000576
"377","ran377.hdr.34",0.0002039
"377","ran377.hdr.35",-0.00010709
"377","ran377.hdr.36",-0.000541900000000001
"377","ran377.hdr.37",-0.00014131
"377","ran377.hdr.38",-0.000326509999999999
"377","ran377.hdr.39",0.00034213
"377","ran377.hdr.4",-0.00449763
"377","ran377.hdr.40",-0.000757799999999999
"377","ran377.hdr.41",-0.00035637
"377","ran377.hdr.42",-0.0012186
"377","ran377.hdr.43",0.00044489
"377","ran377.hdr.44",0.0003309
"377","ran377.hdr.45",-0.0013524
"377","ran377.hdr.46",-0.0012106
"377","ran377.hdr.47",-0.002171
"377","ran377.hdr.48",-0.00019346
"377","ran377.hdr.49",-0.000733699999999999
"377","ran377.hdr.5",-0.0019788
"377","ran377.hdr.50",-0.0034509
"377","ran377.hdr.51",-0.0000371
"377","ran377.hdr.52",-0.0024639
"377","ran377.hdr.53",-0.000670899999999999
"377","ran377.hdr.54",-0.000334300000000001
"377","ran377.hdr.55",-0.0000856099999999999
"377","ran377.hdr.56",-0.0002851
"377","ran377.hdr.57",-0.0010527
"377","ran377.hdr.58",-0.0030547
"377","ran377.hdr.59",-0.00020368
"377","ran377.hdr.6",-0.000160850000000001
"377","ran377.hdr.60",-0.000217699999999999
"377","ran377.hdr.61",-0.0010844
"377","ran377.hdr.62",0.000165
"377","ran377.hdr.63",0.00041589
"377","ran377.hdr.64",-0.012746
"377","ran377.hdr.65",0.0000727999999999996
"377","ran377.hdr.66",0.000265019999999999
"377","ran377.hdr.67",0.0002951
"377","ran377.hdr.68",0.000285500000000001
"377","ran377.hdr.69",-0.000150300000000001
"377","ran377.hdr.7",-0.00013425
"377","ran377.hdr.70",-0.0005504
"377","ran377.hdr.71",-0.000121900000000001
"377","ran377.hdr.72",0.00049861
"377","ran377.hdr.73",-0.000256100000000002
"377","ran377.hdr.74",-0.0011679
"377","ran377.hdr.75",-0.0012699
"377","ran377.hdr.76",-0.0014855
"377","ran377.hdr.77",-0.0014027
"377","ran377.hdr.78",0.00023438
"377","ran377.hdr.8",-0.0003134
"377","ran377.hdr.9",-0.00038711
"378","ran378.hdr.1",-0.0005246
"378","ran378.hdr.10",-0.000409099999999999
"378","ran378.hdr.11",-0.000189089999999999
"378","ran378.hdr.12",0.0000243300000000001
"378","ran378.hdr.13",-0.0011929
"378","ran378.hdr.14",-0.000136260000000001
"378","ran378.hdr.15",-0.0012819
"378","ran378.hdr.16",-0.000130699999999999
"378","ran378.hdr.17",-0.0016942
"378","ran378.hdr.18",0.00000735000000000015
"378","ran378.hdr.19",-0.000110299999999999
"378","ran378.hdr.2",-0.0003254
"378","ran378.hdr.20",-0.0084394
"378","ran378.hdr.21",-0.0006201
"378","ran378.hdr.22",-0.0113291
"378","ran378.hdr.23",-0.0000683000000000003
"378","ran378.hdr.24",-0.0000800499999999999
"378","ran378.hdr.25",-0.00081971
"378","ran378.hdr.26",-0.0004084
"378","ran378.hdr.27",-0.0003079
"378","ran378.hdr.28",-0.000777899999999998
"378","ran378.hdr.29",-0.0011573
"378","ran378.hdr.3",-0.0043666
"378","ran378.hdr.30",-0.0011609
"378","ran378.hdr.31",-0.0003333
"378","ran378.hdr.32",0.0005319
"378","ran378.hdr.33",-0.0013224
"378","ran378.hdr.34",-0.00015038
"378","ran378.hdr.35",-0.000412399999999999
"378","ran378.hdr.36",-0.0007055
"378","ran378.hdr.37",-0.0013204
"378","ran378.hdr.38",-0.0011573
"378","ran378.hdr.39",-0.000041639999999999
"378","ran378.hdr.4",-0.00029246
"378","ran378.hdr.40",0.0003563
"378","ran378.hdr.41",-0.0011836
"378","ran378.hdr.42",-0.0022371
"378","ran378.hdr.43",-0.0008754
"378","ran378.hdr.44",-0.0002202
"378","ran378.hdr.45",-0.0002729
"378","ran378.hdr.46",0.000012144
"378","ran378.hdr.47",-0.0002851
"378","ran378.hdr.48",0.0000461999999999997
"378","ran378.hdr.49",-0.000837099999999999
"378","ran378.hdr.5",-0.0000149
"378","ran378.hdr.50",0.00024578
"378","ran378.hdr.51",-0.0010927
"378","ran378.hdr.52",-0.002475
"378","ran378.hdr.53",-0.0005042
"378","ran378.hdr.54",-0.000787200000000002
"378","ran378.hdr.55",-0.00017852
"378","ran378.hdr.56",0.00041589
"378","ran378.hdr.57",-0.0004576
"378","ran378.hdr.58",-0.0017637
"378","ran378.hdr.59",-0.0011067
"378","ran378.hdr.6",-0.0011219
"378","ran378.hdr.60",-0.0102309
"378","ran378.hdr.61",-0.0017715
"378","ran378.hdr.62",-0.0000582000000000013
"378","ran378.hdr.63",-0.000154400000000002
"378","ran378.hdr.64",-0.00045068
"378","ran378.hdr.65",0.000656800000000001
"378","ran378.hdr.66",-0.0037906
"378","ran378.hdr.67",-0.000267199999999999
"378","ran378.hdr.68",-0.000596000000000003
"378","ran378.hdr.69",-0.0007443
"378","ran378.hdr.7",-0.000401799999999999
"378","ran378.hdr.70",-0.000401100000000001
"378","ran378.hdr.71",-0.0004732
"378","ran378.hdr.72",-0.000204899999999999
"378","ran378.hdr.73",0.00011249
"378","ran378.hdr.74",-0.00033439
"378","ran378.hdr.75",-0.000458999999999998
"378","ran378.hdr.76",-0.0012827
"378","ran378.hdr.77",-0.00083164
"378","ran378.hdr.78",-0.0018567
"378","ran378.hdr.8",-0.00017451
"378","ran378.hdr.9",-0.00038553
"379","ran379.hdr.1",-0.0003376
"379","ran379.hdr.10",-0.0056027
"379","ran379.hdr.11",-0.0044934
"379","ran379.hdr.12",-0.0040885
"379","ran379.hdr.13",0.0000511000000000001
"379","ran379.hdr.14",-0.0010609
"379","ran379.hdr.15",-0.00047386
"379","ran379.hdr.16",-0.0015386
"379","ran379.hdr.17",-0.000675400000000003
"379","ran379.hdr.18",-0.000232599999999999
"379","ran379.hdr.19",-0.0000582479999999999
"379","ran379.hdr.2",-0.000451700000000001
"379","ran379.hdr.20",-0.0000979900000000001
"379","ran379.hdr.21",-0.000393909999999999
"379","ran379.hdr.22",-0.000359400000000001
"379","ran379.hdr.23",-0.000118400000000001
"379","ran379.hdr.24",0.000402120000000001
"379","ran379.hdr.25",-0.000107836
"379","ran379.hdr.26",-0.0015418
"379","ran379.hdr.27",0.0000102000000000019
"379","ran379.hdr.28",-0.000686199999999998
"379","ran379.hdr.29",-0.00158129
"379","ran379.hdr.3",-0.000115250000000001
"379","ran379.hdr.30",-0.000616499999999999
"379","ran379.hdr.31",-0.0001239
"379","ran379.hdr.32",-0.0006158
"379","ran379.hdr.33",0.000161690000000001
"379","ran379.hdr.34",0.00014465
"379","ran379.hdr.35",-0.00023674
"379","ran379.hdr.36",-0.00084943
"379","ran379.hdr.37",-0.000714700000000002
"379","ran379.hdr.38",-0.000383960000000001
"379","ran379.hdr.39",0.000435100000000001
"379","ran379.hdr.4",-0.000149890000000001
"379","ran379.hdr.40",-0.000397000000000002
"379","ran379.hdr.41",-0.000397399999999999
"379","ran379.hdr.42",0.0000383999999999992
"379","ran379.hdr.43",-0.0038148
"379","ran379.hdr.44",-0.0023193
"379","ran379.hdr.45",-0.00019887
"379","ran379.hdr.46",-0.000429500000000003
"379","ran379.hdr.47",-0.0009972
"379","ran379.hdr.48",-0.0011277
"379","ran379.hdr.49",0.00011855
"379","ran379.hdr.5",0.0003348
"379","ran379.hdr.50",0.0006859
"379","ran379.hdr.51",-0.0037192
"379","ran379.hdr.52",-0.0025436
"379","ran379.hdr.53",-0.0005929
"379","ran379.hdr.54",-0.0003908
"379","ran379.hdr.55",-0.0007171
"379","ran379.hdr.56",-0.000442600000000001
"379","ran379.hdr.57",-0.000375
"379","ran379.hdr.58",-0.00024603
"379","ran379.hdr.59",-0.000103599999999999
"379","ran379.hdr.6",-0.0018301
"379","ran379.hdr.60",-0.0021164
"379","ran379.hdr.61",-0.000586400000000001
"379","ran379.hdr.62",-0.000313299999999999
"379","ran379.hdr.63",-0.000410299999999999
"379","ran379.hdr.64",0.000366500000000001
"379","ran379.hdr.65",0.000413299999999998
"379","ran379.hdr.66",-0.0020511
"379","ran379.hdr.67",-0.0032377
"379","ran379.hdr.68",-0.00016
"379","ran379.hdr.69",-0.000028799999999999
"379","ran379.hdr.7",-0.0007133
"379","ran379.hdr.70",0.000228300000000001
"379","ran379.hdr.71",-0.000836699999999999
"379","ran379.hdr.72",-0.000267199999999999
"379","ran379.hdr.73",0.0000390000000000008
"379","ran379.hdr.74",0.00018416
"379","ran379.hdr.75",-0.0037745
"379","ran379.hdr.76",-0.0008547
"379","ran379.hdr.77",-0.0010028
"379","ran379.hdr.78",-0.000776900000000001
"379","ran379.hdr.8",0.00012763
"379","ran379.hdr.9",-0.000077743
"380","ran380.hdr.1",-0.0003622
"380","ran380.hdr.10",-0.000585499999999999
"380","ran380.hdr.11",NA
"380","ran380.hdr.12",0.000556899999999999
"380","ran380.hdr.13",-0.00053636
"380","ran380.hdr.14",-0.000399699999999999
"380","ran380.hdr.15",-0.000207199999999999
"380","ran380.hdr.16",-0.0000342699999999994
"380","ran380.hdr.17",0.00013739
"380","ran380.hdr.18",0.00032532
"380","ran380.hdr.19",0.000174039999999999
"380","ran380.hdr.2",-0.000311580000000001
"380","ran380.hdr.20",-0.0017649
"380","ran380.hdr.21",-0.0013259
"380","ran380.hdr.22",-0.000595100000000001
"380","ran380.hdr.23",-0.0002319
"380","ran380.hdr.24",-0.0013829
"380","ran380.hdr.25",-0.000108899999999999
"380","ran380.hdr.26",-0.0001248
"380","ran380.hdr.27",-0.000382199999999999
"380","ran380.hdr.28",-0.0006201
"380","ran380.hdr.29",0.00037177
"380","ran380.hdr.3",0.000132
"380","ran380.hdr.30",-0.00023674
"380","ran380.hdr.31",-0.000232900000000001
"380","ran380.hdr.32",-0.00044142
"380","ran380.hdr.33",-0.00045666
"380","ran380.hdr.34",-0.000119399999999999
"380","ran380.hdr.35",0.00031847
"380","ran380.hdr.36",-0.0050666
"380","ran380.hdr.37",-0.00087039
"380","ran380.hdr.38",0.00039719
"380","ran380.hdr.39",-0.00510713
"380","ran380.hdr.4",-0.00019184
"380","ran380.hdr.40",0.0000443000000000006
"380","ran380.hdr.41",-0.000252799999999999
"380","ran380.hdr.42",0.000361500000000001
"380","ran380.hdr.43",-0.0014027
"380","ran380.hdr.44",-0.0001264
"380","ran380.hdr.45",-0.000149799999999999
"380","ran380.hdr.46",-0.0005466
"380","ran380.hdr.47",-0.000638400000000001
"380","ran380.hdr.48",-0.00019424
"380","ran380.hdr.49",-0.0026491
"380","ran380.hdr.5",-0.000434299999999999
"380","ran380.hdr.50",-0.0037192
"380","ran380.hdr.51",-0.001127
"380","ran380.hdr.52",-0.0014925
"380","ran380.hdr.53",-0.0025436
"380","ran380.hdr.54",-0.0011836
"380","ran380.hdr.55",-0.00057255
"380","ran380.hdr.56",-0.0003823
"380","ran380.hdr.57",-0.0011887
"380","ran380.hdr.58",-0.000114999999999999
"380","ran380.hdr.59",-0.0004846
"380","ran380.hdr.6",-0.0025737
"380","ran380.hdr.60",-0.00077464
"380","ran380.hdr.61",-0.0034143
"380","ran380.hdr.62",-0.00000147000000000038
"380","ran380.hdr.63",-0.00155443
"380","ran380.hdr.64",-0.0010723
"380","ran380.hdr.65",0.000139
"380","ran380.hdr.67",-0.000551000000000001
"380","ran380.hdr.68",-0.0021629
"380","ran380.hdr.69",-0.0008071
"380","ran380.hdr.7",-0.0020013
"380","ran380.hdr.70",-0.000557700000000001
"380","ran380.hdr.71",-0.00017358
"380","ran380.hdr.72",-0.0011074
"380","ran380.hdr.73",-0.000261900000000002
"380","ran380.hdr.74",-0.000318899999999997
"380","ran380.hdr.75",-0.0011354
"380","ran380.hdr.76",-0.000584000000000001
"380","ran380.hdr.77",-0.000498099999999998
"380","ran380.hdr.78",0.00029777
"380","ran380.hdr.8",0.0004718
"380","ran380.hdr.9",-0.0109775
"381","ran381.hdr.1",-0.0009493
"381","ran381.hdr.10",-0.0011382
"381","ran381.hdr.11",-0.0000801099999999996
"381","ran381.hdr.12",-0.000217070000000001
"381","ran381.hdr.13",-0.000725689999999999
"381","ran381.hdr.14",-0.000416400000000001
"381","ran381.hdr.15",-0.000935750000000001
"381","ran381.hdr.16",-0.000864889999999999
"381","ran381.hdr.17",-0.00049628
"381","ran381.hdr.18",-0.0004314
"381","ran381.hdr.19",-0.000291369999999999
"381","ran381.hdr.2",-0.0013435
"381","ran381.hdr.20",-0.000651099999999998
"381","ran381.hdr.21",-0.000356
"381","ran381.hdr.22",-0.000415799999999997
"381","ran381.hdr.23",0.00106111
"381","ran381.hdr.24",-0.00031687
"381","ran381.hdr.25",-0.0002991
"381","ran381.hdr.26",-0.000311800000000001
"381","ran381.hdr.27",-0.000759340000000001
"381","ran381.hdr.28",NA
"381","ran381.hdr.29",0.00000333000000000104
"381","ran381.hdr.3",-0.000621999999999998
"381","ran381.hdr.30",-0.0000993900000000004
"381","ran381.hdr.31",0.00073696
"381","ran381.hdr.32",-0.00044142
"381","ran381.hdr.33",0.0000741100000000005
"381","ran381.hdr.34",-0.0003079
"381","ran381.hdr.35",-0.0008652
"381","ran381.hdr.36",0.000505200000000001
"381","ran381.hdr.37",-0.000359199999999999
"381","ran381.hdr.38",-0.001081
"381","ran381.hdr.39",-0.000258899999999999
"381","ran381.hdr.4",-0.0061766
"381","ran381.hdr.40",-0.0006306
"381","ran381.hdr.41",-0.0000392999999999991
"381","ran381.hdr.42",0.0000463000000000009
"381","ran381.hdr.43",0.0006535
"381","ran381.hdr.44",0.0000757000000000015
"381","ran381.hdr.45",-0.0004718
"381","ran381.hdr.46",-0.000291899999999999
"381","ran381.hdr.47",0.000074900000000001
"381","ran381.hdr.48",-0.0022656
"381","ran381.hdr.49",-0.0000750999999999981
"381","ran381.hdr.5",-0.0066937
"381","ran381.hdr.50",-0.0015911
"381","ran381.hdr.51",-0.000377499999999999
"381","ran381.hdr.52",-0.0000371
"381","ran381.hdr.53",-0.000551949999999999
"381","ran381.hdr.54",-0.000643990000000001
"381","ran381.hdr.55",-0.000248099999999999
"381","ran381.hdr.56",-0.00011554
"381","ran381.hdr.57",-0.0000804899999999999
"381","ran381.hdr.58",-0.00016504
"381","ran381.hdr.59",-0.000580600000000001
"381","ran381.hdr.6",-0.0052846
"381","ran381.hdr.60",-0.01280889
"381","ran381.hdr.61",-0.000221499999999999
"381","ran381.hdr.62",-0.0011074
"381","ran381.hdr.63",-0.00000417100000000002
"381","ran381.hdr.64",-0.000328449999999999
"381","ran381.hdr.65",-0.001084
"381","ran381.hdr.66",-0.0063745
"381","ran381.hdr.67",-0.0016696
"381","ran381.hdr.68",-0.000607500000000002
"381","ran381.hdr.69",-0.0011431
"381","ran381.hdr.7",-0.000585499999999999
"381","ran381.hdr.70",-0.000428600000000001
"381","ran381.hdr.71",-0.0027704
"381","ran381.hdr.72",-0.000482799999999999
"381","ran381.hdr.73",-0.000126299999999999
"381","ran381.hdr.74",-0.00083164
"381","ran381.hdr.75",-0.0003649
"381","ran381.hdr.76",-0.0004913
"381","ran381.hdr.77",-0.0016978
"381","ran381.hdr.78",-0.000776900000000001
"381","ran381.hdr.8",-0.0003134
"381","ran381.hdr.9",0.000234499999999999
"382","ran382.hdr.1",-0.000195000000000001
"382","ran382.hdr.10",-0.0009067
"382","ran382.hdr.11",-0.000653000000000001
"382","ran382.hdr.12",-0.0000970999999999993
"382","ran382.hdr.13",-0.0008751
"382","ran382.hdr.14",-0.000359400000000001
"382","ran382.hdr.15",-0.000515700000000001
"382","ran382.hdr.16",-0.000242599999999999
"382","ran382.hdr.17",-0.0000692999999999996
"382","ran382.hdr.18",0.0000252600000000005
"382","ran382.hdr.19",-0.000168399999999999
"382","ran382.hdr.2",0.000214480000000001
"382","ran382.hdr.20",-0.00091031
"382","ran382.hdr.21",-0.0016769
"382","ran382.hdr.22",-0.0005983
"382","ran382.hdr.23",-0.0026503
"382","ran382.hdr.24",-0.002999
"382","ran382.hdr.25",0.00026201
"382","ran382.hdr.26",0.0000133300000000006
"382","ran382.hdr.27",-0.0000868339999999999
"382","ran382.hdr.28",-0.00013267
"382","ran382.hdr.29",-0.00037474
"382","ran382.hdr.3",-0.0025737
"382","ran382.hdr.30",-0.00024082
"382","ran382.hdr.31",-0.000572599999999999
"382","ran382.hdr.32",-0.0018846
"382","ran382.hdr.33",-0.0000862000000000016
"382","ran382.hdr.34",-0.0006306
"382","ran382.hdr.35",-0.0009332
"382","ran382.hdr.36",-0.0015268
"382","ran382.hdr.37",-0.000722799999999999
"382","ran382.hdr.38",-0.0010504
"382","ran382.hdr.39",-0.0002538
"382","ran382.hdr.4",-0.0002675
"382","ran382.hdr.40",-0.0001145
"382","ran382.hdr.41",-0.0030178
"382","ran382.hdr.42",-0.00042848
"382","ran382.hdr.43",-0.0022477
"382","ran382.hdr.44",0.00053199
"382","ran382.hdr.45",-0.000569999999999999
"382","ran382.hdr.46",-0.0000750999999999981
"382","ran382.hdr.47",-0.000377499999999999
"382","ran382.hdr.48",-0.000325299999999997
"382","ran382.hdr.49",-0.000876599999999998
"382","ran382.hdr.5",-0.000226799999999999
"382","ran382.hdr.50",0.00010489
"382","ran382.hdr.51",-0.005927
"382","ran382.hdr.52",NA
"382","ran382.hdr.53",0.00019544
"382","ran382.hdr.54",-0.000238039999999999
"382","ran382.hdr.55",-0.0001172
"382","ran382.hdr.56",-0.00017588
"382","ran382.hdr.57",-0.0013645
"382","ran382.hdr.58",-0.000796399999999999
"382","ran382.hdr.6",-0.0054872
"382","ran382.hdr.60",-0.0002869
"382","ran382.hdr.61",-0.000262800000000001
"382","ran382.hdr.62",-0.000425699999999999
"382","ran382.hdr.63",-0.0107924
"382","ran382.hdr.64",-0.0011457
"382","ran382.hdr.65",0.000324999999999999
"382","ran382.hdr.66",-0.0014755
"382","ran382.hdr.67",0.000783900000000001
"382","ran382.hdr.68",0.0003765
"382","ran382.hdr.69",-0.00029412
"382","ran382.hdr.7",-0.003143
"382","ran382.hdr.70",-0.001084
"382","ran382.hdr.71",0.0000869000000000009
"382","ran382.hdr.72",-0.0024046
"382","ran382.hdr.73",-0.000112899999999999
"382","ran382.hdr.74",-0.000889800000000001
"382","ran382.hdr.75",0.0001838
"382","ran382.hdr.76",-0.000578
"382","ran382.hdr.77",-0.000688999999999999
"382","ran382.hdr.78",-0.0057067
"382","ran382.hdr.8",0.00000320000000000008
"382","ran382.hdr.9",-0.0015953
"383","ran383.hdr.1",-0.0003622
"383","ran383.hdr.10",0.00016704
"383","ran383.hdr.11",-0.000653000000000001
"383","ran383.hdr.12",-0.000446700000000001
"383","ran383.hdr.13",-0.0003143
"383","ran383.hdr.14",-0.0000977999999999986
"383","ran383.hdr.15",-0.00050998
"383","ran383.hdr.16",-0.00091031
"383","ran383.hdr.17",0.000494990000000001
"383","ran383.hdr.18",-0.0003435
"383","ran383.hdr.19",-0.00035428
"383","ran383.hdr.2",-0.000206499999999998
"383","ran383.hdr.20",-0.000438299999999999
"383","ran383.hdr.21",-0.0023662
"383","ran383.hdr.22",-0.0007279
"383","ran383.hdr.23",-0.0005322
"383","ran383.hdr.24",-0.000611500000000001
"383","ran383.hdr.25",-0.00043339
"383","ran383.hdr.26",-0.0006865
"383","ran383.hdr.27",-0.00196798
"383","ran383.hdr.28",-0.0004121
"383","ran383.hdr.29",-0.000429799999999999
"383","ran383.hdr.3",-0.0002056
"383","ran383.hdr.30",-0.00029554
"383","ran383.hdr.31",-0.00018774
"383","ran383.hdr.32",-0.0001338
"383","ran383.hdr.33",0.000056719
"383","ran383.hdr.34",-0.000175300000000001
"383","ran383.hdr.35",-0.000709920000000001
"383","ran383.hdr.36",-0.000488699999999998
"383","ran383.hdr.37",-0.000962000000000001
"383","ran383.hdr.38",-0.0024831
"383","ran383.hdr.39",-0.000548
"383","ran383.hdr.4",-0.00163709
"383","ran383.hdr.40",0.0000578999999999996
"383","ran383.hdr.41",-0.000352100000000001
"383","ran383.hdr.42",-0.0010094
"383","ran383.hdr.43",0.0006888
"383","ran383.hdr.44",-0.000041639999999999
"383","ran383.hdr.45",-0.0011277
"383","ran383.hdr.46",-0.0000485800000000003
"383","ran383.hdr.47",-0.000499899999999998
"383","ran383.hdr.48",0.0000680300000000002
"383","ran383.hdr.49",-0.000569200000000002
"383","ran383.hdr.5",-0.0013747
"383","ran383.hdr.50",-0.000289599999999999
"383","ran383.hdr.51",0.000447400000000001
"383","ran383.hdr.52",-0.000940400000000001
"383","ran383.hdr.53",-0.000392399999999999
"383","ran383.hdr.54",-0.0000330999999999994
"383","ran383.hdr.55",-0.00019336
"383","ran383.hdr.56",-0.000193329999999999
"383","ran383.hdr.57",-0.000787200000000002
"383","ran383.hdr.58",-0.000146299999999999
"383","ran383.hdr.6",-0.0000556999999999988
"383","ran383.hdr.60",-0.000477600000000002
"383","ran383.hdr.61",-0.0000770000000000007
"383","ran383.hdr.62",-0.00038507
"383","ran383.hdr.63",-0.00133806
"383","ran383.hdr.64",-0.0013065
"383","ran383.hdr.65",-0.000373099999999998
"383","ran383.hdr.66",-0.000480599999999998
"383","ran383.hdr.67",-0.000692700000000001
"383","ran383.hdr.68",-0.0004019
"383","ran383.hdr.69",0.00049861
"383","ran383.hdr.7",-0.000223299999999999
"383","ran383.hdr.70",-0.000177710000000001
"383","ran383.hdr.71",-0.000482799999999999
"383","ran383.hdr.72",-0.0002612
"383","ran383.hdr.73",-0.0014426
"383","ran383.hdr.74",-0.0013547
"383","ran383.hdr.75",-0.0015597
"383","ran383.hdr.76",-0.00026988
"383","ran383.hdr.77",-0.000584000000000001
"383","ran383.hdr.78",-0.000281790000000001
"383","ran383.hdr.8",NA
"383","ran383.hdr.9",-0.0003821
"384","ran384.hdr.1",-0.0014444
"384","ran384.hdr.10",-0.000021199999999999
"384","ran384.hdr.11",-0.001099
"384","ran384.hdr.12",-0.000401799999999999
"384","ran384.hdr.13",-0.00010734
"384","ran384.hdr.14",-0.00029445
"384","ran384.hdr.15",-0.001162
"384","ran384.hdr.16",-0.000506029999999999
"384","ran384.hdr.17",0.000274100000000003
"384","ran384.hdr.18",-0.0003742
"384","ran384.hdr.19",-0.000527999999999999
"384","ran384.hdr.2",-0.000391299999999997
"384","ran384.hdr.20",-0.000935750000000001
"384","ran384.hdr.21",-0.000864889999999999
"384","ran384.hdr.22",-0.0002775
"384","ran384.hdr.23",-0.00039311
"384","ran384.hdr.24",-0.0002758
"384","ran384.hdr.25",-0.000598599999999998
"384","ran384.hdr.26",0.00007813
"384","ran384.hdr.27",-0.0011163
"384","ran384.hdr.28",0.0003146
"384","ran384.hdr.29",-0.000110299999999999
"384","ran384.hdr.3",-0.000241100000000001
"384","ran384.hdr.30",-0.00175568
"384","ran384.hdr.31",-0.000292629999999999
"384","ran384.hdr.32",-0.000341280000000001
"384","ran384.hdr.33",-0.00017027
"384","ran384.hdr.34",0.00062709
"384","ran384.hdr.35",-0.0018031
"384","ran384.hdr.36",0.00015685
"384","ran384.hdr.37",-0.0000142300000000005
"384","ran384.hdr.38",0.0000735600000000003
"384","ran384.hdr.39",-0.000247789999999999
"384","ran384.hdr.4",-0.000532600000000001
"384","ran384.hdr.40",-0.000505799999999999
"384","ran384.hdr.41",-0.00037394
"384","ran384.hdr.42",-0.0012859
"384","ran384.hdr.43",-0.0000519000000000006
"384","ran384.hdr.44",-0.00041977
"384","ran384.hdr.45",-0.0034143
"384","ran384.hdr.46",-0.0004831
"384","ran384.hdr.47",-0.000564
"384","ran384.hdr.48",-0.000375
"384","ran384.hdr.49",-0.000248099999999999
"384","ran384.hdr.5",-0.0007992
"384","ran384.hdr.50",0.00026858
"384","ran384.hdr.51",-0.00022462
"384","ran384.hdr.52",0.000140899999999999
"384","ran384.hdr.55",-0.0004576
"384","ran384.hdr.56",-0.00038507
"384","ran384.hdr.57",-0.0012438
"384","ran384.hdr.58",-0.0009592
"384","ran384.hdr.59",0.000342199999999999
"384","ran384.hdr.6",-0.0051698
"384","ran384.hdr.60",-0.0016152
"384","ran384.hdr.61",-0.000164200000000001
"384","ran384.hdr.62",-0.000290670000000001
"384","ran384.hdr.63",-0.0004732
"384","ran384.hdr.64",-0.00006813
"384","ran384.hdr.65",-0.0007592
"384","ran384.hdr.66",-0.0004414
"384","ran384.hdr.67",-0.000546100000000001
"384","ran384.hdr.68",-0.000649899999999998
"384","ran384.hdr.69",0.000385160000000001
"384","ran384.hdr.7",-0.0000556999999999988
"384","ran384.hdr.70",0.0001239
"384","ran384.hdr.71",0.000326549999999999
"384","ran384.hdr.72",0.0004451
"384","ran384.hdr.73",-0.000694699999999999
"384","ran384.hdr.74",-0.000218699999999999
"384","ran384.hdr.75",-0.0000362999999999995
"384","ran384.hdr.76",-0.0032753
"384","ran384.hdr.77",-0.0057067
"384","ran384.hdr.78",-0.0018567
"384","ran384.hdr.8",0.00016477
"384","ran384.hdr.9",-0.0000849000000000006
"385","ran385.hdr.1",-0.000905800000000002
"385","ran385.hdr.10",-0.0013722
"385","ran385.hdr.11",-0.000571100000000001
"385","ran385.hdr.12",-0.00056426
"385","ran385.hdr.13",-0.00066134
"385","ran385.hdr.14",-0.000232599999999999
"385","ran385.hdr.15",-0.0003345
"385","ran385.hdr.16",0.000188412
"385","ran385.hdr.17",-0.00036797
"385","ran385.hdr.18",-0.000334500000000001
"385","ran385.hdr.19",-0.0018782
"385","ran385.hdr.2",-0.0000554800000000001
"385","ran385.hdr.20",-0.000934500000000001
"385","ran385.hdr.21",0.000150600000000001
"385","ran385.hdr.22",-0.0003254
"385","ran385.hdr.23",0.000350800000000002
"385","ran385.hdr.24",-0.0004364
"385","ran385.hdr.25",-0.00005407
"385","ran385.hdr.26",-0.0014725
"385","ran385.hdr.27",0.0000703500000000003
"385","ran385.hdr.28",-0.00022865
"385","ran385.hdr.29",-0.000285000000000001
"385","ran385.hdr.3",-0.0000103000000000013
"385","ran385.hdr.30",-0.000376700000000001
"385","ran385.hdr.31",-0.00017027
"385","ran385.hdr.32",-0.00044134
"385","ran385.hdr.33",-0.000420199999999999
"385","ran385.hdr.34",-0.0025825
"385","ran385.hdr.35",-0.000358299999999999
"385","ran385.hdr.36",-0.000207499999999999
"385","ran385.hdr.37",-0.00073436
"385","ran385.hdr.38",-0.000184700000000001
"385","ran385.hdr.39",-0.0019144
"385","ran385.hdr.4",-0.0011965
"385","ran385.hdr.40",-0.00070169
"385","ran385.hdr.41",0.000294800000000001
"385","ran385.hdr.42",-0.0000268999999999998
"385","ran385.hdr.43",-0.00082841
"385","ran385.hdr.44",-0.0012954
"385","ran385.hdr.45",-0.000810200000000001
"385","ran385.hdr.46",-0.00025843
"385","ran385.hdr.47",0.000217800000000001
"385","ran385.hdr.48",-0.0013738
"385","ran385.hdr.49",-0.0002047
"385","ran385.hdr.5",-0.0027813
"385","ran385.hdr.50",-0.000329799999999998
"385","ran385.hdr.51",-0.000551100000000002
"385","ran385.hdr.52",-0.000670899999999999
"385","ran385.hdr.53",-0.000691199999999999
"385","ran385.hdr.54",-0.000755800000000001
"385","ran385.hdr.55",-0.0014669
"385","ran385.hdr.56",-0.000369599999999999
"385","ran385.hdr.57",-0.00073805
"385","ran385.hdr.59",-0.0000174000000000007
"385","ran385.hdr.6",-0.000892799999999999
"385","ran385.hdr.60",0.000251030000000001
"385","ran385.hdr.61",-0.000728099999999999
"385","ran385.hdr.62",-0.0107487
"385","ran385.hdr.63",-0.0002325
"385","ran385.hdr.64",-0.0014307
"385","ran385.hdr.65",-0.000420499999999999
"385","ran385.hdr.66",-0.001084
"385","ran385.hdr.67",0.0001846
"385","ran385.hdr.68",0.000246400000000001
"385","ran385.hdr.69",-0.0005631
"385","ran385.hdr.7",-0.000831800000000001
"385","ran385.hdr.70",-0.0005982
"385","ran385.hdr.71",-0.000889800000000001
"385","ran385.hdr.72",-0.0043812
"385","ran385.hdr.73",0.0010606
"385","ran385.hdr.74",-0.00093906
"385","ran385.hdr.75",-0.0002688
"385","ran385.hdr.76",-0.000126299999999999
"385","ran385.hdr.77",-0.0003198
"385","ran385.hdr.78",0.000203477
"385","ran385.hdr.8",-0.0049685
"385","ran385.hdr.9",-0.0031082
"386","ran386.hdr.1",0.000132149999999999
"386","ran386.hdr.10",0.00016113
"386","ran386.hdr.11",-0.00018093
"386","ran386.hdr.12",0.000276029999999999
"386","ran386.hdr.13",-0.00020631
"386","ran386.hdr.14",-0.000477
"386","ran386.hdr.15",-0.000657
"386","ran386.hdr.16",-0.0002013
"386","ran386.hdr.17",-0.00041587
"386","ran386.hdr.18",-0.0021765
"386","ran386.hdr.19",-0.00158129
"386","ran386.hdr.2",-0.0011092
"386","ran386.hdr.20",-0.000556399999999999
"386","ran386.hdr.21",-0.000598599999999998
"386","ran386.hdr.22",-0.000256040000000001
"386","ran386.hdr.23",-0.0012522
"386","ran386.hdr.24",-0.0010873
"386","ran386.hdr.25",-0.00022216
"386","ran386.hdr.26",-0.000576
"386","ran386.hdr.27",-0.000376700000000001
"386","ran386.hdr.28",-0.0012418
"386","ran386.hdr.29",-0.0029271
"386","ran386.hdr.3",-0.0024735
"386","ran386.hdr.30",0.000911599999999999
"386","ran386.hdr.31",0.0000262200000000004
"386","ran386.hdr.32",0.0006178
"386","ran386.hdr.33",-0.0000392999999999991
"386","ran386.hdr.34",-0.0014027
"386","ran386.hdr.35",-0.0012954
"386","ran386.hdr.36",-0.0021188
"386","ran386.hdr.37",-0.0011
"386","ran386.hdr.38",-0.00102067
"386","ran386.hdr.39",0.0000718999999999997
"386","ran386.hdr.4",-0.0059011
"386","ran386.hdr.40",-0.00019346
"386","ran386.hdr.41",-0.0073875
"386","ran386.hdr.42",-0.0010055
"386","ran386.hdr.43",-0.00074314
"386","ran386.hdr.44",-0.00005258
"386","ran386.hdr.45",0.00019344
"386","ran386.hdr.46",-0.0001647
"386","ran386.hdr.47",-0.00074359
"386","ran386.hdr.48",-0.0011173
"386","ran386.hdr.49",-0.0019361
"386","ran386.hdr.5",-0.0031124
"386","ran386.hdr.50",-0.000755800000000001
"386","ran386.hdr.51",-0.0016606
"386","ran386.hdr.52",-0.000765099999999998
"386","ran386.hdr.53",-0.0072374
"386","ran386.hdr.54",-0.00021607
"386","ran386.hdr.55",-0.00022903
"386","ran386.hdr.56",-0.00000102000000000088
"386","ran386.hdr.57",-0.0010313
"386","ran386.hdr.58",-0.000421599999999999
"386","ran386.hdr.59",0.000158
"386","ran386.hdr.6",-0.00032649
"386","ran386.hdr.61",-0.000753399999999998
"386","ran386.hdr.62",-0.0002454
"386","ran386.hdr.63",-0.0000596800000000012
"386","ran386.hdr.64",-0.000448199999999999
"386","ran386.hdr.65",-0.00005608
"386","ran386.hdr.66",0.0001308
"386","ran386.hdr.67",-0.0007279
"386","ran386.hdr.68",0.0008874
"386","ran386.hdr.69",0.000449379999999999
"386","ran386.hdr.7",-0.0023044
"386","ran386.hdr.70",-0.000581100000000001
"386","ran386.hdr.71",-0.0006633
"386","ran386.hdr.72",-0.0011679
"386","ran386.hdr.73",-0.000276200000000001
"386","ran386.hdr.74",-0.0004414
"386","ran386.hdr.75",-0.0000834000000000008
"386","ran386.hdr.76",-0.00000950000000000083
"386","ran386.hdr.77",-0.0011974
"386","ran386.hdr.78",-0.0014855
"386","ran386.hdr.8",-0.0007343
"386","ran386.hdr.9",-0.0008879
"387","ran387.hdr.1",-0.000870900000000001
"387","ran387.hdr.10",-0.0000787700000000001
"387","ran387.hdr.11",-0.0009067
"387","ran387.hdr.12",-0.0006374
"387","ran387.hdr.13",0.00000960000000000023
"387","ran387.hdr.14",-0.0002471
"387","ran387.hdr.15",-0.000320599999999999
"387","ran387.hdr.16",-0.00038553
"387","ran387.hdr.17",-0.000431160000000002
"387","ran387.hdr.18",0.00000759999999999997
"387","ran387.hdr.19",-0.000130699999999999
"387","ran387.hdr.2",-0.0001004
"387","ran387.hdr.20",-0.0016211
"387","ran387.hdr.21",-0.0011003
"387","ran387.hdr.22",-0.000796499999999999
"387","ran387.hdr.23",-0.000747600000000001
"387","ran387.hdr.24",0.0002092
"387","ran387.hdr.25",-0.000515720000000001
"387","ran387.hdr.26",-0.000027554
"387","ran387.hdr.27",-0.00068852
"387","ran387.hdr.28",-0.000336700000000001
"387","ran387.hdr.29",0.000317380000000001
"387","ran387.hdr.3",-0.000232639999999999
"387","ran387.hdr.30",-0.00044134
"387","ran387.hdr.31",0.000180019999999999
"387","ran387.hdr.32",-0.0018846
"387","ran387.hdr.33",-0.0000891900000000003
"387","ran387.hdr.34",-0.001081
"387","ran387.hdr.35",-0.000478900000000001
"387","ran387.hdr.36",0.0003438
"387","ran387.hdr.37",-0.0005269
"387","ran387.hdr.38",-0.0008168
"387","ran387.hdr.39",-0.0003937
"387","ran387.hdr.4",-0.0020392
"387","ran387.hdr.40",-0.0013204
"387","ran387.hdr.41",-0.0023505
"387","ran387.hdr.42",-0.000358600000000001
"387","ran387.hdr.43",-0.0011413
"387","ran387.hdr.44",-0.0003459
"387","ran387.hdr.45",-0.000837099999999999
"387","ran387.hdr.46",-0.000343609999999999
"387","ran387.hdr.47",-0.00270844
"387","ran387.hdr.48",-0.0016044
"387","ran387.hdr.49",NA
"387","ran387.hdr.5",-0.0040885
"387","ran387.hdr.50",-0.0009494
"387","ran387.hdr.51",-0.000880300000000001
"387","ran387.hdr.52",-0.000369599999999999
"387","ran387.hdr.53",0.0000198999999999998
"387","ran387.hdr.54",-0.00013011
"387","ran387.hdr.55",-0.00025195
"387","ran387.hdr.6",-0.0013379
"387","ran387.hdr.60",-0.000448199999999999
"387","ran387.hdr.61",-0.0017637
"387","ran387.hdr.62",-0.000268600000000001
"387","ran387.hdr.63",-0.0006038
"387","ran387.hdr.64",-0.0019575
"387","ran387.hdr.65",0.0000187999999999994
"387","ran387.hdr.66",-0.000557700000000001
"387","ran387.hdr.67",-0.0012721
"387","ran387.hdr.68",-0.0012548
"387","ran387.hdr.69",0.0005755
"387","ran387.hdr.7",-0.0005222
"387","ran387.hdr.70",-0.000919
"387","ran387.hdr.71",-0.000854299999999999
"387","ran387.hdr.72",-0.0000134000000000002
"387","ran387.hdr.73",-0.0010098
"387","ran387.hdr.74",-0.000388300000000001
"387","ran387.hdr.75",0.00013489
"387","ran387.hdr.76",-0.0012699
"387","ran387.hdr.77",-0.0014151
"387","ran387.hdr.78",-0.0006002
"387","ran387.hdr.8",-0.000229759999999999
"387","ran387.hdr.9",-0.0003186
"388","ran388.hdr.1",-0.000908900000000001
"388","ran388.hdr.10",-0.0000297000000000006
"388","ran388.hdr.11",-0.00154022
"388","ran388.hdr.12",-0.000401799999999999
"388","ran388.hdr.13",-0.000653000000000001
"388","ran388.hdr.14",-0.000217070000000001
"388","ran388.hdr.15",-0.0000950400000000011
"388","ran388.hdr.16",-0.000725689999999999
"388","ran388.hdr.17",-0.0000649700000000001
"388","ran388.hdr.18",-0.000789400000000003
"388","ran388.hdr.19",-0.00034688
"388","ran388.hdr.2",-0.002469
"388","ran388.hdr.20",-0.0016942
"388","ran388.hdr.21",-0.0006205
"388","ran388.hdr.22",NA
"388","ran388.hdr.23",-0.000556399999999999
"388","ran388.hdr.24",-0.000454400000000001
"388","ran388.hdr.25",-0.00000579400000000005
"388","ran388.hdr.26",0.000326669999999999
"388","ran388.hdr.27",0.0000270699999999997
"388","ran388.hdr.28",-0.000207209999999999
"388","ran388.hdr.29",-0.00022865
"388","ran388.hdr.3",-0.0020795
"388","ran388.hdr.30",-0.0000640999999999992
"388","ran388.hdr.31",0.0000298099999999999
"388","ran388.hdr.32",0.00017757
"388","ran388.hdr.33",0.0000228799999999994
"388","ran388.hdr.34",0.000666629999999999
"388","ran388.hdr.35",-0.000106800000000001
"388","ran388.hdr.36",-0.000171499999999998
"388","ran388.hdr.37",-0.00012828
"388","ran388.hdr.38",-0.000507200000000003
"388","ran388.hdr.39",0.0000920999999999995
"388","ran388.hdr.4",-0.000184100000000001
"388","ran388.hdr.40",0.000294800000000001
"388","ran388.hdr.41",-0.0003937
"388","ran388.hdr.42",-0.0000821999999999993
"388","ran388.hdr.43",-0.00037394
"388","ran388.hdr.44",-0.0015247
"388","ran388.hdr.45",-0.00014865
"388","ran388.hdr.46",-0.0008938
"388","ran388.hdr.47",0.0000501999999999985
"388","ran388.hdr.48",-0.0024639
"388","ran388.hdr.49",-0.00042634
"388","ran388.hdr.5",-0.00476
"388","ran388.hdr.50",-0.000879130000000001
"388","ran388.hdr.51",-0.0072374
"388","ran388.hdr.52",-0.00031891
"388","ran388.hdr.53",0.0000613000000000002
"388","ran388.hdr.54",-0.00022893
"388","ran388.hdr.55",-0.0010767
"388","ran388.hdr.56",-0.000268079999999999
"388","ran388.hdr.57",-0.000293069999999999
"388","ran388.hdr.59",-0.0007279
"388","ran388.hdr.6",-0.0040217
"388","ran388.hdr.60",-0.0012684
"388","ran388.hdr.61",-0.000737700000000001
"388","ran388.hdr.62",-0.00019203
"388","ran388.hdr.63",-0.000348800000000002
"388","ran388.hdr.64",0.000048879
"388","ran388.hdr.65",-0.00015663
"388","ran388.hdr.66",-0.0011658
"388","ran388.hdr.67",-0.000417899999999999
"388","ran388.hdr.68",-0.0037006
"388","ran388.hdr.69",0.0000247000000000008
"388","ran388.hdr.7",-0.000585499999999999
"388","ran388.hdr.70",-0.000401100000000001
"388","ran388.hdr.71",-0.0013792
"388","ran388.hdr.72",-0.00006813
"388","ran388.hdr.73",-0.0004749
"388","ran388.hdr.74",-0.0011035
"388","ran388.hdr.75",-0.0011974
"388","ran388.hdr.76",-0.0014855
"388","ran388.hdr.77",-0.0016621
"388","ran388.hdr.78",-0.0000817999999999999
"388","ran388.hdr.8",-0.00000749999999999883
"388","ran388.hdr.9",-0.0006119
"389","ran389.hdr.1",-0.0016743
"389","ran389.hdr.10",0.0000262100000000005
"389","ran389.hdr.11",-0.000399699999999999
"389","ran389.hdr.12",-0.00023309
"389","ran389.hdr.13",-0.00047554
"389","ran389.hdr.14",-0.0002397
"389","ran389.hdr.15",0.000262399999999999
"389","ran389.hdr.16",-0.000727600000000002
"389","ran389.hdr.17",-0.0010694
"389","ran389.hdr.18",-0.0016952
"389","ran389.hdr.19",-0.000533099999999998
"389","ran389.hdr.2",-0.000683999999999997
"389","ran389.hdr.20",-0.0015342
"389","ran389.hdr.21",-0.000110299999999999
"389","ran389.hdr.22",-0.0004364
"389","ran389.hdr.23",-0.0006008
"389","ran389.hdr.24",-0.000464099999999999
"389","ran389.hdr.25",0.0000634299999999997
"389","ran389.hdr.26",-0.000397399999999999
"389","ran389.hdr.27",0.0000383999999999992
"389","ran389.hdr.28",-0.0000607000000000003
"389","ran389.hdr.29",-0.0044356
"389","ran389.hdr.3",-0.0032143
"389","ran389.hdr.30",0.000720500000000002
"389","ran389.hdr.31",-0.000468900000000001
"389","ran389.hdr.32",-0.000507200000000003
"389","ran389.hdr.33",-0.0002734
"389","ran389.hdr.34",-0.000332000000000001
"389","ran389.hdr.35",-0.0007461
"389","ran389.hdr.36",0.0001554
"389","ran389.hdr.37",-0.000707100000000002
"389","ran389.hdr.38",-0.0003823
"389","ran389.hdr.39",-0.000241100000000001
"389","ran389.hdr.4",-0.000617699999999999
"389","ran389.hdr.40",-0.000644400000000002
"389","ran389.hdr.41",0.0001577
"389","ran389.hdr.42",-0.000408800000000001
"389","ran389.hdr.43",-0.0015836
"389","ran389.hdr.44",-0.000294639999999999
"389","ran389.hdr.45",-0.00137689
"389","ran389.hdr.46",-0.01768098
"389","ran389.hdr.47",-0.000270000000000001
"389","ran389.hdr.48",-0.0011708
"389","ran389.hdr.49",-0.0000584000000000001
"389","ran389.hdr.5",-0.0048952
"389","ran389.hdr.50",0.00026858
"389","ran389.hdr.51",-0.00018122
"389","ran389.hdr.52",-0.000313299999999999
"389","ran389.hdr.53",-0.0010297
"389","ran389.hdr.55",-0.0007711
"389","ran389.hdr.56",-0.00012652
"389","ran389.hdr.57",-0.0004641
"389","ran389.hdr.58",-0.0004576
"389","ran389.hdr.59",0.000223899999999999
"389","ran389.hdr.6",0.0002114
"389","ran389.hdr.60",-0.0093999
"389","ran389.hdr.61",-0.000675199999999997
"389","ran389.hdr.62",-0.0007712
"389","ran389.hdr.63",-0.0013776
"389","ran389.hdr.64",-0.000508999999999999
"389","ran389.hdr.65",-0.000373099999999998
"389","ran389.hdr.66",-0.000124800000000001
"389","ran389.hdr.67",-0.000164200000000001
"389","ran389.hdr.68",0.0002048
"389","ran389.hdr.69",0.00014493
"389","ran389.hdr.7",0.00017809
"389","ran389.hdr.70",0.0000390000000000008
"389","ran389.hdr.71",-0.0010769
"389","ran389.hdr.72",-0.0004414
"389","ran389.hdr.73",-0.0007697
"389","ran389.hdr.74",0.0000553699999999999
"389","ran389.hdr.75",-0.000580499999999999
"389","ran389.hdr.76",-0.00050556
"389","ran389.hdr.77",-0.0064447
"389","ran389.hdr.78",-0.0003604
"389","ran389.hdr.8",-0.0000232874
"389","ran389.hdr.9",0.0000326499999999987
"390","ran390.hdr.1",-0.00020446
"390","ran390.hdr.10",-0.0015953
"390","ran390.hdr.11",0.0002167
"390","ran390.hdr.12",0.000109000000000001
"390","ran390.hdr.13",-0.00036517
"390","ran390.hdr.14",0.00002439
"390","ran390.hdr.15",-0.000799000000000001
"390","ran390.hdr.16",-0.000348220000000002
"390","ran390.hdr.17",-0.000911199999999997
"390","ran390.hdr.18",-0.0001177
"390","ran390.hdr.19",-0.0010372
"390","ran390.hdr.2",-0.0026658
"390","ran390.hdr.20",-0.000212200000000001
"390","ran390.hdr.21",-0.0012417
"390","ran390.hdr.22",-0.000515720000000001
"390","ran390.hdr.23",-0.000249299999999999
"390","ran390.hdr.24",-0.000013599999999999
"390","ran390.hdr.25",-0.0025984
"390","ran390.hdr.26",-0.0016281
"390","ran390.hdr.27",-0.000383960000000001
"390","ran390.hdr.28",-0.0003079
"390","ran390.hdr.29",-0.0058339
"390","ran390.hdr.3",-0.000325500000000003
"390","ran390.hdr.30",-0.0051598
"390","ran390.hdr.31",-0.000359199999999999
"390","ran390.hdr.32",-0.000757799999999999
"390","ran390.hdr.33",0.0000152800000000012
"390","ran390.hdr.34",-0.000174199999999999
"390","ran390.hdr.35",-0.000844599999999997
"390","ran390.hdr.36",0.00013619
"390","ran390.hdr.37",-0.000291899999999999
"390","ran390.hdr.38",-0.000707100000000002
"390","ran390.hdr.39",-0.0005325
"390","ran390.hdr.4",-0.0020013
"390","ran390.hdr.40",-0.00011256
"390","ran390.hdr.41",-0.0010777
"390","ran390.hdr.42",-0.000982500000000001
"390","ran390.hdr.43",0.0000501999999999985
"390","ran390.hdr.44",-0.0020892
"390","ran390.hdr.45",-0.0002994
"390","ran390.hdr.46",-0.00057312
"390","ran390.hdr.47",-0.0046402
"390","ran390.hdr.48",-0.0004831
"390","ran390.hdr.49",0.0000691835
"390","ran390.hdr.5",-0.00012473
"390","ran390.hdr.50",-0.000564
"390","ran390.hdr.51",-0.0010767
"390","ran390.hdr.52",-0.00016505
"390","ran390.hdr.55",-0.0000393700000000004
"390","ran390.hdr.56",-0.0001099
"390","ran390.hdr.57",-0.000363
"390","ran390.hdr.58",-0.000934999999999998
"390","ran390.hdr.59",-0.000263810000000001
"390","ran390.hdr.6",NA
"390","ran390.hdr.60",-0.000684499999999998
"390","ran390.hdr.61",-0.0015743
"390","ran390.hdr.62",-0.00017452
"390","ran390.hdr.63",-0.0001002
"390","ran390.hdr.64",-0.0021686
"390","ran390.hdr.65",-0.00039282
"390","ran390.hdr.66",-0.0002325
"390","ran390.hdr.67",0.000127700000000001
"390","ran390.hdr.68",-0.0044594
"390","ran390.hdr.69",-0.0012643
"390","ran390.hdr.7",-0.0037929
"390","ran390.hdr.70",-0.000317599999999999
"390","ran390.hdr.71",-0.0032245
"390","ran390.hdr.72",-0.000345399999999999
"390","ran390.hdr.73",-0.0000591999999999988
"390","ran390.hdr.74",-0.0024365
"390","ran390.hdr.75",-0.0013014
"390","ran390.hdr.76",-0.0022821
"390","ran390.hdr.77",-0.00080927
"390","ran390.hdr.78",-0.000498099999999998
"390","ran390.hdr.8",-0.0000556999999999988
"390","ran390.hdr.9",-0.0008936
"391","ran391.hdr.1",-0.000282899999999999
"391","ran391.hdr.10",0.0000789059999999999
"391","ran391.hdr.11",-0.000108
"391","ran391.hdr.12",-0.000393299999999999
"391","ran391.hdr.13",-0.00053636
"391","ran391.hdr.14",-0.000376899999999999
"391","ran391.hdr.15",-0.000908299999999999
"391","ran391.hdr.16",-0.0004586
"391","ran391.hdr.17",-0.0017649
"391","ran391.hdr.18",-0.0008027
"391","ran391.hdr.19",0.00012128
"391","ran391.hdr.2",0.000555399999999998
"391","ran391.hdr.20",-0.0010736
"391","ran391.hdr.21",-0.000556399999999999
"391","ran391.hdr.22",-0.000152100000000002
"391","ran391.hdr.23",0.0001004
"391","ran391.hdr.24",0.000268899999999999
"391","ran391.hdr.25",-0.0006806
"391","ran391.hdr.26",-0.000458800000000001
"391","ran391.hdr.27",-0.00068852
"391","ran391.hdr.28",-0.0000174699999999986
"391","ran391.hdr.29",-0.000148799999999999
"391","ran391.hdr.3",-0.000358239999999999
"391","ran391.hdr.30",-0.0003079
"391","ran391.hdr.31",0.0000141299999999994
"391","ran391.hdr.32",-0.0107692
"391","ran391.hdr.33",0.000205900000000002
"391","ran391.hdr.34",-0.000803500000000002
"391","ran391.hdr.35",-0.0003861
"391","ran391.hdr.36",-0.0005269
"391","ran391.hdr.37",-0.000617899999999998
"391","ran391.hdr.38",-0.000584600000000001
"391","ran391.hdr.39",-0.0010275
"391","ran391.hdr.4",-0.0000643999999999992
"391","ran391.hdr.40",-0.0037192
"391","ran391.hdr.41",-0.000522199999999999
"391","ran391.hdr.42",-0.0006786
"391","ran391.hdr.43",-0.000733699999999999
"391","ran391.hdr.44",-0.0002047
"391","ran391.hdr.45",-0.000080199999999999
"391","ran391.hdr.46",-0.000384600000000002
"391","ran391.hdr.47",0.0000683999999999997
"391","ran391.hdr.48",-0.0011337
"391","ran391.hdr.49",-0.000315939999999999
"391","ran391.hdr.5",-0.000290820000000001
"391","ran391.hdr.50",-0.00012336
"391","ran391.hdr.51",-0.0001172
"391","ran391.hdr.52",NA
"391","ran391.hdr.53",-0.000395
"391","ran391.hdr.54",-0.00025195
"391","ran391.hdr.56",-0.00016591
"391","ran391.hdr.57",-0.000121599999999999
"391","ran391.hdr.58",-0.00133806
"391","ran391.hdr.59",-0.0180869
"391","ran391.hdr.6",-0.0040521
"391","ran391.hdr.60",-0.0007712
"391","ran391.hdr.61",-0.0017715
"391","ran391.hdr.62",-0.001278
"391","ran391.hdr.63",0.0000502999999999997
"391","ran391.hdr.64",-0.0023424
"391","ran391.hdr.65",0.000346899999999999
"391","ran391.hdr.66",-0.002342
"391","ran391.hdr.67",-0.0012556
"391","ran391.hdr.68",-0.0013697
"391","ran391.hdr.69",-0.000949499999999999
"391","ran391.hdr.7",-0.000261300000000003
"391","ran391.hdr.70",-0.000698500000000001
"391","ran391.hdr.71",-0.0038792
"391","ran391.hdr.72",-0.001624
"391","ran391.hdr.73",-0.0012012
"391","ran391.hdr.74",-0.0011035
"391","ran391.hdr.75",-0.0014758
"391","ran391.hdr.76",-0.0020513
"391","ran391.hdr.77",-0.000256599999999999
"391","ran391.hdr.78",-0.000802599999999999
"391","ran391.hdr.8",0.0000167000000000014
"391","ran391.hdr.9",-0.000229759999999999
"392","ran392.hdr.1",-0.0006941
"392","ran392.hdr.10",0.00000845800000000001
"392","ran392.hdr.11",-0.000679800000000001
"392","ran392.hdr.12",-0.0011481
"392","ran392.hdr.13",-0.0000970999999999993
"392","ran392.hdr.14",-0.0000559799999999997
"392","ran392.hdr.15",-0.0010992
"392","ran392.hdr.16",-0.000477
"392","ran392.hdr.17",0.00002439
"392","ran392.hdr.18",-0.001482
"392","ran392.hdr.19",0.0000146999999999994
"392","ran392.hdr.2",-0.0004317
"392","ran392.hdr.20",-0.000130699999999999
"392","ran392.hdr.21",-0.0024132
"392","ran392.hdr.22",-0.000747600000000001
"392","ran392.hdr.23",-0.000385699999999999
"392","ran392.hdr.24",-0.0007723
"392","ran392.hdr.25",-0.0006008
"392","ran392.hdr.26",-0.00026379
"392","ran392.hdr.27",0.0000672999999999993
"392","ran392.hdr.28",-0.000390399999999999
"392","ran392.hdr.29",-0.000453249999999999
"392","ran392.hdr.3",-0.0016743
"392","ran392.hdr.30",-0.0035614
"392","ran392.hdr.31",-0.0023193
"392","ran392.hdr.32",-0.00012828
"392","ran392.hdr.33",-0.001022
"392","ran392.hdr.34",-0.0004022
"392","ran392.hdr.35",0.0000828000000000009
"392","ran392.hdr.36",-0.00002191
"392","ran392.hdr.37",-0.0025436
"392","ran392.hdr.38",-0.000360099999999999
"392","ran392.hdr.39",0.0002349
"392","ran392.hdr.4",-0.0004513
"392","ran392.hdr.40",-0.0006733
"392","ran392.hdr.41",-0.0041082
"392","ran392.hdr.42",-0.000107300000000001
"392","ran392.hdr.43",0.000597399999999998
"392","ran392.hdr.44",-0.0019361
"392","ran392.hdr.45",-0.0004831
"392","ran392.hdr.46",NA
"392","ran392.hdr.47",-0.000175950000000001
"392","ran392.hdr.48",0.0001499
"392","ran392.hdr.5",-0.0003713
"392","ran392.hdr.50",-0.0000449999999999999
"392","ran392.hdr.51",0.0000619188
"392","ran392.hdr.52",-0.000934999999999998
"392","ran392.hdr.53",-0.000102700000000001
"392","ran392.hdr.54",-0.000121599999999999
"392","ran392.hdr.55",-0.000150500000000001
"392","ran392.hdr.56",-0.000964599999999999
"392","ran392.hdr.57",-0.0007899
"392","ran392.hdr.58",-0.000728699999999999
"392","ran392.hdr.59",-0.0068252
"392","ran392.hdr.6",-0.0031082
"392","ran392.hdr.60",-0.00104738
"392","ran392.hdr.61",-0.0003134
"392","ran392.hdr.62",-0.0025664
"392","ran392.hdr.63",0.0000879000000000001
"392","ran392.hdr.64",-0.0004568
"392","ran392.hdr.65",-0.000581100000000001
"392","ran392.hdr.66",-0.00740309
"392","ran392.hdr.67",-0.000401100000000001
"392","ran392.hdr.68",0.000132810000000001
"392","ran392.hdr.69",0.0010263
"392","ran392.hdr.7",-0.000197699999999999
"392","ran392.hdr.70",-0.0012012
"392","ran392.hdr.71",-0.0005535
"392","ran392.hdr.72",-0.000365400000000002
"392","ran392.hdr.73",-0.0023484
"392","ran392.hdr.74",-0.0013547
"392","ran392.hdr.75",-0.000894099999999998
"392","ran392.hdr.76",-0.0000238000000000009
"392","ran392.hdr.77",0.00013512
"392","ran392.hdr.78",-0.0015052
"392","ran392.hdr.8",-0.0005302
"392","ran392.hdr.9",-0.000507199999999999
"393","ran393.hdr.1",-0.0005582
"393","ran393.hdr.10",-0.000602800000000001
"393","ran393.hdr.11",-0.0001052
"393","ran393.hdr.12",-0.000374649999999999
"393","ran393.hdr.13",-0.00013863
"393","ran393.hdr.14",-0.0000253000000000007
"393","ran393.hdr.15",0.0001871
"393","ran393.hdr.16",-0.00036672
"393","ran393.hdr.17",-0.00026544
"393","ran393.hdr.18",-0.00037651
"393","ran393.hdr.19",-0.000625899999999999
"393","ran393.hdr.2",-0.000905800000000002
"393","ran393.hdr.20",-0.0011243
"393","ran393.hdr.21",-0.000416400000000001
"393","ran393.hdr.22",-0.000431160000000002
"393","ran393.hdr.23",-0.00061751
"393","ran393.hdr.24",-0.00000689999999999979
"393","ran393.hdr.25",-0.0004899
"393","ran393.hdr.26",-0.0004364
"393","ran393.hdr.27",-0.0006865
"393","ran393.hdr.28",-0.000013599999999999
"393","ran393.hdr.29",-0.00046126
"393","ran393.hdr.3",-0.000272339999999999
"393","ran393.hdr.30",-0.00019445
"393","ran393.hdr.31",0.0000429000000000002
"393","ran393.hdr.32",-0.000130599999999998
"393","ran393.hdr.33",-0.000714700000000002
"393","ran393.hdr.34",-0.00018809
"393","ran393.hdr.35",-0.00031339
"393","ran393.hdr.36",-0.0022704
"393","ran393.hdr.37",-0.0013929
"393","ran393.hdr.38",-0.000119399999999999
"393","ran393.hdr.39",-0.0107692
"393","ran393.hdr.4",-0.000870900000000001
"393","ran393.hdr.40",-0.0005558
"393","ran393.hdr.41",0.000377029999999999
"393","ran393.hdr.42",-0.0017019
"393","ran393.hdr.43",-0.000491499999999999
"393","ran393.hdr.44",-0.000481199999999999
"393","ran393.hdr.45",-0.0011277
"393","ran393.hdr.46",-0.0022116
"393","ran393.hdr.47",0.0000128000000000003
"393","ran393.hdr.48",-0.000113099999999998
"393","ran393.hdr.49",-0.0000217999999999989
"393","ran393.hdr.5",-0.00000823000000000056
"393","ran393.hdr.50",NA
"393","ran393.hdr.51",-0.002897
"393","ran393.hdr.52",-0.000670899999999999
"393","ran393.hdr.53",-0.0011337
"393","ran393.hdr.54",-0.000207300000000001
"393","ran393.hdr.55",NA
"393","ran393.hdr.56",-0.0016606
"393","ran393.hdr.57",-0.000551949999999999
"393","ran393.hdr.58",-0.000395
"393","ran393.hdr.59",-0.000313299999999999
"393","ran393.hdr.6",-0.0011761
"393","ran393.hdr.62",-0.0013724
"393","ran393.hdr.63",-0.0007279
"393","ran393.hdr.64",-0.0011376
"393","ran393.hdr.65",0.000612100000000001
"393","ran393.hdr.66",-0.000480499999999998
"393","ran393.hdr.67",-0.000480599999999998
"393","ran393.hdr.68",-0.000742700000000001
"393","ran393.hdr.69",-0.000481499999999999
"393","ran393.hdr.7",-0.0014125
"393","ran393.hdr.70",-0.000168699999999999
"393","ran393.hdr.71",-0.0012699
"393","ran393.hdr.72",-0.0014151
"393","ran393.hdr.73",-0.0053353
"393","ran393.hdr.74",0.0008077
"393","ran393.hdr.75",-0.000276999999999999
"393","ran393.hdr.76",-0.0013565
"393","ran393.hdr.77",0.0004966
"393","ran393.hdr.78",-0.0014428
"393","ran393.hdr.8",-0.00034287
"393","ran393.hdr.9",-0.000409400000000001
"394","ran394.hdr.1",-0.0001694
"394","ran394.hdr.10",-0.000934500000000001
"394","ran394.hdr.11",-0.0004534
"394","ran394.hdr.12",0.0000542200000000007
"394","ran394.hdr.13",-0.000111799999999999
"394","ran394.hdr.14",-0.0010694
"394","ran394.hdr.15",-0.0005983
"394","ran394.hdr.16",-0.000248100000000001
"394","ran394.hdr.17",-0.000556399999999999
"394","ran394.hdr.18",-0.000578999999999998
"394","ran394.hdr.19",0.0000116000000000005
"394","ran394.hdr.2",-0.0026658
"394","ran394.hdr.20",-0.000371099999999999
"394","ran394.hdr.21",-0.0061672
"394","ran394.hdr.22",-0.000013599999999999
"394","ran394.hdr.23",-0.000232900000000001
"394","ran394.hdr.24",0.0000686800000000007
"394","ran394.hdr.25",-0.002134
"394","ran394.hdr.26",-0.0023372
"394","ran394.hdr.27",-0.000359199999999999
"394","ran394.hdr.28",-0.000607699999999999
"394","ran394.hdr.29",-0.00023755
"394","ran394.hdr.3",-0.0005246
"394","ran394.hdr.30",-0.000184700000000001
"394","ran394.hdr.31",0.0000366999999999989
"394","ran394.hdr.32",-0.000423400000000001
"394","ran394.hdr.33",NA
"394","ran394.hdr.34",0.0000818999999999993
"394","ran394.hdr.35",-0.00002191
"394","ran394.hdr.36",-0.000720500000000002
"394","ran394.hdr.37",0.000217800000000001
"394","ran394.hdr.38",-0.0016134
"394","ran394.hdr.39",-0.00071704
"394","ran394.hdr.4",-0.0015386
"394","ran394.hdr.40",-0.0021208
"394","ran394.hdr.41",-0.0014511
"394","ran394.hdr.42",-0.0027461
"394","ran394.hdr.43",-0.000913300000000001
"394","ran394.hdr.44",-0.0073875
"394","ran394.hdr.45",0.000563200000000002
"394","ran394.hdr.46",-0.000837099999999999
"394","ran394.hdr.47",-0.000343609999999999
"394","ran394.hdr.48",-0.0000781000000000011
"394","ran394.hdr.49",-0.000212240000000001
"394","ran394.hdr.5",-0.0000204900000000002
"394","ran394.hdr.50",0.00029457
"394","ran394.hdr.51",-0.0004577
"394","ran394.hdr.52",0.00040016
"394","ran394.hdr.53",-0.00021542
"394","ran394.hdr.54",0.000194639999999999
"394","ran394.hdr.55",-0.000253400000000001
"394","ran394.hdr.57",-0.0013724
"394","ran394.hdr.58",-0.0001099
"394","ran394.hdr.59",-0.000064100000000001
"394","ran394.hdr.6",-0.000142890000000001
"394","ran394.hdr.60",-0.00023539
"394","ran394.hdr.61",-0.000406799999999999
"394","ran394.hdr.62",-0.0012438
"394","ran394.hdr.63",-0.0003231
"394","ran394.hdr.64",-0.0006961
"394","ran394.hdr.65",-0.0002932
"394","ran394.hdr.66",-0.000919
"394","ran394.hdr.67",-0.000681889999999999
"394","ran394.hdr.68",-0.000315199999999998
"394","ran394.hdr.69",-0.00672884
"394","ran394.hdr.7",-0.000713499999999999
"394","ran394.hdr.70",-0.0004972
"394","ran394.hdr.71",-0.0001271
"394","ran394.hdr.72",0.0000233799999999999
"394","ran394.hdr.73",-0.000649899999999998
"394","ran394.hdr.74",-0.0022821
"394","ran394.hdr.75",-0.001383
"394","ran394.hdr.76",-0.0003269
"394","ran394.hdr.77",0.000218399999999997
"394","ran394.hdr.78",-0.0016399
"394","ran394.hdr.8",-0.00016964
"394","ran394.hdr.9",-0.0012923
"395","ran395.hdr.1",-0.0010315
"395","ran395.hdr.10",-0.0000787700000000001
"395","ran395.hdr.11",-0.00010734
"395","ran395.hdr.12",0.00012731
"395","ran395.hdr.13",0.00035726
"395","ran395.hdr.14",-0.000409099999999999
"395","ran395.hdr.15",-0.0000390000000000008
"395","ran395.hdr.16",-0.00032687
"395","ran395.hdr.17",-0.0011143
"395","ran395.hdr.18",-0.000118400000000001
"395","ran395.hdr.19",-0.0003397
"395","ran395.hdr.2",-0.000496299999999998
"395","ran395.hdr.20",-0.000477
"395","ran395.hdr.21",-0.001482
"395","ran395.hdr.22",-0.0008164
"395","ran395.hdr.23",-0.000350699999999999
"395","ran395.hdr.24",-0.000779799999999999
"395","ran395.hdr.25",-0.0000387000000000009
"395","ran395.hdr.26",-0.002734
"395","ran395.hdr.27",-0.0000306859999999999
"395","ran395.hdr.28",-0.0025725
"395","ran395.hdr.29",-0.000429799999999999
"395","ran395.hdr.3",-0.0016682
"395","ran395.hdr.30",-0.0012418
"395","ran395.hdr.31",0.000487640000000001
"395","ran395.hdr.32",-0.00219838
"395","ran395.hdr.33",-0.0000865999999999992
"395","ran395.hdr.34",-0.00198339
"395","ran395.hdr.35",-0.0010024
"395","ran395.hdr.36",-0.00000899999999999859
"395","ran395.hdr.37",-0.0023487
"395","ran395.hdr.38",-0.0009332
"395","ran395.hdr.39",-0.0000392999999999991
"395","ran395.hdr.4",-0.0014426
"395","ran395.hdr.40",-0.000295699999999999
"395","ran395.hdr.41",-0.00020333
"395","ran395.hdr.42",0.0006847
"395","ran395.hdr.43",-0.00034168
"395","ran395.hdr.44",-0.00015807
"395","ran395.hdr.45",-0.000423400000000001
"395","ran395.hdr.46",-0.0015247
"395","ran395.hdr.47",0.00004965
"395","ran395.hdr.48",-0.000717699999999998
"395","ran395.hdr.49",NA
"395","ran395.hdr.5",-0.000653600000000001
"395","ran395.hdr.50",-0.000392399999999999
"395","ran395.hdr.51",-0.000207300000000001
"395","ran395.hdr.52",-0.0000128000000000003
"395","ran395.hdr.53",-0.00021661
"395","ran395.hdr.54",-0.000274020000000001
"395","ran395.hdr.55",-0.000434999999999998
"395","ran395.hdr.56",-0.0005042
"395","ran395.hdr.57",-0.0011511
"395","ran395.hdr.58",-0.000313409999999999
"395","ran395.hdr.6",-0.0031124
"395","ran395.hdr.60",-0.0000914999999999996
"395","ran395.hdr.61",-0.000113200000000001
"395","ran395.hdr.62",-0.0015743
"395","ran395.hdr.63",-0.0019575
"395","ran395.hdr.64",-0.0013065
"395","ran395.hdr.65",-0.0001288
"395","ran395.hdr.66",-0.0002932
"395","ran395.hdr.67",-0.000348800000000002
"395","ran395.hdr.68",-0.0000107999999999983
"395","ran395.hdr.69",-0.0016847
"395","ran395.hdr.7",-0.0045035
"395","ran395.hdr.70",0.0000502999999999997
"395","ran395.hdr.71",0.000398200000000001
"395","ran395.hdr.72",-0.000456100000000001
"395","ran395.hdr.73",-0.000228699999999998
"395","ran395.hdr.74",-0.0003088
"395","ran395.hdr.75",-0.0000153999999999987
"395","ran395.hdr.76",-0.0025593
"395","ran395.hdr.77",-0.0003604
"395","ran395.hdr.78",0.0001218
"395","ran395.hdr.8",-0.00025
"395","ran395.hdr.9",-0.0000149
"396","ran396.hdr.1",0.0000578000000000002
"396","ran396.hdr.10",-0.0011219
"396","ran396.hdr.11",-0.00021777
"396","ran396.hdr.12",0.00000119999999999981
"396","ran396.hdr.13",-0.00026544
"396","ran396.hdr.14",-0.001162
"396","ran396.hdr.15",-0.000515700000000001
"396","ran396.hdr.16",-0.000457879999999999
"396","ran396.hdr.17",-0.000934500000000001
"396","ran396.hdr.18",0.000260199999999999
"396","ran396.hdr.19",-0.0002775
"396","ran396.hdr.2",0.000177399999999999
"396","ran396.hdr.20",-0.0017674
"396","ran396.hdr.21",-0.000397499999999999
"396","ran396.hdr.22",-0.0004966
"396","ran396.hdr.23",-0.0008757
"396","ran396.hdr.24",-0.000578999999999998
"396","ran396.hdr.25",-0.000110299999999999
"396","ran396.hdr.26",-0.0004364
"396","ran396.hdr.27",-0.0000794999999999997
"396","ran396.hdr.28",-0.00084943
"396","ran396.hdr.29",-0.000156699999999999
"396","ran396.hdr.3",-0.0020795
"396","ran396.hdr.30",-0.00037474
"396","ran396.hdr.31",-0.00000790000000000166
"396","ran396.hdr.32",-0.000643000000000001
"396","ran396.hdr.33",-0.0025053
"396","ran396.hdr.34",-0.00510713
"396","ran396.hdr.35",-0.0002611
"396","ran396.hdr.36",-0.0001159
"396","ran396.hdr.37",0.000355000000000001
"396","ran396.hdr.38",-0.000204899999999999
"396","ran396.hdr.39",-0.00037394
"396","ran396.hdr.4",-0.00041678
"396","ran396.hdr.40",-0.000291899999999999
"396","ran396.hdr.41",-0.000730900000000001
"396","ran396.hdr.42",0.000276800000000001
"396","ran396.hdr.43",-0.0028342
"396","ran396.hdr.44",-0.0011215
"396","ran396.hdr.45",-0.000258099999999999
"396","ran396.hdr.46",-0.000136669999999998
"396","ran396.hdr.47",-0.00057312
"396","ran396.hdr.48",-0.000129839
"396","ran396.hdr.49",-0.0000648999999999997
"396","ran396.hdr.5",-0.0002056
"396","ran396.hdr.50",0.000027885
"396","ran396.hdr.51",-0.00077464
"396","ran396.hdr.52",-0.01768098
"396","ran396.hdr.53",-0.0009668
"396","ran396.hdr.54",-0.0010723
"396","ran396.hdr.55",0.000269429999999999
"396","ran396.hdr.56",-0.0000835000000000002
"396","ran396.hdr.57",-0.000534000000000001
"396","ran396.hdr.58",-0.0068252
"396","ran396.hdr.59",-0.000324099999999999
"396","ran396.hdr.6",-0.000653600000000001
"396","ran396.hdr.60",-0.000117920000000001
"396","ran396.hdr.61",-0.0044594
"396","ran396.hdr.62",-0.000154400000000002
"396","ran396.hdr.63",-0.0023424
"396","ran396.hdr.64",-0.0043812
"396","ran396.hdr.65",-0.0001367
"396","ran396.hdr.66",0.000560439999999999
"396","ran396.hdr.67",-0.0004414
"396","ran396.hdr.68",-0.000454899999999998
"396","ran396.hdr.69",-0.0009037
"396","ran396.hdr.7",-0.000154600000000001
"396","ran396.hdr.70",-0.0006967
"396","ran396.hdr.71",0.00002271
"396","ran396.hdr.72",-0.0020758
"396","ran396.hdr.73",-0.0027169
"396","ran396.hdr.74",-0.001383
"396","ran396.hdr.75",-0.00062796
"396","ran396.hdr.76",-0.0032639
"396","ran396.hdr.77",-0.0046933
"396","ran396.hdr.78",-0.0006976
"396","ran396.hdr.8",0.00016477
"396","ran396.hdr.9",-0.00029246
"397","ran397.hdr.1",-0.0009493
"397","ran397.hdr.10",-0.0008936
"397","ran397.hdr.11",-0.0000293999999999989
"397","ran397.hdr.12",-0.0000849000000000006
"397","ran397.hdr.13",-0.0001297
"397","ran397.hdr.14",-0.00025311
"397","ran397.hdr.15",-0.0002471
"397","ran397.hdr.16",-0.000725689999999999
"397","ran397.hdr.17",-0.0005673
"397","ran397.hdr.18",-0.0010476
"397","ran397.hdr.19",-0.0016211
"397","ran397.hdr.2",0.000371
"397","ran397.hdr.20",-0.00182421
"397","ran397.hdr.21",0.000232039999999999
"397","ran397.hdr.22",-0.0010155
"397","ran397.hdr.23",0.0000328100000000012
"397","ran397.hdr.24",-0.00007594
"397","ran397.hdr.25",-0.0006201
"397","ran397.hdr.26",0.000501290000000001
"397","ran397.hdr.27",-0.0013931
"397","ran397.hdr.28",-0.0000985000000000014
"397","ran397.hdr.29",0.0000461000000000003
"397","ran397.hdr.3",-0.000119600000000001
"397","ran397.hdr.30",-0.0036419
"397","ran397.hdr.31",-0.000830900000000002
"397","ran397.hdr.32",0.0000377199999999998
"397","ran397.hdr.33",-0.00015038
"397","ran397.hdr.34",-0.0007461
"397","ran397.hdr.35",-0.000469799999999999
"397","ran397.hdr.36",-0.001986
"397","ran397.hdr.37",-0.000307
"397","ran397.hdr.38",-0.000202600000000001
"397","ran397.hdr.39",-0.0011277
"397","ran397.hdr.4",-0.0014426
"397","ran397.hdr.40",-0.0002132
"397","ran397.hdr.41",-0.0001811
"397","ran397.hdr.42",-0.0014925
"397","ran397.hdr.43",0.00021085
"397","ran397.hdr.44",-0.001739
"397","ran397.hdr.45",0.0000297000000000006
"397","ran397.hdr.46",-0.000246700000000001
"397","ran397.hdr.47",-0.000248500000000002
"397","ran397.hdr.48",-0.0005532
"397","ran397.hdr.49",-0.0002851
"397","ran397.hdr.5",-0.0023043
"397","ran397.hdr.50",-0.0000823899999999999
"397","ran397.hdr.51",-0.000586400000000001
"397","ran397.hdr.52",0.00008457
"397","ran397.hdr.53",-0.00073559
"397","ran397.hdr.55",0.000212799999999999
"397","ran397.hdr.56",-0.0010508
"397","ran397.hdr.57",-0.00038507
"397","ran397.hdr.58",-0.0018888
"397","ran397.hdr.59",-0.000544600000000003
"397","ran397.hdr.6",-0.0028401
"397","ran397.hdr.60",-0.011466
"397","ran397.hdr.61",0.00011186
"397","ran397.hdr.62",-0.0012449
"397","ran397.hdr.63",-0.0010964
"397","ran397.hdr.64",-0.0000829000000000003
"397","ran397.hdr.65",-0.0003231
"397","ran397.hdr.66",-0.0006961
"397","ran397.hdr.67",0.000588100000000001
"397","ran397.hdr.68",-0.000320829999999999
"397","ran397.hdr.69",-0.0016152
"397","ran397.hdr.7",-0.0078616
"397","ran397.hdr.70",-0.000598000000000001
"397","ran397.hdr.71",-0.0006222
"397","ran397.hdr.72",-0.00124621
"397","ran397.hdr.73",0.0000305999999999987
"397","ran397.hdr.74",-0.0010769
"397","ran397.hdr.75",-0.0004414
"397","ran397.hdr.76",0.000281400000000001
"397","ran397.hdr.77",-0.0022821
"397","ran397.hdr.78",-0.00118788
"397","ran397.hdr.8",-0.00017739
"397","ran397.hdr.9",-0.00037472
"398","ran398.hdr.1",0.0000845999999999989
"398","ran398.hdr.10",-0.00028153
"398","ran398.hdr.11",-0.000701999999999999
"398","ran398.hdr.12",-0.000507199999999999
"398","ran398.hdr.13",-0.000549999999999998
"398","ran398.hdr.14",-0.00023309
"398","ran398.hdr.15",-0.001162
"398","ran398.hdr.16",-0.000242599999999999
"398","ran398.hdr.17",-0.0004347
"398","ran398.hdr.18",-0.001482
"398","ran398.hdr.19",-0.000473100000000001
"398","ran398.hdr.2",-0.000905800000000002
"398","ran398.hdr.20",-0.0017649
"398","ran398.hdr.21",-0.00025741
"398","ran398.hdr.22",-0.0012188
"398","ran398.hdr.23",-0.000858200000000002
"398","ran398.hdr.24",-0.0023332
"398","ran398.hdr.25",-0.00000579400000000005
"398","ran398.hdr.26",-0.000385699999999999
"398","ran398.hdr.27",-0.00141581
"398","ran398.hdr.28",-0.0006008
"398","ran398.hdr.29",-0.00022865
"398","ran398.hdr.3",-0.0024371
"398","ran398.hdr.30",-0.0003097
"398","ran398.hdr.31",-0.000243760000000001
"398","ran398.hdr.32",0.000230600000000001
"398","ran398.hdr.33",-0.000292799999999999
"398","ran398.hdr.34",0.00019941
"398","ran398.hdr.35",-0.000572599999999999
"398","ran398.hdr.36",0.0000903000000000015
"398","ran398.hdr.37",-0.0017763
"398","ran398.hdr.38",-0.000730600000000001
"398","ran398.hdr.39",-0.0049962
"398","ran398.hdr.4",-0.0012446
"398","ran398.hdr.40",-0.0030608
"398","ran398.hdr.41",-0.000332000000000001
"398","ran398.hdr.42",-0.000975
"398","ran398.hdr.43",-0.000491499999999999
"398","ran398.hdr.44",-0.0000248000000000002
"398","ran398.hdr.45",-0.0026491
"398","ran398.hdr.46",-0.000452599999999999
"398","ran398.hdr.47",-0.0039113
"398","ran398.hdr.48",0.000542899999999999
"398","ran398.hdr.49",-0.0010055
"398","ran398.hdr.5",-0.0017379
"398","ran398.hdr.50",-0.000408800000000001
"398","ran398.hdr.51",-0.000392399999999999
"398","ran398.hdr.52",-0.01768098
"398","ran398.hdr.53",-0.0026304
"398","ran398.hdr.54",-0.000586400000000001
"398","ran398.hdr.55",-0.0000146
"398","ran398.hdr.56",-0.00017852
"398","ran398.hdr.57",-0.000297500000000001
"398","ran398.hdr.58",-0.000588982
"398","ran398.hdr.59",-0.000602269999999999
"398","ran398.hdr.6",-0.0053473
"398","ran398.hdr.60",0.000413299999999998
"398","ran398.hdr.61",-0.0019575
"398","ran398.hdr.62",-0.00574057
"398","ran398.hdr.63",0.0000217999999999989
"398","ran398.hdr.64",-0.0012091
"398","ran398.hdr.65",-0.0016152
"398","ran398.hdr.66",-0.00048136
"398","ran398.hdr.67",-0.000794200000000002
"398","ran398.hdr.68",-0.000700800000000001
"398","ran398.hdr.69",-0.0000695000000000001
"398","ran398.hdr.7",-0.001546
"398","ran398.hdr.70",-0.000401100000000001
"398","ran398.hdr.71",-0.000754080000000001
"398","ran398.hdr.72",-0.0011097
"398","ran398.hdr.73",-0.0003368
"398","ran398.hdr.74",-0.0003706
"398","ran398.hdr.75",-0.00050556
"398","ran398.hdr.76",-0.0030263
"398","ran398.hdr.77",-0.000476600000000001
"398","ran398.hdr.78",-0.000547499999999999
"398","ran398.hdr.8",-0.0000637999999999993
"398","ran398.hdr.9",-0.0000151700000000001
"399","ran399.hdr.1",-0.000195000000000001
"399","ran399.hdr.10",0.0000416571
"399","ran399.hdr.11",-0.0006642
"399","ran399.hdr.12",-0.000208399999999999
"399","ran399.hdr.13",-0.0001131
"399","ran399.hdr.14",-0.0008751
"399","ran399.hdr.15",-0.0004673
"399","ran399.hdr.16",-0.000168399999999999
"399","ran399.hdr.17",0.0000675200000000006
"399","ran399.hdr.18",0.00032532
"399","ran399.hdr.19",0.00013967
"399","ran399.hdr.2",-0.0000461999999999997
"399","ran399.hdr.20",-0.0005983
"399","ran399.hdr.21",-0.000686199999999998
"399","ran399.hdr.22",-0.000771500000000001
"399","ran399.hdr.23",-0.000257800000000001
"399","ran399.hdr.24",-0.0013931
"399","ran399.hdr.25",-0.0000890999999999999
"399","ran399.hdr.26",-0.00000110000000000041
"399","ran399.hdr.27",-0.000243760000000001
"399","ran399.hdr.28",-0.000341280000000001
"399","ran399.hdr.29",-0.000253900000000001
"399","ran399.hdr.3",-0.000287600000000001
"399","ran399.hdr.30",-0.000461900000000001
"399","ran399.hdr.31",0.00069544
"399","ran399.hdr.32",-0.0010024
"399","ran399.hdr.33",-0.000498499999999999
"399","ran399.hdr.34",-0.0018392
"399","ran399.hdr.35",-0.000104399999999999
"399","ran399.hdr.36",-0.0007758
"399","ran399.hdr.37",-0.00023078
"399","ran399.hdr.38",0.000159400000000001
"399","ran399.hdr.39",0.0000621000000000007
"399","ran399.hdr.4",-0.0053867
"399","ran399.hdr.40",-0.0073875
"399","ran399.hdr.41",0.000113700000000001
"399","ran399.hdr.42",-0.0012528
"399","ran399.hdr.43",-0.000431920000000001
"399","ran399.hdr.44",-0.00030034
"399","ran399.hdr.45",-0.0000283000000000002
"399","ran399.hdr.46",0.000158940000000001
"399","ran399.hdr.47",-0.0010313
"399","ran399.hdr.48",0.0000941399999999995
"399","ran399.hdr.49",-0.000268079999999999
"399","ran399.hdr.5",0.0004258
"399","ran399.hdr.50",0.0000186600000000002
"399","ran399.hdr.54",-0.0000788000000000004
"399","ran399.hdr.55",-0.000486500000000001
"399","ran399.hdr.56",0.0001703
"399","ran399.hdr.57",-0.0035597
"399","ran399.hdr.58",-0.0001876
"399","ran399.hdr.59",-0.0000573999999999991
"399","ran399.hdr.6",-0.0002675
"399","ran399.hdr.60",-0.0015961
"399","ran399.hdr.61",-0.000317599999999999
"399","ran399.hdr.62",-0.00045068
"399","ran399.hdr.63",-0.0004131
"399","ran399.hdr.64",-0.000602399999999999
"399","ran399.hdr.65",-0.001085
"399","ran399.hdr.66",-0.0014372
"399","ran399.hdr.67",-0.0035232
"399","ran399.hdr.68",-0.0000296799999999989
"399","ran399.hdr.69",-0.0000170400000000003
"399","ran399.hdr.7",-0.001681
"399","ran399.hdr.70",-0.000228
"399","ran399.hdr.71",-0.000955899999999999
"399","ran399.hdr.72",-0.000327399999999999
"399","ran399.hdr.73",-0.000039273
"399","ran399.hdr.74",-0.0011354
"399","ran399.hdr.75",-0.0005749
"399","ran399.hdr.76",-0.00119554
"399","ran399.hdr.77",-0.0022821
"399","ran399.hdr.78",-0.0000290799999999999
"399","ran399.hdr.8",-0.0043162
"399","ran399.hdr.9",-0.0039147
"400","ran400.hdr.1",-0.0024371
"400","ran400.hdr.10",-0.0016948
"400","ran400.hdr.11",-0.001099
"400","ran400.hdr.12",-0.000242599999999999
"400","ran400.hdr.13",0.000354209999999999
"400","ran400.hdr.14",-0.00023074
"400","ran400.hdr.15",-0.0023332
"400","ran400.hdr.16",-0.0005666
"400","ran400.hdr.17",-0.00000579400000000005
"400","ran400.hdr.18",-0.00021302
"400","ran400.hdr.19",-0.000154699999999999
"400","ran400.hdr.2",-0.000591300000000003
"400","ran400.hdr.20",-0.0025984
"400","ran400.hdr.21",-0.000582599999999999
"400","ran400.hdr.22",-0.00013267
"400","ran400.hdr.23",-0.0002538
"400","ran400.hdr.24",-0.000213520000000001
"400","ran400.hdr.25",-0.0000640999999999992
"400","ran400.hdr.26",-0.00029017
"400","ran400.hdr.27",0.0000134599999999999
"400","ran400.hdr.28",-0.00035023
"400","ran400.hdr.29",-0.000292799999999999
"400","ran400.hdr.3",-0.00004717
"400","ran400.hdr.30",-0.00031339
"400","ran400.hdr.31",0.000180019999999999
"400","ran400.hdr.32",0.0004048
"400","ran400.hdr.33",-0.0024831
"400","ran400.hdr.34",-0.0002396
"400","ran400.hdr.35",-0.0013695
"400","ran400.hdr.36",-0.000332000000000001
"400","ran400.hdr.37",-0.0002522
"400","ran400.hdr.38",0.00018497
"400","ran400.hdr.39",-0.000266000000000002
"400","ran400.hdr.4",-0.000184100000000001
"400","ran400.hdr.40",-0.0012739
"400","ran400.hdr.41",0.000375199999999999
"400","ran400.hdr.42",-0.00102067
"400","ran400.hdr.43",-0.00013712
"400","ran400.hdr.44",0.0000105999999999995
"400","ran400.hdr.45",-0.000917300000000001
"400","ran400.hdr.46",-0.000988299999999998
"400","ran400.hdr.47",-0.000226
"400","ran400.hdr.48",-0.000274020000000001
"400","ran400.hdr.49",-0.0019361
"400","ran400.hdr.5",-0.0014125
"400","ran400.hdr.50",-0.00137689
"400","ran400.hdr.51",-0.000971
"400","ran400.hdr.52",-0.0006619
"400","ran400.hdr.53",0.000114
"400","ran400.hdr.54",-0.000586400000000001
"400","ran400.hdr.57",-0.0015112
"400","ran400.hdr.58",-0.0000330300000000016
"400","ran400.hdr.59",-0.000192299999999999
"400","ran400.hdr.6",-0.00061467
"400","ran400.hdr.60",-0.011466
"400","ran400.hdr.61",-0.0009154
"400","ran400.hdr.62",-0.000221499999999999
"400","ran400.hdr.63",-0.0002284
"400","ran400.hdr.64",-0.000727199999999997
"400","ran400.hdr.65",-0.0015819
"400","ran400.hdr.66",-0.00046991
"400","ran400.hdr.67",-0.0015961
"400","ran400.hdr.68",-0.0007052
"400","ran400.hdr.69",0.000464350000000001
"400","ran400.hdr.7",-0.00044229
"400","ran400.hdr.70",-0.0023429
"400","ran400.hdr.71",-0.0002731
"400","ran400.hdr.72",0.0006221
"400","ran400.hdr.73",-0.001624
"400","ran400.hdr.74",-0.000586100000000003
"400","ran400.hdr.75",-0.0007951
"400","ran400.hdr.76",-0.000676700000000002
"400","ran400.hdr.77",0.0004966
"400","ran400.hdr.78",-0.0005602
"400","ran400.hdr.8",-0.0005444
"400","ran400.hdr.9",0.00099089
"401","ran401.hdr.1",-0.000905800000000002
"401","ran401.hdr.10",-0.0000432000000000002
"401","ran401.hdr.11",-0.0000970999999999993
"401","ran401.hdr.12",0.0000122999999999998
"401","ran401.hdr.13",0.00023279
"401","ran401.hdr.14",-0.000457879999999999
"401","ran401.hdr.15",0.000494990000000001
"401","ran401.hdr.16",-0.0000643999999999992
"401","ran401.hdr.17",-0.0017674
"401","ran401.hdr.18",-0.0023332
"401","ran401.hdr.19",-0.0017045
"401","ran401.hdr.2",-0.0000346800000000005
"401","ran401.hdr.20",-0.000518899999999999
"401","ran401.hdr.21",-0.0025867
"401","ran401.hdr.22",-0.0011926
"401","ran401.hdr.23",-0.0000373999999999999
"401","ran401.hdr.24",-0.000572599999999999
"401","ran401.hdr.25",-0.0025053
"401","ran401.hdr.26",-0.0006306
"401","ran401.hdr.27",-0.0013224
"401","ran401.hdr.28",0.0000670599999999999
"401","ran401.hdr.29",-0.0023716
"401","ran401.hdr.3",-0.0000103000000000013
"401","ran401.hdr.30",-0.000491499999999999
"401","ran401.hdr.31",-0.0002094
"401","ran401.hdr.32",-0.000291899999999999
"401","ran401.hdr.33",-0.0000431900000000002
"401","ran401.hdr.34",-0.000707100000000002
"401","ran401.hdr.35",-0.0004983
"401","ran401.hdr.36",0.001164
"401","ran401.hdr.37",0.00003286
"401","ran401.hdr.38",-0.0076935
"401","ran401.hdr.39",-0.0073875
"401","ran401.hdr.4",-0.0000321599999999998
"401","ran401.hdr.40",0.000189099999999999
"401","ran401.hdr.41",0.0000872000000000008
"401","ran401.hdr.42",-0.000463500000000002
"401","ran401.hdr.43",0.0002234
"401","ran401.hdr.44",-0.000133000000000001
"401","ran401.hdr.45",0.00021511
"401","ran401.hdr.46",-0.00022498
"401","ran401.hdr.47",-0.00018672
"401","ran401.hdr.48",-0.00031891
"401","ran401.hdr.49",NA
"401","ran401.hdr.5",-0.01685291
"401","ran401.hdr.50",-0.000238039999999999
"401","ran401.hdr.51",-0.000932299999999999
"401","ran401.hdr.52",-0.000410299999999999
"401","ran401.hdr.54",-0.0000834000000000008
"401","ran401.hdr.55",0.000161000000000001
"401","ran401.hdr.56",-0.0011885
"401","ran401.hdr.57",-0.0107924
"401","ran401.hdr.58",-0.0017369
"401","ran401.hdr.59",0.0002232
"401","ran401.hdr.6",-0.0013379
"401","ran401.hdr.60",-0.0012721
"401","ran401.hdr.61",-0.000625800000000001
"401","ran401.hdr.62",-0.0014307
"401","ran401.hdr.63",-0.0001875
"401","ran401.hdr.64",-0.00012416
"401","ran401.hdr.65",-0.000315199999999998
"401","ran401.hdr.66",0.000225
"401","ran401.hdr.67",0.000306760000000001
"401","ran401.hdr.68",0.0003435
"401","ran401.hdr.69",0.0000832000000000003
"401","ran401.hdr.7",-0.0007343
"401","ran401.hdr.70",-0.0053353
"401","ran401.hdr.71",-0.0012116
"401","ran401.hdr.72",-0.0017992
"401","ran401.hdr.73",-0.000471699999999999
"401","ran401.hdr.74",-0.000534900000000001
"401","ran401.hdr.75",-0.0005749
"401","ran401.hdr.76",-0.0020513
"401","ran401.hdr.77",-0.000908300000000001
"401","ran401.hdr.78",-0.0064447
"401","ran401.hdr.8",-0.0000870999999999997
"401","ran401.hdr.9",-0.000250199999999999
"402","ran402.hdr.1",-0.0012185
"402","ran402.hdr.10",-0.00041618
"402","ran402.hdr.11",0.0000365000000000001
"402","ran402.hdr.12",-0.000232599999999999
"402","ran402.hdr.13",0.0000509400000000002
"402","ran402.hdr.14",-0.00036672
"402","ran402.hdr.15",-0.000840899999999999
"402","ran402.hdr.16",-0.002734
"402","ran402.hdr.17",-0.000159899999999999
"402","ran402.hdr.18",-0.0014586
"402","ran402.hdr.19",-0.0001099
"402","ran402.hdr.2",-0.0022515
"402","ran402.hdr.20",-0.000158599999999998
"402","ran402.hdr.21",-0.00007594
"402","ran402.hdr.22",-0.002999
"402","ran402.hdr.23",-0.00021249
"402","ran402.hdr.24",-0.000277900000000001
"402","ran402.hdr.25",-0.0000640999999999992
"402","ran402.hdr.26",0.0000166000000000003
"402","ran402.hdr.27",0.0000686800000000007
"402","ran402.hdr.28",-0.000258899999999999
"402","ran402.hdr.29",-0.0004084
"402","ran402.hdr.3",-0.0013747
"402","ran402.hdr.30",-0.0018137
"402","ran402.hdr.31",-0.0019854
"402","ran402.hdr.32",-0.00087039
"402","ran402.hdr.33",0.000159400000000001
"402","ran402.hdr.34",-0.00000899999999999859
"402","ran402.hdr.35",-0.0009332
"402","ran402.hdr.36",-0.000478900000000001
"402","ran402.hdr.37",NA
"402","ran402.hdr.38",-0.0004551
"402","ran402.hdr.39",-0.000291899999999999
"402","ran402.hdr.4",-0.005769
"402","ran402.hdr.40",-0.0016634
"402","ran402.hdr.41",-0.000752999999999998
"402","ran402.hdr.42",-0.000730900000000001
"402","ran402.hdr.43",-0.000946000000000002
"402","ran402.hdr.44",NA
"402","ran402.hdr.45",-0.000917999999999999
"402","ran402.hdr.46",-0.0073875
"402","ran402.hdr.47",-0.000238199999999997
"402","ran402.hdr.48",-0.0023048
"402","ran402.hdr.49",-0.0000649599999999993
"402","ran402.hdr.5",0.00000526999999999993
"402","ran402.hdr.50",-0.0015804
"402","ran402.hdr.51",-0.0004037
"402","ran402.hdr.52",-0.000203500000000001
"402","ran402.hdr.53",-0.00022462
"402","ran402.hdr.54",-0.00019336
"402","ran402.hdr.55",-0.00022893
"402","ran402.hdr.56",-0.00035154
"402","ran402.hdr.57",-0.000268079999999999
"402","ran402.hdr.58",-0.0010844
"402","ran402.hdr.59",-0.000064100000000001
"402","ran402.hdr.6",-0.00033059
"402","ran402.hdr.60",-0.0180869
"402","ran402.hdr.61",0.0000943000000000003
"402","ran402.hdr.62",0.0000100400000000002
"402","ran402.hdr.63",0.00016557
"402","ran402.hdr.64",-0.000933400000000001
"402","ran402.hdr.65",0.00059
"402","ran402.hdr.66",-0.000836699999999999
"402","ran402.hdr.67",-0.0004743
"402","ran402.hdr.68",0.0000233799999999999
"402","ran402.hdr.69",-0.0004326
"402","ran402.hdr.7",0.0000136999999999984
"402","ran402.hdr.70",-0.0013232
"402","ran402.hdr.71",-0.0002688
"402","ran402.hdr.72",0.000459299999999999
"402","ran402.hdr.73",-0.000126299999999999
"402","ran402.hdr.74",-0.0012958
"402","ran402.hdr.75",-0.000498099999999998
"402","ran402.hdr.76",-0.0003604
"402","ran402.hdr.77",0.0000813999999999988
"402","ran402.hdr.78",0.0000465000000000014
"402","ran402.hdr.8",0.0000803000000000002
"402","ran402.hdr.9",-0.000458999999999999
"403","ran403.hdr.1",-0.0014444
"403","ran403.hdr.10",0.0000467799999999997
"403","ran403.hdr.11",-0.0000713600000000003
"403","ran403.hdr.12",-0.0004828
"403","ran403.hdr.13",-0.00016992
"403","ran403.hdr.14",-0.0002244
"403","ran403.hdr.15",0.000113579999999999
"403","ran403.hdr.16",0.000357
"403","ran403.hdr.17",-0.000954400000000001
"403","ran403.hdr.18",-0.0003458
"403","ran403.hdr.19",-0.00062684
"403","ran403.hdr.2",-0.0013435
"403","ran403.hdr.20",-0.00036797
"403","ran403.hdr.21",0.000152999999999999
"403","ran403.hdr.22",NA
"403","ran403.hdr.23",-0.000668999999999999
"403","ran403.hdr.24",-0.00043339
"403","ran403.hdr.25",-0.000371099999999999
"403","ran403.hdr.26",-0.000114
"403","ran403.hdr.27",-0.000515720000000001
"403","ran403.hdr.28",-0.0016281
"403","ran403.hdr.29",0.00005104
"403","ran403.hdr.3",0.000021011
"403","ran403.hdr.30",-0.0000683100000000002
"403","ran403.hdr.31",-0.000572599999999999
"403","ran403.hdr.32",-0.000777899999999998
"403","ran403.hdr.33",-0.0014222
"403","ran403.hdr.34",-0.0015104
"403","ran403.hdr.35",-0.0006827
"403","ran403.hdr.36",-0.00029242
"403","ran403.hdr.37",-0.0011052
"403","ran403.hdr.38",-0.0014027
"403","ran403.hdr.39",0.0002378
"403","ran403.hdr.4",0.00049115
"403","ran403.hdr.40",-0.000828499999999999
"403","ran403.hdr.41",-0.0017191
"403","ran403.hdr.42",-0.000392
"403","ran403.hdr.43",0.0001724
"403","ran403.hdr.44",-0.0001431
"403","ran403.hdr.45",0.0000326900000000001
"403","ran403.hdr.46",0.0002728
"403","ran403.hdr.47",-0.000456100000000001
"403","ran403.hdr.48",-0.0011109
"403","ran403.hdr.49",-0.0000846800000000002
"403","ran403.hdr.5",-0.000311479999999999
"403","ran403.hdr.50",-0.0010313
"403","ran403.hdr.51",0.0003333
"403","ran403.hdr.52",-0.00000449999999999995
"403","ran403.hdr.53",-0.0000622399999999999
"403","ran403.hdr.54",0.00001404374
"403","ran403.hdr.56",0.0000485199999999998
"403","ran403.hdr.57",-0.0006342
"403","ran403.hdr.58",-0.000639499999999998
"403","ran403.hdr.59",-0.0000402400000000004
"403","ran403.hdr.6",-0.0021596
"403","ran403.hdr.60",-0.000964599999999999
"403","ran403.hdr.61",-0.0000736000000000001
"403","ran403.hdr.62",-0.0008541
"403","ran403.hdr.63",-0.012746
"403","ran403.hdr.64",0.0002153
"403","ran403.hdr.65",-0.0003231
"403","ran403.hdr.66",-0.0044594
"403","ran403.hdr.67",0.000120599999999998
"403","ran403.hdr.68",-0.000420499999999999
"403","ran403.hdr.69",-0.0015557
"403","ran403.hdr.7",-0.0038195
"403","ran403.hdr.70",-0.000290670000000001
"403","ran403.hdr.71",-0.0043812
"403","ran403.hdr.72",-0.000176800000000001
"403","ran403.hdr.73",0.0000233799999999999
"403","ran403.hdr.74",-0.0013232
"403","ran403.hdr.75",-0.000126299999999999
"403","ran403.hdr.76",-0.0008121
"403","ran403.hdr.77",-0.0018985
"403","ran403.hdr.78",-0.00072
"403","ran403.hdr.8",-0.000182679999999999
"403","ran403.hdr.9",-0.000480399999999999
"404","ran404.hdr.1",-0.00020446
"404","ran404.hdr.10",-0.0015386
"404","ran404.hdr.11",-0.000549999999999998
"404","ran404.hdr.12",0.00026609
"404","ran404.hdr.13",0.0000509400000000002
"404","ran404.hdr.14",0.00007186
"404","ran404.hdr.15",-0.0011143
"404","ran404.hdr.16",-0.000622000000000001
"404","ran404.hdr.17",0.0000212100000000007
"404","ran404.hdr.18",-0.00036797
"404","ran404.hdr.19",-0.00030432
"404","ran404.hdr.2",-0.000279100000000001
"404","ran404.hdr.20",0.00018333
"404","ran404.hdr.21",-0.000651099999999998
"404","ran404.hdr.22",-0.0025625
"404","ran404.hdr.23",-0.0035352
"404","ran404.hdr.24",-0.000867099999999999
"404","ran404.hdr.25",-0.0010736
"404","ran404.hdr.26",-0.0006865
"404","ran404.hdr.27",-0.000064715
"404","ran404.hdr.28",-0.0016281
"404","ran404.hdr.29",-0.0006335
"404","ran404.hdr.3",-0.0033457
"404","ran404.hdr.30",-0.0001554
"404","ran404.hdr.31",-0.0028198
"404","ran404.hdr.32",0.000632299999999999
"404","ran404.hdr.33",-0.000709920000000001
"404","ran404.hdr.34",-0.000359199999999999
"404","ran404.hdr.35",-0.0049962
"404","ran404.hdr.36",-0.000136400000000002
"404","ran404.hdr.37",-0.00000849999999999983
"404","ran404.hdr.38",-0.000831499999999999
"404","ran404.hdr.39",0.0000355000000000008
"404","ran404.hdr.4",-0.0023
"404","ran404.hdr.40",-0.0007116
"404","ran404.hdr.41",-0.0000071997
"404","ran404.hdr.42",-0.00087888
"404","ran404.hdr.43",-0.000480400000000001
"404","ran404.hdr.44",-0.0009637
"404","ran404.hdr.45",-0.0000710000000000016
"404","ran404.hdr.46",0.0002466
"404","ran404.hdr.47",-0.000707100000000002
"404","ran404.hdr.48",-0.000402600000000001
"404","ran404.hdr.49",-0.0005872
"404","ran404.hdr.5",-0.0052846
"404","ran404.hdr.50",0.000012144
"404","ran404.hdr.51",-0.0001832
"404","ran404.hdr.52",-0.000473700000000001
"404","ran404.hdr.53",-0.0009668
"404","ran404.hdr.54",-0.00045368
"404","ran404.hdr.55",-0.00016562
"404","ran404.hdr.56",0.00019544
"404","ran404.hdr.57",0.00014666
"404","ran404.hdr.58",-0.0040008
"404","ran404.hdr.59",0.0000288600000000003
"404","ran404.hdr.6",-0.0043162
"404","ran404.hdr.62",-0.000934999999999998
"404","ran404.hdr.63",-0.0000146999999999994
"404","ran404.hdr.64",-0.0000810000000000012
"404","ran404.hdr.65",0.000232300000000001
"404","ran404.hdr.66",-0.0011067
"404","ran404.hdr.67",-0.0093999
"404","ran404.hdr.68",-0.0011402
"404","ran404.hdr.69",-0.0003231
"404","ran404.hdr.7",-0.0010609
"404","ran404.hdr.70",-0.000546500000000002
"404","ran404.hdr.71",0.000270800000000002
"404","ran404.hdr.72",-0.000334099999999999
"404","ran404.hdr.73",-0.00203165
"404","ran404.hdr.74",-0.0014277
"404","ran404.hdr.75",-0.000194
"404","ran404.hdr.76",-0.000768899999999999
"404","ran404.hdr.77",-0.000792599999999999
"404","ran404.hdr.78",-0.0015057
"404","ran404.hdr.8",-0.00036891
"404","ran404.hdr.9",-0.0011219
"405","ran405.hdr.1",-0.00020446
"405","ran405.hdr.10",-0.000537139999999999
"405","ran405.hdr.11",-0.000229759999999999
"405","ran405.hdr.12",-0.00014336
"405","ran405.hdr.13",-0.000374649999999999
"405","ran405.hdr.14",-0.000825599999999999
"405","ran405.hdr.15",-0.001099
"405","ran405.hdr.16",-0.0002415
"405","ran405.hdr.17",-0.000598200000000001
"405","ran405.hdr.18",0.00000960000000000023
"405","ran405.hdr.19",-0.00036672
"405","ran405.hdr.2",0.0004017
"405","ran405.hdr.20",-0.000393909999999999
"405","ran405.hdr.21",-0.000146299999999999
"405","ran405.hdr.22",0.0000479899999999999
"405","ran405.hdr.23",-0.000168099999999999
"405","ran405.hdr.24",-0.00008435
"405","ran405.hdr.25",-0.0003061
"405","ran405.hdr.26",-0.0002775
"405","ran405.hdr.27",-0.000318300000000001
"405","ran405.hdr.28",-0.000256040000000001
"405","ran405.hdr.29",0.000307720000000001
"405","ran405.hdr.3",-0.000358239999999999
"405","ran405.hdr.30",-0.00060842
"405","ran405.hdr.31",-0.000243760000000001
"405","ran405.hdr.32",-0.00010012
"405","ran405.hdr.33",-0.0057768
"405","ran405.hdr.34",0.0003032
"405","ran405.hdr.35",-0.0002396
"405","ran405.hdr.36",-0.000478900000000001
"405","ran405.hdr.37",-0.000259789999999999
"405","ran405.hdr.38",-0.000830000000000001
"405","ran405.hdr.39",0.000221300000000001
"405","ran405.hdr.4",-0.0020013
"405","ran405.hdr.40",-0.0013356
"405","ran405.hdr.41",-0.00025843
"405","ran405.hdr.42",-0.000114999999999999
"405","ran405.hdr.43",0.0001598
"405","ran405.hdr.44",-0.000846200000000002
"405","ran405.hdr.45",-0.00068416
"405","ran405.hdr.46",-0.000743199999999999
"405","ran405.hdr.47",-0.00641689
"405","ran405.hdr.48",-0.0020892
"405","ran405.hdr.49",-0.000713800000000001
"405","ran405.hdr.5",-0.0002953
"405","ran405.hdr.50",-0.0001647
"405","ran405.hdr.51",-0.00061173
"405","ran405.hdr.52",-0.00022903
"405","ran405.hdr.53",0.00029917
"405","ran405.hdr.55",-0.0002095
"405","ran405.hdr.56",-0.000477600000000002
"405","ran405.hdr.57",-0.0000495000000000009
"405","ran405.hdr.58",-0.000824100000000001
"405","ran405.hdr.59",0.000003000000000003
"405","ran405.hdr.6",-0.0014125
"405","ran405.hdr.60",-0.0019575
"405","ran405.hdr.61",-0.0000494999999999992
"405","ran405.hdr.62",-0.0009154
"405","ran405.hdr.63",-0.000663200000000001
"405","ran405.hdr.64",-0.0013065
"405","ran405.hdr.65",-0.0002325
"405","ran405.hdr.66",-0.000546500000000002
"405","ran405.hdr.67",-0.0016226
"405","ran405.hdr.68",-0.001278
"405","ran405.hdr.69",-0.000822699999999999
"405","ran405.hdr.7",-0.00059801
"405","ran405.hdr.70",-0.0028229
"405","ran405.hdr.71",-0.0001271
"405","ran405.hdr.72",-0.000815699999999999
"405","ran405.hdr.73",-0.0009037
"405","ran405.hdr.74",-0.000102700000000001
"405","ran405.hdr.75",-0.0002612
"405","ran405.hdr.76",-0.0016949
"405","ran405.hdr.77",-0.000894099999999998
"405","ran405.hdr.78",-0.0023497
"405","ran405.hdr.8",-0.0028401
"405","ran405.hdr.9",-0.0078616
"406","ran406.hdr.1",0.00020125
"406","ran406.hdr.10",0.00017809
"406","ran406.hdr.11",-0.0000446999999999999
"406","ran406.hdr.12",-0.00041618
"406","ran406.hdr.13",-0.000549999999999998
"406","ran406.hdr.14",-0.0006677
"406","ran406.hdr.15",-0.00038553
"406","ran406.hdr.16",-0.00037651
"406","ran406.hdr.17",-0.00024315
"406","ran406.hdr.18",0.0002302
"406","ran406.hdr.19",-0.0002021
"406","ran406.hdr.2",-0.000358239999999999
"406","ran406.hdr.20",-0.00032312
"406","ran406.hdr.21",0.0000749199999999992
"406","ran406.hdr.22",-0.0015014
"406","ran406.hdr.23",-0.000184699999999999
"406","ran406.hdr.24",-0.0013259
"406","ran406.hdr.25",-0.0005795
"406","ran406.hdr.26",-0.00032068
"406","ran406.hdr.27",-0.0010502
"406","ran406.hdr.28",0.00000603000000000062
"406","ran406.hdr.29",0.0000328100000000012
"406","ran406.hdr.3",-0.0002056
"406","ran406.hdr.30",-0.002999
"406","ran406.hdr.31",-0.0008389
"406","ran406.hdr.32",-0.000118700000000001
"406","ran406.hdr.33",0.00023957
"406","ran406.hdr.34",-0.0025984
"406","ran406.hdr.35",0.0000737099999999994
"406","ran406.hdr.36",-0.00053928
"406","ran406.hdr.37",0.00008529
"406","ran406.hdr.38",0.00051959
"406","ran406.hdr.39",-0.00041873
"406","ran406.hdr.4",-0.0056027
"406","ran406.hdr.40",-0.000284
"406","ran406.hdr.41",-0.0014222
"406","ran406.hdr.42",-0.0000865999999999992
"406","ran406.hdr.43",-0.000803500000000002
"406","ran406.hdr.44",-0.0010877
"406","ran406.hdr.45",0.000150900000000001
"406","ran406.hdr.46",-0.000349499999999999
"406","ran406.hdr.47",0.0000876999999999996
"406","ran406.hdr.48",-0.00073436
"406","ran406.hdr.49",-0.000521599999999999
"406","ran406.hdr.5",-0.0028486
"406","ran406.hdr.50",-0.000507200000000003
"406","ran406.hdr.51",-0.00015038
"406","ran406.hdr.52",0.000158699999999998
"406","ran406.hdr.53",-0.000505799999999999
"406","ran406.hdr.54",-0.000945600000000001
"406","ran406.hdr.55",0.000221300000000001
"406","ran406.hdr.56",-0.0011277
"406","ran406.hdr.57",-0.0002126
"406","ran406.hdr.58",-0.0015782
"406","ran406.hdr.59",-0.002171
"406","ran406.hdr.6",-0.002806
"406","ran406.hdr.60",-0.0015836
"406","ran406.hdr.61",-0.0002267
"406","ran406.hdr.62",-0.0071472
"406","ran406.hdr.63",-0.0010009
"406","ran406.hdr.64",-0.000940400000000001
"406","ran406.hdr.65",-0.000133000000000001
"406","ran406.hdr.66",-0.000282899999999999
"406","ran406.hdr.67",-0.00077464
"406","ran406.hdr.68",-0.00022498
"406","ran406.hdr.69",-0.000299799999999999
"406","ran406.hdr.7",-0.0052846
"406","ran406.hdr.70",-0.000624599999999999
"406","ran406.hdr.71",-0.000121599999999999
"406","ran406.hdr.72",-0.0068252
"406","ran406.hdr.73",-0.0021686
"406","ran406.hdr.74",-0.0023928
"406","ran406.hdr.75",-0.0009751
"406","ran406.hdr.76",-0.000861300000000002
"406","ran406.hdr.77",-0.0064447
"406","ran406.hdr.78",-0.00080927
"406","ran406.hdr.8",-0.0010609
"406","ran406.hdr.9",-0.00058509
"407","ran407.hdr.1",-0.000142300000000001
"407","ran407.hdr.10",-0.0000411000000000005
"407","ran407.hdr.11",-0.00023812
"407","ran407.hdr.12",-0.00036227
"407","ran407.hdr.13",-0.000807199999999999
"407","ran407.hdr.14",-0.000725689999999999
"407","ran407.hdr.15",-0.0000970999999999993
"407","ran407.hdr.16",-0.000146299999999999
"407","ran407.hdr.17",0.0001043
"407","ran407.hdr.18",-0.0000269599999999999
"407","ran407.hdr.19",-0.0017649
"407","ran407.hdr.2",-0.0012185
"407","ran407.hdr.20",-0.0010736
"407","ran407.hdr.21",-0.000682600000000002
"407","ran407.hdr.22",0.0000786999999999993
"407","ran407.hdr.23",-0.0067609
"407","ran407.hdr.24",-0.000576
"407","ran407.hdr.25",0.000159899999999999
"407","ran407.hdr.26",-0.0000640999999999992
"407","ran407.hdr.27",-0.000243760000000001
"407","ran407.hdr.28",-0.00028711
"407","ran407.hdr.29",-0.0038148
"407","ran407.hdr.3",-0.000637000000000002
"407","ran407.hdr.30",-0.0005558
"407","ran407.hdr.31",-0.00033054
"407","ran407.hdr.32",-0.000944
"407","ran407.hdr.33",0.00048249
"407","ran407.hdr.34",0.000355000000000001
"407","ran407.hdr.35",0.000237399999999999
"407","ran407.hdr.36",-0.0022116
"407","ran407.hdr.37",-0.00000561000000000008
"407","ran407.hdr.38",-0.0003823
"407","ran407.hdr.39",0.000542899999999999
"407","ran407.hdr.4",-0.0000225999999999976
"407","ran407.hdr.40",-0.004276
"407","ran407.hdr.41",-0.0000371
"407","ran407.hdr.42",-0.000034158
"407","ran407.hdr.43",-0.0002033
"407","ran407.hdr.44",-0.000473700000000001
"407","ran407.hdr.45",-0.000846700000000001
"407","ran407.hdr.46",-0.0025824
"407","ran407.hdr.47",-0.0013068
"407","ran407.hdr.48",-0.000248099999999999
"407","ran407.hdr.49",-0.0011044
"407","ran407.hdr.5",0.0000508000000000002
"407","ran407.hdr.50",-0.00019336
"407","ran407.hdr.51",-0.0004198
"407","ran407.hdr.52",-0.00026482
"407","ran407.hdr.53",-0.0010767
"407","ran407.hdr.54",-0.00016505
"407","ran407.hdr.55",-0.00289142
"407","ran407.hdr.59",-0.0005941
"407","ran407.hdr.6",-0.00009361
"407","ran407.hdr.60",-0.0001829
"407","ran407.hdr.61",-0.0003757
"407","ran407.hdr.62",-0.0012634
"407","ran407.hdr.63",-0.0015961
"407","ran407.hdr.64",-0.0027675
"407","ran407.hdr.65",-0.000331100000000001
"407","ran407.hdr.66",-0.0028229
"407","ran407.hdr.67",-0.000698500000000001
"407","ran407.hdr.68",-0.000228699999999998
"407","ran407.hdr.69",-0.0010769
"407","ran407.hdr.7",0.00000720000000000061
"407","ran407.hdr.70",-0.000420299999999998
"407","ran407.hdr.71",-0.0010843
"407","ran407.hdr.72",-0.0053353
"407","ran407.hdr.73",-0.000590700000000003
"407","ran407.hdr.74",-0.000358600000000001
"407","ran407.hdr.75",-0.000694699999999999
"407","ran407.hdr.76",-0.000443599999999999
"407","ran407.hdr.77",-0.0057067
"407","ran407.hdr.78",-0.000678990000000001
"407","ran407.hdr.8",-0.0017379
"407","ran407.hdr.9",-0.000585499999999999
"408","ran408.hdr.1",-0.000115250000000001
"408","ran408.hdr.10",-0.000374649999999999
"408","ran408.hdr.11",-0.000714099999999999
"408","ran408.hdr.12",-0.0002106
"408","ran408.hdr.13",-0.00045021
"408","ran408.hdr.14",-0.00065658
"408","ran408.hdr.15",-0.0001542
"408","ran408.hdr.16",-0.000508199999999999
"408","ran408.hdr.17",-0.000799000000000001
"408","ran408.hdr.18",-0.000452899999999999
"408","ran408.hdr.19",-0.000287399999999998
"408","ran408.hdr.2",-0.0000461999999999997
"408","ran408.hdr.20",-0.000881099999999999
"408","ran408.hdr.21",-0.000377500000000001
"408","ran408.hdr.22",-0.0039813
"408","ran408.hdr.23",-0.0023332
"408","ran408.hdr.24",-0.000554499999999999
"408","ran408.hdr.25",-0.002999
"408","ran408.hdr.26",-0.00013319
"408","ran408.hdr.27",0.00051959
"408","ran408.hdr.28",-0.000119399999999999
"408","ran408.hdr.29",-0.00025136
"408","ran408.hdr.3",-0.002469
"408","ran408.hdr.30",-0.00015777
"408","ran408.hdr.31",0.000341899999999999
"408","ran408.hdr.32",0.00001051
"408","ran408.hdr.33",-0.001126
"408","ran408.hdr.34",-0.00026302
"408","ran408.hdr.35",0.000264200000000001
"408","ran408.hdr.36",-0.0021188
"408","ran408.hdr.37",-0.000491499999999999
"408","ran408.hdr.38",-0.0026491
"408","ran408.hdr.39",0.000100250000000001
"408","ran408.hdr.4",-0.000573799999999999
"408","ran408.hdr.40",-0.0011563
"408","ran408.hdr.41",-0.0010777
"408","ran408.hdr.42",NA
"408","ran408.hdr.43",-0.000846200000000002
"408","ran408.hdr.44",-0.000441500000000001
"408","ran408.hdr.45",-0.0000114000000000017
"408","ran408.hdr.46",-0.00077238
"408","ran408.hdr.47",-0.0001647
"408","ran408.hdr.48",-0.0015804
"408","ran408.hdr.49",-0.0168073
"408","ran408.hdr.5",-0.000160850000000001
"408","ran408.hdr.50",-0.0005042
"408","ran408.hdr.51",-0.0000283000000000002
"408","ran408.hdr.52",NA
"408","ran408.hdr.53",-0.000111535
"408","ran408.hdr.54",0.0004068
"408","ran408.hdr.55",0.00005185
"408","ran408.hdr.56",-0.00026482
"408","ran408.hdr.57",0.0001629
"408","ran408.hdr.58",-0.000193329999999999
"408","ran408.hdr.6",-0.000293
"408","ran408.hdr.60",-0.000126399999999999
"408","ran408.hdr.61",-0.000618499999999999
"408","ran408.hdr.62",-0.000967699999999998
"408","ran408.hdr.63",-0.000775500000000002
"408","ran408.hdr.64",-0.01078825
"408","ran408.hdr.65",0.000170999999999999
"408","ran408.hdr.66",-0.0044594
"408","ran408.hdr.67",-0.000850799999999999
"408","ran408.hdr.68",-0.000822699999999999
"408","ran408.hdr.69",-0.00740309
"408","ran408.hdr.7",-0.000461899999999998
"408","ran408.hdr.70",0.0000832999999999997
"408","ran408.hdr.71",-0.0021688
"408","ran408.hdr.72",0.00013489
"408","ran408.hdr.73",-0.0015308
"408","ran408.hdr.74",-0.000639000000000001
"408","ran408.hdr.75",-0.000766199999999998
"408","ran408.hdr.76",-0.0008628
"408","ran408.hdr.77",-0.00444969
"408","ran408.hdr.78",-0.0016978
"408","ran408.hdr.8",-0.00039892
"408","ran408.hdr.9",-0.000063007
"409","ran409.hdr.1",0.0007128
"409","ran409.hdr.10",-0.000515700000000001
"409","ran409.hdr.11",-0.0010992
"409","ran409.hdr.12",-0.0012923
"409","ran409.hdr.13",-0.0011929
"409","ran409.hdr.14",-0.00030432
"409","ran409.hdr.15",0.000554599999999999
"409","ran409.hdr.16",-0.0011179
"409","ran409.hdr.17",-0.000847199999999999
"409","ran409.hdr.18",-0.00252268
"409","ran409.hdr.19",-0.0008182
"409","ran409.hdr.2",-0.0012446
"409","ran409.hdr.20",-0.000140599999999999
"409","ran409.hdr.21",-0.0003756
"409","ran409.hdr.22",-0.0000566999999999998
"409","ran409.hdr.23",-0.0024132
"409","ran409.hdr.24",-0.0004445
"409","ran409.hdr.25",-0.000303699999999999
"409","ran409.hdr.26",-0.00060842
"409","ran409.hdr.27",-0.0000994700000000008
"409","ran409.hdr.28",-0.0014222
"409","ran409.hdr.29",0.000955600000000001
"409","ran409.hdr.3",-0.0019851
"409","ran409.hdr.30",-0.0000146999999999994
"409","ran409.hdr.31",-0.0002396
"409","ran409.hdr.32",-0.0019144
"409","ran409.hdr.33",-0.00087888
"409","ran409.hdr.34",0.000158699999999998
"409","ran409.hdr.35",-0.000307
"409","ran409.hdr.36",-0.0011599
"409","ran409.hdr.37",0.000237399999999999
"409","ran409.hdr.38",0.000262999999999999
"409","ran409.hdr.39",-0.00002191
"409","ran409.hdr.4",-0.0026538
"409","ran409.hdr.40",-0.0014925
"409","ran409.hdr.41",0.00003286
"409","ran409.hdr.42",0.000279399999999999
"409","ran409.hdr.43",-0.000336299999999999
"409","ran409.hdr.44",-0.0020892
"409","ran409.hdr.45",-0.0023048
"409","ran409.hdr.46",0.00010489
"409","ran409.hdr.47",-0.0030547
"409","ran409.hdr.48",-0.00037772
"409","ran409.hdr.49",-0.0001315
"409","ran409.hdr.5",0.000186599999999999
"409","ran409.hdr.50",-0.00022893
"409","ran409.hdr.51",-0.00011945
"409","ran409.hdr.52",-0.0010844
"409","ran409.hdr.53",-0.000293069999999999
"409","ran409.hdr.54",-0.0005941
"409","ran409.hdr.55",-0.0000596800000000012
"409","ran409.hdr.56",-0.000024955
"409","ran409.hdr.57",-0.000824100000000001
"409","ran409.hdr.58",-0.0072658
"409","ran409.hdr.59",-0.0001213
"409","ran409.hdr.6",-0.0008936
"409","ran409.hdr.60",-0.0040765
"409","ran409.hdr.61",0.000342199999999999
"409","ran409.hdr.62",0.000783900000000001
"409","ran409.hdr.63",-0.0006961
"409","ran409.hdr.64",-0.000738799999999998
"409","ran409.hdr.65",-0.0005187
"409","ran409.hdr.66",0.000577899999999999
"409","ran409.hdr.67",-0.000201800000000002
"409","ran409.hdr.68",-0.00124621
"409","ran409.hdr.69",0.00032069
"409","ran409.hdr.7",-0.00021846
"409","ran409.hdr.70",-0.0002583
"409","ran409.hdr.71",-0.00021431
"409","ran409.hdr.72",-0.00059999
"409","ran409.hdr.73",-0.000147399999999999
"409","ran409.hdr.74",-0.000590700000000003
"409","ran409.hdr.75",-0.0013233
"409","ran409.hdr.76",-0.000457200000000001
"409","ran409.hdr.77",-0.0006976
"409","ran409.hdr.78",-0.000802599999999999
"409","ran409.hdr.8",-0.0023044
"409","ran409.hdr.9",-0.000393909999999999
"410","ran410.hdr.1",-0.000224699999999998
"410","ran410.hdr.10",-0.0003003
"410","ran410.hdr.11",-0.00046459
"410","ran410.hdr.12",0.0000578000000000002
"410","ran410.hdr.13",-0.00020486
"410","ran410.hdr.14",-0.000428030000000001
"410","ran410.hdr.15",-0.000721199999999998
"410","ran410.hdr.16",-0.00013877
"410","ran410.hdr.17",0.00016838
"410","ran410.hdr.18",0.000342540000000001
"410","ran410.hdr.19",-0.0000559799999999997
"410","ran410.hdr.2",0.000371
"410","ran410.hdr.20",-0.000189089999999999
"410","ran410.hdr.21",-0.0005968
"410","ran410.hdr.22",-0.0000406999999999994
"410","ran410.hdr.23",0.0000456699999999994
"410","ran410.hdr.24",-0.0032234
"410","ran410.hdr.25",-0.000767400000000001
"410","ran410.hdr.26",-0.000273900000000001
"410","ran410.hdr.27",0.0005602
"410","ran410.hdr.28",0.000450600000000001
"410","ran410.hdr.29",-0.000292399999999998
"410","ran410.hdr.3",0.0000743100000000002
"410","ran410.hdr.30",0.0000686800000000007
"410","ran410.hdr.31",-0.002134
"410","ran410.hdr.32",-0.0017024
"410","ran410.hdr.33",-0.0023193
"410","ran410.hdr.34",-0.000804199999999998
"410","ran410.hdr.35",-0.0012339
"410","ran410.hdr.36",-0.0002968
"410","ran410.hdr.37",-0.00042306
"410","ran410.hdr.38",-0.00016097
"410","ran410.hdr.39",-0.0001752
"410","ran410.hdr.4",-0.0054452
"410","ran410.hdr.40",-0.000787299999999999
"410","ran410.hdr.41",-0.0000784999999999987
"410","ran410.hdr.42",-0.000616299999999997
"410","ran410.hdr.43",-0.0011545
"410","ran410.hdr.44",-0.000241100000000001
"410","ran410.hdr.45",0.000202000000000001
"410","ran410.hdr.46",0.0000979999999999991
"410","ran410.hdr.47",-0.000917300000000001
"410","ran410.hdr.48",-0.000576500000000001
"410","ran410.hdr.49",-0.00077238
"410","ran410.hdr.5",-0.0078616
"410","ran410.hdr.50",0.00028232
"410","ran410.hdr.51",-0.0002851
"410","ran410.hdr.52",-0.0000649599999999993
"410","ran410.hdr.53",0.0000226999999999988
"410","ran410.hdr.54",-0.000435700000000001
"410","ran410.hdr.55",0.00000739999999999942
"410","ran410.hdr.56",-0.0014392
"410","ran410.hdr.57",-0.0035095
"410","ran410.hdr.58",-0.0005042
"410","ran410.hdr.59",0.0000198999999999998
"410","ran410.hdr.6",-0.0034399
"410","ran410.hdr.60",-0.00111662
"410","ran410.hdr.61",0.00027659
"410","ran410.hdr.62",-0.0001829
"410","ran410.hdr.63",-0.000658
"410","ran410.hdr.64",-0.0010508
"410","ran410.hdr.65",-0.0007402
"410","ran410.hdr.66",-0.00000239999999999962
"410","ran410.hdr.67",-0.001831
"410","ran410.hdr.68",-0.0023928
"410","ran410.hdr.69",-0.000356599999999999
"410","ran410.hdr.7",-0.0030406
"410","ran410.hdr.70",-0.0010284
"410","ran410.hdr.71",-0.00038061
"410","ran410.hdr.72",-0.0003707
"410","ran410.hdr.73",-0.00033439
"410","ran410.hdr.74",-0.000302699999999999
"410","ran410.hdr.75",-0.0022866
"410","ran410.hdr.76",-0.0014027
"410","ran410.hdr.77",-0.000676700000000002
"410","ran410.hdr.78",-0.000547499999999999
"410","ran410.hdr.8",-0.0013379
"410","ran410.hdr.9",-0.000409400000000001
"411","ran411.hdr.1",-0.0014785
"411","ran411.hdr.10",-0.0001706
"411","ran411.hdr.11",-0.00018564
"411","ran411.hdr.12",-0.000721199999999998
"411","ran411.hdr.13",-0.000527999999999999
"411","ran411.hdr.14",-0.000864889999999999
"411","ran411.hdr.15",-0.0003257
"411","ran411.hdr.16",0.00020936
"411","ran411.hdr.17",-0.0005983
"411","ran411.hdr.18",-0.0075695
"411","ran411.hdr.19",-0.0012838
"411","ran411.hdr.2",-0.000224699999999998
"411","ran411.hdr.20",-0.000152100000000002
"411","ran411.hdr.21",0.000916800000000001
"411","ran411.hdr.22",-0.0008389
"411","ran411.hdr.23",-0.00068852
"411","ran411.hdr.24",-0.0001771
"411","ran411.hdr.25",-0.000166349999999999
"411","ran411.hdr.26",-0.000714700000000002
"411","ran411.hdr.27",-0.0001311
"411","ran411.hdr.28",-0.00010709
"411","ran411.hdr.29",-0.0001554
"411","ran411.hdr.3",-0.0014413
"411","ran411.hdr.30",-0.0035614
"411","ran411.hdr.31",0.0000461999999999997
"411","ran411.hdr.32",-0.00620406
"411","ran411.hdr.33",-0.0006827
"411","ran411.hdr.34",0.0000463000000000009
"411","ran411.hdr.35",0.0000670599999999999
"411","ran411.hdr.36",-0.0013695
"411","ran411.hdr.37",-0.0000071997
"411","ran411.hdr.38",-0.0014027
"411","ran411.hdr.39",-0.000574999999999999
"411","ran411.hdr.4",0.000559200000000003
"411","ran411.hdr.40",-0.0009237
"411","ran411.hdr.41",-0.0014925
"411","ran411.hdr.42",-0.0010884
"411","ran411.hdr.43",-0.000692699999999999
"411","ran411.hdr.44",-0.00017032
"411","ran411.hdr.45",-0.0003459
"411","ran411.hdr.46",-0.00021661
"411","ran411.hdr.47",-0.000879130000000001
"411","ran411.hdr.48",-0.0010527
"411","ran411.hdr.49",-0.000270000000000001
"411","ran411.hdr.5",-0.000831800000000001
"411","ran411.hdr.50",0.00015462
"411","ran411.hdr.51",-0.00111662
"411","ran411.hdr.52",-0.00022893
"411","ran411.hdr.53",-0.000421599999999999
"411","ran411.hdr.54",-0.000118309
"411","ran411.hdr.55",-0.0003331
"411","ran411.hdr.56",0.0003353
"411","ran411.hdr.57",-0.000787200000000002
"411","ran411.hdr.58",-0.000639499999999998
"411","ran411.hdr.59",-0.0007279
"411","ran411.hdr.6",-0.0011071
"411","ran411.hdr.60",-0.0003894
"411","ran411.hdr.61",-0.0010234
"411","ran411.hdr.62",0.000354790000000001
"411","ran411.hdr.63",-0.0002325
"411","ran411.hdr.64",-0.0000186000000000006
"411","ran411.hdr.65",-0.00029108
"411","ran411.hdr.66",-0.0000376999999999999
"411","ran411.hdr.67",-0.000417899999999999
"411","ran411.hdr.68",-0.0023424
"411","ran411.hdr.69",-0.0001385
"411","ran411.hdr.7",-0.0028486
"411","ran411.hdr.70",-0.0037906
"411","ran411.hdr.71",-0.0008821
"411","ran411.hdr.72",-0.0011431
"411","ran411.hdr.73",-0.0005033
"411","ran411.hdr.74",-0.000794900000000001
"411","ran411.hdr.75",-0.0011035
"411","ran411.hdr.76",-0.0016949
"411","ran411.hdr.77",-0.000738050000000001
"411","ran411.hdr.78",0.00000149999999999803
"411","ran411.hdr.8",0.0000797799999999998
"411","ran411.hdr.9",-0.0010609
"412","ran412.hdr.1",0.00045877
"412","ran412.hdr.10",-0.000571100000000001
"412","ran412.hdr.11",-0.0008936
"412","ran412.hdr.12",-0.000223299999999999
"412","ran412.hdr.13",-0.000374649999999999
"412","ran412.hdr.14",-0.0000232874
"412","ran412.hdr.15",-0.0001898
"412","ran412.hdr.16",-0.00017451
"412","ran412.hdr.17",-0.00016698
"412","ran412.hdr.18",-0.00025135
"412","ran412.hdr.19",-0.000320800000000001
"412","ran412.hdr.2",-0.0011092
"412","ran412.hdr.20",-0.000994360000000001
"412","ran412.hdr.21",0.000241600000000002
"412","ran412.hdr.22",-0.0011619
"412","ran412.hdr.23",-0.0010173
"412","ran412.hdr.24",-0.0023662
"412","ran412.hdr.25",-0.000997100000000001
"412","ran412.hdr.26",-0.000796499999999999
"412","ran412.hdr.27",-0.0000960500000000003
"412","ran412.hdr.28",0.000640900000000002
"412","ran412.hdr.29",-0.000458800000000001
"412","ran412.hdr.3",0.0003348
"412","ran412.hdr.30",-0.0013931
"412","ran412.hdr.31",-0.0018031
"412","ran412.hdr.32",-0.0008564
"412","ran412.hdr.33",0.0000355000000000008
"412","ran412.hdr.34",-0.000247789999999999
"412","ran412.hdr.35",-0.0000631999999999994
"412","ran412.hdr.36",-0.0008168
"412","ran412.hdr.37",0.0003309
"412","ran412.hdr.38",-0.0000485800000000003
"412","ran412.hdr.39",-0.000404300000000002
"412","ran412.hdr.4",0.000214480000000001
"412","ran412.hdr.40",-0.0011887
"412","ran412.hdr.41",-0.0076935
"412","ran412.hdr.42",-0.000917300000000001
"412","ran412.hdr.43",0.00042818
"412","ran412.hdr.44",0.000156099999999999
"412","ran412.hdr.45",-0.000366
"412","ran412.hdr.46",0.0003969
"412","ran412.hdr.47",-0.0072374
"412","ran412.hdr.48",0.00016459
"412","ran412.hdr.49",0.000140899999999999
"412","ran412.hdr.5",-0.0027703
"412","ran412.hdr.50",-0.000578199999999999
"412","ran412.hdr.51",-0.00016591
"412","ran412.hdr.52",-0.00029748
"412","ran412.hdr.53",0.00015665
"412","ran412.hdr.54",-0.00016504
"412","ran412.hdr.55",-0.0034825
"412","ran412.hdr.56",0.000632799999999999
"412","ran412.hdr.57",-0.0022371
"412","ran412.hdr.58",-0.00133806
"412","ran412.hdr.59",0.00000862399999999999
"412","ran412.hdr.6",-0.000583300000000002
"412","ran412.hdr.60",-0.00024239
"412","ran412.hdr.61",-0.000663200000000001
"412","ran412.hdr.62",-0.0001422
"412","ran412.hdr.63",-0.001278
"412","ran412.hdr.64",-0.000334099999999999
"412","ran412.hdr.65",0.0000640999999999975
"412","ran412.hdr.66",0.00029393
"412","ran412.hdr.67",-0.0013312
"412","ran412.hdr.68",-0.000890599999999998
"412","ran412.hdr.69",-0.00059999
"412","ran412.hdr.7",-0.0066937
"412","ran412.hdr.70",-0.0000461999999999997
"412","ran412.hdr.71",-0.0019338
"412","ran412.hdr.72",-0.000227100000000001
"412","ran412.hdr.73",-0.000590700000000003
"412","ran412.hdr.74",-0.00031406
"412","ran412.hdr.75",-0.000552800000000001
"412","ran412.hdr.76",-0.0011207
"412","ran412.hdr.77",-0.00089669
"412","ran412.hdr.78",-0.0017455
"412","ran412.hdr.8",-0.002932
"412","ran412.hdr.9",-0.00056552
"413","ran413.hdr.1",-0.000637000000000002
"413","ran413.hdr.10",0.00016704
"413","ran413.hdr.11",-0.000306939999999999
"413","ran413.hdr.12",-0.000320599999999999
"413","ran413.hdr.13",-0.000212800000000003
"413","ran413.hdr.14",-0.000409099999999999
"413","ran413.hdr.15",-0.0006719
"413","ran413.hdr.16",-0.00000805999999999984
"413","ran413.hdr.17",-0.0001177
"413","ran413.hdr.18",-0.00041669
"413","ran413.hdr.19",-0.00061751
"413","ran413.hdr.2",0.00000720000000000061
"413","ran413.hdr.20",-0.0011619
"413","ran413.hdr.21",-0.002734
"413","ran413.hdr.22",-0.00180345
"413","ran413.hdr.23",-0.0016862
"413","ran413.hdr.24",-0.000283499999999999
"413","ran413.hdr.25",-0.0010873
"413","ran413.hdr.26",0.00037076
"413","ran413.hdr.27",-0.00055601
"413","ran413.hdr.28",-0.000232900000000001
"413","ran413.hdr.29",-0.00016025
"413","ran413.hdr.3",-0.00163709
"413","ran413.hdr.30",-0.0008652
"413","ran413.hdr.31",-0.0026358
"413","ran413.hdr.32",-0.000745100000000002
"413","ran413.hdr.33",-0.000023421
"413","ran413.hdr.34",-0.0010504
"413","ran413.hdr.35",-0.0012954
"413","ran413.hdr.36",-0.0011599
"413","ran413.hdr.37",0.0000239999999999997
"413","ran413.hdr.38",0.0000540300000000001
"413","ran413.hdr.39",-0.0015782
"413","ran413.hdr.4",NA
"413","ran413.hdr.40",-0.0011563
"413","ran413.hdr.41",0.0000336799999999999
"413","ran413.hdr.42",-0.0011409
"413","ran413.hdr.43",-0.000692699999999999
"413","ran413.hdr.44",-0.000392
"413","ran413.hdr.45",0.000378999999999997
"413","ran413.hdr.46",0.00015161
"413","ran413.hdr.47",-0.000464200000000001
"413","ran413.hdr.48",-0.00021698
"413","ran413.hdr.49",-0.0001647
"413","ran413.hdr.5",-0.01685291
"413","ran413.hdr.50",-0.000971
"413","ran413.hdr.51",-0.00021607
"413","ran413.hdr.52",-0.0046284
"413","ran413.hdr.53",0.00017218
"413","ran413.hdr.54",-0.00016505
"413","ran413.hdr.55",0.0000884176
"413","ran413.hdr.56",-0.00012652
"413","ran413.hdr.57",-0.000262800000000001
"413","ran413.hdr.58",0.000366500000000001
"413","ran413.hdr.59",-0.000290100000000001
"413","ran413.hdr.6",-0.0005591
"413","ran413.hdr.60",-0.0022371
"413","ran413.hdr.61",-0.0007712
"413","ran413.hdr.62",-0.000889800000000001
"413","ran413.hdr.63",-0.000738799999999998
"413","ran413.hdr.64",-0.000226000000000001
"413","ran413.hdr.65",-0.0004568
"413","ran413.hdr.66",0.0004037
"413","ran413.hdr.67",-0.000361200000000001
"413","ran413.hdr.68",-0.0007443
"413","ran413.hdr.69",-0.000386900000000003
"413","ran413.hdr.7",-0.000602800000000001
"413","ran413.hdr.70",-0.0007697
"413","ran413.hdr.71",-0.0009751
"413","ran413.hdr.72",-0.0015308
"413","ran413.hdr.73",-0.000590700000000003
"413","ran413.hdr.74",-0.000126299999999999
"413","ran413.hdr.75",-0.000586100000000003
"413","ran413.hdr.76",-0.0023484
"413","ran413.hdr.77",-0.000220500000000002
"413","ran413.hdr.78",-0.0006712
"413","ran413.hdr.8",-0.0003795
"413","ran413.hdr.9",-0.00154022
"414","ran414.hdr.1",-0.0004633
"414","ran414.hdr.10",-0.0013522
"414","ran414.hdr.11",-0.000175700000000001
"414","ran414.hdr.12",-0.0006119
"414","ran414.hdr.13",-0.000349700000000001
"414","ran414.hdr.14",-0.0004828
"414","ran414.hdr.15",-0.000807199999999999
"414","ran414.hdr.16",-0.0002828
"414","ran414.hdr.17",-0.00021491
"414","ran414.hdr.18",-0.0001755
"414","ran414.hdr.19",-0.0015955
"414","ran414.hdr.2",-0.000319699999999999
"414","ran414.hdr.20",-0.0010992
"414","ran414.hdr.21",-0.0008164
"414","ran414.hdr.22",-0.000253800000000002
"414","ran414.hdr.23",-0.0010439
"414","ran414.hdr.24",-0.0005983
"414","ran414.hdr.25",-0.0033496
"414","ran414.hdr.26",-0.0016862
"414","ran414.hdr.27",-0.000581499999999999
"414","ran414.hdr.28",-0.000114
"414","ran414.hdr.29",-0.000128400000000001
"414","ran414.hdr.3",-0.000637000000000002
"414","ran414.hdr.30",-0.000429799999999999
"414","ran414.hdr.31",-0.000445719999999999
"414","ran414.hdr.32",-0.00068852
"414","ran414.hdr.33",-0.000397399999999999
"414","ran414.hdr.34",-0.01715588
"414","ran414.hdr.35",-0.0000212300000000006
"414","ran414.hdr.36",-0.000140850000000001
"414","ran414.hdr.37",-0.0005219
"414","ran414.hdr.38",-0.000112999999999999
"414","ran414.hdr.39",-0.000316499999999999
"414","ran414.hdr.4",0.000357100000000001
"414","ran414.hdr.40",-0.000266000000000002
"414","ran414.hdr.41",-0.0011277
"414","ran414.hdr.42",-0.0002132
"414","ran414.hdr.43",-0.00011533
"414","ran414.hdr.44",-0.0034509
"414","ran414.hdr.45",0.000184070000000001
"414","ran414.hdr.46",-0.000464200000000001
"414","ran414.hdr.47",-0.00017032
"414","ran414.hdr.48",-0.00000750000000000056
"414","ran414.hdr.49",-0.00074359
"414","ran414.hdr.5",-0.00026315
"414","ran414.hdr.50",-0.00188647
"414","ran414.hdr.51",-0.0005042
"414","ran414.hdr.52",-0.00022903
"414","ran414.hdr.53",-0.00289142
"414","ran414.hdr.54",-0.000164299999999999
"414","ran414.hdr.56",-0.0000994599999999991
"414","ran414.hdr.57",-0.00114221
"414","ran414.hdr.58",0.0000782999999999999
"414","ran414.hdr.59",-0.0018888
"414","ran414.hdr.6",-0.0002675
"414","ran414.hdr.60",-0.0013942
"414","ran414.hdr.61",-0.00039282
"414","ran414.hdr.62",0.000573300000000001
"414","ran414.hdr.63",-0.0017715
"414","ran414.hdr.64",-0.000919
"414","ran414.hdr.65",0.0005287
"414","ran414.hdr.66",-0.001507
"414","ran414.hdr.67",-0.000420499999999999
"414","ran414.hdr.68",-0.0000243000000000014
"414","ran414.hdr.69",-0.0013204
"414","ran414.hdr.7",-0.000160799999999999
"414","ran414.hdr.70",-0.00006251
"414","ran414.hdr.71",-0.000890599999999998
"414","ran414.hdr.72",-0.000522900000000001
"414","ran414.hdr.73",-0.0016673
"414","ran414.hdr.74",-0.0000844099999999996
"414","ran414.hdr.75",0.00002271
"414","ran414.hdr.76",-0.0000870000000000003
"414","ran414.hdr.77",-0.000694699999999999
"414","ran414.hdr.78",-0.0020349
"414","ran414.hdr.8",-0.000233200000000003
"414","ran414.hdr.9",-0.0033457
"415","ran415.hdr.1",-0.0023043
"415","ran415.hdr.10",-0.0013379
"415","ran415.hdr.11",-0.000456600000000001
"415","ran415.hdr.12",-0.000482460000000001
"415","ran415.hdr.13",-0.0015386
"415","ran415.hdr.14",-0.000393299999999999
"415","ran415.hdr.15",0.0000509400000000002
"415","ran415.hdr.16",-0.0011143
"415","ran415.hdr.17",-0.000527999999999999
"415","ran415.hdr.18",0.0000456699999999994
"415","ran415.hdr.19",-0.000518899999999999
"415","ran415.hdr.2",-0.0053867
"415","ran415.hdr.20",-0.000919
"415","ran415.hdr.21",0.000152999999999999
"415","ran415.hdr.22",-0.0017655
"415","ran415.hdr.23",-0.0016862
"415","ran415.hdr.24",-0.0013895
"415","ran415.hdr.25",-0.0006806
"415","ran415.hdr.26",0.0000100699999999992
"415","ran415.hdr.27",-0.0002137
"415","ran415.hdr.28",0.0002039
"415","ran415.hdr.29",-0.001167
"415","ran415.hdr.3",-0.0001102
"415","ran415.hdr.30",-0.00060842
"415","ran415.hdr.31",-0.0017763
"415","ran415.hdr.32",-0.0019854
"415","ran415.hdr.33",-0.000397499999999999
"415","ran415.hdr.34",-0.000478900000000001
"415","ran415.hdr.35",-0.000883700000000001
"415","ran415.hdr.36",-0.00045297
"415","ran415.hdr.37",0.000166100000000001
"415","ran415.hdr.38",-0.00023078
"415","ran415.hdr.39",-0.000583
"415","ran415.hdr.4",-0.000296900000000001
"415","ran415.hdr.40",-0.0000886700000000001
"415","ran415.hdr.41",-0.0021188
"415","ran415.hdr.42",-0.000692499999999999
"415","ran415.hdr.43",0.000375199999999999
"415","ran415.hdr.44",-0.0000784999999999987
"415","ran415.hdr.45",0.000413699999999999
"415","ran415.hdr.46",-0.0001811
"415","ran415.hdr.47",0.0003053
"415","ran415.hdr.48",-0.0000151000000000005
"415","ran415.hdr.49",0.0000832000000000003
"415","ran415.hdr.5",-0.0001004
"415","ran415.hdr.50",-0.000464200000000001
"415","ran415.hdr.51",-0.00005258
"415","ran415.hdr.52",-0.000207300000000001
"415","ran415.hdr.53",-0.000167800000000001
"415","ran415.hdr.54",-0.0000646000000000015
"415","ran415.hdr.55",-0.000299799999999999
"415","ran415.hdr.56",-0.00018672
"415","ran415.hdr.57",-0.0021164
"415","ran415.hdr.58",-0.0003833
"415","ran415.hdr.59",-0.000492100000000002
"415","ran415.hdr.6",0.0006064
"415","ran415.hdr.60",0.00006119
"415","ran415.hdr.61",-0.00023275
"415","ran415.hdr.62",0.000078700000000001
"415","ran415.hdr.63",-0.000296940000000001
"415","ran415.hdr.64",-0.000546500000000002
"415","ran415.hdr.65",-0.0029365
"415","ran415.hdr.66",-0.0003435
"415","ran415.hdr.67",-0.0016152
"415","ran415.hdr.68",-0.001084
"415","ran415.hdr.69",-0.0002646
"415","ran415.hdr.7",-0.0008533
"415","ran415.hdr.70",-0.000692700000000001
"415","ran415.hdr.71",-0.00006251
"415","ran415.hdr.72",-0.0001911
"415","ran415.hdr.73",-0.00179129
"415","ran415.hdr.74",-0.0009037
"415","ran415.hdr.75",-0.0009751
"415","ran415.hdr.76",-0.0011457
"415","ran415.hdr.77",-0.000586100000000003
"415","ran415.hdr.78",-0.0014673
"415","ran415.hdr.8",-0.0013722
"415","ran415.hdr.9",-0.0051096
"416","ran416.hdr.1",-0.000739499999999999
"416","ran416.hdr.10",-0.0004644
"416","ran416.hdr.11",-0.00030618
"416","ran416.hdr.12",-0.00036672
"416","ran416.hdr.13",-0.0000776100000000001
"416","ran416.hdr.14",-0.000351200000000001
"416","ran416.hdr.15",-0.0010992
"416","ran416.hdr.16",-0.0000269599999999999
"416","ran416.hdr.17",-0.0005968
"416","ran416.hdr.18",-0.000333099999999999
"416","ran416.hdr.19",0.000681399999999999
"416","ran416.hdr.2",-0.0012446
"416","ran416.hdr.20",0.0001413
"416","ran416.hdr.21",-0.000473100000000001
"416","ran416.hdr.22",-0.00014046
"416","ran416.hdr.23",-0.0000983000000000008
"416","ran416.hdr.24",-0.000432999999999999
"416","ran416.hdr.25",-0.000111799999999999
"416","ran416.hdr.26",-0.00043339
"416","ran416.hdr.27",-0.0000348000000000015
"416","ran416.hdr.28",-0.0006201
"416","ran416.hdr.29",0.0000487999999999999
"416","ran416.hdr.3",-0.002469
"416","ran416.hdr.30",-0.00016391
"416","ran416.hdr.31",-0.000376700000000001
"416","ran416.hdr.32",-0.00015562
"416","ran416.hdr.33",-0.00017027
"416","ran416.hdr.34",0.0013003
"416","ran416.hdr.35",-0.0065131
"416","ran416.hdr.36",-0.000875799999999999
"416","ran416.hdr.37",-0.0000805300000000005
"416","ran416.hdr.38",0.000505200000000001
"416","ran416.hdr.39",-0.000590500000000001
"416","ran416.hdr.4",-0.00034287
"416","ran416.hdr.40",-0.000735299999999998
"416","ran416.hdr.41",0.0000193999999999993
"416","ran416.hdr.42",-0.000803359999999999
"416","ran416.hdr.43",-0.0023505
"416","ran416.hdr.44",-0.000908200000000001
"416","ran416.hdr.45",0.000100250000000001
"416","ran416.hdr.46",-0.000720200000000001
"416","ran416.hdr.47",0.000542899999999999
"416","ran416.hdr.48",-0.0000673000000000028
"416","ran416.hdr.49",-0.0000823899999999999
"416","ran416.hdr.5",-0.0037976
"416","ran416.hdr.50",-0.00378069
"416","ran416.hdr.51",NA
"416","ran416.hdr.52",-0.000652820000000001
"416","ran416.hdr.53",NA
"416","ran416.hdr.54",-0.0010723
"416","ran416.hdr.55",-0.0010313
"416","ran416.hdr.56",-0.000297500000000001
"416","ran416.hdr.57",-0.0006342
"416","ran416.hdr.58",-0.000967699999999998
"416","ran416.hdr.59",-0.00038507
"416","ran416.hdr.6",-0.0038288
"416","ran416.hdr.60",-0.0008126
"416","ran416.hdr.61",-0.00024239
"416","ran416.hdr.62",-0.000540200000000001
"416","ran416.hdr.63",-0.0012643
"416","ran416.hdr.64",-0.000404369999999999
"416","ran416.hdr.65",-0.0011074
"416","ran416.hdr.66",-0.000836699999999999
"416","ran416.hdr.67",-0.000595099999999998
"416","ran416.hdr.68",-0.0005982
"416","ran416.hdr.69",-0.0013697
"416","ran416.hdr.7",0.0001189
"416","ran416.hdr.70",-0.000256100000000002
"416","ran416.hdr.71",-0.0023812
"416","ran416.hdr.72",-0.000276200000000001
"416","ran416.hdr.73",-0.0016673
"416","ran416.hdr.74",-0.00060304
"416","ran416.hdr.75",-0.000282660000000001
"416","ran416.hdr.76",-0.0011974
"416","ran416.hdr.77",-0.0014673
"416","ran416.hdr.78",-0.0003225
"416","ran416.hdr.8",-0.000229759999999999
"416","ran416.hdr.9",-0.000223299999999999
"417","ran417.hdr.1",-0.0014785
"417","ran417.hdr.10",-0.000293
"417","ran417.hdr.11",-0.00039892
"417","ran417.hdr.12",-0.000422980000000001
"417","ran417.hdr.13",-0.0000116999999999999
"417","ran417.hdr.14",-0.0002013
"417","ran417.hdr.15",-0.0010439
"417","ran417.hdr.16",-0.002734
"417","ran417.hdr.17",-0.000230500000000002
"417","ran417.hdr.18",-0.000612299999999998
"417","ran417.hdr.19",-0.000595100000000001
"417","ran417.hdr.2",-0.000908900000000001
"417","ran417.hdr.20",-0.0000566999999999998
"417","ran417.hdr.21",-0.0001443
"417","ran417.hdr.22",-0.0000175999999999996
"417","ran417.hdr.23",0.00019389
"417","ran417.hdr.24",0.00014465
"417","ran417.hdr.25",-0.00039436
"417","ran417.hdr.26",-0.0002538
"417","ran417.hdr.27",0.00028563
"417","ran417.hdr.28",-0.00060842
"417","ran417.hdr.29",-0.00018725
"417","ran417.hdr.3",-0.002115
"417","ran417.hdr.30",-0.0076907
"417","ran417.hdr.31",-0.00198339
"417","ran417.hdr.32",-0.0023487
"417","ran417.hdr.33",0.00004498
"417","ran417.hdr.34",-0.00073436
"417","ran417.hdr.35",-0.0005509
"417","ran417.hdr.36",-0.0000391499999999999
"417","ran417.hdr.37",0.0000239999999999997
"417","ran417.hdr.38",-0.0016634
"417","ran417.hdr.39",-0.000306899999999999
"417","ran417.hdr.4",-0.000443959999999998
"417","ran417.hdr.40",-0.00081
"417","ran417.hdr.41",-0.0000750999999999981
"417","ran417.hdr.42",-0.00022449
"417","ran417.hdr.43",-0.000551100000000002
"417","ran417.hdr.44",-0.000246700000000001
"417","ran417.hdr.45",-0.000464200000000001
"417","ran417.hdr.46",0.00121952
"417","ran417.hdr.47",-0.000764300000000002
"417","ran417.hdr.48",-0.00025008
"417","ran417.hdr.49",-0.0001373
"417","ran417.hdr.5",-0.00163709
"417","ran417.hdr.50",0.0000568604
"417","ran417.hdr.51",-0.000270960000000001
"417","ran417.hdr.53",-0.0000546999999999995
"417","ran417.hdr.54",-0.000728099999999999
"417","ran417.hdr.55",-0.001061
"417","ran417.hdr.56",-0.01281643
"417","ran417.hdr.57",-0.00574057
"417","ran417.hdr.58",-0.0011457
"417","ran417.hdr.59",-0.000775399999999999
"417","ran417.hdr.6",-0.0048952
"417","ran417.hdr.60",-0.0021686
"417","ran417.hdr.61",0.000477
"417","ran417.hdr.62",-0.0002325
"417","ran417.hdr.63",-0.0025664
"417","ran417.hdr.64",-0.000540200000000001
"417","ran417.hdr.65",-0.000382200000000003
"417","ran417.hdr.66",-0.000361200000000001
"417","ran417.hdr.67",-0.0096339
"417","ran417.hdr.68",-0.0011299
"417","ran417.hdr.69",-0.0009818
"417","ran417.hdr.7",-0.0056785
"417","ran417.hdr.70",-0.0005272
"417","ran417.hdr.71",-0.000698500000000001
"417","ran417.hdr.72",-0.0004414
"417","ran417.hdr.73",-0.0003324
"417","ran417.hdr.74",-0.000389500000000001
"417","ran417.hdr.75",0.0000893999999999999
"417","ran417.hdr.76",-0.000231200000000001
"417","ran417.hdr.77",-0.0004866
"417","ran417.hdr.78",-0.0057067
"417","ran417.hdr.8",-0.0043666
"417","ran417.hdr.9",-0.00061467
"418","ran418.hdr.1",-0.00010092
"418","ran418.hdr.10",-0.00037472
"418","ran418.hdr.11",-0.00056426
"418","ran418.hdr.12",-0.000405638
"418","ran418.hdr.13",-0.0003155
"418","ran418.hdr.14",-0.0005524
"418","ran418.hdr.15",-0.0000776100000000001
"418","ran418.hdr.16",-0.0013661
"418","ran418.hdr.17",0.000321200000000001
"418","ran418.hdr.18",-0.000516000000000001
"418","ran418.hdr.19",-0.0021765
"418","ran418.hdr.2",-0.000220599999999998
"418","ran418.hdr.20",-0.0000348000000000015
"418","ran418.hdr.21",0.0003128
"418","ran418.hdr.22",-0.000352700000000001
"418","ran418.hdr.23",-0.0004899
"418","ran418.hdr.24",-0.000473700000000001
"418","ran418.hdr.25",-0.0028616
"418","ran418.hdr.26",0.00037177
"418","ran418.hdr.27",-0.00027682
"418","ran418.hdr.28",-0.000148799999999999
"418","ran418.hdr.29",-0.000232900000000001
"418","ran418.hdr.3",-0.00012473
"418","ran418.hdr.30",0.0000525500000000002
"418","ran418.hdr.31",0.0000686800000000007
"418","ran418.hdr.32",-0.000135159999999999
"418","ran418.hdr.33",-0.0008652
"418","ran418.hdr.34",-0.0004212
"418","ran418.hdr.35",-0.0017628
"418","ran418.hdr.36",-0.00020889
"418","ran418.hdr.37",-0.000423400000000001
"418","ran418.hdr.38",-0.0012954
"418","ran418.hdr.39",-0.000584600000000001
"418","ran418.hdr.4",-0.0054452
"418","ran418.hdr.40",-0.0000119000000000005
"418","ran418.hdr.41",-0.0015836
"418","ran418.hdr.42",-0.000644400000000002
"418","ran418.hdr.43",-0.001739
"418","ran418.hdr.44",-0.0041082
"418","ran418.hdr.45",-0.0010055
"418","ran418.hdr.46",-0.0024639
"418","ran418.hdr.47",-0.000945399999999999
"418","ran418.hdr.48",-0.000765099999999998
"418","ran418.hdr.49",-0.0072374
"418","ran418.hdr.5",-0.0044797
"418","ran418.hdr.50",-0.0004831
"418","ran418.hdr.51",0.0000326900000000001
"418","ran418.hdr.52",-0.000586400000000001
"418","ran418.hdr.54",-0.0000994599999999991
"418","ran418.hdr.55",-0.000694199999999999
"418","ran418.hdr.56",-0.000262800000000001
"418","ran418.hdr.57",-0.000824100000000001
"418","ran418.hdr.58",-0.0000280999999999997
"418","ran418.hdr.59",0.0001308
"418","ran418.hdr.6",-0.0013379
"418","ran418.hdr.60",-0.000534000000000001
"418","ran418.hdr.61",-0.0008541
"418","ran418.hdr.62",-0.0011457
"418","ran418.hdr.63",-0.000557700000000001
"418","ran418.hdr.64",0.00016178
"418","ran418.hdr.65",-0.0016696
"418","ran418.hdr.66",-0.0037006
"418","ran418.hdr.67",-0.0096339
"418","ran418.hdr.68",-0.000870200000000002
"418","ran418.hdr.69",-0.0000222999999999994
"418","ran418.hdr.7",-0.000293
"418","ran418.hdr.70",-0.000746199999999999
"418","ran418.hdr.71",0.000467799999999999
"418","ran418.hdr.72",-0.000454899999999998
"418","ran418.hdr.73",-0.0009037
"418","ran418.hdr.74",-0.000161699999999999
"418","ran418.hdr.75",-0.0053353
"418","ran418.hdr.76",-0.0020758
"418","ran418.hdr.77",-0.0002862
"418","ran418.hdr.78",-0.000748700000000001
"418","ran418.hdr.8",-0.000229759999999999
"418","ran418.hdr.9",-0.000979900000000001
"419","ran419.hdr.1",-0.000366200000000001
"419","ran419.hdr.10",0.0000184
"419","ran419.hdr.11",-0.00018433
"419","ran419.hdr.12",-0.0016948
"419","ran419.hdr.13",-0.00137783
"419","ran419.hdr.14",-0.000710199999999999
"419","ran419.hdr.15",-0.0000204900000000002
"419","ran419.hdr.16",0.0000730000000000001
"419","ran419.hdr.17",-0.0000649700000000001
"419","ran419.hdr.18",-0.000779799999999999
"419","ran419.hdr.19",-0.0017674
"419","ran419.hdr.2",-0.000310999999999999
"419","ran419.hdr.20",-0.000257799999999999
"419","ran419.hdr.21",0.0000778599999999999
"419","ran419.hdr.22",0.00000603000000000062
"419","ran419.hdr.23",-0.0006546
"419","ran419.hdr.24",-0.0002773
"419","ran419.hdr.25",0.0000111
"419","ran419.hdr.26",-0.00069048
"419","ran419.hdr.27",-0.00019563
"419","ran419.hdr.28",-0.0002091
"419","ran419.hdr.29",0.0008266
"419","ran419.hdr.3",-0.000849200000000001
"419","ran419.hdr.30",-0.000803500000000002
"419","ran419.hdr.31",-0.000435399999999999
"419","ran419.hdr.32",-0.0019089
"419","ran419.hdr.33",-0.000627829999999999
"419","ran419.hdr.34",-0.000583
"419","ran419.hdr.35",0.000158699999999998
"419","ran419.hdr.36",-0.00019082
"419","ran419.hdr.37",-0.0010504
"419","ran419.hdr.38",-0.0013621
"419","ran419.hdr.39",0.000264200000000001
"419","ran419.hdr.4",-0.000443959999999998
"419","ran419.hdr.40",-0.0012106
"419","ran419.hdr.41",-0.000306300000000001
"419","ran419.hdr.42",-0.00022449
"419","ran419.hdr.43",-0.0003389
"419","ran419.hdr.44",-0.000940400000000001
"419","ran419.hdr.45",-0.000228000000000001
"419","ran419.hdr.46",-0.0047786
"419","ran419.hdr.47",0.000126360000000001
"419","ran419.hdr.48",-0.0020265
"419","ran419.hdr.49",0.000173300000000001
"419","ran419.hdr.5",-0.0027476
"419","ran419.hdr.50",-0.0007846
"419","ran419.hdr.51",-0.000162300000000001
"419","ran419.hdr.52",-0.000448199999999999
"419","ran419.hdr.53",-0.00012652
"419","ran419.hdr.54",-0.000262800000000001
"419","ran419.hdr.55",-0.000849699999999998
"419","ran419.hdr.56",-0.0000402400000000004
"419","ran419.hdr.57",-0.01281643
"419","ran419.hdr.58",0.00000862399999999999
"419","ran419.hdr.59",-0.0006847
"419","ran419.hdr.6",0.00040375
"419","ran419.hdr.60",-0.000477
"419","ran419.hdr.61",-0.00016
"419","ran419.hdr.62",-0.000727199999999997
"419","ran419.hdr.63",-0.0015819
"419","ran419.hdr.64",-0.0027675
"419","ran419.hdr.65",-0.000474
"419","ran419.hdr.66",-0.0017699
"419","ran419.hdr.67",-0.0013697
"419","ran419.hdr.68",0.0000390000000000008
"419","ran419.hdr.69",-0.0001492
"419","ran419.hdr.7",-0.0048415
"419","ran419.hdr.70",0.000235200000000001
"419","ran419.hdr.71",-0.000825300000000001
"419","ran419.hdr.72",-0.000871399999999998
"419","ran419.hdr.73",-0.000348569999999999
"419","ran419.hdr.74",-0.00033557
"419","ran419.hdr.75",-0.000000800000000000453
"419","ran419.hdr.76",-0.0014426
"419","ran419.hdr.77",-0.0014027
"419","ran419.hdr.78",-0.0005872
"419","ran419.hdr.8",-0.0009196
"419","ran419.hdr.9",-0.00042476
"420","ran420.hdr.1",-0.00040682
"420","ran420.hdr.10",-0.0004828
"420","ran420.hdr.11",-0.0002415
"420","ran420.hdr.12",0.00016704
"420","ran420.hdr.13",-0.000198540000000001
"420","ran420.hdr.14",0.000188412
"420","ran420.hdr.15",-0.0002471
"420","ran420.hdr.16",-0.000409099999999999
"420","ran420.hdr.17",-0.0003458
"420","ran420.hdr.18",-0.00161496
"420","ran420.hdr.19",-0.000473100000000001
"420","ran420.hdr.2",-0.0024371
"420","ran420.hdr.20",-0.00016801
"420","ran420.hdr.21",-0.000999699999999999
"420","ran420.hdr.22",-0.000140600000000001
"420","ran420.hdr.23",-0.0024132
"420","ran420.hdr.24",-0.0000480399999999992
"420","ran420.hdr.25",-0.0004121
"420","ran420.hdr.26",0.0000853599999999996
"420","ran420.hdr.27",-0.0000855700000000001
"420","ran420.hdr.28",-0.0000640999999999992
"420","ran420.hdr.29",-0.000156699999999999
"420","ran420.hdr.3",-0.0011071
"420","ran420.hdr.30",-0.000243760000000001
"420","ran420.hdr.31",-0.00010144
"420","ran420.hdr.32",-0.0004084
"420","ran420.hdr.33",0.000657799999999997
"420","ran420.hdr.34",-0.0001799
"420","ran420.hdr.35",0.000205900000000002
"420","ran420.hdr.36",-0.0014502
"420","ran420.hdr.37",-0.0010877
"420","ran420.hdr.38",-0.000275399999999999
"420","ran420.hdr.39",-0.00028523
"420","ran420.hdr.4",-0.0028486
"420","ran420.hdr.40",-0.00023078
"420","ran420.hdr.41",-0.000399060000000001
"420","ran420.hdr.42",-0.0015552
"420","ran420.hdr.43",-0.000266000000000002
"420","ran420.hdr.44",-0.000692499999999999
"420","ran420.hdr.45",-0.0014927
"420","ran420.hdr.46",-0.0015782
"420","ran420.hdr.47",-0.0013738
"420","ran420.hdr.48",-0.000194600000000001
"420","ran420.hdr.49",-0.000377499999999999
"420","ran420.hdr.5",-0.0052846
"420","ran420.hdr.50",-0.0025824
"420","ran420.hdr.51",-0.00045368
"420","ran420.hdr.52",-0.0021164
"420","ran420.hdr.53",-0.0004198
"420","ran420.hdr.54",-0.00047522
"420","ran420.hdr.55",-0.00016591
"420","ran420.hdr.56",0.000103800000000001
"420","ran420.hdr.57",0.00041589
"420","ran420.hdr.58",-0.0015743
"420","ran420.hdr.59",-0.00040313
"420","ran420.hdr.6",-0.00039892
"420","ran420.hdr.60",-0.0001213
"420","ran420.hdr.61",-0.0009154
"420","ran420.hdr.62",-0.00017847
"420","ran420.hdr.63",-0.0007712
"420","ran420.hdr.64",0.000127700000000001
"420","ran420.hdr.65",-0.0010621
"420","ran420.hdr.66",-0.0011581
"420","ran420.hdr.67",0.000135650000000001
"420","ran420.hdr.68",-0.000870200000000002
"420","ran420.hdr.69",-0.00029
"420","ran420.hdr.7",-0.00173813
"420","ran420.hdr.70",-0.000749600000000001
"420","ran420.hdr.71",-0.0014277
"420","ran420.hdr.72",-0.0011457
"420","ran420.hdr.73",-0.000458999999999998
"420","ran420.hdr.74",-0.000471699999999999
"420","ran420.hdr.75",-0.000175900000000001
"420","ran420.hdr.76",0.0000624000000000006
"420","ran420.hdr.77",-0.00118788
"420","ran420.hdr.78",-0.000678990000000001
"420","ran420.hdr.8",-0.000507480000000001
"420","ran420.hdr.9",0.0003181
"421","ran421.hdr.1",-0.0013435
"421","ran421.hdr.10",0.00016113
"421","ran421.hdr.11",-0.000417799999999999
"421","ran421.hdr.12",-0.0002877
"421","ran421.hdr.13",-0.0000712300000000003
"421","ran421.hdr.14",-0.0018782
"421","ran421.hdr.15",-0.0010939
"421","ran421.hdr.16",-0.0002013
"421","ran421.hdr.17",-0.00023074
"421","ran421.hdr.18",-0.0010564
"421","ran421.hdr.19",-0.0011619
"421","ran421.hdr.2",-0.0008313
"421","ran421.hdr.20",-0.000867099999999999
"421","ran421.hdr.21",-0.0010736
"421","ran421.hdr.22",-0.000997100000000001
"421","ran421.hdr.23",-0.000769800000000001
"421","ran421.hdr.24",-0.000598599999999998
"421","ran421.hdr.25",-0.00031687
"421","ran421.hdr.26",-0.0000984000000000002
"421","ran421.hdr.27",-0.0000597299999999992
"421","ran421.hdr.28",-0.0002813
"421","ran421.hdr.29",0.0002272
"421","ran421.hdr.3",-0.000333
"421","ran421.hdr.30",-0.00130484
"421","ran421.hdr.31",0.00020485
"421","ran421.hdr.32",-0.0004084
"421","ran421.hdr.33",-0.00022523
"421","ran421.hdr.34",-0.0012737
"421","ran421.hdr.35",0.0006037
"421","ran421.hdr.36",-0.0107692
"421","ran421.hdr.37",-0.001081
"421","ran421.hdr.38",-0.0000392999999999991
"421","ran421.hdr.39",-0.0000894500000000005
"421","ran421.hdr.4",-0.000160850000000001
"421","ran421.hdr.40",-0.001142
"421","ran421.hdr.41",0.000237449999999998
"421","ran421.hdr.42",-0.000617899999999998
"421","ran421.hdr.43",-0.000291899999999999
"421","ran421.hdr.44",-0.000446100000000001
"421","ran421.hdr.45",-0.0018975
"421","ran421.hdr.46",-0.00081
"421","ran421.hdr.47",-0.000313799999999999
"421","ran421.hdr.48",-0.0039113
"421","ran421.hdr.49",-0.000576500000000001
"421","ran421.hdr.5",-0.01541877
"421","ran421.hdr.50",-0.000377499999999999
"421","ran421.hdr.51",0.000189099999999999
"421","ran421.hdr.52",0.0001191
"421","ran421.hdr.53",-0.000940400000000001
"421","ran421.hdr.54",-0.0000464999999999997
"421","ran421.hdr.55",-0.00270844
"421","ran421.hdr.56",NA
"421","ran421.hdr.57",-0.000773900000000001
"421","ran421.hdr.58",-0.00017588
"421","ran421.hdr.59",-0.000381660000000001
"421","ran421.hdr.6",-0.0039147
"421","ran421.hdr.60",-0.0001838
"421","ran421.hdr.61",-0.00095777
"421","ran421.hdr.62",0.000366500000000001
"421","ran421.hdr.63",-0.0084385
"421","ran421.hdr.64",-0.0013718
"421","ran421.hdr.65",-0.000418799999999999
"421","ran421.hdr.66",-0.0001151
"421","ran421.hdr.67",-0.000692700000000001
"421","ran421.hdr.68",-0.000700800000000001
"421","ran421.hdr.69",-0.000619819999999999
"421","ran421.hdr.7",0.0000212699999999994
"421","ran421.hdr.70",-0.000890599999999998
"421","ran421.hdr.71",-0.000388300000000001
"421","ran421.hdr.72",-0.0003563
"421","ran421.hdr.73",-0.0018724
"421","ran421.hdr.74",-0.0014309
"421","ran421.hdr.75",-0.00083164
"421","ran421.hdr.76",-0.0013233
"421","ran421.hdr.77",-0.00288578
"421","ran421.hdr.78",-0.0000229699999999998
"421","ran421.hdr.8",-0.000405638
"421","ran421.hdr.9",-0.000681099999999999
"422","ran422.hdr.1",-0.000676
"422","ran422.hdr.10",-0.0029094
"422","ran422.hdr.11",-0.0054452
"422","ran422.hdr.12",-0.0038288
"422","ran422.hdr.13",-0.0000302099999999993
"422","ran422.hdr.14",-0.00032649
"422","ran422.hdr.15",0.000566700000000002
"422","ran422.hdr.16",-0.0006119
"422","ran422.hdr.17",-0.0008936
"422","ran422.hdr.18",0.000209899999999999
"422","ran422.hdr.19",-0.00036797
"422","ran422.hdr.2",0.000286720000000001
"422","ran422.hdr.20",-0.001482
"422","ran422.hdr.21",-0.00049628
"422","ran422.hdr.22",-0.0012551
"422","ran422.hdr.23",-0.000130699999999999
"422","ran422.hdr.24",-0.000111799999999999
"422","ran422.hdr.25",-0.0012188
"422","ran422.hdr.26",0.000162000000000001
"422","ran422.hdr.27",0.000346600000000001
"422","ran422.hdr.28",-0.000382199999999999
"422","ran422.hdr.29",-0.00019894
"422","ran422.hdr.3",-0.000319699999999999
"422","ran422.hdr.30",-0.0003271
"422","ran422.hdr.31",-0.000133739999999999
"422","ran422.hdr.32",-0.00018725
"422","ran422.hdr.33",-0.0050666
"422","ran422.hdr.34",0.000316899999999998
"422","ran422.hdr.35",-0.0010452
"422","ran422.hdr.36",0.0000443000000000006
"422","ran422.hdr.37",-0.000281700000000001
"422","ran422.hdr.38",-0.000125399999999999
"422","ran422.hdr.39",-0.00068703
"422","ran422.hdr.4",-0.000224699999999998
"422","ran422.hdr.40",-0.00020889
"422","ran422.hdr.41",-0.000152899999999999
"422","ran422.hdr.42",-0.000259789999999999
"422","ran422.hdr.43",0.000207600000000002
"422","ran422.hdr.44",-0.0021188
"422","ran422.hdr.45",-0.00037394
"422","ran422.hdr.46",0.0000467000000000002
"422","ran422.hdr.47",-0.000569900000000002
"422","ran422.hdr.48",-0.000917300000000001
"422","ran422.hdr.49",-0.000988299999999998
"422","ran422.hdr.5",-0.0000461999999999997
"422","ran422.hdr.50",0.00004863
"422","ran422.hdr.51",-0.0070655
"422","ran422.hdr.52",-0.0007171
"422","ran422.hdr.53",-0.00029187
"422","ran422.hdr.54",0.0000748999999999993
"422","ran422.hdr.55",0.0000121799999999997
"422","ran422.hdr.56",-0.000395
"422","ran422.hdr.57",-0.0000509000000000013
"422","ran422.hdr.58",0.000032840000000001
"422","ran422.hdr.59",-0.00017852
"422","ran422.hdr.6",-0.0004513
"422","ran422.hdr.60",-0.0010529
"422","ran422.hdr.61",-0.0011376
"422","ran422.hdr.62",-0.0040338
"422","ran422.hdr.63",-0.000540200000000001
"422","ran422.hdr.64",-0.0011783
"422","ran422.hdr.65",-0.000420499999999999
"422","ran422.hdr.66",-0.000361200000000001
"422","ran422.hdr.67",-0.0009818
"422","ran422.hdr.68",-0.0011431
"422","ran422.hdr.69",-0.0008768
"422","ran422.hdr.7",-0.000295900000000002
"422","ran422.hdr.70",-0.0027704
"422","ran422.hdr.71",0.0001008
"422","ran422.hdr.72",-0.000198200000000001
"422","ran422.hdr.73",-0.0022069
"422","ran422.hdr.74",0.000299700000000002
"422","ran422.hdr.75",-0.0020513
"422","ran422.hdr.76",-0.0014545
"422","ran422.hdr.77",-0.000880000000000002
"422","ran422.hdr.78",-0.0012143
"422","ran422.hdr.8",-0.000892799999999999
"422","ran422.hdr.9",-0.0005974
"423","ran423.hdr.1",-0.000142300000000001
"423","ran423.hdr.10",-0.0002828
"423","ran423.hdr.11",-0.000539240000000002
"423","ran423.hdr.12",-0.00037651
"423","ran423.hdr.13",-0.000146299999999999
"423","ran423.hdr.14",-0.0000649700000000001
"423","ran423.hdr.15",-0.000473100000000001
"423","ran423.hdr.16",-0.000779799999999999
"423","ran423.hdr.17",0.000152999999999999
"423","ran423.hdr.18",-0.0017655
"423","ran423.hdr.19",-0.0016211
"423","ran423.hdr.2",0.00000133999999999985
"423","ran423.hdr.20",-0.0010736
"423","ran423.hdr.21",-0.000230500000000002
"423","ran423.hdr.22",-0.000598599999999998
"423","ran423.hdr.23",-0.00021087
"423","ran423.hdr.24",-0.000243729999999999
"423","ran423.hdr.25",0.00041999
"423","ran423.hdr.26",-0.0006546
"423","ran423.hdr.27",-0.00060842
"423","ran423.hdr.28",-0.0003797
"423","ran423.hdr.29",-0.0013929
"423","ran423.hdr.3",0.000220700000000001
"423","ran423.hdr.30",-0.0050666
"423","ran423.hdr.31",-0.0010093
"423","ran423.hdr.32",-0.0005801
"423","ran423.hdr.33",-0.00046567
"423","ran423.hdr.34",-0.00013584
"423","ran423.hdr.35",-0.001126
"423","ran423.hdr.36",-0.000627829999999999
"423","ran423.hdr.37",-0.000152899999999999
"423","ran423.hdr.38",-0.000266000000000002
"423","ran423.hdr.39",-0.000942499999999999
"423","ran423.hdr.4",-0.0012446
"423","ran423.hdr.40",-0.000491499999999999
"423","ran423.hdr.41",-0.000404300000000002
"423","ran423.hdr.42",-0.000569900000000002
"423","ran423.hdr.43",-0.00034381
"423","ran423.hdr.44",-0.0000449999999999999
"423","ran423.hdr.45",-0.000560139999999999
"423","ran423.hdr.46",-0.00378069
"423","ran423.hdr.47",-0.0025824
"423","ran423.hdr.48",-0.000218899999999999
"423","ran423.hdr.49",-0.00155443
"423","ran423.hdr.5",0.00018692
"423","ran423.hdr.50",-0.00026482
"423","ran423.hdr.51",0.00006295
"423","ran423.hdr.52",-0.000293069999999999
"423","ran423.hdr.53",-0.000121599999999999
"423","ran423.hdr.54",-0.00040313
"423","ran423.hdr.55",-0.0010605
"423","ran423.hdr.56",-0.0018888
"423","ran423.hdr.57",-0.0012438
"423","ran423.hdr.58",-0.01281643
"423","ran423.hdr.59",0.000324999999999999
"423","ran423.hdr.6",-0.0008533
"423","ran423.hdr.60",0.000199399999999999
"423","ran423.hdr.61",-0.000128400000000001
"423","ran423.hdr.62",0.000435899999999999
"423","ran423.hdr.63",-0.000474
"423","ran423.hdr.64",0.000253999999999999
"423","ran423.hdr.65",-0.0005982
"423","ran423.hdr.66",0.0000832999999999997
"423","ran423.hdr.67",-0.000201800000000002
"423","ran423.hdr.68",-0.0000222999999999994
"423","ran423.hdr.69",-0.0001271
"423","ran423.hdr.7",-0.0037584
"423","ran423.hdr.70",-0.000276200000000001
"423","ran423.hdr.71",0.000268500000000001
"423","ran423.hdr.72",-0.000495900000000001
"423","ran423.hdr.73",-0.0011097
"423","ran423.hdr.74",-0.0011354
"423","ran423.hdr.75",-0.0023484
"423","ran423.hdr.76",-0.0013547
"423","ran423.hdr.77",-0.000443599999999999
"423","ran423.hdr.78",-0.0016621
"423","ran423.hdr.8",-0.000315299999999999
"423","ran423.hdr.9",-0.0000559100000000002
"424","ran424.hdr.1",0.000286720000000001
"424","ran424.hdr.10",-0.0000108700000000005
"424","ran424.hdr.11",-0.0000661700000000008
"424","ran424.hdr.12",-0.0006677
"424","ran424.hdr.13",-0.0015955
"424","ran424.hdr.14",-0.0001174
"424","ran424.hdr.15",-0.0000269599999999999
"424","ran424.hdr.16",0.0001025
"424","ran424.hdr.17",-0.001482
"424","ran424.hdr.18",-0.0017649
"424","ran424.hdr.19",-0.0004314
"424","ran424.hdr.2",-0.0014413
"424","ran424.hdr.20",-0.0011179
"424","ran424.hdr.21",-0.001862
"424","ran424.hdr.22",-0.0003961
"424","ran424.hdr.23",-0.000352700000000001
"424","ran424.hdr.24",-0.000256040000000001
"424","ran424.hdr.25",-0.000243729999999999
"424","ran424.hdr.26",-0.002999
"424","ran424.hdr.27",0.0000100699999999992
"424","ran424.hdr.28",0.00037177
"424","ran424.hdr.29",-0.0006158
"424","ran424.hdr.3",-0.000214900000000001
"424","ran424.hdr.30",-0.0025984
"424","ran424.hdr.31",-0.000166349999999999
"424","ran424.hdr.32",-0.000213520000000001
"424","ran424.hdr.33",-0.00060842
"424","ran424.hdr.34",-0.000155240000000001
"424","ran424.hdr.35",0.000801400000000001
"424","ran424.hdr.36",-0.000297
"424","ran424.hdr.37",-0.0032627
"424","ran424.hdr.38",0.000649
"424","ran424.hdr.39",-0.0019572
"424","ran424.hdr.4",-0.000119600000000001
"424","ran424.hdr.40",-0.00000899999999999859
"424","ran424.hdr.41",-0.00016097
"424","ran424.hdr.42",-0.000803359999999999
"424","ran424.hdr.43",0.0003162
"424","ran424.hdr.44",0.0000336999999999994
"424","ran424.hdr.45",0.000022900000000001
"424","ran424.hdr.46",-0.000332000000000001
"424","ran424.hdr.47",0.0001256
"424","ran424.hdr.48",-0.00037394
"424","ran424.hdr.49",0.0002524
"424","ran424.hdr.5",-0.0025708
"424","ran424.hdr.50",-0.0022477
"424","ran424.hdr.51",-0.0001393
"424","ran424.hdr.52",-0.00000997999999999993
"424","ran424.hdr.53",-0.000136669999999998
"424","ran424.hdr.54",-0.000343609999999999
"424","ran424.hdr.55",-0.0015804
"424","ran424.hdr.56",-0.000814100000000002
"424","ran424.hdr.57",-0.0047786
"424","ran424.hdr.58",-0.00015901
"424","ran424.hdr.59",-0.00022462
"424","ran424.hdr.6",-0.0000253999999999983
"424","ran424.hdr.60",0.00005185
"424","ran424.hdr.61",-0.0004198
"424","ran424.hdr.63",-0.000934999999999998
"424","ran424.hdr.64",-0.0006847
"424","ran424.hdr.65",-0.0013065
"424","ran424.hdr.66",-0.000312099999999999
"424","ran424.hdr.67",-0.000021102
"424","ran424.hdr.68",-0.000850799999999999
"424","ran424.hdr.69",0.0000729100000000007
"424","ran424.hdr.7",-0.001546
"424","ran424.hdr.70",-0.000632799999999999
"424","ran424.hdr.71",-0.000388300000000001
"424","ran424.hdr.72",0.00024885
"424","ran424.hdr.73",-0.000794900000000001
"424","ran424.hdr.74",-0.0005561
"424","ran424.hdr.75",-0.0053353
"424","ran424.hdr.76",-0.000806600000000001
"424","ran424.hdr.77",-0.0010139
"424","ran424.hdr.78",0.0004966
"424","ran424.hdr.8",-0.0035262
"424","ran424.hdr.9",-0.000301300000000001
"425","ran425.hdr.1",-0.0005582
"425","ran425.hdr.10",0.00000219999999999908
"425","ran425.hdr.11",-0.00016698
"425","ran425.hdr.12",-0.00013877
"425","ran425.hdr.13",0.000222399999999998
"425","ran425.hdr.14",-0.000168099999999999
"425","ran425.hdr.15",-0.000327600000000001
"425","ran425.hdr.16",-0.0012923
"425","ran425.hdr.17",-0.000518899999999999
"425","ran425.hdr.18",-0.0010025
"425","ran425.hdr.19",-0.0016862
"425","ran425.hdr.2",0.0000546000000000001
"425","ran425.hdr.20",-0.0024132
"425","ran425.hdr.21",-0.000257510000000001
"425","ran425.hdr.22",-0.000890400000000001
"425","ran425.hdr.23",-0.000458800000000001
"425","ran425.hdr.24",-0.0001559
"425","ran425.hdr.25",-0.00046126
"425","ran425.hdr.26",-0.000110300000000001
"425","ran425.hdr.27",0.0000166000000000003
"425","ran425.hdr.28",-0.000359799999999999
"425","ran425.hdr.29",-0.000297
"425","ran425.hdr.3",-0.0004119
"425","ran425.hdr.30",-0.00000110000000000041
"425","ran425.hdr.31",-0.0029271
"425","ran425.hdr.32",-0.0018392
"425","ran425.hdr.33",-0.0001773
"425","ran425.hdr.34",-0.000975
"425","ran425.hdr.35",-0.000722799999999999
"425","ran425.hdr.36",0.0000229200000000001
"425","ran425.hdr.37",-0.00037394
"425","ran425.hdr.38",0.0000540300000000001
"425","ran425.hdr.39",-0.0001607
"425","ran425.hdr.4",-0.0007992
"425","ran425.hdr.40",-0.0014504
"425","ran425.hdr.41",-0.0017191
"425","ran425.hdr.42",-0.000392399999999999
"425","ran425.hdr.43",-0.0013068
"425","ran425.hdr.44",-0.00025008
"425","ran425.hdr.45",0.0003412
"425","ran425.hdr.46",0.00019544
"425","ran425.hdr.47",0.000058589999999999
"425","ran425.hdr.48",-0.000103599999999999
"425","ran425.hdr.49",-0.00017588
"425","ran425.hdr.5",-0.000831800000000001
"425","ran425.hdr.50",-0.00022893
"425","ran425.hdr.51",-0.0010767
"425","ran425.hdr.52",-0.00017852
"425","ran425.hdr.53",0.000397100000000001
"425","ran425.hdr.54",-0.0000788000000000004
"425","ran425.hdr.55",0.000107299999999999
"425","ran425.hdr.56",-0.0000495000000000009
"425","ran425.hdr.57",-0.000972200000000003
"425","ran425.hdr.58",-0.00114221
"425","ran425.hdr.59",0.00022829
"425","ran425.hdr.6",-0.0031082
"425","ran425.hdr.60",-0.0001548
"425","ran425.hdr.61",-0.0041276
"425","ran425.hdr.62",-0.0017369
"425","ran425.hdr.63",-0.00019203
"425","ran425.hdr.64",-0.0021686
"425","ran425.hdr.65",-0.000546500000000002
"425","ran425.hdr.66",-0.0000573999999999991
"425","ran425.hdr.67",-0.000328449999999999
"425","ran425.hdr.68",-0.000448899999999999
"425","ran425.hdr.69",-0.0004743
"425","ran425.hdr.7",NA
"425","ran425.hdr.70",-0.002342
"425","ran425.hdr.71",-0.00179129
"425","ran425.hdr.72",-0.0013697
"425","ran425.hdr.73",-0.000407100000000001
"425","ran425.hdr.74",-0.000358600000000001
"425","ran425.hdr.75",-0.0000870000000000003
"425","ran425.hdr.76",-0.0012827
"425","ran425.hdr.77",-0.0011873
"425","ran425.hdr.78",-0.0032753
"425","ran425.hdr.8",-0.000315299999999999
"425","ran425.hdr.9",-0.0003795
"426","ran426.hdr.1",-0.002469
"426","ran426.hdr.10",-0.000414400000000001
"426","ran426.hdr.11",-0.0000389920000000001
"426","ran426.hdr.12",-0.00023695
"426","ran426.hdr.13",-0.000779799999999999
"426","ran426.hdr.14",-0.0015418
"426","ran426.hdr.15",-0.0000169600000000003
"426","ran426.hdr.16",-0.000438299999999999
"426","ran426.hdr.17",-0.000682600000000002
"426","ran426.hdr.18",0.0001688
"426","ran426.hdr.19",-0.0004364
"426","ran426.hdr.2",-0.0027476
"426","ran426.hdr.20",-0.000156699999999999
"426","ran426.hdr.21",0.0000686800000000007
"426","ran426.hdr.22",-0.00017027
"426","ran426.hdr.23",-0.0001764
"426","ran426.hdr.24",-0.000397399999999999
"426","ran426.hdr.25",-0.0003193
"426","ran426.hdr.26",-0.0023372
"426","ran426.hdr.27",0.000597799999999999
"426","ran426.hdr.28",0.0002503
"426","ran426.hdr.29",-0.0107692
"426","ran426.hdr.3",-0.000653600000000001
"426","ran426.hdr.30",-0.000804199999999998
"426","ran426.hdr.31",-0.000184700000000001
"426","ran426.hdr.32",-0.0013695
"426","ran426.hdr.33",-0.000135
"426","ran426.hdr.34",-0.0012739
"426","ran426.hdr.35",-0.0001811
"426","ran426.hdr.36",-0.0001145
"426","ran426.hdr.37",-0.0006786
"426","ran426.hdr.38",-0.000717699999999998
"426","ran426.hdr.39",-0.0000258999999999988
"426","ran426.hdr.4",-0.0037763
"426","ran426.hdr.40",0.000844299999999999
"426","ran426.hdr.41",-0.0000937000000000004
"426","ran426.hdr.42",-0.0017799
"426","ran426.hdr.43",-0.0000973699999999998
"426","ran426.hdr.44",-0.00057312
"426","ran426.hdr.45",-0.000837099999999999
"426","ran426.hdr.46",-0.00029094
"426","ran426.hdr.47",-0.00077464
"426","ran426.hdr.48",-0.0001431
"426","ran426.hdr.49",-0.00188647
"426","ran426.hdr.5",-0.000021199999999999
"426","ran426.hdr.50",-0.000510450000000001
"426","ran426.hdr.51",-0.0003331
"426","ran426.hdr.54",-0.0013724
"426","ran426.hdr.55",-0.000270299999999998
"426","ran426.hdr.56",-0.0000402400000000004
"426","ran426.hdr.57",0.00065872
"426","ran426.hdr.58",-0.0040338
"426","ran426.hdr.59",-0.01078825
"426","ran426.hdr.6",-0.000675400000000003
"426","ran426.hdr.60",0.0000727999999999996
"426","ran426.hdr.61",-0.0000291000000000007
"426","ran426.hdr.62",-0.00274956
"426","ran426.hdr.63",-0.00104738
"426","ran426.hdr.64",-0.000841700000000001
"426","ran426.hdr.65",-0.000317599999999999
"426","ran426.hdr.66",0.000703250000000001
"426","ran426.hdr.67",-0.0011658
"426","ran426.hdr.68",-0.0039875
"426","ran426.hdr.69",0.0000759199999999993
"426","ran426.hdr.7",0.000242800000000001
"426","ran426.hdr.70",0.0000390000000000008
"426","ran426.hdr.71",-0.0001367
"426","ran426.hdr.72",-0.0011679
"426","ran426.hdr.73",-0.000388300000000001
"426","ran426.hdr.74",-0.000427900000000002
"426","ran426.hdr.75",-0.000325500000000001
"426","ran426.hdr.76",-0.0011873
"426","ran426.hdr.77",-0.000880000000000002
"426","ran426.hdr.78",-0.0010028
"426","ran426.hdr.8",-0.000401799999999999
"426","ran426.hdr.9",-0.00038213
"427","ran427.hdr.1",-0.0014413
"427","ran427.hdr.10",-0.000392959999999999
"427","ran427.hdr.11",-0.000653000000000001
"427","ran427.hdr.12",-0.0011382
"427","ran427.hdr.13",0.0000212900000000002
"427","ran427.hdr.14",0.0001972
"427","ran427.hdr.15",0.0000675200000000006
"427","ran427.hdr.16",-0.0000923199999999999
"427","ran427.hdr.17",-0.0016769
"427","ran427.hdr.18",-0.000380700000000001
"427","ran427.hdr.19",-0.0005322
"427","ran427.hdr.2",-0.0011092
"427","ran427.hdr.20",-0.000271739999999999
"427","ran427.hdr.21",-0.0000702999999999988
"427","ran427.hdr.22",-0.0003788
"427","ran427.hdr.23",0.00012764
"427","ran427.hdr.24",-0.0113291
"427","ran427.hdr.25",-0.0002538
"427","ran427.hdr.26",-0.000818590000000001
"427","ran427.hdr.27",-0.000337899999999999
"427","ran427.hdr.28",-0.000531400000000001
"427","ran427.hdr.29",-0.0013333
"427","ran427.hdr.3",0.000555399999999998
"427","ran427.hdr.30",-0.000140850000000001
"427","ran427.hdr.31",-0.00020333
"427","ran427.hdr.32",0.0000378299999999991
"427","ran427.hdr.33",-0.000281700000000001
"427","ran427.hdr.34",-0.000687
"427","ran427.hdr.35",0.000022900000000001
"427","ran427.hdr.36",0.000235299999999999
"427","ran427.hdr.37",0.000352999999999999
"427","ran427.hdr.38",NA
"427","ran427.hdr.39",-0.000616499999999999
"427","ran427.hdr.4",-0.0011965
"427","ran427.hdr.40",-0.0012106
"427","ran427.hdr.41",-0.000189699999999999
"427","ran427.hdr.42",-0.000727459999999999
"427","ran427.hdr.43",0.000441799999999999
"427","ran427.hdr.44",-0.000735400000000001
"427","ran427.hdr.45",-0.0000261999999999971
"427","ran427.hdr.46",-0.0071472
"427","ran427.hdr.47",-0.0017799
"427","ran427.hdr.48",0.0000683999999999997
"427","ran427.hdr.49",0.00004863
"427","ran427.hdr.5",0.00039419
"427","ran427.hdr.50",-0.0067332
"427","ran427.hdr.51",-0.0016606
"427","ran427.hdr.52",NA
"427","ran427.hdr.53",-0.00017588
"427","ran427.hdr.54",0.00008457
"427","ran427.hdr.55",-0.0000994599999999991
"427","ran427.hdr.56",-0.000262800000000001
"427","ran427.hdr.57",0.0000455999999999998
"427","ran427.hdr.58",0.000452599999999999
"427","ran427.hdr.59",-0.0012684
"427","ran427.hdr.6",-0.0046226
"427","ran427.hdr.60",-0.0180869
"427","ran427.hdr.61",-0.0039716
"427","ran427.hdr.62",0.000422200000000001
"427","ran427.hdr.63",-0.00017847
"427","ran427.hdr.64",0.000498500000000002
"427","ran427.hdr.65",0.0001554
"427","ran427.hdr.66",-0.000404369999999999
"427","ran427.hdr.67",-0.000320829999999999
"427","ran427.hdr.68",-0.0000374500000000014
"427","ran427.hdr.69",-0.0011431
"427","ran427.hdr.7",-0.0013379
"427","ran427.hdr.70",-0.00092503
"427","ran427.hdr.71",-0.000649899999999998
"427","ran427.hdr.72",-0.000239000000000003
"427","ran427.hdr.73",-0.000788199999999999
"427","ran427.hdr.74",-0.0009914
"427","ran427.hdr.75",-0.0030263
"427","ran427.hdr.76",-0.0023484
"427","ran427.hdr.77",-0.000535499999999998
"427","ran427.hdr.78",-0.0057067
"427","ran427.hdr.8",-0.0003186
"427","ran427.hdr.9",-0.00020486
"428","ran428.hdr.1",-0.00100715
"428","ran428.hdr.10",-0.0000108700000000005
"428","ran428.hdr.11",-0.000217070000000001
"428","ran428.hdr.12",-0.0003458
"428","ran428.hdr.13",-0.0000160999999999998
"428","ran428.hdr.14",-0.000242599999999999
"428","ran428.hdr.15",-0.000168099999999999
"428","ran428.hdr.16",-0.000361999999999999
"428","ran428.hdr.17",-0.0003742
"428","ran428.hdr.18",-0.0000712300000000003
"428","ran428.hdr.19",-0.0002725
"428","ran428.hdr.2",-0.0011092
"428","ran428.hdr.20",-0.000911199999999997
"428","ran428.hdr.21",-0.00026376
"428","ran428.hdr.22",-0.00039311
"428","ran428.hdr.23",-0.0013259
"428","ran428.hdr.24",-0.0017312
"428","ran428.hdr.25",-0.0017045
"428","ran428.hdr.26",-0.0013895
"428","ran428.hdr.27",-0.0004899
"428","ran428.hdr.28",-0.0001443
"428","ran428.hdr.29",-0.0002915
"428","ran428.hdr.3",-0.000496299999999998
"428","ran428.hdr.30",-0.00022216
"428","ran428.hdr.31",-0.000429799999999999
"428","ran428.hdr.32",-0.0000718499999999996
"428","ran428.hdr.33",0.000225700000000001
"428","ran428.hdr.34",-0.000336700000000001
"428","ran428.hdr.35",-0.000468900000000001
"428","ran428.hdr.36",0.0000553900000000002
"428","ran428.hdr.37",-0.000232900000000001
"428","ran428.hdr.38",-0.000191240000000001
"428","ran428.hdr.39",-0.0000683100000000002
"428","ran428.hdr.4",0.000177799999999999
"428","ran428.hdr.40",-0.0013929
"428","ran428.hdr.41",0.000906399999999998
"428","ran428.hdr.42",-0.0049962
"428","ran428.hdr.43",-0.0004972
"428","ran428.hdr.44",-0.00016963
"428","ran428.hdr.45",0.00023099
"428","ran428.hdr.46",-0.00025843
"428","ran428.hdr.47",-0.00112666
"428","ran428.hdr.48",-0.0008371
"428","ran428.hdr.49",-0.000765399999999999
"428","ran428.hdr.5",-0.0048415
"428","ran428.hdr.50",-0.0030178
"428","ran428.hdr.51",-0.000298000000000001
"428","ran428.hdr.52",-0.00005857
"428","ran428.hdr.53",-0.000294639999999999
"428","ran428.hdr.54",-0.00000727000000000019
"428","ran428.hdr.55",0.0000521000000000002
"428","ran428.hdr.56",-0.00073805
"428","ran428.hdr.57",-0.0002815
"428","ran428.hdr.58",0.000155600000000001
"428","ran428.hdr.59",-0.0004641
"428","ran428.hdr.6",-0.003143
"428","ran428.hdr.60",-0.000406799999999999
"428","ran428.hdr.61",-0.000964599999999999
"428","ran428.hdr.62",-0.0003461
"428","ran428.hdr.63",-0.00483893
"428","ran428.hdr.64",-0.0016152
"428","ran428.hdr.65",-0.001084
"428","ran428.hdr.66",-0.0096339
"428","ran428.hdr.67",0.000343
"428","ran428.hdr.68",-0.0013312
"428","ran428.hdr.69",-0.0004732
"428","ran428.hdr.7",-0.0002272
"428","ran428.hdr.70",0.0005062
"428","ran428.hdr.71",-0.00006813
"428","ran428.hdr.72",-0.0014151
"428","ran428.hdr.73",0.00028892
"428","ran428.hdr.74",-0.0007229
"428","ran428.hdr.75",0.00003549
"428","ran428.hdr.76",-0.0020758
"428","ran428.hdr.77",-0.0012827
"428","ran428.hdr.78",-0.000325500000000001
"428","ran428.hdr.8",-0.0000204900000000002
"428","ran428.hdr.9",-0.0000195399999999997
"429","ran429.hdr.1",-0.0000463000000000026
"429","ran429.hdr.10",-0.0006719
"429","ran429.hdr.11",-0.00026025
"429","ran429.hdr.12",-0.00047309
"429","ran429.hdr.13",0.0001478
"429","ran429.hdr.14",-0.0016211
"429","ran429.hdr.15",NA
"429","ran429.hdr.16",-0.0023662
"429","ran429.hdr.17",-0.0016862
"429","ran429.hdr.18",0.0005602
"429","ran429.hdr.19",-0.0025867
"429","ran429.hdr.2",-0.0016743
"429","ran429.hdr.20",0.0004978
"429","ran429.hdr.21",0.000197699999999999
"429","ran429.hdr.22",-0.0006806
"429","ran429.hdr.23",-0.00022216
"429","ran429.hdr.24",-0.00019075
"429","ran429.hdr.25",0.000336900000000001
"429","ran429.hdr.26",-0.0000805300000000005
"429","ran429.hdr.27",0.000505200000000001
"429","ran429.hdr.28",-0.000823900000000002
"429","ran429.hdr.29",-0.000469900000000001
"429","ran429.hdr.3",-0.0025708
"429","ran429.hdr.30",-0.0015268
"429","ran429.hdr.31",-0.001022
"429","ran429.hdr.32",-0.0009637
"429","ran429.hdr.33",0.00048249
"429","ran429.hdr.34",-0.0008214
"429","ran429.hdr.35",-0.000125500000000001
"429","ran429.hdr.36",-0.0000755699999999996
"429","ran429.hdr.37",-0.00019346
"429","ran429.hdr.38",0.0000336799999999999
"429","ran429.hdr.39",0.000276800000000001
"429","ran429.hdr.4",-0.0049685
"429","ran429.hdr.40",-0.000576500000000001
"429","ran429.hdr.41",0.000113700000000001
"429","ran429.hdr.42",-0.000691199999999999
"429","ran429.hdr.43",-0.000435700000000001
"429","ran429.hdr.44",-0.0015804
"429","ran429.hdr.45",-0.0072374
"429","ran429.hdr.46",-0.0047786
"429","ran429.hdr.47",-0.000261600000000001
"429","ran429.hdr.48",-0.00016562
"429","ran429.hdr.49",0.00003396
"429","ran429.hdr.5",-0.0006119
"429","ran429.hdr.50",-0.0001373
"429","ran429.hdr.51",-0.000268099999999999
"429","ran429.hdr.52",0.000139
"429","ran429.hdr.53",-0.0040008
"429","ran429.hdr.54",-0.000618499999999999
"429","ran429.hdr.55",-0.000967699999999998
"429","ran429.hdr.56",-0.000737700000000001
"429","ran429.hdr.57",-0.00084326
"429","ran429.hdr.58",0.0000988399999999993
"429","ran429.hdr.59",0.0000100400000000002
"429","ran429.hdr.6",-0.0008936
"429","ran429.hdr.60",-0.0068252
"429","ran429.hdr.61",0.0001554
"429","ran429.hdr.62",-0.000373099999999998
"429","ran429.hdr.63",-0.000334099999999999
"429","ran429.hdr.64",-0.0000186000000000006
"429","ran429.hdr.65",-0.000692700000000001
"429","ran429.hdr.66",-0.0046587
"429","ran429.hdr.67",-0.0004743
"429","ran429.hdr.68",-0.0013312
"429","ran429.hdr.69",-0.0023812
"429","ran429.hdr.7",-0.00058509
"429","ran429.hdr.70",-0.000107400000000001
"429","ran429.hdr.71",-0.0014277
"429","ran429.hdr.72",-0.0011097
"429","ran429.hdr.73",-0.0018724
"429","ran429.hdr.74",-0.0004913
"429","ran429.hdr.75",-0.0032753
"429","ran429.hdr.76",-0.0007571
"429","ran429.hdr.77",-0.000114400000000001
"429","ran429.hdr.78",0.0004927
"429","ran429.hdr.8",-0.00039314
"429","ran429.hdr.9",-0.00006532
"430","ran430.hdr.1",-0.000279100000000001
"430","ran430.hdr.10",-0.000602800000000001
"430","ran430.hdr.11",-0.0016948
"430","ran430.hdr.12",-0.000401799999999999
"430","ran430.hdr.13",-0.00038213
"430","ran430.hdr.14",-0.000232599999999999
"430","ran430.hdr.15",-0.0000204900000000002
"430","ran430.hdr.16",0.000624599999999999
"430","ran430.hdr.17",-0.000393909999999999
"430","ran430.hdr.18",-0.0003499
"430","ran430.hdr.19",-0.0006719
"430","ran430.hdr.2",0.0001936
"430","ran430.hdr.20",-0.0002021
"430","ran430.hdr.21",-0.000206000000000001
"430","ran430.hdr.22",-0.0001574
"430","ran430.hdr.23",-0.0007775
"430","ran430.hdr.24",-0.0035352
"430","ran430.hdr.25",-0.000997100000000001
"430","ran430.hdr.26",-0.000595100000000001
"430","ran430.hdr.27",-0.000257800000000001
"430","ran430.hdr.28",-0.00032068
"430","ran430.hdr.29",-0.00019286
"430","ran430.hdr.3",-0.000637099999999998
"430","ran430.hdr.30",0.0000786999999999993
"430","ran430.hdr.31",-0.000418709999999999
"430","ran430.hdr.32",0.000386200000000001
"430","ran430.hdr.33",-0.000429799999999999
"430","ran430.hdr.34",-0.0001764
"430","ran430.hdr.35",-0.000119399999999999
"430","ran430.hdr.36",-0.00087039
"430","ran430.hdr.37",-0.000468900000000001
"430","ran430.hdr.38",0.000100250000000001
"430","ran430.hdr.39",-0.000241100000000001
"430","ran430.hdr.4",-0.0007133
"430","ran430.hdr.40",0.000519600000000002
"430","ran430.hdr.41",-0.0076935
"430","ran430.hdr.42",-0.02102894
"430","ran430.hdr.43",-0.0073875
"430","ran430.hdr.44",0.000367350000000001
"430","ran430.hdr.45",-0.0005872
"430","ran430.hdr.46",-0.000435700000000001
"430","ran430.hdr.47",-0.00035325
"430","ran430.hdr.48",-0.0031055
"430","ran430.hdr.49",-0.0000665000000000002
"430","ran430.hdr.5",-0.0002953
"430","ran430.hdr.50",-0.000510450000000001
"430","ran430.hdr.51",-0.0000518599999999999
"430","ran430.hdr.52",0.00028603
"430","ran430.hdr.53",0.0000198999999999998
"430","ran430.hdr.54",0.000207799999999998
"430","ran430.hdr.55",0.0000104329
"430","ran430.hdr.56",-0.0003339
"430","ran430.hdr.57",-0.00133806
"430","ran430.hdr.58",0.000125799999999999
"430","ran430.hdr.59",-0.00088812
"430","ran430.hdr.6",-0.0066937
"430","ran430.hdr.60",0.00013222
"430","ran430.hdr.61",-0.00274956
"430","ran430.hdr.62",0.000342199999999999
"430","ran430.hdr.63",-0.00018396
"430","ran430.hdr.64",-0.000194100000000003
"430","ran430.hdr.65",-0.0010828
"430","ran430.hdr.66",-0.0010327
"430","ran430.hdr.67",0.0000502999999999997
"430","ran430.hdr.68",0.0000622999999999995
"430","ran430.hdr.69",-0.0007443
"430","ran430.hdr.7",-0.0016852
"430","ran430.hdr.70",-0.0009037
"430","ran430.hdr.71",-0.000825300000000001
"430","ran430.hdr.72",-0.000720800000000001
"430","ran430.hdr.73",-0.0008746
"430","ran430.hdr.74",-0.0012116
"430","ran430.hdr.75",-0.000586100000000003
"430","ran430.hdr.76",-0.0019966
"430","ran430.hdr.77",-0.0018985
"430","ran430.hdr.78",-0.0046933
"430","ran430.hdr.8",-0.000571100000000001
"430","ran430.hdr.9",-0.00040897
"431","ran431.hdr.1",-0.0026949
"431","ran431.hdr.10",-0.0003059
"431","ran431.hdr.11",-0.0023044
"431","ran431.hdr.12",-0.000399699999999999
"431","ran431.hdr.13",-0.00029621
"431","ran431.hdr.14",-0.0011243
"431","ran431.hdr.15",-0.0001554
"431","ran431.hdr.16",-0.000477200000000001
"431","ran431.hdr.17",-0.0012819
"431","ran431.hdr.18",-0.0001083
"431","ran431.hdr.19",-0.0000187
"431","ran431.hdr.2",-0.0016743
"431","ran431.hdr.20",-0.000506100000000002
"431","ran431.hdr.21",-0.000771500000000001
"431","ran431.hdr.22",-0.0000566999999999998
"431","ran431.hdr.23",-0.000551599999999999
"431","ran431.hdr.24",-0.0003237
"431","ran431.hdr.25",-0.0000786399999999996
"431","ran431.hdr.26",-0.00017706
"431","ran431.hdr.27",-0.000383960000000001
"431","ran431.hdr.28",-0.0001311
"431","ran431.hdr.29",-0.0005877
"431","ran431.hdr.3",-0.00009361
"431","ran431.hdr.30",-0.000450470000000001
"431","ran431.hdr.31",-0.00028597
"431","ran431.hdr.32",0.00000920000000000087
"431","ran431.hdr.33",-0.0000660000000000001
"431","ran431.hdr.34",-0.001081
"431","ran431.hdr.35",-0.0001826
"431","ran431.hdr.36",-0.000804199999999998
"431","ran431.hdr.37",-0.0000700600000000003
"431","ran431.hdr.38",-0.000394099999999998
"431","ran431.hdr.39",0.000022900000000001
"431","ran431.hdr.4",0.00015914
"431","ran431.hdr.40",-0.000390949999999999
"431","ran431.hdr.41",0.000141799999999999
"431","ran431.hdr.42",-0.0009637
"431","ran431.hdr.43",-0.0013621
"431","ran431.hdr.44",-0.00037394
"431","ran431.hdr.45",-0.0000755699999999996
"431","ran431.hdr.46",-0.001127
"431","ran431.hdr.47",-0.000499899999999998
"431","ran431.hdr.48",0.0002524
"431","ran431.hdr.49",-0.001261
"431","ran431.hdr.5",-0.0013522
"431","ran431.hdr.50",-0.0003823
"431","ran431.hdr.51",-0.000610399999999999
"431","ran431.hdr.52",-0.00027166
"431","ran431.hdr.53",-0.00035325
"431","ran431.hdr.54",-0.00031891
"431","ran431.hdr.55",-0.0001172
"431","ran431.hdr.56",-0.0000432200000000001
"431","ran431.hdr.57",-0.000602269999999999
"431","ran431.hdr.58",-0.0002869
"431","ran431.hdr.59",-0.00038507
"431","ran431.hdr.6",-0.002932
"431","ran431.hdr.60",-0.0010529
"431","ran431.hdr.61",-0.0001464
"431","ran431.hdr.62",-0.00274956
"431","ran431.hdr.63",-0.0000850799999999995
"431","ran431.hdr.64",-0.0012091
"431","ran431.hdr.65",0.000120899999999999
"431","ran431.hdr.66",-0.000822699999999999
"431","ran431.hdr.67",-0.0028229
"431","ran431.hdr.68",-0.00033063
"431","ran431.hdr.69",-0.0011299
"431","ran431.hdr.7",-0.0029819
"431","ran431.hdr.70",-0.0004732
"431","ran431.hdr.71",-0.0006002
"431","ran431.hdr.72",-0.0030263
"431","ran431.hdr.73",-0.00193094
"431","ran431.hdr.74",-0.000894099999999998
"431","ran431.hdr.75",-0.0032902
"431","ran431.hdr.76",-0.000100100000000002
"431","ran431.hdr.77",-0.0003604
"431","ran431.hdr.78",-0.000802599999999999
"431","ran431.hdr.8",0.000186599999999999
"431","ran431.hdr.9",-0.0005222
"432","ran432.hdr.1",-0.0010731
"432","ran432.hdr.10",-0.00036891
"432","ran432.hdr.11",NA
"432","ran432.hdr.12",-0.0000475000000000007
"432","ran432.hdr.13",-0.000146299999999999
"432","ran432.hdr.14",-0.0001364
"432","ran432.hdr.15",0.0001045
"432","ran432.hdr.16",-0.000767400000000001
"432","ran432.hdr.17",-0.0014586
"432","ran432.hdr.18",-0.000595100000000001
"432","ran432.hdr.19",-0.0002792
"432","ran432.hdr.2",-0.000220599999999998
"432","ran432.hdr.20",-0.0084394
"432","ran432.hdr.21",0.00017545
"432","ran432.hdr.22",-0.000163968
"432","ran432.hdr.23",-0.0002915
"432","ran432.hdr.24",-0.0006158
"432","ran432.hdr.25",-0.000285000000000001
"432","ran432.hdr.26",-0.000383960000000001
"432","ran432.hdr.27",-0.00033577
"432","ran432.hdr.28",0.0000141299999999994
"432","ran432.hdr.29",-0.000216899999999999
"432","ran432.hdr.3",-0.000637099999999998
"432","ran432.hdr.30",-0.01715588
"432","ran432.hdr.31",0.00000920000000000087
"432","ran432.hdr.32",-0.0010024
"432","ran432.hdr.33",-0.000730600000000001
"432","ran432.hdr.34",-0.0036419
"432","ran432.hdr.35",0.0000702000000000012
"432","ran432.hdr.36",-0.0002611
"432","ran432.hdr.37",-0.0005219
"432","ran432.hdr.38",-0.0019144
"432","ran432.hdr.39",-0.0013621
"432","ran432.hdr.4",-0.0011965
"432","ran432.hdr.40",-0.0001203
"432","ran432.hdr.41",-0.000522599999999998
"432","ran432.hdr.42",-0.000707100000000002
"432","ran432.hdr.43",0.0002524
"432","ran432.hdr.44",-0.0017191
"432","ran432.hdr.45",-0.000026974
"432","ran432.hdr.46",-0.0022371
"432","ran432.hdr.47",-0.0000195799999999999
"432","ran432.hdr.48",-0.000435700000000001
"432","ran432.hdr.49",-0.000842700000000002
"432","ran432.hdr.5",-0.000723700000000001
"432","ran432.hdr.50",-0.0015158
"432","ran432.hdr.51",-0.0013068
"432","ran432.hdr.52",-0.0002716
"432","ran432.hdr.53",-0.000768399999999999
"432","ran432.hdr.54",-0.0010297
"432","ran432.hdr.55",-0.00289142
"432","ran432.hdr.56",0.000032840000000001
"432","ran432.hdr.57",-0.000137030000000001
"432","ran432.hdr.58",-0.000141199999999999
"432","ran432.hdr.59",-0.000934999999999998
"432","ran432.hdr.6",-0.000295900000000002
"432","ran432.hdr.60",-0.000694199999999999
"432","ran432.hdr.61",-0.000639499999999998
"432","ran432.hdr.62",-0.0002054
"432","ran432.hdr.63",0.0002951
"432","ran432.hdr.64",-0.00039282
"432","ran432.hdr.65",-0.0007712
"432","ran432.hdr.66",-0.0011074
"432","ran432.hdr.67",-0.0006633
"432","ran432.hdr.68",-0.000768900000000003
"432","ran432.hdr.69",0.0000622999999999995
"432","ran432.hdr.7",-0.0007992
"432","ran432.hdr.70",-0.000889800000000001
"432","ran432.hdr.71",-0.000267199999999999
"432","ran432.hdr.72",-0.0004732
"432","ran432.hdr.73",-0.000955899999999999
"432","ran432.hdr.74",-0.000428600000000001
"432","ran432.hdr.75",-0.000420299999999998
"432","ran432.hdr.76",-0.0038792
"432","ran432.hdr.77",0.00030567
"432","ran432.hdr.78",-0.000309
"432","ran432.hdr.8",-0.0043162
"432","ran432.hdr.9",0.000230070000000001
"433","ran433.hdr.1",-0.0011152
"433","ran433.hdr.10",-0.000393299999999999
"433","ran433.hdr.11",-0.000534900000000001
"433","ran433.hdr.12",0.000128
"433","ran433.hdr.13",-0.0000885999999999977
"433","ran433.hdr.14",-0.000385
"433","ran433.hdr.15",-0.00102123
"433","ran433.hdr.16",-0.0010476
"433","ran433.hdr.17",-0.0011179
"433","ran433.hdr.18",-0.0016942
"433","ran433.hdr.19",-0.000184699999999999
"433","ran433.hdr.2",-0.0011965
"433","ran433.hdr.20",-0.0001574
"433","ran433.hdr.21",-0.0033496
"433","ran433.hdr.22",-0.0005666
"433","ran433.hdr.23",-0.0012522
"433","ran433.hdr.24",-0.0025984
"433","ran433.hdr.25",-0.0007723
"433","ran433.hdr.26",-0.00022865
"433","ran433.hdr.27",-0.000280899999999999
"433","ran433.hdr.28",-0.000541900000000001
"433","ran433.hdr.29",-0.0002664
"433","ran433.hdr.3",-0.0003254
"433","ran433.hdr.30",-0.0018031
"433","ran433.hdr.31",-0.0031592
"433","ran433.hdr.32",-0.0024831
"433","ran433.hdr.33",0.0000702000000000012
"433","ran433.hdr.34",-0.00510713
"433","ran433.hdr.35",-0.00020333
"433","ran433.hdr.36",-0.001142
"433","ran433.hdr.37",0.000279700000000001
"433","ran433.hdr.38",-0.000803359999999999
"433","ran433.hdr.39",0.0000997700000000008
"433","ran433.hdr.4",-0.0008533
"433","ran433.hdr.40",-0.0005707
"433","ran433.hdr.41",-0.000643399999999999
"433","ran433.hdr.42",-0.000584600000000001
"433","ran433.hdr.43",-0.0012106
"433","ran433.hdr.44",0.000100250000000001
"433","ran433.hdr.45",-0.0016634
"433","ran433.hdr.46",-0.000733699999999999
"433","ran433.hdr.47",-0.0012169
"433","ran433.hdr.48",-0.000280989999999999
"433","ran433.hdr.49",-0.000315939999999999
"433","ran433.hdr.5",0.00010741
"433","ran433.hdr.50",-0.000879130000000001
"433","ran433.hdr.51",-0.00000839599999999998
"433","ran433.hdr.52",-0.000366499999999999
"433","ran433.hdr.53",-0.00047522
"433","ran433.hdr.54",-0.000362299999999999
"433","ran433.hdr.55",-0.00289142
"433","ran433.hdr.58",-0.000102300000000001
"433","ran433.hdr.59",0.00011945
"433","ran433.hdr.6",-0.0056027
"433","ran433.hdr.60",-0.000658
"433","ran433.hdr.61",-0.000551000000000001
"433","ran433.hdr.62",-0.000999000000000003
"433","ran433.hdr.63",NA
"433","ran433.hdr.64",-0.0015961
"433","ran433.hdr.65",-0.0004131
"433","ran433.hdr.66",-0.0005187
"433","ran433.hdr.67",-0.0002646
"433","ran433.hdr.68",-0.00006251
"433","ran433.hdr.69",-0.000949499999999999
"433","ran433.hdr.7",-0.0013722
"433","ran433.hdr.70",-0.0011097
"433","ran433.hdr.71",-0.0015308
"433","ran433.hdr.72",-0.0017992
"433","ran433.hdr.73",-0.000126299999999999
"433","ran433.hdr.74",-0.0014673
"433","ran433.hdr.75",-0.0010032
"433","ran433.hdr.76",-0.000443599999999999
"433","ran433.hdr.77",-0.00028371
"433","ran433.hdr.78",-0.000678990000000001
"433","ran433.hdr.8",0.0000674299999999994
"433","ran433.hdr.9",-0.0011219
"434","ran434.hdr.1",-0.0014785
"434","ran434.hdr.10",-0.0002307
"434","ran434.hdr.11",-0.0011219
"434","ran434.hdr.12",-0.0000787700000000001
"434","ran434.hdr.13",-0.00041618
"434","ran434.hdr.14",-0.0016948
"434","ran434.hdr.15",-0.00013863
"434","ran434.hdr.16",-0.00010734
"434","ran434.hdr.17",-0.000446700000000001
"434","ran434.hdr.18",-0.0004688
"434","ran434.hdr.19",0.0003303
"434","ran434.hdr.2",-0.000149890000000001
"434","ran434.hdr.20",-0.0006719
"434","ran434.hdr.21",-0.0015139
"434","ran434.hdr.22",-0.0001574
"434","ran434.hdr.23",-0.000646799999999999
"434","ran434.hdr.24",-0.0015342
"434","ran434.hdr.25",-0.000595100000000001
"434","ran434.hdr.26",-0.000454400000000001
"434","ran434.hdr.27",-0.0002915
"434","ran434.hdr.28",-0.0002137
"434","ran434.hdr.29",-0.000277900000000001
"434","ran434.hdr.3",0.000569999999999999
"434","ran434.hdr.30",-0.0000964299999999998
"434","ran434.hdr.31",-0.00013267
"434","ran434.hdr.32",-0.00029017
"434","ran434.hdr.33",-0.0005877
"434","ran434.hdr.34",0.000199299999999999
"434","ran434.hdr.35",-0.0029827
"434","ran434.hdr.36",-0.000114900000000001
"434","ran434.hdr.37",0.000955600000000001
"434","ran434.hdr.38",-0.0000146999999999994
"434","ran434.hdr.39",0.000205900000000002
"434","ran434.hdr.4",0.000169300000000001
"434","ran434.hdr.40",-0.0023193
"434","ran434.hdr.41",-0.0006306
"434","ran434.hdr.42",-0.000763300000000001
"434","ran434.hdr.43",-0.000768999999999999
"434","ran434.hdr.44",-0.0011084
"434","ran434.hdr.45",-0.000735400000000001
"434","ran434.hdr.46",-0.0012963
"434","ran434.hdr.47",-0.000743199999999999
"434","ran434.hdr.48",0.000512960000000001
"434","ran434.hdr.49",0.0004708
"434","ran434.hdr.5",-0.00017145
"434","ran434.hdr.50",0.0000832000000000003
"434","ran434.hdr.51",-0.000228000000000001
"434","ran434.hdr.52",-0.000207300000000001
"434","ran434.hdr.53",0.0002234
"434","ran434.hdr.54",-0.000518399999999999
"434","ran434.hdr.55",-0.0009668
"434","ran434.hdr.56",-0.0000134699999999998
"434","ran434.hdr.58",-0.000849699999999998
"434","ran434.hdr.59",-0.00023539
"434","ran434.hdr.6",-0.0031521
"434","ran434.hdr.60",0.000502859999999999
"434","ran434.hdr.61",-0.000737700000000001
"434","ran434.hdr.62",-0.000250500000000001
"434","ran434.hdr.63",-0.000746799999999999
"434","ran434.hdr.64",-0.0016226
"434","ran434.hdr.65",-0.000233199999999999
"434","ran434.hdr.66",-0.0005631
"434","ran434.hdr.67",-0.000201800000000002
"434","ran434.hdr.68",-0.0004019
"434","ran434.hdr.69",-0.0013792
"434","ran434.hdr.7",-0.003143
"434","ran434.hdr.70",-0.0001492
"434","ran434.hdr.71",-0.000389500000000001
"434","ran434.hdr.72",-0.0012012
"434","ran434.hdr.73",-0.0002612
"434","ran434.hdr.74",-0.0032639
"434","ran434.hdr.75",-0.0030586
"434","ran434.hdr.76",-0.0028625
"434","ran434.hdr.77",-0.0013565
"434","ran434.hdr.78",-0.000678990000000001
"434","ran434.hdr.8",0.0000511000000000001
"434","ran434.hdr.9",-0.000422980000000001
"435","ran435.hdr.1",-0.0014413
"435","ran435.hdr.10",-0.00058509
"435","ran435.hdr.11",-0.000349700000000001
"435","ran435.hdr.12",-0.000428030000000001
"435","ran435.hdr.13",0.000161699999999999
"435","ran435.hdr.14",-0.000419360000000001
"435","ran435.hdr.15",-0.000446700000000001
"435","ran435.hdr.16",-0.000808199999999999
"435","ran435.hdr.17",-0.0000844999999999995
"435","ran435.hdr.18",-0.0000475000000000007
"435","ran435.hdr.19",-0.000434459999999999
"435","ran435.hdr.2",-0.0032872
"435","ran435.hdr.20",-0.0007302
"435","ran435.hdr.21",-0.00026025
"435","ran435.hdr.22",-0.000431160000000002
"435","ran435.hdr.23",-0.0002006
"435","ran435.hdr.24",0.000262399999999999
"435","ran435.hdr.25",-0.000291369999999999
"435","ran435.hdr.26",-0.00032336
"435","ran435.hdr.27",0.000190640000000001
"435","ran435.hdr.28",-0.00019286
"435","ran435.hdr.29",-0.0002773
"435","ran435.hdr.3",-0.0023191
"435","ran435.hdr.31",0.0000429000000000002
"435","ran435.hdr.32",-0.000383960000000001
"435","ran435.hdr.33",-0.0005877
"435","ran435.hdr.34",-0.00041873
"435","ran435.hdr.35",0.00009225
"435","ran435.hdr.36",-0.000590500000000001
"435","ran435.hdr.37",-0.000176700000000002
"435","ran435.hdr.38",0.00003065
"435","ran435.hdr.39",-0.000638400000000001
"435","ran435.hdr.4",-0.000171609999999999
"435","ran435.hdr.40",-0.00002191
"435","ran435.hdr.41",-0.0012106
"435","ran435.hdr.42",-0.00022582
"435","ran435.hdr.43",0.0001598
"435","ran435.hdr.44",-0.0017799
"435","ran435.hdr.45",-0.0023048
"435","ran435.hdr.46",0.000143500000000001
"435","ran435.hdr.47",-0.00029094
"435","ran435.hdr.48",-0.0115458
"435","ran435.hdr.49",-0.0001172
"435","ran435.hdr.5",-0.0007992
"435","ran435.hdr.50",-0.000000799999999999586
"435","ran435.hdr.51",-0.000270960000000001
"435","ran435.hdr.52",-0.0010297
"435","ran435.hdr.55",-0.000588982
"435","ran435.hdr.56",-0.000934999999999998
"435","ran435.hdr.57",-0.0000861099999999999
"435","ran435.hdr.58",-0.0007279
"435","ran435.hdr.59",-0.0008541
"435","ran435.hdr.6",-0.0027476
"435","ran435.hdr.60",-0.0011481
"435","ran435.hdr.61",-0.0000829000000000003
"435","ran435.hdr.62",-0.0017715
"435","ran435.hdr.63",-0.0035597
"435","ran435.hdr.64",-0.000376000000000001
"435","ran435.hdr.65",0.0000855000000000022
"435","ran435.hdr.66",-0.0011658
"435","ran435.hdr.67",0.000100099999999999
"435","ran435.hdr.68",-0.00740309
"435","ran435.hdr.69",-0.000808700000000002
"435","ran435.hdr.7",-0.0033457
"435","ran435.hdr.70",-0.0002688
"435","ran435.hdr.71",-0.0053353
"435","ran435.hdr.72",-0.0003579
"435","ran435.hdr.73",-0.00054209
"435","ran435.hdr.74",-0.000809499999999998
"435","ran435.hdr.75",-0.000327499999999998
"435","ran435.hdr.76",-0.000894099999999998
"435","ran435.hdr.77",-0.004726
"435","ran435.hdr.78",-0.0003888
"435","ran435.hdr.8",-0.000507480000000001
"435","ran435.hdr.9",-0.000032131
"436","ran436.hdr.1",-0.0002161
"436","ran436.hdr.10",-0.0037929
"436","ran436.hdr.11",-0.0078616
"436","ran436.hdr.12",-0.00056552
"436","ran436.hdr.13",-0.0005222
"436","ran436.hdr.14",-0.00031768
"436","ran436.hdr.15",-0.000507480000000001
"436","ran436.hdr.16",-0.0015386
"436","ran436.hdr.17",-0.00047554
"436","ran436.hdr.18",-0.000547299999999997
"436","ran436.hdr.19",-0.0011386
"436","ran436.hdr.2",-0.000451700000000001
"436","ran436.hdr.20",-0.000320800000000001
"436","ran436.hdr.21",-0.00047623
"436","ran436.hdr.22",-0.0000312000000000003
"436","ran436.hdr.23",-0.000527999999999999
"436","ran436.hdr.24",-0.0012923
"436","ran436.hdr.25",-0.00019668
"436","ran436.hdr.26",-0.0007074
"436","ran436.hdr.27",-0.0010736
"436","ran436.hdr.28",-0.00182421
"436","ran436.hdr.29",-0.000846699999999999
"436","ran436.hdr.3",-0.0026949
"436","ran436.hdr.30",0.00000603000000000062
"436","ran436.hdr.31",-0.0013931
"436","ran436.hdr.32",-0.000277900000000001
"436","ran436.hdr.33",-0.0005678
"436","ran436.hdr.34",-0.0003097
"436","ran436.hdr.35",0.000113199999999999
"436","ran436.hdr.36",0.00010872
"436","ran436.hdr.37",-0.00069205
"436","ran436.hdr.38",0.0000948100000000007
"436","ran436.hdr.39",-0.0014853
"436","ran436.hdr.4",-0.000290820000000001
"436","ran436.hdr.40",-0.0010452
"436","ran436.hdr.41",-0.000348000000000001
"436","ran436.hdr.42",0.000234799999999999
"436","ran436.hdr.43",0.0000578999999999996
"436","ran436.hdr.44",0.000022900000000001
"436","ran436.hdr.45",-0.0000071997
"436","ran436.hdr.46",-0.0010094
"436","ran436.hdr.47",-0.002021
"436","ran436.hdr.48",-0.000041639999999999
"436","ran436.hdr.49",-0.0009237
"436","ran436.hdr.5",0.0011372
"436","ran436.hdr.50",-0.0011887
"436","ran436.hdr.51",0.000386299999999999
"436","ran436.hdr.52",0.000574399999999999
"436","ran436.hdr.53",-0.0000128000000000003
"436","ran436.hdr.54",-0.00062953
"436","ran436.hdr.55",-0.00020563
"436","ran436.hdr.56",-0.0019361
"436","ran436.hdr.57",-0.000764300000000002
"436","ran436.hdr.58",0.0000326900000000001
"436","ran436.hdr.59",-0.0000134699999999998
"436","ran436.hdr.6",-0.000226799999999999
"436","ran436.hdr.60",-0.0001373
"436","ran436.hdr.61",-0.000103599999999999
"436","ran436.hdr.62",-0.000849699999999998
"436","ran436.hdr.63",0.000223899999999999
"436","ran436.hdr.64",-0.000684499999999998
"436","ran436.hdr.65",0.000366500000000001
"436","ran436.hdr.66",NA
"436","ran436.hdr.67",-0.000719200000000001
"436","ran436.hdr.68",-0.0003064
"436","ran436.hdr.69",-0.0003826
"436","ran436.hdr.7",-0.0013522
"436","ran436.hdr.70",-0.0011457
"436","ran436.hdr.71",-0.0003059
"436","ran436.hdr.72",-0.000334099999999999
"436","ran436.hdr.73",-0.000448899999999999
"436","ran436.hdr.74",-0.000093939999999999
"436","ran436.hdr.75",-0.000603300000000001
"436","ran436.hdr.76",-0.000389599999999999
"436","ran436.hdr.77",-0.0004414
"436","ran436.hdr.78",-0.0000953799999999999
"436","ran436.hdr.8",-0.0015432
"436","ran436.hdr.9",-0.00014574
"437","ran437.hdr.1",-0.000195000000000001
"437","ran437.hdr.10",-0.000315299999999999
"437","ran437.hdr.11",-0.000681099999999999
"437","ran437.hdr.12",-0.000539240000000002
"437","ran437.hdr.13",-0.000414400000000001
"437","ran437.hdr.14",-0.000250199999999999
"437","ran437.hdr.15",-0.00017172
"437","ran437.hdr.16",-0.00013877
"437","ran437.hdr.17",-0.000341899999999999
"437","ran437.hdr.18",-0.0002322
"437","ran437.hdr.19",-0.0004314
"437","ran437.hdr.2",-0.000739499999999999
"437","ran437.hdr.20",-0.000646799999999999
"437","ran437.hdr.21",-0.00021087
"437","ran437.hdr.22",-0.000174299999999999
"437","ran437.hdr.23",-0.000257510000000001
"437","ran437.hdr.24",-0.000382199999999999
"437","ran437.hdr.25",-0.000458800000000001
"437","ran437.hdr.26",-0.00034293
"437","ran437.hdr.27",-0.00013267
"437","ran437.hdr.28",-0.000149499999999999
"437","ran437.hdr.29",0.00024467
"437","ran437.hdr.3",-0.000358239999999999
"437","ran437.hdr.30",-0.00175568
"437","ran437.hdr.31",-0.000572599999999999
"437","ran437.hdr.32",0.0005409
"437","ran437.hdr.33",-0.0032627
"437","ran437.hdr.34",-0.000784
"437","ran437.hdr.35",-0.0050666
"437","ran437.hdr.36",0.0002967
"437","ran437.hdr.37",-0.000480399999999999
"437","ran437.hdr.38",-0.0015268
"437","ran437.hdr.39",-0.0019144
"437","ran437.hdr.4",-0.0000225999999999976
"437","ran437.hdr.40",-0.000803359999999999
"437","ran437.hdr.41",-0.00023078
"437","ran437.hdr.42",-0.000924100000000001
"437","ran437.hdr.43",-0.0037192
"437","ran437.hdr.44",0.000074900000000001
"437","ran437.hdr.45",-0.0014925
"437","ran437.hdr.46",-0.000230900000000003
"437","ran437.hdr.47",-0.000329799999999998
"437","ran437.hdr.48",-0.000258099999999999
"437","ran437.hdr.49",-0.000988299999999998
"437","ran437.hdr.5",0.000214480000000001
"437","ran437.hdr.50",-0.00005258
"437","ran437.hdr.51",-0.000136669999999998
"437","ran437.hdr.52",0.0004747
"437","ran437.hdr.53",-0.00270844
"437","ran437.hdr.54",-0.00029094
"437","ran437.hdr.55",-0.000749
"437","ran437.hdr.56",-0.000842700000000002
"437","ran437.hdr.57",-0.00037772
"437","ran437.hdr.58",0.0002778
"437","ran437.hdr.59",-0.000456100000000001
"437","ran437.hdr.6",-0.000621999999999998
"437","ran437.hdr.60",0.000158940000000001
"437","ran437.hdr.61",-0.000118309
"437","ran437.hdr.62",0.0003333
"437","ran437.hdr.63",-0.0001829
"437","ran437.hdr.64",-0.00039517
"437","ran437.hdr.65",0.000354790000000001
"437","ran437.hdr.66",-0.000320829999999999
"437","ran437.hdr.67",-0.0011658
"437","ran437.hdr.68",0.0000251000000000001
"437","ran437.hdr.69",-0.00039597
"437","ran437.hdr.7",-0.0007992
"437","ran437.hdr.70",-0.000603300000000001
"437","ran437.hdr.71",-0.000525600000000001
"437","ran437.hdr.72",-0.0013697
"437","ran437.hdr.73",-0.0007592
"437","ran437.hdr.74",-0.000798899999999998
"437","ran437.hdr.75",0.0001794
"437","ran437.hdr.76",0.000326549999999999
"437","ran437.hdr.77",-0.00028371
"437","ran437.hdr.78",-0.000314699999999999
"437","ran437.hdr.8",-0.00034287
"437","ran437.hdr.9",-0.0044797
"438","ran438.hdr.1",-0.000195000000000001
"438","ran438.hdr.10",-0.0051096
"438","ran438.hdr.11",-0.0043666
"438","ran438.hdr.12",-0.0038288
"438","ran438.hdr.13",-0.00037472
"438","ran438.hdr.14",-0.0011219
"438","ran438.hdr.15",-0.00018564
"438","ran438.hdr.16",-0.000721199999999998
"438","ran438.hdr.17",-0.000598200000000001
"438","ran438.hdr.18",-0.00036672
"438","ran438.hdr.19",-0.000824699999999999
"438","ran438.hdr.2",-0.000154699999999999
"438","ran438.hdr.20",-0.0004688
"438","ran438.hdr.21",-0.0000885999999999977
"438","ran438.hdr.22",-0.00015777
"438","ran438.hdr.23",-0.000220930000000001
"438","ran438.hdr.24",0.0002964
"438","ran438.hdr.25",-0.0005666
"438","ran438.hdr.26",-0.0001654
"438","ran438.hdr.27",-0.00019286
"438","ran438.hdr.28",-0.0006806
"438","ran438.hdr.29",-0.00067028
"438","ran438.hdr.3",0.000183300000000001
"438","ran438.hdr.30",-0.0000800499999999999
"438","ran438.hdr.31",-0.000234649999999999
"438","ran438.hdr.32",-0.0058339
"438","ran438.hdr.33",-0.001677
"438","ran438.hdr.34",-0.0035614
"438","ran438.hdr.35",-0.00019887
"438","ran438.hdr.36",-0.0004972
"438","ran438.hdr.37",-0.000399060000000001
"438","ran438.hdr.38",0.0003309
"438","ran438.hdr.39",-0.0012954
"438","ran438.hdr.4",-0.000591300000000003
"438","ran438.hdr.40",-0.0023505
"438","ran438.hdr.41",-0.000385200000000002
"438","ran438.hdr.42",-0.000145300000000001
"438","ran438.hdr.43",-0.000250999999999999
"438","ran438.hdr.44",-0.000306899999999999
"438","ran438.hdr.45",-0.000717699999999998
"438","ran438.hdr.46",-0.0082206
"438","ran438.hdr.47",-0.0010769
"438","ran438.hdr.48",0.0000899300000000002
"438","ran438.hdr.49",-0.0000250599999999999
"438","ran438.hdr.5",-0.00449763
"438","ran438.hdr.50",-0.000435700000000001
"438","ran438.hdr.51",0.0000819750000000001
"438","ran438.hdr.52",0.00028793
"438","ran438.hdr.53",-0.000000799999999999586
"438","ran438.hdr.54",-0.0010723
"438","ran438.hdr.55",-0.0010313
"438","ran438.hdr.56",-0.00011945
"438","ran438.hdr.57",-0.00015833
"438","ran438.hdr.58",-0.000193329999999999
"438","ran438.hdr.59",0.0000941399999999995
"438","ran438.hdr.6",-0.000184100000000001
"438","ran438.hdr.60",-0.000477600000000002
"438","ran438.hdr.61",-0.0000146999999999994
"438","ran438.hdr.62",0.000502859999999999
"438","ran438.hdr.63",0.00000142999999999931
"438","ran438.hdr.64",-0.000663200000000001
"438","ran438.hdr.65",-0.0001422
"438","ran438.hdr.66",-0.000324099999999999
"438","ran438.hdr.67",-0.0012721
"438","ran438.hdr.68",-0.00045068
"438","ran438.hdr.69",-0.0010284
"438","ran438.hdr.7",-0.0046226
"438","ran438.hdr.70",-0.0011679
"438","ran438.hdr.71",-0.000388300000000001
"438","ran438.hdr.72",-0.00073928
"438","ran438.hdr.73",-0.0011457
"438","ran438.hdr.74",-0.000281300000000002
"438","ran438.hdr.75",-0.000424799999999999
"438","ran438.hdr.76",-0.0014309
"438","ran438.hdr.77",-0.000694699999999999
"438","ran438.hdr.78",-0.000456000000000002
"438","ran438.hdr.8",-0.0032486
"438","ran438.hdr.9",-0.0054452
"439","ran439.hdr.1",-0.00100715
"439","ran439.hdr.10",0.0003187
"439","ran439.hdr.11",-0.0010879
"439","ran439.hdr.12",-0.000808199999999999
"439","ran439.hdr.13",-0.000414400000000001
"439","ran439.hdr.14",-0.0000389920000000001
"439","ran439.hdr.15",-0.0001755
"439","ran439.hdr.16",-0.000457879999999999
"439","ran439.hdr.17",0.0001315
"439","ran439.hdr.18",-0.000100910000000001
"439","ran439.hdr.19",-0.001482
"439","ran439.hdr.2",-0.000290820000000001
"439","ran439.hdr.20",-0.0003257
"439","ran439.hdr.21",-0.000253800000000002
"439","ran439.hdr.22",-0.0016211
"439","ran439.hdr.23",-0.0017312
"439","ran439.hdr.24",-0.000518899999999999
"439","ran439.hdr.25",0.0005602
"439","ran439.hdr.26",-0.000246100000000003
"439","ran439.hdr.27",0.00037177
"439","ran439.hdr.28",-0.000759340000000001
"439","ran439.hdr.29",-0.0007723
"439","ran439.hdr.3",-0.00017145
"439","ran439.hdr.30",-0.00029554
"439","ran439.hdr.31",0.0003441
"439","ran439.hdr.32",-0.00016025
"439","ran439.hdr.33",-0.00031339
"439","ran439.hdr.34",-0.000149719999999999
"439","ran439.hdr.35",0.00069544
"439","ran439.hdr.36",-0.0024831
"439","ran439.hdr.37",-0.000804199999999998
"439","ran439.hdr.38",-0.00019887
"439","ran439.hdr.39",-0.000327900000000001
"439","ran439.hdr.4",-0.0009196
"439","ran439.hdr.40",-0.000390949999999999
"439","ran439.hdr.41",-0.000627829999999999
"439","ran439.hdr.42",-0.0012186
"439","ran439.hdr.43",-0.0005891
"439","ran439.hdr.44",-0.0011573
"439","ran439.hdr.45",-0.000125500000000001
"439","ran439.hdr.46",0.000280499999999999
"439","ran439.hdr.47",-0.0016134
"439","ran439.hdr.48",-0.0000280999999999997
"439","ran439.hdr.49",-0.0011215
"439","ran439.hdr.5",-0.0000556999999999988
"439","ran439.hdr.50",-0.004512
"439","ran439.hdr.51",0.000514300000000001
"439","ran439.hdr.52",-0.0000823899999999999
"439","ran439.hdr.53",0.00000257936
"439","ran439.hdr.54",-0.0021164
"439","ran439.hdr.55",-0.0000509000000000013
"439","ran439.hdr.56",-0.000381660000000001
"439","ran439.hdr.57",-0.000362299999999999
"439","ran439.hdr.59",-0.0001099
"439","ran439.hdr.6",-0.000358290000000001
"439","ran439.hdr.60",-0.000618499999999999
"439","ran439.hdr.61",-0.00039517
"439","ran439.hdr.62",-0.0006847
"439","ran439.hdr.63",-0.0003435
"439","ran439.hdr.64",-0.000480599999999998
"439","ran439.hdr.65",-0.00040548
"439","ran439.hdr.66",-0.0016847
"439","ran439.hdr.67",-0.000836699999999999
"439","ran439.hdr.68",-0.000822699999999999
"439","ran439.hdr.69",-0.0002646
"439","ran439.hdr.7",0.00016704
"439","ran439.hdr.70",-0.000125199999999999
"439","ran439.hdr.71",-0.000692700000000001
"439","ran439.hdr.72",-0.00024505
"439","ran439.hdr.73",-0.000407100000000001
"439","ran439.hdr.74",-0.000787100000000002
"439","ran439.hdr.75",-0.000579
"439","ran439.hdr.76",-0.0011035
"439","ran439.hdr.77",-0.0000447299999999998
"439","ran439.hdr.78",-0.0018567
"439","ran439.hdr.8",-0.0007343
"439","ran439.hdr.9",-0.00013863
"440","ran440.hdr.1",-0.0000554800000000001
"440","ran440.hdr.10",-0.00015088
"440","ran440.hdr.11",-0.0000713600000000003
"440","ran440.hdr.12",-0.0000870999999999997
"440","ran440.hdr.13",-0.000417799999999999
"440","ran440.hdr.14",-0.000598200000000001
"440","ran440.hdr.15",-0.000413510000000001
"440","ran440.hdr.16",-0.0000801099999999996
"440","ran440.hdr.17",-0.00023018
"440","ran440.hdr.18",-0.0008751
"440","ran440.hdr.19",-0.0002021
"440","ran440.hdr.2",-0.000203000000000002
"440","ran440.hdr.20",-0.000785500000000001
"440","ran440.hdr.21",-0.0019612
"440","ran440.hdr.22",-0.0016769
"440","ran440.hdr.23",-0.000397499999999999
"440","ran440.hdr.24",-0.0003148
"440","ran440.hdr.25",-0.0001083
"440","ran440.hdr.26",-0.000379400000000002
"440","ran440.hdr.27",-0.0005666
"440","ran440.hdr.28",-0.00742042
"440","ran440.hdr.29",-0.0014492
"440","ran440.hdr.3",-0.000833500000000001
"440","ran440.hdr.30",-0.000418709999999999
"440","ran440.hdr.31",-0.0000786399999999996
"440","ran440.hdr.32",-0.00026931
"440","ran440.hdr.33",-0.00029554
"440","ran440.hdr.34",-0.00018774
"440","ran440.hdr.35",0.00015824
"440","ran440.hdr.36",-0.00020409
"440","ran440.hdr.37",-0.00032424
"440","ran440.hdr.38",-0.000397000000000002
"440","ran440.hdr.39",0.0000741100000000005
"440","ran440.hdr.4",0.00012763
"440","ran440.hdr.40",0.0000461000000000003
"440","ran440.hdr.41",-0.00000659999999999897
"440","ran440.hdr.42",-0.0014502
"440","ran440.hdr.43",-0.000831499999999999
"440","ran440.hdr.44",0.000226500000000001
"440","ran440.hdr.45",-0.000501999999999999
"440","ran440.hdr.46",-0.0000286000000000002
"440","ran440.hdr.47",-0.000399060000000001
"440","ran440.hdr.48",0.000158699999999998
"440","ran440.hdr.49",-0.001986
"440","ran440.hdr.5",-0.000713199999999999
"440","ran440.hdr.50",-0.0002538
"440","ran440.hdr.51",0.0003563
"440","ran440.hdr.52",-0.0015247
"440","ran440.hdr.53",-0.0018642
"440","ran440.hdr.54",-0.000576500000000001
"440","ran440.hdr.55",-0.000325299999999997
"440","ran440.hdr.56",-0.000713800000000001
"440","ran440.hdr.57",-0.00020646
"440","ran440.hdr.58",0.000117100000000002
"440","ran440.hdr.59",-0.00074359
"440","ran440.hdr.6",-0.00227271
"440","ran440.hdr.60",-0.00021542
"440","ran440.hdr.61",-0.0010767
"440","ran440.hdr.62",-0.00016505
"440","ran440.hdr.63",-0.000775500000000002
"440","ran440.hdr.64",-0.00574057
"440","ran440.hdr.65",-0.0021629
"440","ran440.hdr.66",-0.000546500000000002
"440","ran440.hdr.67",-0.000373099999999998
"440","ran440.hdr.68",-0.0025664
"440","ran440.hdr.69",-0.000681889999999999
"440","ran440.hdr.7",-0.000145270000000001
"440","ran440.hdr.70",-0.0013204
"440","ran440.hdr.71",-0.0000736999999999995
"440","ran440.hdr.72",-0.00740309
"440","ran440.hdr.73",-0.0096339
"440","ran440.hdr.74",-0.0015712
"440","ran440.hdr.75",-0.000771000000000001
"440","ran440.hdr.76",-0.0000870000000000003
"440","ran440.hdr.77",-0.0012827
"440","ran440.hdr.78",-0.000676700000000002
"440","ran440.hdr.8",-0.00044199
"440","ran440.hdr.9",-0.00021
"441","ran441.hdr.1",0.0001343
"441","ran441.hdr.10",-0.0002725
"441","ran441.hdr.11",-0.000727600000000002
"441","ran441.hdr.12",0.000000900000000001594
"441","ran441.hdr.13",-0.000518899999999999
"441","ran441.hdr.14",-0.0004899
"441","ran441.hdr.15",-0.000418709999999999
"441","ran441.hdr.16",-0.000759340000000001
"441","ran441.hdr.17",-0.0006158
"441","ran441.hdr.18",0.000192600000000001
"441","ran441.hdr.19",-0.00029554
"441","ran441.hdr.2",-0.0009196
"441","ran441.hdr.20",-0.00012519
"441","ran441.hdr.21",-0.00015212
"441","ran441.hdr.22",-0.000541900000000001
"441","ran441.hdr.23",-0.000453249999999999
"441","ran441.hdr.24",-0.00010416
"441","ran441.hdr.25",0.0000772100000000012
"441","ran441.hdr.26",0.000345399999999999
"441","ran441.hdr.27",-0.0010452
"441","ran441.hdr.28",-0.000514199999999999
"441","ran441.hdr.29",-0.000627300000000001
"441","ran441.hdr.3",-0.000293
"441","ran441.hdr.30",-0.0018523
"441","ran441.hdr.31",-0.000968999999999999
"441","ran441.hdr.32",0.00014714
"441","ran441.hdr.33",-0.00011024
"441","ran441.hdr.34",-0.000423400000000001
"441","ran441.hdr.35",-0.0014027
"441","ran441.hdr.36",-0.000152899999999999
"441","ran441.hdr.37",-0.0013524
"441","ran441.hdr.38",-0.0010275
"441","ran441.hdr.39",-0.00013712
"441","ran441.hdr.4",-0.0002828
"441","ran441.hdr.40",-0.0002465
"441","ran441.hdr.41",-0.0011836
"441","ran441.hdr.42",-0.0005929
"441","ran441.hdr.43",-0.00011267
"441","ran441.hdr.44",-0.0076935
"441","ran441.hdr.45",0.0000662000000000006
"441","ran441.hdr.46",0.00020136
"441","ran441.hdr.47",-0.0000833800000000001
"441","ran441.hdr.48",-0.0004198
"441","ran441.hdr.49",-0.000193199999999999
"441","ran441.hdr.5",-0.0000801099999999996
"441","ran441.hdr.50",-0.000313409999999999
"441","ran441.hdr.51",-0.000477600000000002
"441","ran441.hdr.52",-0.000271400000000002
"441","ran441.hdr.53",-0.0010508
"441","ran441.hdr.54",0.0000455999999999998
"441","ran441.hdr.55",-0.0012684
"441","ran441.hdr.56",-0.0000402400000000004
"441","ran441.hdr.57",-0.000907400000000001
"441","ran441.hdr.58",0.000452299999999999
"441","ran441.hdr.59",-0.0009154
"441","ran441.hdr.6",-0.000320599999999999
"441","ran441.hdr.60",0.0000854000000000028
"441","ran441.hdr.61",0.00044733
"441","ran441.hdr.62",-0.0016226
"441","ran441.hdr.63",-0.000738799999999998
"441","ran441.hdr.64",-0.00031509
"441","ran441.hdr.65",-0.0011658
"441","ran441.hdr.66",-0.0028229
"441","ran441.hdr.67",-0.0010706
"441","ran441.hdr.68",-0.000692700000000001
"441","ran441.hdr.69",-0.0010284
"441","ran441.hdr.7",-0.0000542299999999997
"441","ran441.hdr.70",-0.000949499999999999
"441","ran441.hdr.71",-0.0001492
"441","ran441.hdr.72",-0.0009037
"441","ran441.hdr.73",-0.0022011
"441","ran441.hdr.74",-0.0013232
"441","ran441.hdr.75",-0.000281300000000002
"441","ran441.hdr.76",-0.0046933
"441","ran441.hdr.77",-0.000748700000000001
"441","ran441.hdr.78",-0.000289600000000001
"441","ran441.hdr.8",-0.000274099999999999
"441","ran441.hdr.9",-0.000988359999999999
"442","ran442.hdr.1",-0.0001598
"442","ran442.hdr.10",-0.00018564
"442","ran442.hdr.11",0.0000560300000000003
"442","ran442.hdr.12",-0.0011382
"442","ran442.hdr.13",0.000157600000000001
"442","ran442.hdr.14",0.00013843
"442","ran442.hdr.15",-0.0000736000000000001
"442","ran442.hdr.16",-0.000419700000000002
"442","ran442.hdr.17",-0.000113727
"442","ran442.hdr.18",0.000681399999999999
"442","ran442.hdr.19",-0.000432999999999999
"442","ran442.hdr.2",0.000273800000000001
"442","ran442.hdr.20",-0.0013259
"442","ran442.hdr.21",-0.000847199999999999
"442","ran442.hdr.22",-0.0014586
"442","ran442.hdr.23",-0.0026503
"442","ran442.hdr.24",-0.0010155
"442","ran442.hdr.25",-0.000382199999999999
"442","ran442.hdr.26",0.00023957
"442","ran442.hdr.27",-0.00000923999999999999
"442","ran442.hdr.28",-0.0005678
"442","ran442.hdr.29",-0.00019563
"442","ran442.hdr.3",0.0001642
"442","ran442.hdr.30",-0.000453249999999999
"442","ran442.hdr.31",0.0004048
"442","ran442.hdr.32",-0.0010144
"442","ran442.hdr.33",-0.0015268
"442","ran442.hdr.34",-0.000804199999999998
"442","ran442.hdr.35",0.000049999999999998
"442","ran442.hdr.36",-0.000583800000000001
"442","ran442.hdr.37",-0.0004679
"442","ran442.hdr.38",-0.000145300000000001
"442","ran442.hdr.39",-0.0010275
"442","ran442.hdr.4",-0.0014853
"442","ran442.hdr.40",-0.0016634
"442","ran442.hdr.41",-0.000404300000000002
"442","ran442.hdr.42",0.0000169300000000001
"442","ran442.hdr.43",-0.0022656
"442","ran442.hdr.44",-0.000023311
"442","ran442.hdr.45",-0.02102894
"442","ran442.hdr.46",0.000295299999999998
"442","ran442.hdr.47",0.0000833999999999991
"442","ran442.hdr.48",-0.0003459
"442","ran442.hdr.49",-0.000274020000000001
"442","ran442.hdr.5",-0.00195907
"442","ran442.hdr.50",-0.000749
"442","ran442.hdr.51",-0.0030547
"442","ran442.hdr.52",0.000289899999999999
"442","ran442.hdr.53",-0.000773900000000001
"442","ran442.hdr.54",-0.000375
"442","ran442.hdr.55",-0.000238039999999999
"442","ran442.hdr.56",-0.000203699999999999
"442","ran442.hdr.57",0.000161000000000001
"442","ran442.hdr.58",0.0001308
"442","ran442.hdr.59",-0.0015743
"442","ran442.hdr.6",-0.0037976
"442","ran442.hdr.60",-0.000336400000000001
"442","ran442.hdr.61",-0.0010605
"442","ran442.hdr.62",-0.001222
"442","ran442.hdr.63",-0.000556319999999999
"442","ran442.hdr.64",-0.000266830000000001
"442","ran442.hdr.65",0.00037333
"442","ran442.hdr.66",-0.0004037
"442","ran442.hdr.67",-0.0028229
"442","ran442.hdr.68",-0.0006
"442","ran442.hdr.69",0.0000351999999999991
"442","ran442.hdr.7",-0.000585499999999999
"442","ran442.hdr.70",-0.0013697
"442","ran442.hdr.71",-0.00013605
"442","ran442.hdr.72",-0.0016673
"442","ran442.hdr.73",-0.0011457
"442","ran442.hdr.74",-0.000630200000000001
"442","ran442.hdr.75",-0.0011354
"442","ran442.hdr.76",-0.0004317
"442","ran442.hdr.77",-0.0000290799999999999
"442","ran442.hdr.78",-0.0003888
"442","ran442.hdr.8",-0.000458999999999999
"442","ran442.hdr.9",0.0000384900000000004
"443","ran443.hdr.1",-0.000905800000000002
"443","ran443.hdr.10",0.0000789059999999999
"443","ran443.hdr.11",-0.00037472
"443","ran443.hdr.12",-0.00093515
"443","ran443.hdr.13",-0.00047386
"443","ran443.hdr.14",-0.0003458
"443","ran443.hdr.15",-0.00043519
"443","ran443.hdr.16",0.000152999999999999
"443","ran443.hdr.17",-0.0001574
"443","ran443.hdr.18",-0.0010873
"443","ran443.hdr.19",0.000164399999999999
"443","ran443.hdr.2",-0.0010315
"443","ran443.hdr.20",-0.0000569000000000021
"443","ran443.hdr.21",0.0003538
"443","ran443.hdr.22",0.0000328100000000012
"443","ran443.hdr.23",0.000268899999999999
"443","ran443.hdr.24",-0.0005678
"443","ran443.hdr.25",-0.0003097
"443","ran443.hdr.26",0.0001154
"443","ran443.hdr.27",-0.000143009999999999
"443","ran443.hdr.28",-0.0051598
"443","ran443.hdr.29",-0.0017114
"443","ran443.hdr.3",-0.0011965
"443","ran443.hdr.30",0.0001362
"443","ran443.hdr.31",-0.0013224
"443","ran443.hdr.32",-0.000968999999999999
"443","ran443.hdr.33",-0.0005801
"443","ran443.hdr.34",-0.0023716
"443","ran443.hdr.35",-0.000579200000000002
"443","ran443.hdr.36",0.000295299999999998
"443","ran443.hdr.37",-0.0000856099999999999
"443","ran443.hdr.38",-0.0001382
"443","ran443.hdr.39",-0.0030547
"443","ran443.hdr.4",-0.000290820000000001
"443","ran443.hdr.40",-0.0025824
"443","ran443.hdr.41",-0.00057659
"443","ran443.hdr.42",0.0000491800000000011
"443","ran443.hdr.43",-0.0046284
"443","ran443.hdr.44",-0.000410299999999999
"443","ran443.hdr.46",-0.000602269999999999
"443","ran443.hdr.47",-0.000247399999999998
"443","ran443.hdr.48",-0.0017637
"443","ran443.hdr.49",-0.0002226
"443","ran443.hdr.5",0.0000520999999999994
"443","ran443.hdr.50",-0.0004258
"443","ran443.hdr.51",0.0000525999999999999
"443","ran443.hdr.52",-0.00024239
"443","ran443.hdr.53",-0.000975200000000001
"443","ran443.hdr.54",-0.001971
"443","ran443.hdr.55",-0.000557700000000001
"443","ran443.hdr.56",-0.000738799999999998
"443","ran443.hdr.57",-0.001507
"443","ran443.hdr.58",0.0000613000000000002
"443","ran443.hdr.59",-0.000256870000000001
"443","ran443.hdr.6",-0.0033457
"443","ran443.hdr.60",-0.000170999999999999
"443","ran443.hdr.61",-0.0023928
"443","ran443.hdr.62",-0.0065222
"443","ran443.hdr.63",-0.0012283
"443","ran443.hdr.64",0.0001831
"443","ran443.hdr.65",-0.0010098
"443","ran443.hdr.66",-0.000955899999999999
"443","ran443.hdr.67",-0.000546100000000001
"443","ran443.hdr.68",-0.0014151
"443","ran443.hdr.69",-0.0020861
"443","ran443.hdr.7",-0.0066937
"443","ran443.hdr.70",-0.0002731
"443","ran443.hdr.71",0.000132810000000001
"443","ran443.hdr.72",-0.0013741
"443","ran443.hdr.73",-0.0011035
"443","ran443.hdr.74",-0.0014673
"443","ran443.hdr.75",-0.00096858
"443","ran443.hdr.76",-0.0023497
"443","ran443.hdr.77",-0.000314699999999999
"443","ran443.hdr.78",-0.000507599999999999
"443","ran443.hdr.8",-0.00056552
"443","ran443.hdr.9",-0.000409400000000001
"444","ran444.hdr.1",-0.00000992000000000007
"444","ran444.hdr.10",-0.000207199999999999
"444","ran444.hdr.11",-0.000434459999999999
"444","ran444.hdr.12",-0.001162
"444","ran444.hdr.13",-0.0003143
"444","ran444.hdr.14",-0.000118400000000001
"444","ran444.hdr.15",-0.000262800000000001
"444","ran444.hdr.16",-0.0000712300000000003
"444","ran444.hdr.17",-0.0018782
"444","ran444.hdr.18",-0.0134706
"444","ran444.hdr.19",-0.000864889999999999
"444","ran444.hdr.2",-0.000708700000000001
"444","ran444.hdr.20",-0.0017655
"444","ran444.hdr.21",-0.0013259
"444","ran444.hdr.22",0.000446400000000001
"444","ran444.hdr.23",-0.0016792
"444","ran444.hdr.24",-0.000318300000000001
"444","ran444.hdr.25",-0.000298699999999999
"444","ran444.hdr.26",-0.000248499999999999
"444","ran444.hdr.27",-0.0006158
"444","ran444.hdr.28",-0.002522
"444","ran444.hdr.29",-0.00011216
"444","ran444.hdr.3",-0.0005246
"444","ran444.hdr.30",-0.00023362
"444","ran444.hdr.31",0.000220730000000001
"444","ran444.hdr.32",0.000353800000000001
"444","ran444.hdr.33",0.0002378
"444","ran444.hdr.34",-0.0009332
"444","ran444.hdr.35",-0.00073436
"444","ran444.hdr.36",-0.000757799999999999
"444","ran444.hdr.37",-0.0003861
"444","ran444.hdr.38",0.000294800000000001
"444","ran444.hdr.39",-0.000616499999999999
"444","ran444.hdr.4",-0.00017145
"444","ran444.hdr.40",-0.000352100000000001
"444","ran444.hdr.41",-0.0010094
"444","ran444.hdr.42",-0.00048092
"444","ran444.hdr.43",-0.0002538
"444","ran444.hdr.44",-0.000638400000000001
"444","ran444.hdr.45",-0.000115199999999999
"444","ran444.hdr.46",-0.0000455999999999998
"444","ran444.hdr.47",-0.0011215
"444","ran444.hdr.48",0.0000683999999999997
"444","ran444.hdr.49",-0.0000128000000000003
"444","ran444.hdr.5",-0.0026296
"444","ran444.hdr.50",-0.000560139999999999
"444","ran444.hdr.51",-0.0023048
"444","ran444.hdr.52",-0.0010527
"444","ran444.hdr.53",-0.0001431
"444","ran444.hdr.54",-0.0010598
"444","ran444.hdr.55",0.00041739
"444","ran444.hdr.56",-0.0000584000000000001
"444","ran444.hdr.57",-0.00010756
"444","ran444.hdr.58",-0.000217699999999999
"444","ran444.hdr.59",-0.0015112
"444","ran444.hdr.6",-0.0056035
"444","ran444.hdr.60",-0.0004576
"444","ran444.hdr.61",-0.0010605
"444","ran444.hdr.62",-0.000486500000000001
"444","ran444.hdr.63",-0.0011481
"444","ran444.hdr.64",-0.0001259
"444","ran444.hdr.65",-0.0016226
"444","ran444.hdr.66",-0.0027675
"444","ran444.hdr.67",0.00031541
"444","ran444.hdr.68",-0.0001172
"444","ran444.hdr.69",-0.0038792
"444","ran444.hdr.7",-0.000422980000000001
"444","ran444.hdr.70",-0.0027704
"444","ran444.hdr.71",-0.000720800000000001
"444","ran444.hdr.72",-0.001624
"444","ran444.hdr.73",-0.0011457
"444","ran444.hdr.74",-0.0053353
"444","ran444.hdr.75",-0.0017992
"444","ran444.hdr.76",0.000315799999999998
"444","ran444.hdr.77",-0.000372399999999998
"444","ran444.hdr.78",-0.000692410000000001
"444","ran444.hdr.8",-0.0000787700000000001
"444","ran444.hdr.9",-0.00012632
"445","ran445.hdr.1",0.000132149999999999
"445","ran445.hdr.10",-0.0000521999999999988
"445","ran445.hdr.11",-0.0008815
"445","ran445.hdr.12",-0.0000756000000000003
"445","ran445.hdr.13",-0.00014701
"445","ran445.hdr.14",-0.00026376
"445","ran445.hdr.15",-0.0003257
"445","ran445.hdr.16",-0.000356
"445","ran445.hdr.17",-0.0003148
"445","ran445.hdr.18",-0.000380700000000001
"445","ran445.hdr.19",-0.0010122
"445","ran445.hdr.2",-0.0013435
"445","ran445.hdr.20",0.000197699999999999
"445","ran445.hdr.21",-0.0000704
"445","ran445.hdr.22",-0.000890400000000001
"445","ran445.hdr.23",-0.0013931
"445","ran445.hdr.24",0.00037395
"445","ran445.hdr.25",-0.000143009999999999
"445","ran445.hdr.26",0.0000141299999999994
"445","ran445.hdr.27",-0.000968999999999999
"445","ran445.hdr.28",-0.00033054
"445","ran445.hdr.29",-0.000507200000000003
"445","ran445.hdr.3",-0.000708700000000001
"445","ran445.hdr.30",-0.000480400000000001
"445","ran445.hdr.31",-0.000307
"445","ran445.hdr.32",-0.0002132
"445","ran445.hdr.33",0.0006414
"445","ran445.hdr.34",-0.0015247
"445","ran445.hdr.35",0.000373499999999999
"445","ran445.hdr.36",-0.0010616
"445","ran445.hdr.37",-0.000404300000000002
"445","ran445.hdr.38",-0.0000572999999999997
"445","ran445.hdr.39",-0.0010777
"445","ran445.hdr.4",-0.0016682
"445","ran445.hdr.40",0.000207200000000001
"445","ran445.hdr.41",0.0000818099999999999
"445","ran445.hdr.42",-0.0000828000000000009
"445","ran445.hdr.43",-0.0000328000000000004
"445","ran445.hdr.44",-0.000136669999999998
"445","ran445.hdr.45",-0.000404599999999998
"445","ran445.hdr.46",-0.00026183
"445","ran445.hdr.47",0.000118134
"445","ran445.hdr.48",-0.00077464
"445","ran445.hdr.49",-0.000299799999999999
"445","ran445.hdr.5",-0.0011071
"445","ran445.hdr.50",-0.00378069
"445","ran445.hdr.51",0.00033547
"445","ran445.hdr.52",-0.000697900000000001
"445","ran445.hdr.53",-0.000297500000000001
"445","ran445.hdr.54",0.00006119
"445","ran445.hdr.55",-0.0001548
"445","ran445.hdr.56",0.000244869999999999
"445","ran445.hdr.57",-0.000477
"445","ran445.hdr.58",-0.0021686
"445","ran445.hdr.59",-0.000540200000000001
"445","ran445.hdr.6",-0.0053473
"445","ran445.hdr.60",-0.001224
"445","ran445.hdr.61",-0.0010621
"445","ran445.hdr.62",-0.0011892
"445","ran445.hdr.63",-0.00045068
"445","ran445.hdr.64",-0.000420499999999999
"445","ran445.hdr.65",-0.000323500000000001
"445","ran445.hdr.66",-0.0013204
"445","ran445.hdr.67",-0.0010416
"445","ran445.hdr.68",-0.0068051
"445","ran445.hdr.69",-0.0013172
"445","ran445.hdr.7",-0.000154600000000001
"445","ran445.hdr.70",-0.0024046
"445","ran445.hdr.71",-0.0013312
"445","ran445.hdr.72",-0.000389599999999999
"445","ran445.hdr.73",0.00013489
"445","ran445.hdr.74",0.0001239
"445","ran445.hdr.75",-0.0002862
"445","ran445.hdr.76",-0.000710300000000001
"445","ran445.hdr.77",-0.0064447
"445","ran445.hdr.78",-0.000153199999999999
"445","ran445.hdr.8",-0.000301300000000001
"445","ran445.hdr.9",-0.000602800000000001
"446","ran446.hdr.1",-0.0012185
"446","ran446.hdr.10",-0.00021846
"446","ran446.hdr.11",-0.0006642
"446","ran446.hdr.12",-0.000807199999999999
"446","ran446.hdr.13",-0.00024315
"446","ran446.hdr.14",-0.0003458
"446","ran446.hdr.15",-0.000506029999999999
"446","ran446.hdr.16",-0.0002322
"446","ran446.hdr.17",-0.0000692999999999996
"446","ran446.hdr.18",-0.0004347
"446","ran446.hdr.19",-0.00030432
"446","ran446.hdr.2",-0.0018301
"446","ran446.hdr.20",-0.000719299999999999
"446","ran446.hdr.21",-0.00019894
"446","ran446.hdr.22",-0.0004306
"446","ran446.hdr.23",0.000155800000000001
"446","ran446.hdr.24",-0.0018846
"446","ran446.hdr.25",-0.0010877
"446","ran446.hdr.26",-0.0002611
"446","ran446.hdr.27",-0.00023755
"446","ran446.hdr.28",0.0001668
"446","ran446.hdr.29",NA
"446","ran446.hdr.3",-0.000653600000000001
"446","ran446.hdr.30",-0.000574999999999999
"446","ran446.hdr.31",-0.0000464000000000003
"446","ran446.hdr.32",0.0007192
"446","ran446.hdr.33",-0.0014463
"446","ran446.hdr.34",-0.0002094
"446","ran446.hdr.35",0.0003563
"446","ran446.hdr.36",-0.0000457900000000004
"446","ran446.hdr.37",-0.00011533
"446","ran446.hdr.38",-0.0010616
"446","ran446.hdr.39",0.0000045761
"446","ran446.hdr.4",-0.01685291
"446","ran446.hdr.40",-0.0076935
"446","ran446.hdr.41",-0.02102894
"446","ran446.hdr.42",-0.000026974
"446","ran446.hdr.43",0.0005877
"446","ran446.hdr.44",-0.0004434
"446","ran446.hdr.45",-0.00119342
"446","ran446.hdr.46",-0.000032588
"446","ran446.hdr.47",-0.0002851
"446","ran446.hdr.48",-0.0000673000000000028
"446","ran446.hdr.49",-0.000643990000000001
"446","ran446.hdr.5",-0.0032373
"446","ran446.hdr.50",0.00029457
"446","ran446.hdr.51",-0.000000799999999999586
"446","ran446.hdr.52",-0.000568100000000002
"446","ran446.hdr.53",-0.0013645
"446","ran446.hdr.54",-0.0010723
"446","ran446.hdr.55",-0.0004198
"446","ran446.hdr.56",0.0000292299999999999
"446","ran446.hdr.57",-0.00289142
"446","ran446.hdr.58",-0.0000586999999999983
"446","ran446.hdr.59",-0.000753399999999998
"446","ran446.hdr.6",-0.0005222
"446","ran446.hdr.60",-0.0004641
"446","ran446.hdr.61",-0.0012684
"446","ran446.hdr.62",0.000632799999999999
"446","ran446.hdr.63",-0.0003894
"446","ran446.hdr.64",0.000824699999999999
"446","ran446.hdr.65",-0.0002284
"446","ran446.hdr.66",-0.0011783
"446","ran446.hdr.67",-0.0000853
"446","ran446.hdr.68",-0.000792399999999999
"446","ran446.hdr.69",0.0000612000000000008
"446","ran446.hdr.7",-0.0003059
"446","ran446.hdr.70",-0.0006633
"446","ran446.hdr.71",-0.0068051
"446","ran446.hdr.72",-0.000935100000000001
"446","ran446.hdr.73",-0.000448899999999999
"446","ran446.hdr.74",-0.0012556
"446","ran446.hdr.75",-0.000432600000000002
"446","ran446.hdr.76",-0.000871300000000002
"446","ran446.hdr.77",-0.001122
"446","ran446.hdr.78",-0.0014428
"446","ran446.hdr.8",-0.000906130000000002
"446","ran446.hdr.9",-0.00023812
"447","ran447.hdr.1",-0.000740699999999999
"447","ran447.hdr.10",-0.00045021
"447","ran447.hdr.11",-0.0000210000000000002
"447","ran447.hdr.12",0.00034144
"447","ran447.hdr.13",-0.000376899999999999
"447","ran447.hdr.14",-0.0002267
"447","ran447.hdr.15",-0.0005673
"447","ran447.hdr.16",-0.0000432000000000002
"447","ran447.hdr.17",-0.00017436
"447","ran447.hdr.18",-0.0012923
"447","ran447.hdr.19",-0.0002013
"447","ran447.hdr.2",-0.0016682
"447","ran447.hdr.20",-0.0011619
"447","ran447.hdr.21",-0.0007122
"447","ran447.hdr.22",-0.0023332
"447","ran447.hdr.23",-0.0010873
"447","ran447.hdr.24",-0.0002991
"447","ran447.hdr.25",-0.00291982
"447","ran447.hdr.26",-0.000759340000000001
"447","ran447.hdr.27",-0.00029554
"447","ran447.hdr.28",-0.00039436
"447","ran447.hdr.29",-0.00026379
"447","ran447.hdr.3",-0.000171609999999999
"447","ran447.hdr.30",-0.000280899999999999
"447","ran447.hdr.31",-0.00069205
"447","ran447.hdr.32",-0.0107692
"447","ran447.hdr.33",-0.0025053
"447","ran447.hdr.34",0.0000193999999999993
"447","ran447.hdr.35",0.0000578999999999996
"447","ran447.hdr.36",-0.0010666
"447","ran447.hdr.37",-0.001022
"447","ran447.hdr.38",0.000242900000000001
"447","ran447.hdr.39",-0.000687
"447","ran447.hdr.4",-0.00000823000000000056
"447","ran447.hdr.40",-0.0000899999999999998
"447","ran447.hdr.41",-0.00087888
"447","ran447.hdr.42",-0.000975
"447","ran447.hdr.43",0.000104199999999999
"447","ran447.hdr.44",-0.0013621
"447","ran447.hdr.45",0.0000270999999999987
"447","ran447.hdr.46",-0.000241100000000001
"447","ran447.hdr.47",-0.000358599999999999
"447","ran447.hdr.48",-0.00041977
"447","ran447.hdr.49",0.000027885
"447","ran447.hdr.5",-0.0014125
"447","ran447.hdr.50",-0.00022498
"447","ran447.hdr.51",0.0001256
"447","ran447.hdr.52",-0.000212
"447","ran447.hdr.53",-0.00000727000000000019
"447","ran447.hdr.54",-0.000238039999999999
"447","ran447.hdr.55",0.0002778
"447","ran447.hdr.56",-0.0000509000000000013
"447","ran447.hdr.58",-0.0000834000000000008
"447","ran447.hdr.59",-0.00029748
"447","ran447.hdr.6",-0.000145270000000001
"447","ran447.hdr.60",-0.00011027
"447","ran447.hdr.61",-0.000728099999999999
"447","ran447.hdr.62",-0.00038507
"447","ran447.hdr.63",-0.0021629
"447","ran447.hdr.64",0.0001358
"447","ran447.hdr.65",0.000190600000000003
"447","ran447.hdr.66",-0.001224
"447","ran447.hdr.67",-0.000944
"447","ran447.hdr.68",-0.000113210000000001
"447","ran447.hdr.69",-0.000282869999999999
"447","ran447.hdr.7",-0.000585499999999999
"447","ran447.hdr.70",-0.0019411
"447","ran447.hdr.71",-0.0003865
"447","ran447.hdr.72",-0.0009818
"447","ran447.hdr.73",-0.00163488
"447","ran447.hdr.74",-0.0003088
"447","ran447.hdr.75",-0.000147399999999999
"447","ran447.hdr.76",-0.000457200000000001
"447","ran447.hdr.77",-0.000766199999999998
"447","ran447.hdr.78",-0.0017177
"447","ran447.hdr.8",-0.00011542
"447","ran447.hdr.9",-0.0001895
"448","ran448.hdr.1",-0.000149890000000001
"448","ran448.hdr.10",0.000234499999999999
"448","ran448.hdr.11",-0.00012632
"448","ran448.hdr.12",-0.0008879
"448","ran448.hdr.13",-0.000376899999999999
"448","ran448.hdr.14",-0.000808199999999999
"448","ran448.hdr.15",-0.0002471
"448","ran448.hdr.16",-0.00047554
"448","ran448.hdr.17",-0.0013661
"448","ran448.hdr.18",-0.000515700000000001
"448","ran448.hdr.19",-0.0013508
"448","ran448.hdr.2",-0.0005246
"448","ran448.hdr.20",-0.0000736000000000001
"448","ran448.hdr.21",-0.00049628
"448","ran448.hdr.22",-0.0001574
"448","ran448.hdr.23",-0.001596
"448","ran448.hdr.24",-0.000668999999999999
"448","ran448.hdr.25",-0.000682600000000002
"448","ran448.hdr.26",0.0001624
"448","ran448.hdr.27",-0.000796499999999999
"448","ran448.hdr.28",-0.0002792
"448","ran448.hdr.29",-0.00019286
"448","ran448.hdr.3",-0.0034482
"448","ran448.hdr.30",-0.000327499999999998
"448","ran448.hdr.31",-0.00017819
"448","ran448.hdr.32",-0.0002773
"448","ran448.hdr.33",-0.0077298
"448","ran448.hdr.34",-0.0000865999999999992
"448","ran448.hdr.35",-0.0051598
"448","ran448.hdr.36",-0.00198339
"448","ran448.hdr.37",-0.000488699999999998
"448","ran448.hdr.38",-0.0023487
"448","ran448.hdr.39",0.000271899999999999
"448","ran448.hdr.4",0.00000720000000000061
"448","ran448.hdr.40",-0.0018523
"448","ran448.hdr.41",-0.0001545
"448","ran448.hdr.42",-0.00015038
"448","ran448.hdr.43",-0.00020889
"448","ran448.hdr.44",0.000206599999999999
"448","ran448.hdr.45",-0.00102067
"448","ran448.hdr.46",-0.0015911
"448","ran448.hdr.47",0.0002582
"448","ran448.hdr.48",-0.0000371
"448","ran448.hdr.49",-0.000464200000000001
"448","ran448.hdr.5",-0.00030613
"448","ran448.hdr.50",-0.000940400000000001
"448","ran448.hdr.51",-0.000749
"448","ran448.hdr.52",-0.000814100000000002
"448","ran448.hdr.53",-0.0004974
"448","ran448.hdr.54",-0.000764300000000002
"448","ran448.hdr.55",-0.0004037
"448","ran448.hdr.56",-0.00030034
"448","ran448.hdr.57",0.0000281999999999999
"448","ran448.hdr.58",-0.00111662
"448","ran448.hdr.59",-0.0004198
"448","ran448.hdr.6",-0.0017379
"448","ran448.hdr.60",-0.0010313
"448","ran448.hdr.61",-0.0000994599999999991
"448","ran448.hdr.62",-0.00023539
"448","ran448.hdr.63",-0.0001002
"448","ran448.hdr.64",-0.0021629
"448","ran448.hdr.65",-0.0005504
"448","ran448.hdr.66",-0.000239799999999998
"448","ran448.hdr.67",-0.000448899999999999
"448","ran448.hdr.68",-0.00740309
"448","ran448.hdr.69",-0.000692700000000001
"448","ran448.hdr.7",-0.0043823
"448","ran448.hdr.70",0.000346899999999999
"448","ran448.hdr.71",0.00013489
"448","ran448.hdr.72",-0.0000212000000000007
"448","ran448.hdr.73",-0.0002818
"448","ran448.hdr.74",-0.000372399999999998
"448","ran448.hdr.75",-0.0015872
"448","ran448.hdr.76",-0.00054307
"448","ran448.hdr.77",-0.0010548
"448","ran448.hdr.78",-0.000802599999999999
"448","ran448.hdr.8",-0.00014336
"448","ran448.hdr.9",-0.00047386
"449","ran449.hdr.1",-0.0004317
"449","ran449.hdr.10",-0.000385
"449","ran449.hdr.11",0.000681399999999999
"449","ran449.hdr.12",0.0000749199999999992
"449","ran449.hdr.13",-0.0012819
"449","ran449.hdr.14",-0.000111799999999999
"449","ran449.hdr.15",-0.00035428
"449","ran449.hdr.16",-0.000867099999999999
"449","ran449.hdr.17",-0.000646799999999999
"449","ran449.hdr.18",-0.000371099999999999
"449","ran449.hdr.19",-0.0010873
"449","ran449.hdr.2",0.0000546000000000001
"449","ran449.hdr.20",0.0000222
"449","ran449.hdr.21",-0.0016281
"449","ran449.hdr.22",-0.0010403
"449","ran449.hdr.23",-0.000468900000000001
"449","ran449.hdr.24",0.000112907
"449","ran449.hdr.25",-0.000119399999999999
"449","ran449.hdr.26",-0.002242
"449","ran449.hdr.27",-0.0035614
"449","ran449.hdr.28",-0.000480399999999999
"449","ran449.hdr.29",-0.0010877
"449","ran449.hdr.3",0.000214480000000001
"449","ran449.hdr.30",-0.000844900000000001
"449","ran449.hdr.31",-0.000409099999999999
"449","ran449.hdr.32",-0.000478900000000001
"449","ran449.hdr.33",-0.0000700600000000003
"449","ran449.hdr.34",0.000235299999999999
"449","ran449.hdr.35",-0.0011052
"449","ran449.hdr.36",-0.0000886700000000001
"449","ran449.hdr.37",-0.0001203
"449","ran449.hdr.38",0.0000540300000000001
"449","ran449.hdr.39",-0.0037192
"449","ran449.hdr.4",-0.0000253999999999983
"449","ran449.hdr.40",-0.00018774
"449","ran449.hdr.41",-0.0001262
"449","ran449.hdr.42",-0.00011256
"449","ran449.hdr.43",-0.000246700000000001
"449","ran449.hdr.44",-0.000034158
"449","ran449.hdr.45",-0.0005222
"449","ran449.hdr.46",0.0000662000000000006
"449","ran449.hdr.47",-0.00057312
"449","ran449.hdr.48",-0.0000593299999999998
"449","ran449.hdr.49",-0.0018136
"449","ran449.hdr.5",-0.00120107
"449","ran449.hdr.50",-0.0000509000000000013
"449","ran449.hdr.51",-0.0010297
"449","ran449.hdr.52",-0.000362299999999999
"449","ran449.hdr.53",-0.0040008
"449","ran449.hdr.54",-0.000217699999999999
"449","ran449.hdr.55",0.000032840000000001
"449","ran449.hdr.58",-0.000753399999999998
"449","ran449.hdr.59",-0.000203699999999999
"449","ran449.hdr.6",-0.000145270000000001
"449","ran449.hdr.60",NA
"449","ran449.hdr.61",-0.011466
"449","ran449.hdr.62",0.000076399999999999
"449","ran449.hdr.63",-0.00024239
"449","ran449.hdr.64",-0.000675199999999997
"449","ran449.hdr.65",0.000051197
"449","ran449.hdr.66",-0.0012091
"449","ran449.hdr.67",-0.001084
"449","ran449.hdr.68",-0.000794200000000002
"449","ran449.hdr.69",-0.000112899999999999
"449","ran449.hdr.7",-0.00039892
"449","ran449.hdr.70",-0.0011431
"449","ran449.hdr.71",-0.000525600000000001
"449","ran449.hdr.72",-0.0010098
"449","ran449.hdr.73",-0.000204899999999999
"449","ran449.hdr.74",-0.0004749
"449","ran449.hdr.75",0.0000356999999999996
"449","ran449.hdr.76",-0.000126299999999999
"449","ran449.hdr.77",-0.0064447
"449","ran449.hdr.78",-0.0025593
"449","ran449.hdr.8",0.000133980000000001
"449","ran449.hdr.9",-0.000320599999999999
"450","ran450.hdr.1",-0.0011152
"450","ran450.hdr.10",-0.000506029999999999
"450","ran450.hdr.11",0.0000517999999999994
"450","ran450.hdr.12",-0.0005968
"450","ran450.hdr.13",-0.000187900000000001
"450","ran450.hdr.14",-0.000612299999999998
"450","ran450.hdr.15",-0.0004899
"450","ran450.hdr.16",-0.0002991
"450","ran450.hdr.17",-0.000207189999999999
"450","ran450.hdr.18",-0.00010709
"450","ran450.hdr.19",0.0000345999999999992
"450","ran450.hdr.2",-0.000849200000000001
"450","ran450.hdr.20",-0.00022523
"450","ran450.hdr.21",-0.0000956499999999999
"450","ran450.hdr.22",-0.000643000000000001
"450","ran450.hdr.23",-0.0019854
"450","ran450.hdr.24",0.000265399999999999
"450","ran450.hdr.25",-0.000590500000000001
"450","ran450.hdr.26",-0.000883700000000001
"450","ran450.hdr.27",-0.000968999999999999
"450","ran450.hdr.28",-0.00012828
"450","ran450.hdr.29",0.000803
"450","ran450.hdr.3",0.00000526999999999993
"450","ran450.hdr.30",-0.0013695
"450","ran450.hdr.31",0.000382199999999999
"450","ran450.hdr.32",-0.000412399999999999
"450","ran450.hdr.33",NA
"450","ran450.hdr.34",-0.0003798
"450","ran450.hdr.35",-0.000530699999999999
"450","ran450.hdr.36",-0.0014594
"450","ran450.hdr.37",0.0006888
"450","ran450.hdr.38",0.0000540300000000001
"450","ran450.hdr.39",-0.000291899999999999
"450","ran450.hdr.4",-0.000393299999999999
"450","ran450.hdr.40",-0.0007194
"450","ran450.hdr.41",-0.000241100000000001
"450","ran450.hdr.42",-0.00065478
"450","ran450.hdr.43",0.0001907
"450","ran450.hdr.44",-0.0000114000000000017
"450","ran450.hdr.45",-0.0002202
"450","ran450.hdr.46",0.0001095
"450","ran450.hdr.47",-0.0000757499999999999
"450","ran450.hdr.48",-0.0001382
"450","ran450.hdr.49",0.000027885
"450","ran450.hdr.5",-0.000232599999999999
"450","ran450.hdr.50",0.0000613000000000002
"450","ran450.hdr.51",0.0000771000000000001
"450","ran450.hdr.52",-0.000413300000000002
"450","ran450.hdr.53",-0.000268079999999999
"450","ran450.hdr.54",-0.000578199999999999
"450","ran450.hdr.56",-0.0004551
"450","ran450.hdr.57",-0.000934999999999998
"450","ran450.hdr.58",-0.000513100000000002
"450","ran450.hdr.59",-0.0003894
"450","ran450.hdr.6",-0.00039314
"450","ran450.hdr.60",0.000452299999999999
"450","ran450.hdr.61",0.00024384
"450","ran450.hdr.62",-0.0006847
"450","ran450.hdr.63",-0.00017358
"450","ran450.hdr.64",-0.000735300000000001
"450","ran450.hdr.65",-0.0012643
"450","ran450.hdr.66",-0.000889800000000001
"450","ran450.hdr.67",0.0000255200000000002
"450","ran450.hdr.68",-0.000347499999999997
"450","ran450.hdr.69",-0.000116
"450","ran450.hdr.7",-0.0005371
"450","ran450.hdr.70",-0.000649899999999998
"450","ran450.hdr.71",-0.000198200000000001
"450","ran450.hdr.72",-0.0022069
"450","ran450.hdr.73",-0.0009914
"450","ran450.hdr.74",-0.0010537
"450","ran450.hdr.75",-0.000894099999999998
"450","ran450.hdr.76",0.00066147
"450","ran450.hdr.77",-0.0003604
"450","ran450.hdr.78",-0.0010028
"450","ran450.hdr.8",-0.000713499999999999
"450","ran450.hdr.9",-0.00014962
"451","ran451.hdr.1",-0.0026949
"451","ran451.hdr.10",-0.000491700000000001
"451","ran451.hdr.11",-0.00047623
"451","ran451.hdr.12",-0.00068641
"451","ran451.hdr.13",-0.00049628
"451","ran451.hdr.14",-0.000187900000000001
"451","ran451.hdr.15",0.00036251
"451","ran451.hdr.16",-0.00041587
"451","ran451.hdr.17",-0.000404499999999999
"451","ran451.hdr.18",-0.001596
"451","ran451.hdr.19",0.0000311999999999986
"451","ran451.hdr.2",-0.000358239999999999
"451","ran451.hdr.20",-0.000533099999999998
"451","ran451.hdr.21",-0.000140599999999999
"451","ran451.hdr.22",-0.0006806
"451","ran451.hdr.23",-0.000481499999999999
"451","ran451.hdr.24",-0.000385699999999999
"451","ran451.hdr.25",-0.00175568
"451","ran451.hdr.26",-0.00014131
"451","ran451.hdr.27",-0.0000851000000000011
"451","ran451.hdr.28",-0.0013929
"451","ran451.hdr.29",-0.0044356
"451","ran451.hdr.3",-0.000892799999999999
"451","ran451.hdr.30",-0.0000631999999999994
"451","ran451.hdr.31",0.000158699999999998
"451","ran451.hdr.32",-0.000135
"451","ran451.hdr.33",-0.000392100000000001
"451","ran451.hdr.34",-0.0013621
"451","ran451.hdr.35",-0.000316800000000001
"451","ran451.hdr.36",0.000377029999999999
"451","ran451.hdr.37",-0.000583299999999998
"451","ran451.hdr.38",-0.0004983
"451","ran451.hdr.39",-0.000543500000000001
"451","ran451.hdr.4",-0.00246744
"451","ran451.hdr.40",-0.0000119000000000005
"451","ran451.hdr.41",-0.0022477
"451","ran451.hdr.42",-0.000946000000000002
"451","ran451.hdr.43",-0.0000446000000000005
"451","ran451.hdr.44",0.000542899999999999
"451","ran451.hdr.45",-0.000514700000000002
"451","ran451.hdr.46",-0.0000979000000000015
"451","ran451.hdr.47",-0.000713800000000001
"451","ran451.hdr.48",-0.000129839
"451","ran451.hdr.49",-0.000263900000000001
"451","ran451.hdr.5",0.00027519
"451","ran451.hdr.50",-0.000821700000000002
"451","ran451.hdr.51",-0.0007171
"451","ran451.hdr.52",-0.000569500000000001
"451","ran451.hdr.53",0.0002778
"451","ran451.hdr.54",-0.000103599999999999
"451","ran451.hdr.55",-0.00029748
"451","ran451.hdr.56",-0.00114221
"451","ran451.hdr.57",-0.00835447
"451","ran451.hdr.58",-0.000556319999999999
"451","ran451.hdr.59",-0.0006847
"451","ran451.hdr.6",-0.00014609
"451","ran451.hdr.60",-0.001971
"451","ran451.hdr.61",-0.00039282
"451","ran451.hdr.62",0.000127700000000001
"451","ran451.hdr.63",-0.0010749
"451","ran451.hdr.64",-0.0016226
"451","ran451.hdr.65",-0.000914999999999999
"451","ran451.hdr.66",-0.000792399999999999
"451","ran451.hdr.67",-0.000822699999999999
"451","ran451.hdr.68",-0.0015557
"451","ran451.hdr.69",-0.006353
"451","ran451.hdr.7",-0.000292249999999999
"451","ran451.hdr.70",-0.0000723060000000001
"451","ran451.hdr.71",-0.0016431
"451","ran451.hdr.72",0.000398200000000001
"451","ran451.hdr.73",-0.0013741
"451","ran451.hdr.74",-0.0011974
"451","ran451.hdr.75",-0.0002612
"451","ran451.hdr.76",-0.0023497
"451","ran451.hdr.77",-0.000100100000000002
"451","ran451.hdr.78",-0.0000290799999999999
"451","ran451.hdr.8",0.00000119999999999981
"451","ran451.hdr.9",-0.000653000000000001
"452","ran452.hdr.1",-0.000740699999999999
"452","ran452.hdr.10",-0.00056426
"452","ran452.hdr.11",-0.000374649999999999
"452","ran452.hdr.12",-0.0003795
"452","ran452.hdr.13",0.0000499000000000003
"452","ran452.hdr.14",-0.000250199999999999
"452","ran452.hdr.15",-0.0001755
"452","ran452.hdr.16",0.000174039999999999
"452","ran452.hdr.17",0.000130460000000001
"452","ran452.hdr.18",-0.00132272
"452","ran452.hdr.19",-0.000249299999999999
"452","ran452.hdr.2",-0.000366200000000001
"452","ran452.hdr.20",-0.0004121
"452","ran452.hdr.21",-0.0000777700000000004
"452","ran452.hdr.22",0.0000737099999999994
"452","ran452.hdr.23",-0.00055319
"452","ran452.hdr.24",-0.0002538
"452","ran452.hdr.25",-0.00023903
"452","ran452.hdr.26",-0.001167
"452","ran452.hdr.27",-0.00000110000000000041
"452","ran452.hdr.28",-0.00035023
"452","ran452.hdr.29",0.00021165
"452","ran452.hdr.3",-0.0012446
"452","ran452.hdr.30",0.0000461000000000003
"452","ran452.hdr.31",-0.0000851000000000011
"452","ran452.hdr.32",0.0002967
"452","ran452.hdr.33",-0.00087039
"452","ran452.hdr.34",-0.000803359999999999
"452","ran452.hdr.35",0.000524899999999998
"452","ran452.hdr.36",-0.000412499999999998
"452","ran452.hdr.37",0.0005106
"452","ran452.hdr.38",-0.000152599999999999
"452","ran452.hdr.39",-0.00017105
"452","ran452.hdr.4",-0.0000321599999999998
"452","ran452.hdr.40",-0.0010173
"452","ran452.hdr.41",-0.000266000000000002
"452","ran452.hdr.42",-0.0013356
"452","ran452.hdr.43",0.0000173000000000013
"452","ran452.hdr.44",-0.0015782
"452","ran452.hdr.45",-0.000755800000000001
"452","ran452.hdr.46",-0.0030178
"452","ran452.hdr.47",-0.00081
"452","ran452.hdr.48",-0.0010202
"452","ran452.hdr.49",-0.0000151000000000005
"452","ran452.hdr.5",-0.0014125
"452","ran452.hdr.50",-0.0016063
"452","ran452.hdr.51",-0.000449600000000001
"452","ran452.hdr.52",-0.000507800000000001
"452","ran452.hdr.53",-0.00539226
"452","ran452.hdr.54",-0.000713800000000001
"452","ran452.hdr.55",-0.000842700000000002
"452","ran452.hdr.56",-0.00021607
"452","ran452.hdr.57",-0.000369599999999999
"452","ran452.hdr.58",-0.0000584000000000001
"452","ran452.hdr.59",-0.000293069999999999
"452","ran452.hdr.6",-0.0056027
"452","ran452.hdr.60",-0.000425699999999999
"452","ran452.hdr.61",-0.000184699999999999
"452","ran452.hdr.62",-0.0041063
"452","ran452.hdr.63",-0.0021686
"452","ran452.hdr.64",-0.00104738
"452","ran452.hdr.65",-0.0035597
"452","ran452.hdr.66",-0.0003435
"452","ran452.hdr.67",-0.000128400000000001
"452","ran452.hdr.68",-0.000607500000000002
"452","ran452.hdr.69",-0.0000695000000000001
"452","ran452.hdr.7",-0.0031043
"452","ran452.hdr.70",0.00046167
"452","ran452.hdr.71",-0.000698500000000001
"452","ran452.hdr.72",0.0000175000000000002
"452","ran452.hdr.73",0.00022582
"452","ran452.hdr.74",-0.0006002
"452","ran452.hdr.75",-0.000389500000000001
"452","ran452.hdr.76",-0.0013741
"452","ran452.hdr.77",-0.000427900000000002
"452","ran452.hdr.78",-0.0013547
"452","ran452.hdr.8",-0.0052846
"452","ran452.hdr.9",-0.001546
"453","ran453.hdr.1",-0.0004633
"453","ran453.hdr.10",-0.000194699999999999
"453","ran453.hdr.11",-0.000393299999999999
"453","ran453.hdr.12",-0.00042711
"453","ran453.hdr.13",-0.000598200000000001
"453","ran453.hdr.14",0.0000112099999999993
"453","ran453.hdr.15",0.0006018
"453","ran453.hdr.16",-0.000327600000000001
"453","ran453.hdr.17",-0.000064207
"453","ran453.hdr.18",-0.0018782
"453","ran453.hdr.19",-0.0017649
"453","ran453.hdr.2",-0.0011152
"453","ran453.hdr.20",-0.000130699999999999
"453","ran453.hdr.21",-0.0016769
"453","ran453.hdr.22",-0.0010694
"453","ran453.hdr.23",-0.000370000000000001
"453","ran453.hdr.24",-0.0015342
"453","ran453.hdr.25",-0.000215999999999999
"453","ran453.hdr.26",-0.000336700000000001
"453","ran453.hdr.27",-0.000468900000000001
"453","ran453.hdr.28",-0.000124190000000001
"453","ran453.hdr.29",-0.00019777
"453","ran453.hdr.3",-0.000115250000000001
"453","ran453.hdr.30",-0.000777899999999998
"453","ran453.hdr.31",-0.0018846
"453","ran453.hdr.32",-0.000469900000000001
"453","ran453.hdr.33",0.0000586000000000024
"453","ran453.hdr.34",-0.00023755
"453","ran453.hdr.35",0.0000670599999999999
"453","ran453.hdr.36",-0.0019089
"453","ran453.hdr.37",0.00001051
"453","ran453.hdr.38",-0.00023078
"453","ran453.hdr.39",-0.000423400000000001
"453","ran453.hdr.4",-0.000481700000000002
"453","ran453.hdr.40",NA
"453","ran453.hdr.41",-0.000316800000000001
"453","ran453.hdr.42",-0.000616299999999997
"453","ran453.hdr.43",-0.00018774
"453","ran453.hdr.44",-0.0009266
"453","ran453.hdr.45",-0.000218300000000001
"453","ran453.hdr.46",0.000442099999999997
"453","ran453.hdr.47",-0.000228000000000001
"453","ran453.hdr.48",-0.000282899999999999
"453","ran453.hdr.49",-0.000092715
"453","ran453.hdr.5",0.000363470000000001
"453","ran453.hdr.50",0.000195099999999998
"453","ran453.hdr.51",-0.000569500000000001
"453","ran453.hdr.52",-0.00037772
"453","ran453.hdr.53",-0.00050305
"453","ran453.hdr.54",-0.00048754
"453","ran453.hdr.55",-0.00021542
"453","ran453.hdr.59",-0.0000994599999999991
"453","ran453.hdr.6",-0.000585499999999999
"453","ran453.hdr.60",-0.0043657
"453","ran453.hdr.61",-0.0022371
"453","ran453.hdr.62",-0.0015428
"453","ran453.hdr.63",-0.0011481
"453","ran453.hdr.64",-0.0010234
"453","ran453.hdr.65",-0.00177708
"453","ran453.hdr.66",-0.00000239999999999962
"453","ran453.hdr.67",-0.00104738
"453","ran453.hdr.68",-0.0014307
"453","ran453.hdr.69",0.000000377899999999999
"453","ran453.hdr.7",0.000152300000000001
"453","ran453.hdr.70",-0.0015961
"453","ran453.hdr.71",-0.0028229
"453","ran453.hdr.72",-0.0000952000000000001
"453","ran453.hdr.73",0.0000275999999999992
"453","ran453.hdr.74",-0.000388300000000001
"453","ran453.hdr.75",-0.0044168
"453","ran453.hdr.76",-0.0014309
"453","ran453.hdr.77",-0.0012827
"453","ran453.hdr.78",0.000378
"453","ran453.hdr.8",0.000488829999999999
"453","ran453.hdr.9",-0.000437670000000001
"454","ran454.hdr.1",0.00045877
"454","ran454.hdr.10",-0.000434459999999999
"454","ran454.hdr.11",0.000417599999999997
"454","ran454.hdr.12",-0.0011143
"454","ran454.hdr.13",-0.0000977999999999986
"454","ran454.hdr.14",-0.0010992
"454","ran454.hdr.15",-0.0001177
"454","ran454.hdr.16",-0.0011179
"454","ran454.hdr.17",-0.000187900000000001
"454","ran454.hdr.18",-0.0000985999999999973
"454","ran454.hdr.19",-0.000167799999999999
"454","ran454.hdr.2",-0.00000500000000000153
"454","ran454.hdr.20",-0.000554499999999999
"454","ran454.hdr.21",-0.0024132
"454","ran454.hdr.22",-0.0014492
"454","ran454.hdr.23",-0.000257510000000001
"454","ran454.hdr.24",-0.00000579400000000005
"454","ran454.hdr.25",0.0000270699999999997
"454","ran454.hdr.26",-0.00267411
"454","ran454.hdr.27",-0.000418709999999999
"454","ran454.hdr.28",-0.0006639
"454","ran454.hdr.29",0.0000737099999999994
"454","ran454.hdr.3",-0.002469
"454","ran454.hdr.30",-0.000453249999999999
"454","ran454.hdr.31",-0.0022818
"454","ran454.hdr.32",-0.0000333999999999994
"454","ran454.hdr.33",-0.0000142300000000005
"454","ran454.hdr.34",-0.000638400000000001
"454","ran454.hdr.35",-0.0001709
"454","ran454.hdr.36",-0.0015247
"454","ran454.hdr.37",-0.0006786
"454","ran454.hdr.38",0.000150899999999999
"454","ran454.hdr.39",-0.000289599999999999
"454","ran454.hdr.4",-0.0109775
"454","ran454.hdr.40",-0.00001509
"454","ran454.hdr.41",-0.0000371
"454","ran454.hdr.42",0.0001724
"454","ran454.hdr.43",-0.0000697999999999983
"454","ran454.hdr.44",-0.00047324
"454","ran454.hdr.45",-0.0010527
"454","ran454.hdr.46",-0.0052927
"454","ran454.hdr.47",-0.0001647
"454","ran454.hdr.48",-0.000299799999999999
"454","ran454.hdr.49",-0.000773900000000001
"454","ran454.hdr.5",-0.0009196
"454","ran454.hdr.50",-0.00022903
"454","ran454.hdr.51",-0.000137699999999999
"454","ran454.hdr.52",0.00026858
"454","ran454.hdr.53",0.00036038
"454","ran454.hdr.54",-0.00018941
"454","ran454.hdr.56",0.000212799999999999
"454","ran454.hdr.57",-0.00023275
"454","ran454.hdr.58",-0.0000546999999999995
"454","ran454.hdr.59",-0.0000330300000000016
"454","ran454.hdr.6",-0.00012632
"454","ran454.hdr.60",0.00000550000000000203
"454","ran454.hdr.61",-0.0011376
"454","ran454.hdr.62",-0.0180869
"454","ran454.hdr.63",-0.00274956
"454","ran454.hdr.64",-0.0010749
"454","ran454.hdr.65",-0.0001876
"454","ran454.hdr.66",-0.0003058
"454","ran454.hdr.67",-0.000112899999999999
"454","ran454.hdr.68",-0.000201800000000002
"454","ran454.hdr.69",-0.0011431
"454","ran454.hdr.7",-0.000204939999999999
"454","ran454.hdr.70",-0.000401100000000001
"454","ran454.hdr.71",-0.0004414
"454","ran454.hdr.72",-0.0009751
"454","ran454.hdr.73",-0.0013741
"454","ran454.hdr.74",-0.000871399999999998
"454","ran454.hdr.75",-0.000586100000000003
"454","ran454.hdr.76",-0.0005749
"454","ran454.hdr.77",-0.00086876
"454","ran454.hdr.78",-0.0003706
"454","ran454.hdr.8",-0.0002828
"454","ran454.hdr.9",-0.00017451
"455","ran455.hdr.1",-0.0029187
"455","ran455.hdr.10",-0.0000411000000000005
"455","ran455.hdr.11",0.00010593
"455","ran455.hdr.12",-0.0000013393
"455","ran455.hdr.13",-0.000405638
"455","ran455.hdr.14",-0.000681099999999999
"455","ran455.hdr.15",-0.0000870999999999997
"455","ran455.hdr.16",-0.000198540000000001
"455","ran455.hdr.17",0.0000449828
"455","ran455.hdr.18",-0.00129969
"455","ran455.hdr.19",-0.000385
"455","ran455.hdr.2",-0.004515
"455","ran455.hdr.20",-0.00026025
"455","ran455.hdr.21",-0.00161496
"455","ran455.hdr.22",-0.0075369
"455","ran455.hdr.23",-0.0010439
"455","ran455.hdr.24",-0.0001128
"455","ran455.hdr.25",-0.0010694
"455","ran455.hdr.26",-0.0017312
"455","ran455.hdr.27",-0.000872700000000001
"455","ran455.hdr.28",-0.0007817
"455","ran455.hdr.29",-0.00005407
"455","ran455.hdr.3",-0.0007992
"455","ran455.hdr.30",-0.0045505
"455","ran455.hdr.31",-0.0008389
"455","ran455.hdr.32",-0.000154699999999999
"455","ran455.hdr.33",-0.00039436
"455","ran455.hdr.34",-0.00084943
"455","ran455.hdr.35",-0.000149719999999999
"455","ran455.hdr.36",-0.000214599999999999
"455","ran455.hdr.37",-0.0014502
"455","ran455.hdr.38",-0.0005801
"455","ran455.hdr.39",-0.000184700000000001
"455","ran455.hdr.4",0.00026852
"455","ran455.hdr.40",-0.000613500000000001
"455","ran455.hdr.41",0.00127
"455","ran455.hdr.42",-0.0011563
"455","ran455.hdr.43",-0.0000750999999999981
"455","ran455.hdr.44",-0.0041082
"455","ran455.hdr.45",0.0000991000000000013
"455","ran455.hdr.46",0.000295299999999998
"455","ran455.hdr.47",-0.00005857
"455","ran455.hdr.48",-0.0000145000000000006
"455","ran455.hdr.49",-0.0000328000000000004
"455","ran455.hdr.5",-0.005769
"455","ran455.hdr.50",0.00021457
"455","ran455.hdr.51",-0.0000673000000000028
"455","ran455.hdr.52",0.000449880000000001
"455","ran455.hdr.53",-0.00027166
"455","ran455.hdr.54",-0.000755800000000001
"455","ran455.hdr.55",-0.0023898
"455","ran455.hdr.56",-0.000842700000000002
"455","ran455.hdr.57",-0.0004037
"455","ran455.hdr.58",0.0000521000000000002
"455","ran455.hdr.59",-0.000586400000000001
"455","ran455.hdr.6",-0.0054452
"455","ran455.hdr.60",-0.000297500000000001
"455","ran455.hdr.61",-0.0004551
"455","ran455.hdr.62",-0.000639499999999998
"455","ran455.hdr.63",0.000031299999999998
"455","ran455.hdr.64",-0.000763170000000001
"455","ran455.hdr.65",-0.0041063
"455","ran455.hdr.66",-0.00194603
"455","ran455.hdr.67",-0.0011402
"455","ran455.hdr.68",-0.00001256
"455","ran455.hdr.69",-0.0010327
"455","ran455.hdr.7",-0.0013722
"455","ran455.hdr.70",-0.000839700000000002
"455","ran455.hdr.71",-0.00179129
"455","ran455.hdr.72",-0.000550200000000001
"455","ran455.hdr.73",0.000268299999999999
"455","ran455.hdr.74",-0.0021382
"455","ran455.hdr.75",-0.0011873
"455","ran455.hdr.76",-0.0013547
"455","ran455.hdr.77",-0.0018348
"455","ran455.hdr.78",-0.0006941
"455","ran455.hdr.8",-0.0051698
"455","ran455.hdr.9",-0.000422980000000001
"456","ran456.hdr.1",-0.000112600000000001
"456","ran456.hdr.10",-0.0023044
"456","ran456.hdr.11",-0.000554099999999998
"456","ran456.hdr.12",-0.00014962
"456","ran456.hdr.13",-0.0001131
"456","ran456.hdr.14",-0.000994360000000001
"456","ran456.hdr.15",-0.000350699999999999
"456","ran456.hdr.16",-0.000864889999999999
"456","ran456.hdr.17",-0.0000387000000000009
"456","ran456.hdr.18",-0.0015418
"456","ran456.hdr.19",-0.00035428
"456","ran456.hdr.2",-0.002469
"456","ran456.hdr.20",-0.0005983
"456","ran456.hdr.21",-0.002734
"456","ran456.hdr.22",-0.0011853
"456","ran456.hdr.23",-0.0024132
"456","ran456.hdr.24",-0.0010804
"456","ran456.hdr.25",-0.00000579400000000005
"456","ran456.hdr.26",-0.0010873
"456","ran456.hdr.27",0.0000553900000000002
"456","ran456.hdr.28",-0.000376700000000001
"456","ran456.hdr.29",-0.00000110000000000041
"456","ran456.hdr.3",0.000402
"456","ran456.hdr.30",0.00021165
"456","ran456.hdr.31",-0.000488699999999998
"456","ran456.hdr.32",-0.001081
"456","ran456.hdr.33",-0.000504299999999999
"456","ran456.hdr.34",-0.000968999999999999
"456","ran456.hdr.35",-0.000757799999999999
"456","ran456.hdr.36",0.00002453
"456","ran456.hdr.37",0.00003065
"456","ran456.hdr.38",-0.00022876
"456","ran456.hdr.39",-0.0000391499999999999
"456","ran456.hdr.4",-0.0007992
"456","ran456.hdr.40",-0.0006558
"456","ran456.hdr.41",0.00013619
"456","ran456.hdr.42",-0.0012106
"456","ran456.hdr.43",-0.002171
"456","ran456.hdr.44",-0.000571099999999998
"456","ran456.hdr.45",-0.0000239999999999997
"456","ran456.hdr.46",-0.000569200000000002
"456","ran456.hdr.47",-0.0016063
"456","ran456.hdr.48",-0.000988299999999998
"456","ran456.hdr.49",-0.00077238
"456","ran456.hdr.5",-0.000617699999999999
"456","ran456.hdr.50",0.000161699999999999
"456","ran456.hdr.51",0.000189099999999999
"456","ran456.hdr.52",-0.000325299999999997
"456","ran456.hdr.53",-0.0003341
"456","ran456.hdr.54",-0.0000856099999999999
"456","ran456.hdr.55",-0.000207300000000001
"456","ran456.hdr.56",-0.00057312
"456","ran456.hdr.57",NA
"456","ran456.hdr.58",-0.000945399999999999
"456","ran456.hdr.59",-0.0009668
"456","ran456.hdr.6",-0.00120107
"456","ran456.hdr.60",-0.0011511
"456","ran456.hdr.61",-0.000103599999999999
"456","ran456.hdr.62",0.00010445
"456","ran456.hdr.63",-0.00050929
"456","ran456.hdr.64",-0.0003331
"456","ran456.hdr.65",0.0003333
"456","ran456.hdr.66",-0.000253400000000001
"456","ran456.hdr.67",-0.001074
"456","ran456.hdr.68",-0.00010847
"456","ran456.hdr.69",-0.00024239
"456","ran456.hdr.7",-0.0036308
"456","ran456.hdr.70",-0.0013776
"456","ran456.hdr.71",-0.000738799999999998
"456","ran456.hdr.72",-0.00015663
"456","ran456.hdr.73",0.0000729100000000007
"456","ran456.hdr.74",-0.0046587
"456","ran456.hdr.75",0.000268500000000001
"456","ran456.hdr.76",-0.00014392
"456","ran456.hdr.77",-0.000871300000000002
"456","ran456.hdr.78",-0.004726
"456","ran456.hdr.8",-0.000585499999999999
"456","ran456.hdr.9",-0.000175700000000001
"457","ran457.hdr.1",0.000127499999999999
"457","ran457.hdr.10",-0.0000556999999999988
"457","ran457.hdr.11",-0.0029382
"457","ran457.hdr.12",-0.000480399999999999
"457","ran457.hdr.13",-0.0004419
"457","ran457.hdr.14",-0.00038711
"457","ran457.hdr.15",-0.0002828
"457","ran457.hdr.16",-0.0000108700000000005
"457","ran457.hdr.17",-0.00000679999999999951
"457","ran457.hdr.18",-0.0003143
"457","ran457.hdr.19",-0.0001224
"457","ran457.hdr.2",-0.000870900000000001
"457","ran457.hdr.20",-0.000799000000000001
"457","ran457.hdr.21",-0.000516000000000001
"457","ran457.hdr.22",-0.00061751
"457","ran457.hdr.23",-0.00049628
"457","ran457.hdr.24",-0.0009639
"457","ran457.hdr.25",-0.000438299999999999
"457","ran457.hdr.26",-0.000847199999999999
"457","ran457.hdr.27",-0.000271739999999999
"457","ran457.hdr.28",-0.0004899
"457","ran457.hdr.29",-0.0001443
"457","ran457.hdr.3",-0.0011965
"457","ran457.hdr.30",-0.00032068
"457","ran457.hdr.31",-0.0007861
"457","ran457.hdr.32",-0.0002523
"457","ran457.hdr.33",-0.0002137
"457","ran457.hdr.34",-0.0000900000000000002
"457","ran457.hdr.35",-0.0011926
"457","ran457.hdr.36",-0.00010709
"457","ran457.hdr.37",-0.00018725
"457","ran457.hdr.38",0.0000905000000000001
"457","ran457.hdr.39",-0.000419800000000001
"457","ran457.hdr.4",-0.000831800000000001
"457","ran457.hdr.40",-0.00022562
"457","ran457.hdr.41",-0.000507800000000001
"457","ran457.hdr.42",-0.0022353
"457","ran457.hdr.43",-0.000982800000000002
"457","ran457.hdr.44",0.000161699999999999
"457","ran457.hdr.45",-0.000436799999999998
"457","ran457.hdr.46",-0.000879130000000001
"457","ran457.hdr.47",-0.00047324
"457","ran457.hdr.48",-0.00027166
"457","ran457.hdr.49",-0.01768098
"457","ran457.hdr.5",-0.000225299999999998
"457","ran457.hdr.50",0.0001022
"457","ran457.hdr.51",-0.00010923
"457","ran457.hdr.52",-0.000932299999999999
"457","ran457.hdr.53",0.0000948199999999998
"457","ran457.hdr.54",-0.00000449999999999995
"457","ran457.hdr.55",-0.000253400000000001
"457","ran457.hdr.56",-0.000753399999999998
"457","ran457.hdr.57",-0.0107924
"457","ran457.hdr.58",-0.0068252
"457","ran457.hdr.59",0.0002951
"457","ran457.hdr.6",-0.000942399999999999
"457","ran457.hdr.60",-0.0014755
"457","ran457.hdr.61",-0.000409900000000001
"457","ran457.hdr.62",-0.0000850799999999995
"457","ran457.hdr.63",-0.000480599999999998
"457","ran457.hdr.64",-0.0016152
"457","ran457.hdr.65",-0.0003058
"457","ran457.hdr.66",-0.0035232
"457","ran457.hdr.67",-0.0021688
"457","ran457.hdr.68",0.0000633999999999982
"457","ran457.hdr.69",-0.0002956
"457","ran457.hdr.7",-0.0116684
"457","ran457.hdr.70",-0.0012699
"457","ran457.hdr.71",-0.0012116
"457","ran457.hdr.72",-0.0017992
"457","ran457.hdr.73",-0.0015872
"457","ran457.hdr.74",-0.0012827
"457","ran457.hdr.75",-0.0064447
"457","ran457.hdr.76",-0.0011574
"457","ran457.hdr.77",-0.0012143
"457","ran457.hdr.78",-0.0005872
"457","ran457.hdr.8",-0.0053473
"457","ran457.hdr.9",-0.00337548
"458","ran458.hdr.1",-0.000401200000000001
"458","ran458.hdr.10",-0.00033508
"458","ran458.hdr.11",-0.0003458
"458","ran458.hdr.12",-0.0006719
"458","ran458.hdr.13",0.000257
"458","ran458.hdr.14",-0.00008435
"458","ran458.hdr.15",-0.00061751
"458","ran458.hdr.16",-0.000570900000000003
"458","ran458.hdr.17",-0.0000896400000000002
"458","ran458.hdr.18",-0.000291369999999999
"458","ran458.hdr.19",-0.0016942
"458","ran458.hdr.2",-0.000571100000000001
"458","ran458.hdr.20",-0.0017674
"458","ran458.hdr.21",-0.000611500000000001
"458","ran458.hdr.22",-0.000595100000000001
"458","ran458.hdr.23",-0.000243729999999999
"458","ran458.hdr.24",-0.000257510000000001
"458","ran458.hdr.25",-0.0004445
"458","ran458.hdr.26",0.0001549743
"458","ran458.hdr.27",0.000162000000000001
"458","ran458.hdr.28",-0.000154699999999999
"458","ran458.hdr.29",-0.00017367
"458","ran458.hdr.3",-0.00041681
"458","ran458.hdr.30",-0.000267669999999999
"458","ran458.hdr.31",-0.0003797
"458","ran458.hdr.32",-0.000507499999999999
"458","ran458.hdr.33",-0.000541900000000001
"458","ran458.hdr.34",-0.0000865999999999992
"458","ran458.hdr.35",-0.000409389999999999
"458","ran458.hdr.36",-0.000590500000000001
"458","ran458.hdr.37",-0.000576900000000002
"458","ran458.hdr.38",-0.0002506
"458","ran458.hdr.39",-0.0006827
"458","ran458.hdr.4",-0.0000713600000000003
"458","ran458.hdr.40",0.0003162
"458","ran458.hdr.41",-0.000399060000000001
"458","ran458.hdr.42",-0.000412399999999999
"458","ran458.hdr.43",-0.0012186
"458","ran458.hdr.44",-0.000584600000000001
"458","ran458.hdr.45",-0.0015247
"458","ran458.hdr.46",-0.0010616
"458","ran458.hdr.47",-0.0022477
"458","ran458.hdr.48",-0.000730900000000001
"458","ran458.hdr.49",-0.00081
"458","ran458.hdr.5",-0.0004828
"458","ran458.hdr.50",-0.0011337
"458","ran458.hdr.51",0.0000530699999999997
"458","ran458.hdr.52",0.0000959300000000001
"458","ran458.hdr.53",-0.0018136
"458","ran458.hdr.54",-0.000914999999999999
"458","ran458.hdr.55",-0.0000256900000000001
"458","ran458.hdr.56",-0.000586400000000001
"458","ran458.hdr.57",0.000139
"458","ran458.hdr.58",-0.00018122
"458","ran458.hdr.59",-0.0010313
"458","ran458.hdr.6",-0.000598200000000001
"458","ran458.hdr.60",-0.0010844
"458","ran458.hdr.62",-0.0001099
"458","ran458.hdr.63",-0.0003339
"458","ran458.hdr.64",-0.0040338
"458","ran458.hdr.65",-0.0033465
"458","ran458.hdr.66",-0.0011457
"458","ran458.hdr.67",-0.000324099999999999
"458","ran458.hdr.68",-0.0005444
"458","ran458.hdr.69",0.00013719
"458","ran458.hdr.7",-0.000753839999999999
"458","ran458.hdr.70",-0.0011892
"458","ran458.hdr.71",0.000228300000000001
"458","ran458.hdr.72",0.000344400000000002
"458","ran458.hdr.73",-0.00006251
"458","ran458.hdr.74",-0.0015712
"458","ran458.hdr.75",-0.0000205499999999994
"458","ran458.hdr.76",-0.00000199999999999853
"458","ran458.hdr.77",-0.000481599999999999
"458","ran458.hdr.78",-0.000766199999999998
"458","ran458.hdr.8",-0.0005673
"458","ran458.hdr.9",-0.000713499999999999
"459","ran459.hdr.1",-0.00163367
"459","ran459.hdr.10",-0.00028705
"459","ran459.hdr.11",-0.0006677
"459","ran459.hdr.12",-0.000954400000000001
"459","ran459.hdr.13",-0.00071959
"459","ran459.hdr.14",-0.0002961
"459","ran459.hdr.15",-0.0001177
"459","ran459.hdr.16",-0.00049628
"459","ran459.hdr.17",-0.0025625
"459","ran459.hdr.18",-0.000506100000000002
"459","ran459.hdr.19",-0.0008182
"459","ran459.hdr.2",-0.0023191
"459","ran459.hdr.20",-0.000518899999999999
"459","ran459.hdr.21",-0.0000660299999999999
"459","ran459.hdr.22",-0.0010873
"459","ran459.hdr.23",-0.00033013
"459","ran459.hdr.24",-0.0002773
"459","ran459.hdr.25",-0.000292629999999999
"459","ran459.hdr.26",-0.0001338
"459","ran459.hdr.27",-0.00017027
"459","ran459.hdr.28",0.0000498999999999999
"459","ran459.hdr.29",-0.000735299999999998
"459","ran459.hdr.3",-0.003143
"459","ran459.hdr.30",-0.0018392
"459","ran459.hdr.31",0.0001508
"459","ran459.hdr.32",-0.0034946
"459","ran459.hdr.33",-0.00045297
"459","ran459.hdr.34",-0.00013875
"459","ran459.hdr.35",-0.00022876
"459","ran459.hdr.36",-0.0005707
"459","ran459.hdr.37",-0.0015749
"459","ran459.hdr.38",-0.000392100000000001
"459","ran459.hdr.39",-0.0000756000000000003
"459","ran459.hdr.4",-0.0037763
"459","ran459.hdr.40",-0.0002167
"459","ran459.hdr.41",-0.000499899999999998
"459","ran459.hdr.42",-0.0017642
"459","ran459.hdr.43",0.000377580000000001
"459","ran459.hdr.44",-0.0000446000000000005
"459","ran459.hdr.45",-0.0027946
"459","ran459.hdr.46",-0.000514700000000002
"459","ran459.hdr.47",-0.0000371
"459","ran459.hdr.48",-0.001384
"459","ran459.hdr.49",0.000188299999999999
"459","ran459.hdr.5",-0.0028274
"459","ran459.hdr.50",-0.000294639999999999
"459","ran459.hdr.51",-0.0000673000000000028
"459","ran459.hdr.52",-0.0000061000000000002
"459","ran459.hdr.53",0.0000959300000000001
"459","ran459.hdr.54",-0.0011173
"459","ran459.hdr.55",-0.0075284
"459","ran459.hdr.56",-0.002475
"459","ran459.hdr.57",-0.0012038
"459","ran459.hdr.58",-0.000551949999999999
"459","ran459.hdr.59",0.0000771000000000001
"459","ran459.hdr.6",-0.00038711
"459","ran459.hdr.60",-0.000568100000000002
"459","ran459.hdr.61",-0.00095777
"459","ran459.hdr.62",-0.000263810000000001
"459","ran459.hdr.63",-0.0015743
"459","ran459.hdr.64",-0.000290100000000001
"459","ran459.hdr.65",-0.001222
"459","ran459.hdr.66",0.0007317
"459","ran459.hdr.67",-0.000404369999999999
"459","ran459.hdr.68",-0.0005761
"459","ran459.hdr.69",-0.0000736999999999995
"459","ran459.hdr.7",-0.000602800000000001
"459","ran459.hdr.70",-0.0001385
"459","ran459.hdr.71",-0.0038792
"459","ran459.hdr.72",0.0000125500000000001
"459","ran459.hdr.73",-0.0006096
"459","ran459.hdr.74",-0.0000953799999999999
"459","ran459.hdr.75",-0.0010139
"459","ran459.hdr.76",-0.0018985
"459","ran459.hdr.77",-0.0004975
"459","ran459.hdr.78",-0.000384199999999999
"459","ran459.hdr.8",-0.000374649999999999
"459","ran459.hdr.9",-0.00066134
"460","ran460.hdr.1",-0.000391299999999997
"460","ran460.hdr.10",-0.0002272
"460","ran460.hdr.11",0.00016477
"460","ran460.hdr.12",-0.00036891
"460","ran460.hdr.13",-0.0005591
"460","ran460.hdr.14",-0.00066134
"460","ran460.hdr.15",-0.0015386
"460","ran460.hdr.16",-0.0016948
"460","ran460.hdr.17",-0.00045021
"460","ran460.hdr.18",-0.00129969
"460","ran460.hdr.19",-0.000327600000000001
"460","ran460.hdr.2",-0.000224699999999998
"460","ran460.hdr.20",-0.0019612
"460","ran460.hdr.21",-0.000651099999999998
"460","ran460.hdr.22",-0.000997100000000001
"460","ran460.hdr.23",-0.0023332
"460","ran460.hdr.24",-0.000273900000000001
"460","ran460.hdr.25",0.0003146
"460","ran460.hdr.26",-0.0007746
"460","ran460.hdr.27",-0.000112000000000001
"460","ran460.hdr.28",-0.00026379
"460","ran460.hdr.29",-0.0000373999999999999
"460","ran460.hdr.3",-0.000481700000000002
"460","ran460.hdr.30",-0.00038817
"460","ran460.hdr.31",-0.00033577
"460","ran460.hdr.32",-0.0029271
"460","ran460.hdr.33",-0.0002734
"460","ran460.hdr.34",-0.000394099999999998
"460","ran460.hdr.35",-0.00087888
"460","ran460.hdr.36",0.0000929999999999993
"460","ran460.hdr.37",0.00028795
"460","ran460.hdr.38",-0.000720200000000001
"460","ran460.hdr.39",-0.0007551
"460","ran460.hdr.4",-0.000870900000000001
"460","ran460.hdr.40",-0.000692699999999999
"460","ran460.hdr.41",-0.0000750999999999981
"460","ran460.hdr.42",-0.0041082
"460","ran460.hdr.43",-0.000514700000000002
"460","ran460.hdr.44",-0.0005872
"460","ran460.hdr.45",-0.0000128000000000003
"460","ran460.hdr.46",-0.000274020000000001
"460","ran460.hdr.47",0.0000367029999999999
"460","ran460.hdr.48",-0.0018136
"460","ran460.hdr.49",-0.00074359
"460","ran460.hdr.5",-0.000160799999999999
"460","ran460.hdr.50",-0.000814100000000002
"460","ran460.hdr.51",-0.000914999999999999
"460","ran460.hdr.52",-0.00933948
"460","ran460.hdr.53",-0.0047786
"460","ran460.hdr.54",-0.0010636
"460","ran460.hdr.55",0.000001137
"460","ran460.hdr.56",-0.00029272
"460","ran460.hdr.57",-0.000103599999999999
"460","ran460.hdr.58",0.00018271
"460","ran460.hdr.59",-0.001074
"460","ran460.hdr.6",-0.0033457
"460","ran460.hdr.62",-0.0020265
"460","ran460.hdr.63",-0.000117300000000001
"460","ran460.hdr.64",-0.0000567999999999992
"460","ran460.hdr.65",-0.000455400000000002
"460","ran460.hdr.66",0.000270800000000002
"460","ran460.hdr.67",-0.0003021
"460","ran460.hdr.68",-0.0013204
"460","ran460.hdr.69",-0.000290670000000001
"460","ran460.hdr.7",-0.0048653
"460","ran460.hdr.70",-0.00059999
"460","ran460.hdr.71",-0.0009037
"460","ran460.hdr.72",-0.000546100000000001
"460","ran460.hdr.73",-0.000871399999999998
"460","ran460.hdr.74",-0.0017992
"460","ran460.hdr.75",-0.000348569999999999
"460","ran460.hdr.76",-0.0011974
"460","ran460.hdr.77",-0.0003706
"460","ran460.hdr.78",-0.0014027
"460","ran460.hdr.8",-0.0053473
"460","ran460.hdr.9",-0.00061467
"461","ran461.hdr.1",-0.0015948
"461","ran461.hdr.10",-0.0000108700000000005
"461","ran461.hdr.11",-0.000422799999999999
"461","ran461.hdr.12",-0.0000116999999999999
"461","ran461.hdr.13",0.000166899999999999
"461","ran461.hdr.14",-0.0000712300000000003
"461","ran461.hdr.15",-0.000516000000000001
"461","ran461.hdr.16",0.0002384
"461","ran461.hdr.17",-0.0009639
"461","ran461.hdr.18",-0.0039813
"461","ran461.hdr.19",-0.0012963
"461","ran461.hdr.2",-0.000637099999999998
"461","ran461.hdr.20",-0.000369699999999999
"461","ran461.hdr.21",-0.0012522
"461","ran461.hdr.22",0.0000750999999999998
"461","ran461.hdr.23",-0.0000794999999999997
"461","ran461.hdr.24",0.000259200000000001
"461","ran461.hdr.25",-0.0006158
"461","ran461.hdr.26",-0.0025984
"461","ran461.hdr.27",-0.000277900000000001
"461","ran461.hdr.28",-0.00018774
"461","ran461.hdr.29",-0.000413999999999999
"461","ran461.hdr.3",-0.0056027
"461","ran461.hdr.30",0.0002967
"461","ran461.hdr.31",-0.000000260000000000191
"461","ran461.hdr.32",-0.000115799999999999
"461","ran461.hdr.33",-0.0018523
"461","ran461.hdr.34",-0.000507200000000003
"461","ran461.hdr.35",NA
"461","ran461.hdr.36",-0.0002614
"461","ran461.hdr.37",-0.001986
"461","ran461.hdr.38",-0.0012739
"461","ran461.hdr.39",0.000377029999999999
"461","ran461.hdr.4",-0.0035328
"461","ran461.hdr.40",-0.0026491
"461","ran461.hdr.41",0.0001957
"461","ran461.hdr.42",-0.00025843
"461","ran461.hdr.43",-0.00028967
"461","ran461.hdr.44",-0.0022656
"461","ran461.hdr.45",-0.000218300000000001
"461","ran461.hdr.46",-0.0158568
"461","ran461.hdr.47",-0.004512
"461","ran461.hdr.48",-0.000026974
"461","ran461.hdr.49",-0.00017032
"461","ran461.hdr.5",-0.000236699999999999
"461","ran461.hdr.50",-0.00020646
"461","ran461.hdr.51",-0.00016597
"461","ran461.hdr.52",-0.000435700000000001
"461","ran461.hdr.53",-0.0006619
"461","ran461.hdr.54",-0.00047522
"461","ran461.hdr.55",-0.000313299999999999
"461","ran461.hdr.56",-0.0003833
"461","ran461.hdr.59",-0.000753399999999998
"461","ran461.hdr.6",-0.00033059
"461","ran461.hdr.60",0.000103800000000001
"461","ran461.hdr.61",-0.00017403
"461","ran461.hdr.62",-0.000477600000000002
"461","ran461.hdr.63",-0.0010508
"461","ran461.hdr.64",-0.011466
"461","ran461.hdr.65",-0.0107924
"461","ran461.hdr.66",-0.0011457
"461","ran461.hdr.67",0.00044483
"461","ran461.hdr.68",0.000404499999999999
"461","ran461.hdr.69",-0.000589599999999999
"461","ran461.hdr.7",-0.000128
"461","ran461.hdr.70",0.000270800000000002
"461","ran461.hdr.71",-0.0000107999999999983
"461","ran461.hdr.72",0.0003701
"461","ran461.hdr.73",-0.0016673
"461","ran461.hdr.74",-0.000794900000000001
"461","ran461.hdr.75",0.00002271
"461","ran461.hdr.76",-0.000447400000000001
"461","ran461.hdr.77",-0.000498099999999998
"461","ran461.hdr.78",-0.00028371
"461","ran461.hdr.8",-0.00045217
"461","ran461.hdr.9",-0.000438800000000001
"462","ran462.hdr.1",-0.000195000000000001
"462","ran462.hdr.10",-0.000824699999999999
"462","ran462.hdr.11",-0.0003458
"462","ran462.hdr.12",-0.000262800000000001
"462","ran462.hdr.13",-0.000785500000000001
"462","ran462.hdr.14",-0.0012923
"462","ran462.hdr.15",-0.0018782
"462","ran462.hdr.16",-0.00025741
"462","ran462.hdr.17",-0.000233300000000002
"462","ran462.hdr.18",-0.0000187
"462","ran462.hdr.19",-0.0005322
"462","ran462.hdr.2",0.0001508
"462","ran462.hdr.20",-0.0003961
"462","ran462.hdr.21",0.00000329999999999948
"462","ran462.hdr.22",-0.00031687
"462","ran462.hdr.23",-0.0005906
"462","ran462.hdr.24",0.0000334200000000002
"462","ran462.hdr.25",-0.0002792
"462","ran462.hdr.26",-0.0045794
"462","ran462.hdr.27",-0.0004364
"462","ran462.hdr.28",0.000162800000000001
"462","ran462.hdr.29",-0.0006201
"462","ran462.hdr.3",0.000023602
"462","ran462.hdr.30",-0.00055319
"462","ran462.hdr.31",0.000149639999999999
"462","ran462.hdr.32",-0.0000914000000000002
"462","ran462.hdr.33",-0.000830900000000002
"462","ran462.hdr.34",-0.0000774399999999998
"462","ran462.hdr.35",-0.0034946
"462","ran462.hdr.36",-0.00106
"462","ran462.hdr.37",0.000069399999999999
"462","ran462.hdr.38",-0.000803359999999999
"462","ran462.hdr.39",-0.0005269
"462","ran462.hdr.4",-0.0016421
"462","ran462.hdr.40",-0.0011052
"462","ran462.hdr.41",-0.000722799999999999
"462","ran462.hdr.42",-0.000753500000000001
"462","ran462.hdr.43",-0.0011599
"462","ran462.hdr.44",-0.0006657
"462","ran462.hdr.45",-0.0015836
"462","ran462.hdr.46",-0.000298000000000001
"462","ran462.hdr.47",-0.0003967
"462","ran462.hdr.48",-0.0022371
"462","ran462.hdr.49",0.0000683999999999997
"462","ran462.hdr.5",-0.000906130000000002
"462","ran462.hdr.50",0.0004516
"462","ran462.hdr.51",-0.000231500000000003
"462","ran462.hdr.52",-0.0000823899999999999
"462","ran462.hdr.53",-0.00077464
"462","ran462.hdr.54",-0.0072374
"462","ran462.hdr.55",-0.00022893
"462","ran462.hdr.56",-0.00047522
"462","ran462.hdr.57",-0.00016635
"462","ran462.hdr.58",-0.000588982
"462","ran462.hdr.59",-0.0007711
"462","ran462.hdr.6",-0.0010609
"462","ran462.hdr.60",-0.000999000000000003
"462","ran462.hdr.61",-0.0004576
"462","ran462.hdr.62",-0.0012634
"462","ran462.hdr.63",-0.000706399999999999
"462","ran462.hdr.64",0.000413299999999998
"462","ran462.hdr.65",-0.0041063
"462","ran462.hdr.66",-0.0029365
"462","ran462.hdr.67",-0.000147969999999999
"462","ran462.hdr.68",-0.0006094
"462","ran462.hdr.69",-0.0005631
"462","ran462.hdr.7",-0.00030618
"462","ran462.hdr.70",-0.0039875
"462","ran462.hdr.71",-0.0000952000000000001
"462","ran462.hdr.72",-0.0010284
"462","ran462.hdr.73",-0.00038061
"462","ran462.hdr.74",-0.000877200000000002
"462","ran462.hdr.75",-0.000369599999999999
"462","ran462.hdr.76",-0.000358600000000001
"462","ran462.hdr.77",-0.0020758
"462","ran462.hdr.78",-0.000578
"462","ran462.hdr.8",-0.000320599999999999
"462","ran462.hdr.9",-0.000725689999999999
"463","ran463.hdr.1",-0.000282899999999999
"463","ran463.hdr.10",-0.000437670000000001
"463","ran463.hdr.11",-0.0003795
"463","ran463.hdr.12",-0.00016992
"463","ran463.hdr.13",-0.000323499999999999
"463","ran463.hdr.14",0.0001871
"463","ran463.hdr.15",-0.00036672
"463","ran463.hdr.16",-0.000725689999999999
"463","ran463.hdr.17",-0.000785500000000001
"463","ran463.hdr.18",-0.000799000000000001
"463","ran463.hdr.19",-0.0011929
"463","ran463.hdr.2",-0.0001323
"463","ran463.hdr.20",-0.0013259
"463","ran463.hdr.21",-0.0033496
"463","ran463.hdr.22",-0.0012838
"463","ran463.hdr.23",-0.0015342
"463","ran463.hdr.24",-0.000435399999999999
"463","ran463.hdr.25",0.0000328100000000012
"463","ran463.hdr.26",0.0001549743
"463","ran463.hdr.27",-0.00279535
"463","ran463.hdr.28",-0.000382199999999999
"463","ran463.hdr.29",-0.0000626000000000012
"463","ran463.hdr.3",-0.0037976
"463","ran463.hdr.30",-0.000280899999999999
"463","ran463.hdr.31",-0.00016025
"463","ran463.hdr.32",-0.0000956499999999999
"463","ran463.hdr.33",-0.0017763
"463","ran463.hdr.34",-0.0025053
"463","ran463.hdr.35",-0.00000849999999999983
"463","ran463.hdr.36",-0.0018962
"463","ran463.hdr.37",-0.0019089
"463","ran463.hdr.38",-0.00013875
"463","ran463.hdr.39",-0.000274
"463","ran463.hdr.4",-0.0066937
"463","ran463.hdr.40",-0.0015749
"463","ran463.hdr.41",-0.0012739
"463","ran463.hdr.42",-0.0003076
"463","ran463.hdr.43",-0.0010777
"463","ran463.hdr.44",-0.000735400000000001
"463","ran463.hdr.45",0.000197900000000001
"463","ran463.hdr.46",-0.000473299999999999
"463","ran463.hdr.47",-0.0000823899999999999
"463","ran463.hdr.48",-0.0083612
"463","ran463.hdr.49",-0.00037772
"463","ran463.hdr.5",-0.0043666
"463","ran463.hdr.50",0.0001499
"463","ran463.hdr.51",-0.00024603
"463","ran463.hdr.52",-0.00155443
"463","ran463.hdr.53",-0.0003331
"463","ran463.hdr.54",-0.000697900000000001
"463","ran463.hdr.55",-0.0040008
"463","ran463.hdr.56",-0.0000834000000000008
"463","ran463.hdr.57",-0.000425699999999999
"463","ran463.hdr.58",0.000129292
"463","ran463.hdr.59",-0.000337039999999999
"463","ran463.hdr.6",-0.00044229
"463","ran463.hdr.60",-0.0180869
"463","ran463.hdr.61",-0.00194603
"463","ran463.hdr.62",-0.0002716
"463","ran463.hdr.63",-0.0000189999999999999
"463","ran463.hdr.64",-0.00000239999999999962
"463","ran463.hdr.65",-0.0029365
"463","ran463.hdr.66",-0.0017715
"463","ran463.hdr.67",-0.0035597
"463","ran463.hdr.68",-0.0023436
"463","ran463.hdr.69",-0.00367323
"463","ran463.hdr.7",-0.00042476
"463","ran463.hdr.70",-0.0008821
"463","ran463.hdr.71",-0.000889800000000001
"463","ran463.hdr.72",-0.000825300000000001
"463","ran463.hdr.73",-0.0011988
"463","ran463.hdr.74",-0.0000832999999999997
"463","ran463.hdr.75",-0.000365400000000002
"463","ran463.hdr.76",-0.000908300000000001
"463","ran463.hdr.77",-0.000821260000000001
"463","ran463.hdr.78",-0.000678990000000001
"463","ran463.hdr.8",-0.000409400000000001
"463","ran463.hdr.9",-0.0003003
"464","ran464.hdr.1",0.0000845999999999989
"464","ran464.hdr.10",-0.000399699999999999
"464","ran464.hdr.11",-0.0000950400000000011
"464","ran464.hdr.12",-0.00065658
"464","ran464.hdr.13",-0.000625899999999999
"464","ran464.hdr.14",-0.000954400000000001
"464","ran464.hdr.15",-0.0000970999999999993
"464","ran464.hdr.16",-0.000359400000000001
"464","ran464.hdr.17",-0.0010596
"464","ran464.hdr.18",-0.00047309
"464","ran464.hdr.19",-0.0003148
"464","ran464.hdr.2",-0.00109022
"464","ran464.hdr.20",NA
"464","ran464.hdr.21",-0.0010173
"464","ran464.hdr.22",-0.00041473
"464","ran464.hdr.23",0.000240199999999999
"464","ran464.hdr.24",-0.0010873
"464","ran464.hdr.25",-0.000551599999999999
"464","ran464.hdr.26",-0.0024132
"464","ran464.hdr.27",-0.0024928
"464","ran464.hdr.28",-0.0113291
"464","ran464.hdr.29",-0.00084943
"464","ran464.hdr.3",-0.0011761
"464","ran464.hdr.30",-0.000156699999999999
"464","ran464.hdr.31",-0.000541900000000001
"464","ran464.hdr.32",-0.000572599999999999
"464","ran464.hdr.33",0.000114
"464","ran464.hdr.34",-0.0018962
"464","ran464.hdr.35",-0.0000429300000000001
"464","ran464.hdr.36",-0.0013621
"464","ran464.hdr.37",-0.000316800000000001
"464","ran464.hdr.38",-0.00000360000000000291
"464","ran464.hdr.39",-0.000464300000000001
"464","ran464.hdr.4",-0.0033457
"464","ran464.hdr.40",-0.00000561000000000008
"464","ran464.hdr.41",-0.000793800000000001
"464","ran464.hdr.42",-0.002171
"464","ran464.hdr.43",-0.0001607
"464","ran464.hdr.44",-0.000710199999999999
"464","ran464.hdr.45",-0.0022353
"464","ran464.hdr.46",-0.0000114000000000017
"464","ran464.hdr.47",-0.00071791
"464","ran464.hdr.48",-0.00119342
"464","ran464.hdr.49",-0.000315939999999999
"464","ran464.hdr.5",NA
"464","ran464.hdr.50",0.00023711
"464","ran464.hdr.51",-0.0020487
"464","ran464.hdr.52",-0.00021607
"464","ran464.hdr.53",-0.00031891
"464","ran464.hdr.54",0.000133553
"464","ran464.hdr.55",-0.00013051
"464","ran464.hdr.56",-0.000106240000000001
"464","ran464.hdr.58",-0.000694199999999999
"464","ran464.hdr.59",-0.000683399999999997
"464","ran464.hdr.6",-0.0006642
"464","ran464.hdr.60",0.000328200000000001
"464","ran464.hdr.61",-0.0000835000000000002
"464","ran464.hdr.62",-0.0011481
"464","ran464.hdr.63",-0.0107924
"464","ran464.hdr.64",-0.0000438000000000001
"464","ran464.hdr.65",-0.000557700000000001
"464","ran464.hdr.66",-0.0002284
"464","ran464.hdr.67",-0.000959399999999999
"464","ran464.hdr.68",-0.0012643
"464","ran464.hdr.69",-0.00048136
"464","ran464.hdr.7",-0.0009067
"464","ran464.hdr.70",0.000346899999999999
"464","ran464.hdr.71",-0.000890599999999998
"464","ran464.hdr.72",NA
"464","ran464.hdr.73",-0.000798899999999998
"464","ran464.hdr.74",0.000151800000000001
"464","ran464.hdr.75",-0.0005033
"464","ran464.hdr.76",-0.000586100000000003
"464","ran464.hdr.77",-0.000748700000000001
"464","ran464.hdr.78",-0.000548699999999999
"464","ran464.hdr.8",-0.00018093
"464","ran464.hdr.9",-0.000198540000000001
"465","ran465.hdr.1",-0.000166100000000002
"465","ran465.hdr.10",-0.000808199999999999
"465","ran465.hdr.11",-0.000539240000000002
"465","ran465.hdr.12",-0.00017436
"465","ran465.hdr.13",-0.0013508
"465","ran465.hdr.14",-0.0002961
"465","ran465.hdr.15",-0.000136260000000001
"465","ran465.hdr.16",-0.000354199999999999
"465","ran465.hdr.17",-0.000163999999999999
"465","ran465.hdr.18",-0.0000383099999999997
"465","ran465.hdr.19",-0.000598599999999998
"465","ran465.hdr.2",-0.00131489
"465","ran465.hdr.20",-0.000616499999999999
"465","ran465.hdr.21",-0.00001505
"465","ran465.hdr.22",-0.00022216
"465","ran465.hdr.23",-0.0006008
"465","ran465.hdr.24",-0.000336700000000001
"465","ran465.hdr.25",-0.000207189999999999
"465","ran465.hdr.26",-0.000284799999999998
"465","ran465.hdr.27",-0.00175568
"465","ran465.hdr.28",0.0000788999999999998
"465","ran465.hdr.29",-0.000450470000000001
"465","ran465.hdr.3",-0.000149890000000001
"465","ran465.hdr.30",0.0004048
"465","ran465.hdr.31",-0.0002793
"465","ran465.hdr.32",0.0002477
"465","ran465.hdr.33",-0.0010093
"465","ran465.hdr.34",-0.0017371
"465","ran465.hdr.35",-0.00045297
"465","ran465.hdr.36",0.0000735600000000003
"465","ran465.hdr.37",NA
"465","ran465.hdr.38",-0.0003798
"465","ran465.hdr.39",-0.000463499999999999
"465","ran465.hdr.4",-0.000617699999999999
"465","ran465.hdr.40",0.0006888
"465","ran465.hdr.41",0.000357900000000001
"465","ran465.hdr.42",-0.0026491
"465","ran465.hdr.43",-0.0002167
"465","ran465.hdr.44",0.000308000000000003
"465","ran465.hdr.45",0.0003374
"465","ran465.hdr.46",-0.0010202
"465","ran465.hdr.47",-0.0027946
"465","ran465.hdr.48",-0.0002082
"465","ran465.hdr.49",-0.000175950000000001
"465","ran465.hdr.5",-0.0028486
"465","ran465.hdr.50",-0.0005042
"465","ran465.hdr.51",-0.0010822
"465","ran465.hdr.52",-0.000586400000000001
"465","ran465.hdr.53",-0.00022893
"465","ran465.hdr.54",-0.0006508
"465","ran465.hdr.55",-0.000787200000000002
"465","ran465.hdr.57",-0.0004551
"465","ran465.hdr.58",-0.0015743
"465","ran465.hdr.59",0.00042771
"465","ran465.hdr.6",-0.0040521
"465","ran465.hdr.60",-0.0003154
"465","ran465.hdr.61",-0.0006961
"465","ran465.hdr.62",-0.0029365
"465","ran465.hdr.63",-0.0011074
"465","ran465.hdr.64",-0.00037024
"465","ran465.hdr.65",-0.00045068
"465","ran465.hdr.66",-0.000361200000000001
"465","ran465.hdr.67",-0.000836699999999999
"465","ran465.hdr.68",-0.000834999999999999
"465","ran465.hdr.69",-0.0000134000000000002
"465","ran465.hdr.7",-0.000537139999999999
"465","ran465.hdr.70",0.0003259
"465","ran465.hdr.71",-0.000428600000000001
"465","ran465.hdr.72",0.000268500000000001
"465","ran465.hdr.73",-0.0012137
"465","ran465.hdr.74",-0.0002559
"465","ran465.hdr.75",-0.000299900000000001
"465","ran465.hdr.76",-0.0023484
"465","ran465.hdr.77",-0.0057067
"465","ran465.hdr.78",-0.000314699999999999
"465","ran465.hdr.8",-0.00038711
"465","ran465.hdr.9",-0.00031262
"466","ran466.hdr.1",-0.0009493
"466","ran466.hdr.10",-0.000063007
"466","ran466.hdr.11",-0.000177700000000001
"466","ran466.hdr.12",-0.00014336
"466","ran466.hdr.13",-0.0010609
"466","ran466.hdr.14",-0.0005591
"466","ran466.hdr.15",-0.000309469999999999
"466","ran466.hdr.16",-0.000721199999999998
"466","ran466.hdr.17",-0.00019689
"466","ran466.hdr.18",-0.0000970999999999993
"466","ran466.hdr.19",-0.000824699999999999
"466","ran466.hdr.2",-0.00131489
"466","ran466.hdr.20",-0.000840899999999999
"466","ran466.hdr.21",-0.0013259
"466","ran466.hdr.22",-0.00020936
"466","ran466.hdr.23",-0.000948300000000003
"466","ran466.hdr.24",-0.0014047
"466","ran466.hdr.25",-0.0023332
"466","ran466.hdr.26",-0.0010563
"466","ran466.hdr.27",0.000147099999999999
"466","ran466.hdr.28",-0.00052088
"466","ran466.hdr.29",-0.000429799999999999
"466","ran466.hdr.3",-0.000373100000000001
"466","ran466.hdr.30",-0.00044134
"466","ran466.hdr.31",0.000720500000000002
"466","ran466.hdr.32",-0.000359199999999999
"466","ran466.hdr.33",0.000114
"466","ran466.hdr.34",-0.00015038
"466","ran466.hdr.35",-0.0007055
"466","ran466.hdr.36",-0.000429500000000003
"466","ran466.hdr.37",-0.0011599
"466","ran466.hdr.38",-0.000402600000000001
"466","ran466.hdr.39",-0.00057255
"466","ran466.hdr.4",-0.0016743
"466","ran466.hdr.40",0.0003424
"466","ran466.hdr.41",0.0000551000000000024
"466","ran466.hdr.42",-0.000023311
"466","ran466.hdr.43",-0.00077238
"466","ran466.hdr.44",-0.000437399999999998
"466","ran466.hdr.45",0.0000134999999999996
"466","ran466.hdr.46",-0.000764300000000002
"466","ran466.hdr.47",0.00028793
"466","ran466.hdr.48",-0.0000283000000000002
"466","ran466.hdr.49",-0.0000833800000000001
"466","ran466.hdr.5",-0.0018301
"466","ran466.hdr.50",0.00008457
"466","ran466.hdr.52",-0.0013724
"466","ran466.hdr.53",-0.000102300000000001
"466","ran466.hdr.54",-0.00012652
"466","ran466.hdr.55",-0.0017637
"466","ran466.hdr.56",-0.000403400000000002
"466","ran466.hdr.57",-0.0020934
"466","ran466.hdr.58",-0.000763170000000001
"466","ran466.hdr.59",-0.00133806
"466","ran466.hdr.6",-0.000621999999999998
"466","ran466.hdr.60",0.0000100400000000002
"466","ran466.hdr.61",-0.000675199999999997
"466","ran466.hdr.62",-0.0021686
"466","ran466.hdr.63",-0.0016226
"466","ran466.hdr.64",-0.0014307
"466","ran466.hdr.65",-0.0016152
"466","ran466.hdr.66",-0.0003058
"466","ran466.hdr.67",-0.00672884
"466","ran466.hdr.68",-0.0096339
"466","ran466.hdr.69",-0.0013312
"466","ran466.hdr.7",NA
"466","ran466.hdr.70",-0.0003088
"466","ran466.hdr.71",-0.000744399999999999
"466","ran466.hdr.72",-0.000282660000000001
"466","ran466.hdr.73",0.0000125500000000001
"466","ran466.hdr.74",-0.000126299999999999
"466","ran466.hdr.75",-0.0012827
"466","ran466.hdr.76",-0.000325500000000001
"466","ran466.hdr.77",-0.000688999999999999
"466","ran466.hdr.78",0.0000916000000000007
"466","ran466.hdr.8",-0.0013379
"466","ran466.hdr.9",0.000186599999999999
"467","ran467.hdr.1",-0.00100715
"467","ran467.hdr.10",-0.0011219
"467","ran467.hdr.11",-0.000653000000000001
"467","ran467.hdr.12",0.000087499999999999
"467","ran467.hdr.13",-0.000399699999999999
"467","ran467.hdr.14",-0.00025135
"467","ran467.hdr.15",-0.000312800000000001
"467","ran467.hdr.16",-0.0003143
"467","ran467.hdr.17",-0.0005171
"467","ran467.hdr.18",-0.000988359999999999
"467","ran467.hdr.19",-0.0008974
"467","ran467.hdr.2",-0.0016682
"467","ran467.hdr.20",-0.000911199999999997
"467","ran467.hdr.21",-0.0018782
"467","ran467.hdr.22",-0.000657499999999998
"467","ran467.hdr.23",-0.000847199999999999
"467","ran467.hdr.24",-0.001596
"467","ran467.hdr.25",-0.0033568
"467","ran467.hdr.26",-0.00158129
"467","ran467.hdr.27",-0.00010883
"467","ran467.hdr.28",-0.000557599999999998
"467","ran467.hdr.29",-0.00014837
"467","ran467.hdr.3",-0.0022515
"467","ran467.hdr.30",-0.00035699
"467","ran467.hdr.31",-0.00018017
"467","ran467.hdr.32",0.0000788999999999998
"467","ran467.hdr.33",-0.0014576
"467","ran467.hdr.34",-0.0011573
"467","ran467.hdr.35",-0.00020333
"467","ran467.hdr.36",-0.00013584
"467","ran467.hdr.37",-0.000399060000000001
"467","ran467.hdr.38",-0.0003937
"467","ran467.hdr.39",-0.0002614
"467","ran467.hdr.4",-0.000892799999999999
"467","ran467.hdr.40",-0.0004679
"467","ran467.hdr.41",-0.0006108
"467","ran467.hdr.42",-0.00081
"467","ran467.hdr.43",0.0003374
"467","ran467.hdr.44",-0.0003823
"467","ran467.hdr.45",-0.000127200000000001
"467","ran467.hdr.46",-0.0014997
"467","ran467.hdr.47",-0.0073875
"467","ran467.hdr.48",0.0003067
"467","ran467.hdr.49",-0.000198799999999999
"467","ran467.hdr.5",-0.002828
"467","ran467.hdr.50",0.000137
"467","ran467.hdr.51",0.0000662000000000006
"467","ran467.hdr.52",0.0000792999999999992
"467","ran467.hdr.53",-0.0019361
"467","ran467.hdr.54",-0.0127222
"467","ran467.hdr.55",-0.00003125
"467","ran467.hdr.56",-0.000366499999999999
"467","ran467.hdr.57",-0.000586400000000001
"467","ran467.hdr.58",-0.00026482
"467","ran467.hdr.59",-0.000796399999999999
"467","ran467.hdr.6",-0.0009196
"467","ran467.hdr.62",-0.000492100000000002
"467","ran467.hdr.63",-0.0000994599999999991
"467","ran467.hdr.64",0.000136550000000001
"467","ran467.hdr.65",-0.000934999999999998
"467","ran467.hdr.66",-0.00038507
"467","ran467.hdr.67",-0.000534000000000001
"467","ran467.hdr.68",-0.00082019
"467","ran467.hdr.69",0.0008398
"467","ran467.hdr.7",-0.00044229
"467","ran467.hdr.70",-0.00274956
"467","ran467.hdr.71",-0.0023928
"467","ran467.hdr.72",-0.000112899999999999
"467","ran467.hdr.73",0.000951799999999999
"467","ran467.hdr.74",-0.000700800000000001
"467","ran467.hdr.75",-0.0003493
"467","ran467.hdr.76",-0.0037745
"467","ran467.hdr.77",-0.000231200000000001
"467","ran467.hdr.78",-0.0023497
"467","ran467.hdr.8",-0.0000268000000000004
"467","ran467.hdr.9",-0.000571100000000001
"468","ran468.hdr.1",-0.000142300000000001
"468","ran468.hdr.10",0.0003189
"468","ran468.hdr.11",-0.0000013393
"468","ran468.hdr.12",-0.0000849000000000006
"468","ran468.hdr.13",-0.0004828
"468","ran468.hdr.14",-0.000625899999999999
"468","ran468.hdr.15",-0.000113727
"468","ran468.hdr.16",0.0000675200000000006
"468","ran468.hdr.17",-0.000212299999999999
"468","ran468.hdr.18",-0.00015777
"468","ran468.hdr.19",-0.0016769
"468","ran468.hdr.2",0.00000133999999999985
"468","ran468.hdr.20",-0.0033496
"468","ran468.hdr.21",-0.0011003
"468","ran468.hdr.22",-0.0011183
"468","ran468.hdr.23",-0.000248499999999999
"468","ran468.hdr.24",NA
"468","ran468.hdr.25",-0.000336700000000001
"468","ran468.hdr.26",-0.00010709
"468","ran468.hdr.27",-0.000572599999999999
"468","ran468.hdr.28",-0.000823900000000002
"468","ran468.hdr.29",0.000369600000000001
"468","ran468.hdr.3",-0.00011708
"468","ran468.hdr.30",0.00010941
"468","ran468.hdr.31",-0.000140850000000001
"468","ran468.hdr.32",0.00018105
"468","ran468.hdr.33",-0.000757799999999999
"468","ran468.hdr.34",-0.0003861
"468","ran468.hdr.35",-0.000247900000000001
"468","ran468.hdr.36",-0.000617899999999998
"468","ran468.hdr.37",-0.0003076
"468","ran468.hdr.38",-0.0011277
"468","ran468.hdr.39",-0.00025843
"468","ran468.hdr.4",0.000555399999999998
"468","ran468.hdr.40",-0.0001607
"468","ran468.hdr.41",0.0000336799999999999
"468","ran468.hdr.42",-0.0010777
"468","ran468.hdr.43",-0.0017799
"468","ran468.hdr.44",-0.000693600000000001
"468","ran468.hdr.45",-0.0004434
"468","ran468.hdr.46",-0.0005222
"468","ran468.hdr.47",-0.000713800000000001
"468","ran468.hdr.48",-0.000879130000000001
"468","ran468.hdr.49",-0.000945399999999999
"468","ran468.hdr.5",-0.0032872
"468","ran468.hdr.50",-0.00055
"468","ran468.hdr.51",0.0001629
"468","ran468.hdr.52",-0.000313409999999999
"468","ran468.hdr.53",-0.001074
"468","ran468.hdr.54",-0.000162300000000001
"468","ran468.hdr.55",-0.00012652
"468","ran468.hdr.56",-0.000694199999999999
"468","ran468.hdr.57",-0.000964599999999999
"468","ran468.hdr.58",-0.0102309
"468","ran468.hdr.59",-0.01281643
"468","ran468.hdr.6",-0.0004513
"468","ran468.hdr.60",0.000927899999999999
"468","ran468.hdr.61",-0.0010791
"468","ran468.hdr.62",-0.0011892
"468","ran468.hdr.63",0.000228300000000001
"468","ran468.hdr.64",-0.000164200000000001
"468","ran468.hdr.65",-0.000566599999999999
"468","ran468.hdr.66",-0.000356599999999999
"468","ran468.hdr.67",-0.000870200000000002
"468","ran468.hdr.68",-0.00179129
"468","ran468.hdr.69",0.000278769999999999
"468","ran468.hdr.7",0.00020037
"468","ran468.hdr.70",-0.0010769
"468","ran468.hdr.71",-0.0016673
"468","ran468.hdr.72",-0.0006817
"468","ran468.hdr.73",-0.0003147
"468","ran468.hdr.74",-0.0000844099999999996
"468","ran468.hdr.75",-0.0018985
"468","ran468.hdr.76",-0.0008628
"468","ran468.hdr.77",-0.000365799999999999
"468","ran468.hdr.78",0.000196698
"468","ran468.hdr.8",-0.000540269999999999
"468","ran468.hdr.9",-0.0037929
"469","ran469.hdr.1",-0.0004633
"469","ran469.hdr.10",-0.0000885999999999977
"469","ran469.hdr.11",-0.000113727
"469","ran469.hdr.12",0.000145899999999999
"469","ran469.hdr.13",-0.0014774
"469","ran469.hdr.14",-0.0010736
"469","ran469.hdr.15",-0.000997100000000001
"469","ran469.hdr.16",-0.0011183
"469","ran469.hdr.17",-0.00019286
"469","ran469.hdr.18",-0.00005407
"469","ran469.hdr.19",-0.000382199999999999
"469","ran469.hdr.2",-0.000713199999999999
"469","ran469.hdr.20",-0.000327499999999998
"469","ran469.hdr.21",-0.0006335
"469","ran469.hdr.22",-0.0000985000000000014
"469","ran469.hdr.23",-0.00175568
"469","ran469.hdr.24",0.0000686800000000007
"469","ran469.hdr.25",0.00051959
"469","ran469.hdr.26",-0.00044142
"469","ran469.hdr.27",-0.000135159999999999
"469","ran469.hdr.28",-0.0023372
"469","ran469.hdr.29",-0.0050934
"469","ran469.hdr.3",-0.0048952
"469","ran469.hdr.30",-0.00087039
"469","ran469.hdr.31",-0.0004601
"469","ran469.hdr.32",-0.0000392999999999991
"469","ran469.hdr.33",-0.00036563
"469","ran469.hdr.34",-0.000210999999999999
"469","ran469.hdr.35",-0.001142
"469","ran469.hdr.36",-0.0000248000000000002
"469","ran469.hdr.37",-0.0022116
"469","ran469.hdr.38",-0.0015247
"469","ran469.hdr.39",-0.000982500000000001
"469","ran469.hdr.4",-0.0038288
"469","ran469.hdr.40",-0.000436799999999998
"469","ran469.hdr.41",-0.00062953
"469","ran469.hdr.42",0.00030373
"469","ran469.hdr.43",-0.0000118100000000001
"469","ran469.hdr.44",NA
"469","ran469.hdr.45",-0.00018
"469","ran469.hdr.46",-0.00384145
"469","ran469.hdr.47",NA
"469","ran469.hdr.48",-0.0011708
"469","ran469.hdr.49",-0.0005736
"469","ran469.hdr.5",-0.0051698
"469","ran469.hdr.50",-0.0010313
"469","ran469.hdr.51",-0.000796399999999999
"469","ran469.hdr.52",-0.0013817
"469","ran469.hdr.53",-0.000268600000000001
"469","ran469.hdr.54",-0.0020934
"469","ran469.hdr.55",-0.0008541
"469","ran469.hdr.56",-0.0007712
"469","ran469.hdr.57",-0.000735300000000001
"469","ran469.hdr.58",-0.000194100000000003
"469","ran469.hdr.59",-0.0000517999999999977
"469","ran469.hdr.6",-0.0011219
"469","ran469.hdr.60",0.000124200000000001
"469","ran469.hdr.61",-0.0003709
"469","ran469.hdr.62",-0.00046991
"469","ran469.hdr.63",-0.0003435
"469","ran469.hdr.64",-0.000919
"469","ran469.hdr.65",-0.000179800000000001
"469","ran469.hdr.66",-0.000603300000000001
"469","ran469.hdr.67",-0.000768900000000003
"469","ran469.hdr.68",-0.000345399999999999
"469","ran469.hdr.69",-0.000889800000000001
"469","ran469.hdr.7",-0.00066134
"469","ran469.hdr.70",-0.000964700000000002
"469","ran469.hdr.71",0.0007516
"469","ran469.hdr.72",-0.00038061
"469","ran469.hdr.73",-0.0009037
"469","ran469.hdr.74",-0.0038792
"469","ran469.hdr.75",-0.002875
"469","ran469.hdr.76",-0.0032639
"469","ran469.hdr.77",-0.0003604
"469","ran469.hdr.78",-0.000802599999999999
"469","ran469.hdr.8",0.0000499000000000003
"469","ran469.hdr.9",-0.0008879
"470","ran470.hdr.1",-0.0014413
"470","ran470.hdr.10",-0.0037929
"470","ran470.hdr.11",-0.0000559100000000002
"470","ran470.hdr.12",-0.0011219
"470","ran470.hdr.13",-0.00018784
"470","ran470.hdr.14",-0.0003446
"470","ran470.hdr.15",-0.00036387
"470","ran470.hdr.16",-0.00025135
"470","ran470.hdr.17",-0.000351200000000001
"470","ran470.hdr.18",-0.0000559799999999997
"470","ran470.hdr.19",0.00010953
"470","ran470.hdr.2",0.000371
"470","ran470.hdr.20",-0.0002857
"470","ran470.hdr.21",-0.00030432
"470","ran470.hdr.22",0.000241600000000002
"470","ran470.hdr.23",-0.0000983000000000008
"470","ran470.hdr.24",-0.0010873
"470","ran470.hdr.25",-0.000257510000000001
"470","ran470.hdr.26",-0.002999
"470","ran470.hdr.27",-0.000249299999999999
"470","ran470.hdr.28",-0.0000766700000000009
"470","ran470.hdr.29",-0.00053928
"470","ran470.hdr.3",-0.0023191
"470","ran470.hdr.30",-0.0005678
"470","ran470.hdr.31",-0.00026379
"470","ran470.hdr.32",-0.0027549
"470","ran470.hdr.33",-0.01715588
"470","ran470.hdr.34",-0.00620406
"470","ran470.hdr.35",-0.000208900000000001
"470","ran470.hdr.36",-0.00020889
"470","ran470.hdr.37",-0.0001264
"470","ran470.hdr.38",-0.000291899999999999
"470","ran470.hdr.39",-0.000488300000000001
"470","ran470.hdr.4",-0.004515
"470","ran470.hdr.40",-0.0012299
"470","ran470.hdr.41",-0.001739
"470","ran470.hdr.42",-0.000107803
"470","ran470.hdr.43",-0.000001000000000001
"470","ran470.hdr.44",-0.0000958999999999995
"470","ran470.hdr.45",0.0000681499999999995
"470","ran470.hdr.46",-0.00074314
"470","ran470.hdr.47",0.0000338700000000001
"470","ran470.hdr.48",-0.0002729
"470","ran470.hdr.49",-0.00035604
"470","ran470.hdr.5",0.0000146
"470","ran470.hdr.50",NA
"470","ran470.hdr.51",-0.0001373
"470","ran470.hdr.52",-0.0010723
"470","ran470.hdr.53",-0.0000509000000000013
"470","ran470.hdr.54",-0.00047522
"470","ran470.hdr.55",-0.000578199999999999
"470","ran470.hdr.58",-0.00016504
"470","ran470.hdr.59",-0.000137
"470","ran470.hdr.6",-0.0007992
"470","ran470.hdr.60",-0.000824100000000001
"470","ran470.hdr.61",-0.000639499999999998
"470","ran470.hdr.62",-0.0007279
"470","ran470.hdr.63",-0.0012438
"470","ran470.hdr.64",0.000314700000000001
"470","ran470.hdr.65",-0.000746799999999999
"470","ran470.hdr.66",-0.0021629
"470","ran470.hdr.67",0.0002951
"470","ran470.hdr.68",0.000401200000000001
"470","ran470.hdr.69",-0.000692700000000001
"470","ran470.hdr.7",-0.0037976
"470","ran470.hdr.70",-0.0011264
"470","ran470.hdr.71",-0.000276200000000001
"470","ran470.hdr.72",-0.0009751
"470","ran470.hdr.73",-0.00032338
"470","ran470.hdr.74",-0.0053353
"470","ran470.hdr.75",-0.000319800000000002
"470","ran470.hdr.76",-0.0007784
"470","ran470.hdr.77",-0.0026397
"470","ran470.hdr.78",-0.000802599999999999
"470","ran470.hdr.8",-0.000653600000000001
"470","ran470.hdr.9",-0.003143
"471","ran471.hdr.1",-0.00040682
"471","ran471.hdr.10",-0.0000149
"471","ran471.hdr.11",-0.000349700000000001
"471","ran471.hdr.12",-0.000675400000000003
"471","ran471.hdr.13",-0.000292249999999999
"471","ran471.hdr.14",0.000032540000000001
"471","ran471.hdr.15",-0.000561900000000001
"471","ran471.hdr.16",-0.000385
"471","ran471.hdr.17",0.000354209999999999
"471","ran471.hdr.18",-0.0007302
"471","ran471.hdr.19",-0.0013508
"471","ran471.hdr.2",-0.0014413
"471","ran471.hdr.20",-0.0001248
"471","ran471.hdr.21",-0.0000387000000000009
"471","ran471.hdr.22",-0.000356
"471","ran471.hdr.23",-0.0009639
"471","ran471.hdr.24",-0.0011003
"471","ran471.hdr.25",-0.000846699999999999
"471","ran471.hdr.26",-0.000154699999999999
"471","ran471.hdr.27",-0.0001239
"471","ran471.hdr.28",-0.0000447999999999994
"471","ran471.hdr.29",-0.000165080000000001
"471","ran471.hdr.3",0.000357100000000001
"471","ran471.hdr.30",-0.0003097
"471","ran471.hdr.31",-0.000420199999999999
"471","ran471.hdr.32",-0.00345372
"471","ran471.hdr.33",-0.0010166
"471","ran471.hdr.34",-0.000533599999999999
"471","ran471.hdr.35",-0.000176700000000002
"471","ran471.hdr.36",-0.000883700000000001
"471","ran471.hdr.37",-0.00027737
"471","ran471.hdr.38",-0.00020889
"471","ran471.hdr.39",-0.0014027
"471","ran471.hdr.4",-0.0025737
"471","ran471.hdr.40",-0.002021
"471","ran471.hdr.41",0.000373499999999999
"471","ran471.hdr.42",-0.0010884
"471","ran471.hdr.43",-0.004276
"471","ran471.hdr.44",-0.000280989999999999
"471","ran471.hdr.45",-0.00009566
"471","ran471.hdr.46",-0.0013907
"471","ran471.hdr.47",-0.0072374
"471","ran471.hdr.48",-0.0003406
"471","ran471.hdr.49",-0.0000753999999999998
"471","ran471.hdr.5",-0.00041678
"471","ran471.hdr.50",NA
"471","ran471.hdr.51",0.00026858
"471","ran471.hdr.52",-0.00017588
"471","ran471.hdr.53",-0.000421599999999999
"471","ran471.hdr.54",0.000032840000000001
"471","ran471.hdr.55",-0.000297500000000001
"471","ran471.hdr.56",-0.000162300000000001
"471","ran471.hdr.57",-0.000999000000000003
"471","ran471.hdr.58",-0.000972200000000003
"471","ran471.hdr.59",-0.000595
"471","ran471.hdr.6",-0.000704
"471","ran471.hdr.60",-0.000425699999999999
"471","ran471.hdr.61",-0.000907400000000001
"471","ran471.hdr.62",-0.0013065
"471","ran471.hdr.63",-0.000373099999999998
"471","ran471.hdr.64",-0.000535400000000002
"471","ran471.hdr.65",0.000465300000000002
"471","ran471.hdr.66",-0.0024046
"471","ran471.hdr.67",-0.0001385
"471","ran471.hdr.68",-0.0000952000000000001
"471","ran471.hdr.69",-0.000949499999999999
"471","ran471.hdr.7",-0.0032525
"471","ran471.hdr.70",-0.000228
"471","ran471.hdr.71",-0.000649899999999998
"471","ran471.hdr.72",-0.000161699999999999
"471","ran471.hdr.73",-0.00032338
"471","ran471.hdr.74",-0.000265999999999999
"471","ran471.hdr.75",-0.000818700000000002
"471","ran471.hdr.76",-0.000894099999999998
"471","ran471.hdr.77",-0.000802599999999999
"471","ran471.hdr.78",-0.000776900000000001
"471","ran471.hdr.8",-0.0005591
"471","ran471.hdr.9",-0.000128
"472","ran472.hdr.1",0.0000171999999999985
"472","ran472.hdr.10",-0.000437670000000001
"472","ran472.hdr.11",NA
"472","ran472.hdr.12",-0.000681099999999999
"472","ran472.hdr.13",-0.000507199999999999
"472","ran472.hdr.14",-0.00010734
"472","ran472.hdr.15",-0.000446700000000001
"472","ran472.hdr.16",-0.00161496
"472","ran472.hdr.17",-0.00026376
"472","ran472.hdr.18",-0.0000383099999999997
"472","ran472.hdr.19",0.0000769099999999999
"472","ran472.hdr.2",-0.000290729999999999
"472","ran472.hdr.20",-0.0001574
"472","ran472.hdr.21",-0.000533099999999998
"472","ran472.hdr.22",-0.0012838
"472","ran472.hdr.23",-0.0023332
"472","ran472.hdr.24",-0.00021087
"472","ran472.hdr.25",-0.0013829
"472","ran472.hdr.26",-0.0024928
"472","ran472.hdr.27",-0.0014725
"472","ran472.hdr.28",0.00014465
"472","ran472.hdr.29",-0.0006335
"472","ran472.hdr.3",-0.0025708
"472","ran472.hdr.30",-0.000232900000000001
"472","ran472.hdr.31",0.000173599999999999
"472","ran472.hdr.32",-0.00037474
"472","ran472.hdr.33",-0.00038817
"472","ran472.hdr.34",-0.0000663
"472","ran472.hdr.35",-0.0044356
"472","ran472.hdr.36",-0.000411400000000003
"472","ran472.hdr.37",0.00004498
"472","ran472.hdr.38",-0.0009637
"472","ran472.hdr.39",-0.0002614
"472","ran472.hdr.4",-0.0054532
"472","ran472.hdr.40",-0.0012739
"472","ran472.hdr.41",-0.000942499999999999
"472","ran472.hdr.42",-0.0013524
"472","ran472.hdr.43",-0.000041639999999999
"472","ran472.hdr.44",-0.000565699999999999
"472","ran472.hdr.45",-0.000499899999999998
"472","ran472.hdr.46",-0.0025436
"472","ran472.hdr.47",-0.0000239999999999997
"472","ran472.hdr.48",0.000163300000000002
"472","ran472.hdr.49",-0.0017191
"472","ran472.hdr.5",-0.00030613
"472","ran472.hdr.50",-0.00539226
"472","ran472.hdr.51",-0.001384
"472","ran472.hdr.52",0.00013033
"472","ran472.hdr.53",0.0001302
"472","ran472.hdr.54",-0.01111509
"472","ran472.hdr.55",-0.00003125
"472","ran472.hdr.56",0.0000470499999999999
"472","ran472.hdr.57",-0.00018941
"472","ran472.hdr.58",-0.000313409999999999
"472","ran472.hdr.59",-0.001074
"472","ran472.hdr.6",-0.0041174
"472","ran472.hdr.61",-0.000102700000000001
"472","ran472.hdr.62",-0.001222
"472","ran472.hdr.63",-0.0040338
"472","ran472.hdr.64",-0.000746799999999999
"472","ran472.hdr.65",-0.0000291000000000007
"472","ran472.hdr.66",-0.00274956
"472","ran472.hdr.67",0.0001323
"472","ran472.hdr.68",-0.0000303999999999999
"472","ran472.hdr.69",-0.000112899999999999
"472","ran472.hdr.7",-0.0005222
"472","ran472.hdr.70",-0.0008821
"472","ran472.hdr.71",-0.000047492
"472","ran472.hdr.72",-0.0013792
"472","ran472.hdr.73",-0.0005033
"472","ran472.hdr.74",-0.0005561
"472","ran472.hdr.75",-0.000979000000000001
"472","ran472.hdr.76",-0.00288578
"472","ran472.hdr.77",-0.0010028
"472","ran472.hdr.78",-0.0016978
"472","ran472.hdr.8",-0.0004966
"472","ran472.hdr.9",-0.00021846
"473","ran473.hdr.1",-0.000670400000000002
"473","ran473.hdr.10",-0.000571100000000001
"473","ran473.hdr.11",-0.0003795
"473","ran473.hdr.12",0.00037323
"473","ran473.hdr.13",-0.0000410000000000028
"473","ran473.hdr.14",-0.000358290000000001
"473","ran473.hdr.15",-0.00016992
"473","ran473.hdr.16",0.00000845800000000001
"473","ran473.hdr.17",-0.000414400000000001
"473","ran473.hdr.18",-0.000102409999999999
"473","ran473.hdr.19",-0.000799000000000001
"473","ran473.hdr.2",-0.000849200000000001
"473","ran473.hdr.20",-0.0010476
"473","ran473.hdr.21",0.000232759999999999
"473","ran473.hdr.22",NA
"473","ran473.hdr.23",-0.0017655
"473","ran473.hdr.24",-0.000581499999999999
"473","ran473.hdr.25",0.0000514499999999998
"473","ran473.hdr.26",-0.0014725
"473","ran473.hdr.27",-0.000249299999999999
"473","ran473.hdr.28",-0.000429799999999999
"473","ran473.hdr.29",0.000113199999999999
"473","ran473.hdr.3",-0.0001058
"473","ran473.hdr.30",-0.0014904
"473","ran473.hdr.31",-0.0107692
"473","ran473.hdr.32",-0.00087039
"473","ran473.hdr.33",-0.000140850000000001
"473","ran473.hdr.34",-0.000153500000000001
"473","ran473.hdr.35",-0.0012202
"473","ran473.hdr.36",-0.000355399999999999
"473","ran473.hdr.37",-0.000507200000000003
"473","ran473.hdr.38",-0.00017519
"473","ran473.hdr.39",-0.000327900000000001
"473","ran473.hdr.4",-0.0054532
"473","ran473.hdr.40",-0.001986
"473","ran473.hdr.41",-0.0013621
"473","ran473.hdr.42",-0.000565699999999999
"473","ran473.hdr.43",-0.0011914
"473","ran473.hdr.44",0.000131700000000002
"473","ran473.hdr.45",-0.001747
"473","ran473.hdr.46",0.0002582
"473","ran473.hdr.47",-0.000576500000000001
"473","ran473.hdr.48",-0.00077238
"473","ran473.hdr.49",-0.0000633000000000005
"473","ran473.hdr.5",-0.0053867
"473","ran473.hdr.50",0.0000576000000000014
"473","ran473.hdr.51",-0.000299799999999999
"473","ran473.hdr.52",-0.0019361
"473","ran473.hdr.53",-0.00031891
"473","ran473.hdr.54",0.00029457
"473","ran473.hdr.55",-0.00011554
"473","ran473.hdr.56",-0.00011945
"473","ran473.hdr.57",-0.000796399999999999
"473","ran473.hdr.58",-0.00029748
"473","ran473.hdr.59",-0.000064100000000001
"473","ran473.hdr.6",-0.00034287
"473","ran473.hdr.60",-0.000477600000000002
"473","ran473.hdr.61",-0.0020934
"473","ran473.hdr.62",-0.0012438
"473","ran473.hdr.63",-0.0011376
"473","ran473.hdr.64",-0.0021629
"473","ran473.hdr.65",-0.000540200000000001
"473","ran473.hdr.66",-0.000598000000000001
"473","ran473.hdr.67",-0.000093939999999999
"473","ran473.hdr.68",-0.0014372
"473","ran473.hdr.69",-0.00201164
"473","ran473.hdr.7",-0.0025751
"473","ran473.hdr.70",-0.0008821
"473","ran473.hdr.71",-0.00124621
"473","ran473.hdr.72",-0.000228699999999998
"473","ran473.hdr.73",-0.0016949
"473","ran473.hdr.74",0.0000930999999999987
"473","ran473.hdr.75",-0.0015057
"473","ran473.hdr.76",-0.0012143
"473","ran473.hdr.77",-0.000309
"473","ran473.hdr.78",0.00029777
"473","ran473.hdr.8",-0.0043162
"473","ran473.hdr.9",-0.00168994
"474","ran474.hdr.1",-0.0000664919999999999
"474","ran474.hdr.10",-0.0015953
"474","ran474.hdr.11",-0.000194699999999999
"474","ran474.hdr.12",-0.0004092
"474","ran474.hdr.13",-0.000312800000000001
"474","ran474.hdr.14",-0.000506029999999999
"474","ran474.hdr.15",-0.000242599999999999
"474","ran474.hdr.16",-0.00082745
"474","ran474.hdr.17",-0.0019612
"474","ran474.hdr.18",-0.00030432
"474","ran474.hdr.19",-0.000404499999999999
"474","ran474.hdr.2",-0.0002114
"474","ran474.hdr.20",-0.0003277
"474","ran474.hdr.21",-0.0033496
"474","ran474.hdr.22",-0.000997100000000001
"474","ran474.hdr.23",-0.0008757
"474","ran474.hdr.24",-0.000454400000000001
"474","ran474.hdr.25",-0.000337999999999998
"474","ran474.hdr.26",-0.0000858199999999995
"474","ran474.hdr.27",0.00026201
"474","ran474.hdr.28",-0.00022865
"474","ran474.hdr.29",-0.00019303
"474","ran474.hdr.3",0.0000508000000000002
"474","ran474.hdr.30",0.000230600000000001
"474","ran474.hdr.31",-0.000541900000000001
"474","ran474.hdr.32",-0.0000663
"474","ran474.hdr.33",-0.00018725
"474","ran474.hdr.34",-0.0013637
"474","ran474.hdr.35",0.000264899999999998
"474","ran474.hdr.36",-0.0023193
"474","ran474.hdr.37",0.00000720000000000234
"474","ran474.hdr.38",-0.0008564
"474","ran474.hdr.39",-0.0000624000000000006
"474","ran474.hdr.4",-0.000892799999999999
"474","ran474.hdr.40",-0.000803359999999999
"474","ran474.hdr.41",0.0000239999999999997
"474","ran474.hdr.42",0.0002524
"474","ran474.hdr.43",-0.000522199999999999
"474","ran474.hdr.44",0.000217800000000001
"474","ran474.hdr.45",-0.0011563
"474","ran474.hdr.46",0.0000336799999999999
"474","ran474.hdr.47",-0.0098876
"474","ran474.hdr.48",-0.000576500000000001
"474","ran474.hdr.49",-0.00071791
"474","ran474.hdr.5",-0.0000253999999999983
"474","ran474.hdr.50",-0.00032122
"474","ran474.hdr.51",-0.0012793
"474","ran474.hdr.52",-0.00072726
"474","ran474.hdr.53",-0.00025008
"474","ran474.hdr.54",-0.000643990000000001
"474","ran474.hdr.55",-0.00010923
"474","ran474.hdr.56",-0.000248099999999999
"474","ran474.hdr.57",-0.00073805
"474","ran474.hdr.58",-0.00073559
"474","ran474.hdr.59",-0.000193199999999999
"474","ran474.hdr.6",0.00010741
"474","ran474.hdr.60",-0.000578199999999999
"474","ran474.hdr.61",-0.00017852
"474","ran474.hdr.62",-0.0000834000000000008
"474","ran474.hdr.63",-0.0000788000000000004
"474","ran474.hdr.64",-0.0006038
"474","ran474.hdr.65",-0.0010234
"474","ran474.hdr.66",-0.00019203
"474","ran474.hdr.67",-0.00274956
"474","ran474.hdr.68",-0.0007712
"474","ran474.hdr.69",-0.000589599999999999
"474","ran474.hdr.7",-0.0050893
"474","ran474.hdr.70",-0.0000125000000000004
"474","ran474.hdr.71",-0.000345399999999999
"474","ran474.hdr.72",-0.0044168
"474","ran474.hdr.73",0.000326549999999999
"474","ran474.hdr.74",-0.000586100000000003
"474","ran474.hdr.75",-0.0014426
"474","ran474.hdr.76",-0.0020513
"474","ran474.hdr.77",-0.0010666
"474","ran474.hdr.78",-0.000776900000000001
"474","ran474.hdr.8",0.0000789059999999999
"474","ran474.hdr.9",-0.000066394
"475","ran475.hdr.1",-0.0003376
"475","ran475.hdr.10",-0.00018564
"475","ran475.hdr.11",-0.000808199999999999
"475","ran475.hdr.12",-0.0006677
"475","ran475.hdr.13",-0.0005371
"475","ran475.hdr.14",-0.000416400000000001
"475","ran475.hdr.15",-0.000527999999999999
"475","ran475.hdr.16",-0.000113727
"475","ran475.hdr.17",-0.0002013
"475","ran475.hdr.18",-0.0017649
"475","ran475.hdr.19",-0.000397499999999999
"475","ran475.hdr.2",0.000132149999999999
"475","ran475.hdr.20",-0.0003148
"475","ran475.hdr.21",-0.000846699999999999
"475","ran475.hdr.22",-0.0011853
"475","ran475.hdr.23",-0.000256040000000001
"475","ran475.hdr.24",-0.000249299999999999
"475","ran475.hdr.25",-0.0000786399999999996
"475","ran475.hdr.26",0.0001919
"475","ran475.hdr.27",0.00051182
"475","ran475.hdr.28",-0.0000217819999999999
"475","ran475.hdr.29",-0.0000640999999999992
"475","ran475.hdr.3",-0.000214900000000001
"475","ran475.hdr.30",-0.0005877
"475","ran475.hdr.31",-0.00028711
"475","ran475.hdr.32",-0.00000790000000000166
"475","ran475.hdr.33",-0.0025825
"475","ran475.hdr.34",-0.001081
"475","ran475.hdr.35",-0.000136400000000002
"475","ran475.hdr.36",-0.000287379999999999
"475","ran475.hdr.37",0.00003065
"475","ran475.hdr.38",-0.0001828
"475","ran475.hdr.39",-0.00015038
"475","ran475.hdr.4",-0.0004119
"475","ran475.hdr.40",-0.000316800000000001
"475","ran475.hdr.41",-0.0015782
"475","ran475.hdr.42",-0.0016134
"475","ran475.hdr.43",-0.000811000000000003
"475","ran475.hdr.44",0.0000045761
"475","ran475.hdr.45",-0.0010777
"475","ran475.hdr.46",-0.000710199999999999
"475","ran475.hdr.47",-0.000982500000000001
"475","ran475.hdr.48",-0.000464200000000001
"475","ran475.hdr.49",-0.000092715
"475","ran475.hdr.5",-0.0053867
"475","ran475.hdr.50",0.0000835000000000002
"475","ran475.hdr.51",-0.000727099999999998
"475","ran475.hdr.52",-0.000991599999999999
"475","ran475.hdr.53",-0.0009668
"475","ran475.hdr.54",0.000269060000000001
"475","ran475.hdr.55",-0.00018672
"475","ran475.hdr.56",-0.0000584000000000001
"475","ran475.hdr.57",-0.0000955000000000001
"475","ran475.hdr.58",-0.00011945
"475","ran475.hdr.59",-0.000268079999999999
"475","ran475.hdr.6",-0.002806
"475","ran475.hdr.60",-0.0010605
"475","ran475.hdr.61",-0.000556319999999999
"475","ran475.hdr.62",-0.0011268
"475","ran475.hdr.63",0.000170999999999999
"475","ran475.hdr.64",0.000927899999999999
"475","ran475.hdr.65",-0.0001259
"475","ran475.hdr.66",0.000285500000000001
"475","ran475.hdr.67",-0.0005504
"475","ran475.hdr.68",-0.000420499999999999
"475","ran475.hdr.69",-0.000417899999999999
"475","ran475.hdr.7",-0.0005302
"475","ran475.hdr.70",-0.0005082
"475","ran475.hdr.71",-0.0024046
"475","ran475.hdr.72",-0.0009932
"475","ran475.hdr.73",-0.0038792
"475","ran475.hdr.74",-0.0003147
"475","ran475.hdr.75",-0.0004867
"475","ran475.hdr.76",-0.0022069
"475","ran475.hdr.77",-0.0012827
"475","ran475.hdr.78",-0.000365799999999999
"475","ran475.hdr.8",-0.00056426
"475","ran475.hdr.9",0.00017809
"476","ran476.hdr.1",-0.000905800000000002
"476","ran476.hdr.10",-0.00025135
"476","ran476.hdr.11",-0.000911199999999997
"476","ran476.hdr.12",-0.0134706
"476","ran476.hdr.13",-0.0004314
"476","ran476.hdr.14",-0.000867099999999999
"476","ran476.hdr.15",-0.000369699999999999
"476","ran476.hdr.16",-0.0010563
"476","ran476.hdr.17",-0.000149400000000001
"476","ran476.hdr.18",-0.000598599999999998
"476","ran476.hdr.19",0.000511099999999999
"476","ran476.hdr.2",-0.0041514
"476","ran476.hdr.20",-0.00001505
"476","ran476.hdr.21",-0.0000777700000000004
"476","ran476.hdr.22",0.00006777
"476","ran476.hdr.23",-0.00023903
"476","ran476.hdr.24",-0.00036111
"476","ran476.hdr.25",0.0002901
"476","ran476.hdr.26",-0.000143009999999999
"476","ran476.hdr.27",-0.000284
"476","ran476.hdr.28",-0.00034286
"476","ran476.hdr.29",-0.0014853
"476","ran476.hdr.3",0.0011378
"476","ran476.hdr.30",-0.000531400000000001
"476","ran476.hdr.31",-0.0050666
"476","ran476.hdr.32",-0.0000862000000000016
"476","ran476.hdr.33",0.0005319
"476","ran476.hdr.34",0.0000443000000000006
"476","ran476.hdr.35",-0.000757799999999999
"476","ran476.hdr.36",-0.000104
"476","ran476.hdr.37",-0.000625899999999999
"476","ran476.hdr.38",-0.000266000000000002
"476","ran476.hdr.39",-0.000643399999999999
"476","ran476.hdr.4",0.00016704
"476","ran476.hdr.40",-0.002021
"476","ran476.hdr.41",-0.000206699999999999
"476","ran476.hdr.42",-0.000189699999999999
"476","ran476.hdr.43",-0.000644400000000002
"476","ran476.hdr.44",-0.0017191
"476","ran476.hdr.45",-0.000735400000000001
"476","ran476.hdr.46",-0.00071791
"476","ran476.hdr.47",-0.00017999
"476","ran476.hdr.48",-0.000749
"476","ran476.hdr.49",-0.00022498
"476","ran476.hdr.5",0.0000210999999999996
"476","ran476.hdr.50",NA
"476","ran476.hdr.51",-0.000270000000000001
"476","ran476.hdr.52",-0.000175950000000001
"476","ran476.hdr.53",-0.0000586999999999983
"476","ran476.hdr.54",-0.00023275
"476","ran476.hdr.55",-0.000618499999999999
"476","ran476.hdr.56",0.000632799999999999
"476","ran476.hdr.57",-0.0018888
"476","ran476.hdr.58",-0.00194603
"476","ran476.hdr.59",-0.00039282
"476","ran476.hdr.6",-0.0000253000000000007
"476","ran476.hdr.60",-0.0010621
"476","ran476.hdr.61",-0.0004037
"476","ran476.hdr.62",0.000253999999999999
"476","ran476.hdr.63",-0.000964700000000002
"476","ran476.hdr.64",-0.0000532100000000015
"476","ran476.hdr.65",-0.0000461999999999997
"476","ran476.hdr.66",-0.0013741
"476","ran476.hdr.67",-0.000427900000000002
"476","ran476.hdr.68",-0.000871300000000002
"476","ran476.hdr.69",-0.0003579
"476","ran476.hdr.7",-0.0006374
"476","ran476.hdr.70",-0.00031406
"476","ran476.hdr.71",-0.00033557
"476","ran476.hdr.72",-0.00083164
"476","ran476.hdr.73",-0.000457200000000001
"476","ran476.hdr.74",-0.0017455
"476","ran476.hdr.75",-0.000770699999999999
"476","ran476.hdr.76",-0.0005602
"476","ran476.hdr.77",-0.0016399
"476","ran476.hdr.78",-0.00019226
"476","ran476.hdr.8",-0.0005371
"476","ran476.hdr.9",-0.00023309
"477","ran477.hdr.1",-0.000175400000000001
"477","ran477.hdr.10",-0.0030406
"477","ran477.hdr.11",0.00011099
"477","ran477.hdr.12",-0.000454599999999999
"477","ran477.hdr.13",-0.0000005000000000005
"477","ran477.hdr.14",-0.000807199999999999
"477","ran477.hdr.15",-0.0006677
"477","ran477.hdr.16",-0.0002013
"477","ran477.hdr.17",-0.00043519
"477","ran477.hdr.18",-0.000184699999999999
"477","ran477.hdr.19",-0.0012188
"477","ran477.hdr.2",-0.0011152
"477","ran477.hdr.20",-0.000369699999999999
"477","ran477.hdr.21",-0.000473700000000001
"477","ran477.hdr.22",-0.000458800000000001
"477","ran477.hdr.23",-0.00026931
"477","ran477.hdr.24",-0.00011043
"477","ran477.hdr.25",-0.00067135
"477","ran477.hdr.26",-0.0000640999999999992
"477","ran477.hdr.27",-0.00012069
"477","ran477.hdr.28",-0.00000790000000000166
"477","ran477.hdr.29",-0.0002793
"477","ran477.hdr.3",-0.0012185
"477","ran477.hdr.30",0.0002606
"477","ran477.hdr.31",-0.0015268
"477","ran477.hdr.32",-0.000287379999999999
"477","ran477.hdr.33",-0.000768999999999999
"477","ran477.hdr.34",-0.0013695
"477","ran477.hdr.35",-0.000174199999999999
"477","ran477.hdr.36",-0.002021
"477","ran477.hdr.37",0.000570500000000002
"477","ran477.hdr.38",-0.000114100000000002
"477","ran477.hdr.39",-0.000230900000000003
"477","ran477.hdr.4",-0.000833500000000001
"477","ran477.hdr.40",-0.0016063
"477","ran477.hdr.41",-0.004276
"477","ran477.hdr.42",-0.0017799
"477","ran477.hdr.43",-0.001384
"477","ran477.hdr.44",-0.000940400000000001
"477","ran477.hdr.45",-0.000315939999999999
"477","ran477.hdr.46",-0.0023048
"477","ran477.hdr.47",-0.0046402
"477","ran477.hdr.48",-0.000643990000000001
"477","ran477.hdr.49",-0.00022903
"477","ran477.hdr.5",-0.000621999999999998
"477","ran477.hdr.50",-0.00000102000000000088
"477","ran477.hdr.51",-0.0040008
"477","ran477.hdr.52",-0.000753399999999998
"477","ran477.hdr.53",-0.0005766
"477","ran477.hdr.54",-0.0006342
"477","ran477.hdr.55",0.000366500000000001
"477","ran477.hdr.56",0.000502859999999999
"477","ran477.hdr.57",-0.0020934
"477","ran477.hdr.58",-0.00133806
"477","ran477.hdr.59",-0.00685775
"477","ran477.hdr.6",-0.000443959999999998
"477","ran477.hdr.60",-0.000556319999999999
"477","ran477.hdr.61",-0.0068252
"477","ran477.hdr.62",-0.0007712
"477","ran477.hdr.63",-0.00104738
"477","ran477.hdr.64",-0.000409900000000001
"477","ran477.hdr.65",-0.0016847
"477","ran477.hdr.66",0.0006791
"477","ran477.hdr.67",-0.000376000000000001
"477","ran477.hdr.68",-0.0023424
"477","ran477.hdr.69",0.00049861
"477","ran477.hdr.7",-0.0046226
"477","ran477.hdr.70",-0.000386900000000003
"477","ran477.hdr.71",-0.000454899999999998
"477","ran477.hdr.72",0.000132810000000001
"477","ran477.hdr.73",-0.000368199999999999
"477","ran477.hdr.74",-0.000894099999999998
"477","ran477.hdr.75",-0.00444969
"477","ran477.hdr.76",-0.004726
"477","ran477.hdr.77",-0.0057067
"477","ran477.hdr.78",0.000153199999999999
"477","ran477.hdr.8",-0.0031082
"477","ran477.hdr.9",-0.0025711
"478","ran478.hdr.1",-0.0004633
"478","ran478.hdr.10",-0.00037024
"478","ran478.hdr.11",-0.0000801099999999996
"478","ran478.hdr.12",-0.00013877
"478","ran478.hdr.13",-0.000351200000000001
"478","ran478.hdr.14",-0.0000676799999999997
"478","ran478.hdr.15",0.000321200000000001
"478","ran478.hdr.16",-0.0013508
"478","ran478.hdr.17",-0.0004112
"478","ran478.hdr.18",-0.00035169
"478","ran478.hdr.19",-0.000919
"478","ran478.hdr.2",-0.005219
"478","ran478.hdr.20",-0.0013259
"478","ran478.hdr.21",-0.0084394
"478","ran478.hdr.22",-0.0000786399999999996
"478","ran478.hdr.23",-0.000207189999999999
"478","ran478.hdr.24",-0.00018774
"478","ran478.hdr.25",-0.001167
"478","ran478.hdr.26",-0.000156699999999999
"478","ran478.hdr.27",-0.00037474
"478","ran478.hdr.28",-0.000541900000000001
"478","ran478.hdr.29",-0.00069205
"478","ran478.hdr.3",-0.0109775
"478","ran478.hdr.30",-0.00034286
"478","ran478.hdr.31",-0.0008652
"478","ran478.hdr.32",-0.0076907
"478","ran478.hdr.33",-0.0001799
"478","ran478.hdr.34",-0.000576900000000002
"478","ran478.hdr.35",-0.0008564
"478","ran478.hdr.36",-0.0001826
"478","ran478.hdr.37",-0.00045297
"478","ran478.hdr.38",-0.0000862999999999975
"478","ran478.hdr.39",-0.00017519
"478","ran478.hdr.4",-0.0044934
"478","ran478.hdr.40",-0.000399060000000001
"478","ran478.hdr.41",-0.0015552
"478","ran478.hdr.42",-0.0002614
"478","ran478.hdr.43",-0.000410600000000001
"478","ran478.hdr.44",0.000135380000000001
"478","ran478.hdr.45",-0.00081
"478","ran478.hdr.46",-0.000693600000000001
"478","ran478.hdr.47",-0.000129839
"478","ran478.hdr.48",-0.0023898
"478","ran478.hdr.49",-0.0003721
"478","ran478.hdr.5",-0.0031124
"478","ran478.hdr.50",0.000060580000000001
"478","ran478.hdr.51",-0.0002716
"478","ran478.hdr.52",-0.000932299999999999
"478","ran478.hdr.53",-0.000421599999999999
"478","ran478.hdr.54",-0.00025195
"478","ran478.hdr.57",-0.000492100000000002
"478","ran478.hdr.58",-0.0013724
"478","ran478.hdr.59",-0.0001286
"478","ran478.hdr.6",-0.00044199
"478","ran478.hdr.60",0.000666100000000001
"478","ran478.hdr.61",-0.0015743
"478","ran478.hdr.62",-0.00014071
"478","ran478.hdr.63",-0.000811599999999999
"478","ran478.hdr.64",-0.0009154
"478","ran478.hdr.65",0.000404499999999999
"478","ran478.hdr.66",-0.0005504
"478","ran478.hdr.67",-0.000266830000000001
"478","ran478.hdr.68",-0.000581100000000001
"478","ran478.hdr.69",-0.0028671
"478","ran478.hdr.7",-0.000349700000000001
"478","ran478.hdr.70",-0.0014372
"478","ran478.hdr.71",-0.000546000000000001
"478","ran478.hdr.72",0.0001008
"478","ran478.hdr.73",-0.0005561
"478","ran478.hdr.74",-0.0011354
"478","ran478.hdr.75",-0.000299900000000001
"478","ran478.hdr.76",-0.0008547
"478","ran478.hdr.77",-0.0013154
"478","ran478.hdr.78",-0.000289600000000001
"478","ran478.hdr.8",-0.00137783
"478","ran478.hdr.9",0.00016704
"479","ran479.hdr.1",-0.000175400000000001
"479","ran479.hdr.10",-0.001546
"479","ran479.hdr.11",-0.000571100000000001
"479","ran479.hdr.12",-0.00025442
"479","ran479.hdr.13",-0.0004419
"479","ran479.hdr.14",-0.000428030000000001
"479","ran479.hdr.15",-0.00012632
"479","ran479.hdr.16",-0.00039314
"479","ran479.hdr.17",-0.00036672
"479","ran479.hdr.18",-0.00023309
"479","ran479.hdr.19",-0.0011481
"479","ran479.hdr.2",-0.0011152
"479","ran479.hdr.20",-0.0003143
"479","ran479.hdr.21",-0.0003458
"479","ran479.hdr.22",-0.0003499
"479","ran479.hdr.23",0.00023279
"479","ran479.hdr.24",-0.000242599999999999
"479","ran479.hdr.25",-0.000419700000000002
"479","ran479.hdr.26",-0.0005968
"479","ran479.hdr.27",-0.00068641
"479","ran479.hdr.28",-0.00008435
"479","ran479.hdr.29",-0.000291369999999999
"479","ran479.hdr.3",-0.000171609999999999
"479","ran479.hdr.30",0.0002261
"479","ran479.hdr.31",-0.000108899999999999
"479","ran479.hdr.32",-0.000890400000000001
"479","ran479.hdr.33",-0.00084943
"479","ran479.hdr.34",-0.00018774
"479","ran479.hdr.35",-0.0001554
"479","ran479.hdr.36",-0.001843
"479","ran479.hdr.37",-0.0006427
"479","ran479.hdr.38",-0.000348000000000001
"479","ran479.hdr.39",-0.0005219
"479","ran479.hdr.4",0.0004817
"479","ran479.hdr.40",-0.00023755
"479","ran479.hdr.41",-0.000152599999999999
"479","ran479.hdr.42",-0.00022876
"479","ran479.hdr.43",0.00000175000000000002
"479","ran479.hdr.44",-0.0012186
"479","ran479.hdr.45",-0.000306300000000001
"479","ran479.hdr.46",0.0000583000000000007
"479","ran479.hdr.47",-0.0011914
"479","ran479.hdr.48",-0.00011256
"479","ran479.hdr.49",-0.0017191
"479","ran479.hdr.5",-0.000160799999999999
"479","ran479.hdr.50",-0.0076935
"479","ran479.hdr.51",-0.004276
"479","ran479.hdr.52",-0.0011337
"479","ran479.hdr.53",-0.000879130000000001
"479","ran479.hdr.54",-0.00026183
"479","ran479.hdr.55",-0.00270844
"479","ran479.hdr.56",-0.01768098
"479","ran479.hdr.57",0.00019544
"479","ran479.hdr.58",-0.00013051
"479","ran479.hdr.59",-0.0001172
"479","ran479.hdr.6",-0.0011761
"479","ran479.hdr.60",0.00008457
"479","ran479.hdr.61",-0.0000928000000000005
"479","ran479.hdr.62",-0.000137030000000001
"479","ran479.hdr.63",-0.000588982
"479","ran479.hdr.64",-0.0007746
"479","ran479.hdr.65",-0.000684499999999998
"479","ran479.hdr.66",0.000366500000000001
"479","ran479.hdr.67",-0.0021629
"479","ran479.hdr.68",-0.000914999999999999
"479","ran479.hdr.69",-0.00045068
"479","ran479.hdr.7",-0.0028047
"479","ran479.hdr.70",-0.0015712
"479","ran479.hdr.71",-0.00063214
"479","ran479.hdr.72",-0.000389500000000001
"479","ran479.hdr.73",0.000553600000000001
"479","ran479.hdr.74",0.00027773
"479","ran479.hdr.75",-0.000102700000000001
"479","ran479.hdr.76",-0.0011554
"479","ran479.hdr.77",-0.0002862
"479","ran479.hdr.78",-0.0014027
"479","ran479.hdr.8",-0.0001536
"479","ran479.hdr.9",-0.00021
"480","ran480.hdr.1",-0.000637099999999998
"480","ran480.hdr.10",-0.00071284
"480","ran480.hdr.11",0.00027519
"480","ran480.hdr.12",NA
"480","ran480.hdr.13",0.00047916
"480","ran480.hdr.14",-0.000358290000000001
"480","ran480.hdr.15",0.000140100000000001
"480","ran480.hdr.16",-0.00036517
"480","ran480.hdr.17",-0.000339470000000001
"480","ran480.hdr.18",-0.0000649700000000001
"480","ran480.hdr.19",-0.000789400000000003
"480","ran480.hdr.2",-0.000184100000000001
"480","ran480.hdr.20",-0.000686199999999998
"480","ran480.hdr.21",-0.0039813
"480","ran480.hdr.22",-0.000581499999999999
"480","ran480.hdr.23",-0.000771500000000001
"480","ran480.hdr.24",-0.0004445
"480","ran480.hdr.25",0.0000270699999999997
"480","ran480.hdr.26",0.0001034
"480","ran480.hdr.27",-0.000154699999999999
"480","ran480.hdr.28",-0.00043048
"480","ran480.hdr.29",-0.00055319
"480","ran480.hdr.3",0.000309
"480","ran480.hdr.30",-0.00044134
"480","ran480.hdr.31",-0.000572599999999999
"480","ran480.hdr.32",-0.000093300000000001
"480","ran480.hdr.33",-0.0013929
"480","ran480.hdr.34",0.000205500000000001
"480","ran480.hdr.35",-0.000823900000000002
"480","ran480.hdr.36",-0.00198339
"480","ran480.hdr.37",-0.000500199999999999
"480","ran480.hdr.38",0.0000193999999999993
"480","ran480.hdr.39",-0.00073436
"480","ran480.hdr.4",-0.01685291
"480","ran480.hdr.40",0.000156699999999999
"480","ran480.hdr.41",-0.000327900000000001
"480","ran480.hdr.42",-0.0011573
"480","ran480.hdr.43",-0.000579200000000002
"480","ran480.hdr.44",-0.001478
"480","ran480.hdr.45",-0.000241100000000001
"480","ran480.hdr.46",-0.0010611
"480","ran480.hdr.47",NA
"480","ran480.hdr.48",-0.0009605
"480","ran480.hdr.49",0.00016459
"480","ran480.hdr.5",-0.0013722
"480","ran480.hdr.50",-0.00031891
"480","ran480.hdr.51",0.000215399
"480","ran480.hdr.52",-0.0000363999999999989
"480","ran480.hdr.53",0.000163369999999999
"480","ran480.hdr.54",-0.0011511
"480","ran480.hdr.55",NA
"480","ran480.hdr.56",0.00026023
"480","ran480.hdr.57",-0.0000432200000000001
"480","ran480.hdr.58",-0.000624599999999999
"480","ran480.hdr.59",-0.0013724
"480","ran480.hdr.6",-0.0040521
"480","ran480.hdr.60",-0.000477600000000002
"480","ran480.hdr.61",-0.000203699999999999
"480","ran480.hdr.62",-0.0000195000000000004
"480","ran480.hdr.63",-0.000102700000000001
"480","ran480.hdr.64",-0.000268299999999999
"480","ran480.hdr.65",0.00063302
"480","ran480.hdr.66",-0.0107924
"480","ran480.hdr.67",-0.0005504
"480","ran480.hdr.68",-0.0016152
"480","ran480.hdr.69",-0.0009818
"480","ran480.hdr.7",0.00000526999999999993
"480","ran480.hdr.70",-0.000525600000000001
"480","ran480.hdr.71",0.000770989999999999
"480","ran480.hdr.72",-0.0001271
"480","ran480.hdr.73",-0.0010769
"480","ran480.hdr.74",-0.000372399999999998
"480","ran480.hdr.75",-0.000591300000000001
"480","ran480.hdr.76",-0.0046933
"480","ran480.hdr.77",-0.000103489999999999
"480","ran480.hdr.78",-0.00021593
"480","ran480.hdr.8",-0.0000702199999999997
"480","ran480.hdr.9",-0.000461899999999998
"481","ran481.hdr.1",-0.000678199999999999
"481","ran481.hdr.10",-0.000799000000000001
"481","ran481.hdr.11",-0.0012923
"481","ran481.hdr.12",-0.0011929
"481","ran481.hdr.13",-0.0134706
"481","ran481.hdr.14",-0.00039311
"481","ran481.hdr.15",-0.0021765
"481","ran481.hdr.16",-0.0003058
"481","ran481.hdr.17",-0.0011183
"481","ran481.hdr.18",-0.00000579400000000005
"481","ran481.hdr.19",0.00013487
"481","ran481.hdr.2",-0.0000253999999999983
"481","ran481.hdr.20",-0.00031138
"481","ran481.hdr.21",-0.00068852
"481","ran481.hdr.22",-0.00029545
"481","ran481.hdr.23",-0.00010012
"481","ran481.hdr.24",-0.000572599999999999
"481","ran481.hdr.25",-0.0014853
"481","ran481.hdr.26",-0.001677
"481","ran481.hdr.27",-0.000709920000000001
"481","ran481.hdr.28",-0.0000774399999999998
"481","ran481.hdr.29",0.00004498
"481","ran481.hdr.3",0.00000320000000000008
"481","ran481.hdr.30",-0.000831499999999999
"481","ran481.hdr.31",-0.0030608
"481","ran481.hdr.32",-0.0018523
"481","ran481.hdr.33",-0.0001543
"481","ran481.hdr.34",-0.000152899999999999
"481","ran481.hdr.35",0.000267799999999999
"481","ran481.hdr.36",-0.0000755699999999996
"481","ran481.hdr.37",-0.0004603
"481","ran481.hdr.38",-0.0005929
"481","ran481.hdr.39",-0.0003967
"481","ran481.hdr.4",0.000234499999999999
"481","ran481.hdr.40",-0.000341900000000003
"481","ran481.hdr.41",-0.000246700000000001
"481","ran481.hdr.42",-0.0000371
"481","ran481.hdr.43",-0.0023048
"481","ran481.hdr.44",-0.00047324
"481","ran481.hdr.45",NA
"481","ran481.hdr.46",-0.01768098
"481","ran481.hdr.47",-0.002475
"481","ran481.hdr.48",-0.00073805
"481","ran481.hdr.49",-0.0004198
"481","ran481.hdr.5",-0.000215165
"481","ran481.hdr.50",-0.000175700000000001
"481","ran481.hdr.51",-0.000253400000000001
"481","ran481.hdr.53",-0.00016591
"481","ran481.hdr.54",-0.0000834000000000008
"481","ran481.hdr.55",-0.000102700000000001
"481","ran481.hdr.56",-0.00095777
"481","ran481.hdr.57",-0.000513100000000002
"481","ran481.hdr.58",0.0003102
"481","ran481.hdr.59",-0.00133806
"481","ran481.hdr.6",-0.000679800000000001
"481","ran481.hdr.60",-0.0011067
"481","ran481.hdr.61",0.000244869999999999
"481","ran481.hdr.62",-0.000663200000000001
"481","ran481.hdr.63",-0.000334099999999999
"481","ran481.hdr.64",-0.000919
"481","ran481.hdr.65",-0.0001875
"481","ran481.hdr.66",-0.001084
"481","ran481.hdr.67",-0.0011658
"481","ran481.hdr.68",-0.000602399999999999
"481","ran481.hdr.69",-0.0014372
"481","ran481.hdr.7",0.0000457700000000005
"481","ran481.hdr.70",-0.0007215
"481","ran481.hdr.71",-0.0007443
"481","ran481.hdr.72",-0.0003324
"481","ran481.hdr.73",-0.0007448
"481","ran481.hdr.74",-0.000039273
"481","ran481.hdr.75",-0.000871300000000002
"481","ran481.hdr.76",-0.000818700000000002
"481","ran481.hdr.77",-0.000231200000000001
"481","ran481.hdr.78",0.0000928999999999999
"481","ran481.hdr.8",-0.000306939999999999
"481","ran481.hdr.9",-0.00019458
"482","ran482.hdr.1",0.000132300000000002
"482","ran482.hdr.10",-0.0004966
"482","ran482.hdr.11",-0.0003821
"482","ran482.hdr.12",-0.0023044
"482","ran482.hdr.13",-0.000358290000000001
"482","ran482.hdr.14",0.000346550000000001
"482","ran482.hdr.15",-0.000130699999999999
"482","ran482.hdr.16",-0.00041587
"482","ran482.hdr.17",0.00004039
"482","ran482.hdr.18",-0.0002272
"482","ran482.hdr.19",0.0000981000000000003
"482","ran482.hdr.2",-0.0016682
"482","ran482.hdr.20",-0.0002915
"482","ran482.hdr.21",-0.00000923999999999999
"482","ran482.hdr.22",-0.000207189999999999
"482","ran482.hdr.23",-0.00025349
"482","ran482.hdr.24",-0.000541900000000001
"482","ran482.hdr.25",-0.0008065
"482","ran482.hdr.26",0.000911599999999999
"482","ran482.hdr.27",-0.001115
"482","ran482.hdr.28",-0.000140850000000001
"482","ran482.hdr.29",-0.000469900000000001
"482","ran482.hdr.3",-0.0027476
"482","ran482.hdr.30",-0.000623100000000001
"482","ran482.hdr.31",-0.000247900000000001
"482","ran482.hdr.32",-0.0000607120000000001
"482","ran482.hdr.33",-0.0015552
"482","ran482.hdr.34",-0.0010775
"482","ran482.hdr.35",-0.002021
"482","ran482.hdr.36",-0.0000119000000000005
"482","ran482.hdr.37",0.00053313
"482","ran482.hdr.38",-0.0018642
"482","ran482.hdr.39",-0.000692699999999999
"482","ran482.hdr.4",-0.00163709
"482","ran482.hdr.40",-0.000507800000000001
"482","ran482.hdr.41",0.0000979999999999991
"482","ran482.hdr.42",-0.00071791
"482","ran482.hdr.43",0.00015401
"482","ran482.hdr.44",-0.0030547
"482","ran482.hdr.45",0.00029062
"482","ran482.hdr.46",0.000133553
"482","ran482.hdr.47",-0.00017588
"482","ran482.hdr.48",-0.0021164
"482","ran482.hdr.49",-0.000253400000000001
"482","ran482.hdr.5",-0.0023
"482","ran482.hdr.50",0.000227100000000001
"482","ran482.hdr.51",-0.0000312699999999999
"482","ran482.hdr.52",0.0000637999999999993
"482","ran482.hdr.53",0.0000321000000000002
"482","ran482.hdr.54",0.000165
"482","ran482.hdr.55",0.00039781
"482","ran482.hdr.56",-0.0004551
"482","ran482.hdr.57",0.000223899999999999
"482","ran482.hdr.58",-0.0012684
"482","ran482.hdr.59",-0.000455400000000002
"482","ran482.hdr.6",-0.005219
"482","ran482.hdr.60",0.0000988399999999993
"482","ran482.hdr.61",-0.0001548
"482","ran482.hdr.62",-0.000556319999999999
"482","ran482.hdr.63",-0.0021629
"482","ran482.hdr.64",-0.00274956
"482","ran482.hdr.65",-0.000242100000000002
"482","ran482.hdr.66",-0.0029365
"482","ran482.hdr.67",-0.000154400000000002
"482","ran482.hdr.68",-0.0015557
"482","ran482.hdr.69",0.00031541
"482","ran482.hdr.7",0.00000526999999999993
"482","ran482.hdr.70",-0.000293000000000002
"482","ran482.hdr.71",-0.0000816999999999988
"482","ran482.hdr.72",-0.0037745
"482","ran482.hdr.73",-0.0003563
"482","ran482.hdr.74",-0.000794900000000001
"482","ran482.hdr.75",-0.000276999999999999
"482","ran482.hdr.76",-0.0010139
"482","ran482.hdr.77",-0.000748700000000001
"482","ran482.hdr.78",-0.000373699999999999
"482","ran482.hdr.8",-0.000409400000000001
"482","ran482.hdr.9",-0.000979900000000001
"483","ran483.hdr.1",-0.0004633
"483","ran483.hdr.10",-0.00056552
"483","ran483.hdr.11",-0.0002951
"483","ran483.hdr.12",0.000290869999999999
"483","ran483.hdr.13",-0.000393299999999999
"483","ran483.hdr.14",0.0000499000000000003
"483","ran483.hdr.15",-0.0010879
"483","ran483.hdr.16",-0.0002828
"483","ran483.hdr.17",-0.00129969
"483","ran483.hdr.18",-0.000554099999999998
"483","ran483.hdr.19",-0.00026025
"483","ran483.hdr.2",-0.000391299999999997
"483","ran483.hdr.20",-0.0003742
"483","ran483.hdr.21",-0.0008164
"483","ran483.hdr.22",0.00016455
"483","ran483.hdr.23",-0.0011219
"483","ran483.hdr.24",-0.000682600000000002
"483","ran483.hdr.25",-0.0013895
"483","ran483.hdr.26",-0.00032336
"483","ran483.hdr.27",-0.000257510000000001
"483","ran483.hdr.28",-0.00107892
"483","ran483.hdr.29",-0.0005678
"483","ran483.hdr.3",-0.000201799999999999
"483","ran483.hdr.30",0.000155300000000001
"483","ran483.hdr.31",0.0001154
"483","ran483.hdr.32",0.0000958000000000001
"483","ran483.hdr.33",0.0000498999999999999
"483","ran483.hdr.34",-0.01715588
"483","ran483.hdr.35",-0.0011609
"483","ran483.hdr.36",-0.000504299999999999
"483","ran483.hdr.37",-0.0003861
"483","ran483.hdr.38",0.0000184400000000002
"483","ran483.hdr.39",0.0001668
"483","ran483.hdr.4",-0.000232639999999999
"483","ran483.hdr.40",-0.0011052
"483","ran483.hdr.41",NA
"483","ran483.hdr.42",-0.0002614
"483","ran483.hdr.43",-0.0017019
"483","ran483.hdr.44",-0.000202600000000001
"483","ran483.hdr.45",-0.0011277
"483","ran483.hdr.46",-0.02102894
"483","ran483.hdr.47",-0.0000250599999999999
"483","ran483.hdr.48",-0.000670899999999999
"483","ran483.hdr.49",-0.00074314
"483","ran483.hdr.5",0.000443500000000001
"483","ran483.hdr.50",-0.000207299999999999
"483","ran483.hdr.51",-0.0003459
"483","ran483.hdr.52",-0.00021661
"483","ran483.hdr.53",-0.00026183
"483","ran483.hdr.54",0.000143500000000001
"483","ran483.hdr.55",0.0000306500000000001
"483","ran483.hdr.56",0.0000959300000000001
"483","ran483.hdr.57",-0.00031891
"483","ran483.hdr.58",-0.0011708
"483","ran483.hdr.59",-0.0010723
"483","ran483.hdr.6",-0.000180700000000001
"483","ran483.hdr.60",0.00017218
"483","ran483.hdr.61",-0.00018941
"483","ran483.hdr.62",-0.0000312699999999999
"483","ran483.hdr.63",-0.000203699999999999
"483","ran483.hdr.64",-0.000694199999999999
"483","ran483.hdr.65",0.0000675999999999993
"483","ran483.hdr.66",-0.0010529
"483","ran483.hdr.67",-0.00050468
"483","ran483.hdr.68",-0.0012643
"483","ran483.hdr.69",-0.001507
"483","ran483.hdr.7",-0.0048415
"483","ran483.hdr.70",-0.0010327
"483","ran483.hdr.71",0.000405529999999999
"483","ran483.hdr.72",-0.0004732
"483","ran483.hdr.73",-0.0000205499999999994
"483","ran483.hdr.74",-0.0016673
"483","ran483.hdr.75",-0.000126299999999999
"483","ran483.hdr.76",-0.0021382
"483","ran483.hdr.77",-0.0023484
"483","ran483.hdr.78",-0.000153199999999999
"483","ran483.hdr.8",NA
"483","ran483.hdr.9",-0.0044797
"484","ran484.hdr.1",-0.00020446
"484","ran484.hdr.10",-0.0000950400000000011
"484","ran484.hdr.11",-0.0011143
"484","ran484.hdr.12",-0.0002322
"484","ran484.hdr.13",-0.00021029
"484","ran484.hdr.14",-0.000988359999999999
"484","ran484.hdr.15",-0.0019612
"484","ran484.hdr.16",-0.000934500000000001
"484","ran484.hdr.17",-0.0003257
"484","ran484.hdr.18",0.000152999999999999
"484","ran484.hdr.19",-0.0003435
"484","ran484.hdr.2",0.0000236000000000004
"484","ran484.hdr.20",-0.000253800000000002
"484","ran484.hdr.21",-0.000727600000000002
"484","ran484.hdr.22",-0.0075695
"484","ran484.hdr.23",-0.000912500000000002
"484","ran484.hdr.24",-0.0011003
"484","ran484.hdr.25",-0.0001099
"484","ran484.hdr.26",-0.00015683
"484","ran484.hdr.27",0.00026201
"484","ran484.hdr.28",-0.0113291
"484","ran484.hdr.29",-0.0001559
"484","ran484.hdr.3",-0.0001446
"484","ran484.hdr.30",-0.00069048
"484","ran484.hdr.31",-0.000376700000000001
"484","ran484.hdr.32",-0.00032424
"484","ran484.hdr.33",-0.0005877
"484","ran484.hdr.34",-0.00002074
"484","ran484.hdr.35",-0.0030506
"484","ran484.hdr.36",0.00004498
"484","ran484.hdr.37",-0.00036563
"484","ran484.hdr.38",-0.0019144
"484","ran484.hdr.39",-0.000275399999999999
"484","ran484.hdr.4",-0.0001058
"484","ran484.hdr.40",-0.000000239999999999876
"484","ran484.hdr.41",0.000124560000000001
"484","ran484.hdr.42",-0.000543500000000001
"484","ran484.hdr.43",-0.0022477
"484","ran484.hdr.44",-0.0005929
"484","ran484.hdr.45",-0.000807600000000002
"484","ran484.hdr.46",-0.00011267
"484","ran484.hdr.47",-0.0017191
"484","ran484.hdr.48",0.000295299999999998
"484","ran484.hdr.49",0.0005877
"484","ran484.hdr.5",-0.0023191
"484","ran484.hdr.50",0.00027974
"484","ran484.hdr.51",-0.0000856099999999999
"484","ran484.hdr.52",-0.0010527
"484","ran484.hdr.53",-0.0000936600000000006
"484","ran484.hdr.54",0.0000326900000000001
"484","ran484.hdr.55",-0.0000134699999999998
"484","ran484.hdr.56",0.0002728
"484","ran484.hdr.57",-0.000262800000000001
"484","ran484.hdr.58",-0.000268600000000001
"484","ran484.hdr.59",0.000320299999999999
"484","ran484.hdr.6",-0.0013522
"484","ran484.hdr.60",-0.0000700000000000006
"484","ran484.hdr.61",0.0000782999999999999
"484","ran484.hdr.62",-0.0022371
"484","ran484.hdr.63",0.000078700000000001
"484","ran484.hdr.64",0.000741800000000001
"484","ran484.hdr.65",-0.0025664
"484","ran484.hdr.66",-0.0010621
"484","ran484.hdr.67",-0.0010284
"484","ran484.hdr.68",-0.000949499999999999
"484","ran484.hdr.69",-0.000147399999999999
"484","ran484.hdr.7",-0.00574258
"484","ran484.hdr.70",0.0003344
"484","ran484.hdr.71",-0.0012116
"484","ran484.hdr.72",-0.000325500000000001
"484","ran484.hdr.73",-0.000961299999999998
"484","ran484.hdr.74",-0.0018985
"484","ran484.hdr.75",-0.0004975
"484","ran484.hdr.76",-0.00028371
"484","ran484.hdr.77",-0.0000185999999999988
"484","ran484.hdr.78",-0.0015052
"484","ran484.hdr.8",-0.0031124
"484","ran484.hdr.9",-0.0008936
"485","ran485.hdr.1",-0.0012185
"485","ran485.hdr.10",-0.0000950400000000011
"485","ran485.hdr.11",-0.00085353
"485","ran485.hdr.12",-0.000286400000000001
"485","ran485.hdr.13",-0.0002961
"485","ran485.hdr.14",-0.000473100000000001
"485","ran485.hdr.15",-0.00030432
"485","ran485.hdr.16",-0.0004314
"485","ran485.hdr.17",-0.00041587
"485","ran485.hdr.18",0.000097899999999998
"485","ran485.hdr.19",-0.0000295899999999999
"485","ran485.hdr.2",-0.000373100000000001
"485","ran485.hdr.20",-0.000438299999999999
"485","ran485.hdr.21",-0.0016211
"485","ran485.hdr.22",-0.0004889
"485","ran485.hdr.23",-0.00158129
"485","ran485.hdr.24",-0.002999
"485","ran485.hdr.25",-0.0007746
"485","ran485.hdr.26",-0.0002137
"485","ran485.hdr.27",-0.000582599999999999
"485","ran485.hdr.28",0.000235200000000001
"485","ran485.hdr.29",-0.00084943
"485","ran485.hdr.3",-0.0001004
"485","ran485.hdr.30",-0.00026379
"485","ran485.hdr.31",-0.0000410300000000001
"485","ran485.hdr.32",-0.0004084
"485","ran485.hdr.33",-0.0003079
"485","ran485.hdr.34",-0.0000701
"485","ran485.hdr.35",-0.01715588
"485","ran485.hdr.36",-0.0014576
"485","ran485.hdr.37",-0.000803500000000002
"485","ran485.hdr.38",-0.0017371
"485","ran485.hdr.39",-0.000409099999999999
"485","ran485.hdr.4",-0.000831800000000001
"485","ran485.hdr.40",-0.0013695
"485","ran485.hdr.41",0.000022900000000001
"485","ran485.hdr.42",-0.0000897299999999997
"485","ran485.hdr.43",-0.00020889
"485","ran485.hdr.44",-0.000830000000000001
"485","ran485.hdr.45",0.0006888
"485","ran485.hdr.46",-0.0011
"485","ran485.hdr.47",-0.0013524
"485","ran485.hdr.48",0.000369700000000001
"485","ran485.hdr.49",-0.0000784999999999987
"485","ran485.hdr.5",-0.0037708
"485","ran485.hdr.50",-0.0000280999999999997
"485","ran485.hdr.51",-0.000207299999999999
"485","ran485.hdr.52",-0.000228000000000001
"485","ran485.hdr.53",-0.00270844
"485","ran485.hdr.54",-0.000842700000000002
"485","ran485.hdr.55",-0.000880300000000001
"485","ran485.hdr.56",-0.00024603
"485","ran485.hdr.57",-0.00155443
"485","ran485.hdr.58",-0.000381660000000001
"485","ran485.hdr.59",-0.00018941
"485","ran485.hdr.6",-0.0043666
"485","ran485.hdr.60",-0.000164299999999999
"485","ran485.hdr.63",-0.000753399999999998
"485","ran485.hdr.64",-0.000126399999999999
"485","ran485.hdr.65",-0.0005766
"485","ran485.hdr.66",-0.0007711
"485","ran485.hdr.67",-0.000102700000000001
"485","ran485.hdr.68",0.000178640000000001
"485","ran485.hdr.69",-0.0022371
"485","ran485.hdr.7",-0.00046459
"485","ran485.hdr.70",-0.0011376
"485","ran485.hdr.71",0.00000862399999999999
"485","ran485.hdr.72",-0.00574057
"485","ran485.hdr.73",-0.000838400000000001
"485","ran485.hdr.74",0.0000286000000000002
"485","ran485.hdr.75",-0.0023429
"485","ran485.hdr.76",-0.000586100000000003
"485","ran485.hdr.77",-0.00089669
"485","ran485.hdr.78",-0.0064447
"485","ran485.hdr.8",0.00027519
"485","ran485.hdr.9",-0.0000870999999999997
"486","ran486.hdr.1",-0.000366200000000001
"486","ran486.hdr.10",-0.0006677
"486","ran486.hdr.11",0.0000449828
"486","ran486.hdr.12",-0.000250199999999999
"486","ran486.hdr.13",-0.000506029999999999
"486","ran486.hdr.14",0.00017676
"486","ran486.hdr.15",-0.0003742
"486","ran486.hdr.16",-0.0001177
"486","ran486.hdr.17",-0.00034688
"486","ran486.hdr.18",-0.0008602
"486","ran486.hdr.19",0.0001817
"486","ran486.hdr.2",-0.00000570800000000001
"486","ran486.hdr.20",-0.0017674
"486","ran486.hdr.21",0.00000329999999999948
"486","ran486.hdr.22",-0.00022865
"486","ran486.hdr.23",-0.00029017
"486","ran486.hdr.24",-0.00018809
"486","ran486.hdr.25",-0.00010144
"486","ran486.hdr.26",-0.00069205
"486","ran486.hdr.27",-0.0012418
"486","ran486.hdr.28",-0.0076907
"486","ran486.hdr.29",-0.000106800000000001
"486","ran486.hdr.3",-0.000226799999999999
"486","ran486.hdr.30",-0.00665937
"486","ran486.hdr.31",-0.000962000000000001
"486","ran486.hdr.32",-0.000480399999999999
"486","ran486.hdr.33",-0.0013224
"486","ran486.hdr.34",-0.000468900000000001
"486","ran486.hdr.35",-0.0000862999999999975
"486","ran486.hdr.36",0.0000664100000000003
"486","ran486.hdr.37",-0.0005269
"486","ran486.hdr.38",-0.000975
"486","ran486.hdr.39",-0.000214700000000002
"486","ran486.hdr.4",-0.0029094
"486","ran486.hdr.40",-0.0004679
"486","ran486.hdr.41",-0.000692699999999999
"486","ran486.hdr.42",-0.000107300000000001
"486","ran486.hdr.43",0.00012679
"486","ran486.hdr.44",-0.000336299999999999
"486","ran486.hdr.45",-0.000034158
"486","ran486.hdr.46",-0.0002729
"486","ran486.hdr.47",-0.000228000000000001
"486","ran486.hdr.48",-0.00029767
"486","ran486.hdr.49",-0.0010598
"486","ran486.hdr.5",-0.0040885
"486","ran486.hdr.50",-0.01768098
"486","ran486.hdr.51",-0.0000869000000000009
"486","ran486.hdr.52",-0.000369599999999999
"486","ran486.hdr.53",-0.0000584000000000001
"486","ran486.hdr.54",-0.0010844
"486","ran486.hdr.55",-0.00012652
"486","ran486.hdr.56",-0.0012684
"486","ran486.hdr.57",-0.00017452
"486","ran486.hdr.58",0.000314700000000001
"486","ran486.hdr.59",0.000244869999999999
"486","ran486.hdr.6",0.000177
"486","ran486.hdr.60",0.000369400000000001
"486","ran486.hdr.61",-0.0018172
"486","ran486.hdr.62",-0.000775399999999999
"486","ran486.hdr.63",-0.0021686
"486","ran486.hdr.64",-0.0000829000000000003
"486","ran486.hdr.65",-0.0014307
"486","ran486.hdr.66",-0.0005187
"486","ran486.hdr.67",-0.0010327
"486","ran486.hdr.68",-0.0023928
"486","ran486.hdr.69",0.00011132
"486","ran486.hdr.7",-0.00046459
"486","ran486.hdr.70",-0.0046587
"486","ran486.hdr.71",-0.000256100000000002
"486","ran486.hdr.72",-0.0013741
"486","ran486.hdr.73",-0.0000420000000000004
"486","ran486.hdr.74",-0.00119554
"486","ran486.hdr.75",-0.000457200000000001
"486","ran486.hdr.76",-0.0014673
"486","ran486.hdr.77",-0.0064447
"486","ran486.hdr.78",-0.0003017
"486","ran486.hdr.8",-0.0001706
"486","ran486.hdr.9",-0.0000204900000000002
"487","ran487.hdr.1",-0.0004317
"487","ran487.hdr.10",-0.000405638
"487","ran487.hdr.11",-0.00066134
"487","ran487.hdr.12",-0.0000582479999999999
"487","ran487.hdr.13",-0.000217070000000001
"487","ran487.hdr.14",-0.000351200000000001
"487","ran487.hdr.15",-0.000713499999999999
"487","ran487.hdr.16",-0.0004066
"487","ran487.hdr.17",-0.0010476
"487","ran487.hdr.18",-0.00030432
"487","ran487.hdr.19",-0.000377500000000001
"487","ran487.hdr.2",-0.000311580000000001
"487","ran487.hdr.20",-0.000912500000000002
"487","ran487.hdr.21",-0.000454400000000001
"487","ran487.hdr.22",-0.00031687
"487","ran487.hdr.23",-0.000174299999999999
"487","ran487.hdr.24",0.0001034
"487","ran487.hdr.25",-0.000182000000000002
"487","ran487.hdr.26",-0.000759340000000001
"487","ran487.hdr.27",-0.000274099999999999
"487","ran487.hdr.28",0.00025449
"487","ran487.hdr.29",-0.00026379
"487","ran487.hdr.3",0.000000199999999998812
"487","ran487.hdr.30",-0.00130484
"487","ran487.hdr.31",-0.00018809
"487","ran487.hdr.32",0.00016675
"487","ran487.hdr.33",-0.00025349
"487","ran487.hdr.34",-0.000777899999999998
"487","ran487.hdr.35",-0.0107692
"487","ran487.hdr.36",-0.000126000000000001
"487","ran487.hdr.37",-0.000140850000000001
"487","ran487.hdr.38",-0.0030608
"487","ran487.hdr.39",-0.000184700000000001
"487","ran487.hdr.4",-0.0007133
"487","ran487.hdr.40",0.000642199999999999
"487","ran487.hdr.41",-0.000125399999999999
"487","ran487.hdr.42",-0.000975
"487","ran487.hdr.43",-0.0023716
"487","ran487.hdr.44",-0.0010775
"487","ran487.hdr.45",0.00048249
"487","ran487.hdr.46",0.000207600000000002
"487","ran487.hdr.47",-0.000306899999999999
"487","ran487.hdr.48",-0.000023311
"487","ran487.hdr.49",-0.000924000000000001
"487","ran487.hdr.5",NA
"487","ran487.hdr.50",0.0004747
"487","ran487.hdr.51",-0.000442600000000001
"487","ran487.hdr.52",0.0000163999999999997
"487","ran487.hdr.53",0.000217499999999999
"487","ran487.hdr.54",-0.000456100000000001
"487","ran487.hdr.55",-0.0010767
"487","ran487.hdr.56",-0.000624599999999999
"487","ran487.hdr.58",-0.000141199999999999
"487","ran487.hdr.59",-0.000139299999999998
"487","ran487.hdr.6",-0.0043162
"487","ran487.hdr.60",-0.0034825
"487","ran487.hdr.61",-0.000639499999999998
"487","ran487.hdr.62",-0.000907400000000001
"487","ran487.hdr.63",0.00024384
"487","ran487.hdr.64",-0.0013065
"487","ran487.hdr.65",-0.0002284
"487","ran487.hdr.66",-0.0011595
"487","ran487.hdr.67",-0.0000517999999999977
"487","ran487.hdr.68",-0.0029365
"487","ran487.hdr.69",-0.000914999999999999
"487","ran487.hdr.7",-0.0039147
"487","ran487.hdr.70",-0.0000186000000000006
"487","ran487.hdr.71",0.0000888
"487","ran487.hdr.72",-0.000347499999999997
"487","ran487.hdr.73",-0.0011579
"487","ran487.hdr.74",-0.000825300000000001
"487","ran487.hdr.75",-0.0012137
"487","ran487.hdr.76",-0.000275999999999998
"487","ran487.hdr.77",-0.000871399999999998
"487","ran487.hdr.78",-0.000276999999999999
"487","ran487.hdr.8",-0.000105399999999999
"487","ran487.hdr.9",0.00056994
"488","ran488.hdr.1",-0.000451700000000001
"488","ran488.hdr.10",-0.00011542
"488","ran488.hdr.11",-0.00033059
"488","ran488.hdr.12",-0.00037472
"488","ran488.hdr.13",-0.0015953
"488","ran488.hdr.14",-0.0023044
"488","ran488.hdr.15",-0.0002419
"488","ran488.hdr.16",-0.000534900000000001
"488","ran488.hdr.17",0.000286099999999997
"488","ran488.hdr.18",-0.00035759
"488","ran488.hdr.19",-0.0002021
"488","ran488.hdr.2",-0.000905800000000002
"488","ran488.hdr.20",-0.000189089999999999
"488","ran488.hdr.21",-0.000657
"488","ran488.hdr.22",-0.0000896400000000002
"488","ran488.hdr.23",-0.000438299999999999
"488","ran488.hdr.24",-0.000872700000000001
"488","ran488.hdr.25",-0.0035352
"488","ran488.hdr.26",-0.0007279
"488","ran488.hdr.27",-0.000846999999999997
"488","ran488.hdr.28",0.000307720000000001
"488","ran488.hdr.29",-0.0025984
"488","ran488.hdr.3",-0.000112600000000001
"488","ran488.hdr.30",-0.00017819
"488","ran488.hdr.31",-0.000429799999999999
"488","ran488.hdr.32",-0.000258899999999999
"488","ran488.hdr.33",-0.000450470000000001
"488","ran488.hdr.34",-0.0000683100000000002
"488","ran488.hdr.35",-0.00000790000000000166
"488","ran488.hdr.36",-0.0107692
"488","ran488.hdr.37",-0.00198339
"488","ran488.hdr.38",-0.000478900000000001
"488","ran488.hdr.39",-0.00032408
"488","ran488.hdr.4",-0.0001004
"488","ran488.hdr.40",-0.000613500000000001
"488","ran488.hdr.41",-0.001022
"488","ran488.hdr.42",-0.0024974
"488","ran488.hdr.43",0.0000712999999999998
"488","ran488.hdr.44",-0.000787299999999999
"488","ran488.hdr.45",-0.0009237
"488","ran488.hdr.46",-0.0000485800000000003
"488","ran488.hdr.47",-0.0030178
"488","ran488.hdr.48",-0.000189699999999999
"488","ran488.hdr.49",-0.000917999999999999
"488","ran488.hdr.5",-0.00041678
"488","ran488.hdr.50",-0.000464200000000001
"488","ran488.hdr.51",-0.000198799999999999
"488","ran488.hdr.52",-0.0003459
"488","ran488.hdr.53",-0.0034143
"488","ran488.hdr.54",-0.00055
"488","ran488.hdr.55",-0.00012336
"488","ran488.hdr.56",0.0003446
"488","ran488.hdr.59",0.000452599999999999
"488","ran488.hdr.6",-0.0048415
"488","ran488.hdr.60",-0.0015743
"488","ran488.hdr.61",-0.000604200000000001
"488","ran488.hdr.62",-0.00424687
"488","ran488.hdr.63",-0.001971
"488","ran488.hdr.64",-0.0014755
"488","ran488.hdr.65",-0.0013776
"488","ran488.hdr.66",-0.0016847
"488","ran488.hdr.67",0.0000613000000000002
"488","ran488.hdr.68",-0.000836699999999999
"488","ran488.hdr.69",-0.00060945
"488","ran488.hdr.7",-0.0044797
"488","ran488.hdr.70",-0.000589600000000003
"488","ran488.hdr.71",0.00049861
"488","ran488.hdr.72",-0.0011679
"488","ran488.hdr.73",-0.0003324
"488","ran488.hdr.74",-0.000116
"488","ran488.hdr.75",0.0002568
"488","ran488.hdr.76",-0.0007697
"488","ran488.hdr.77",-0.0014027
"488","ran488.hdr.78",-0.0023497
"488","ran488.hdr.8",-0.000293
"488","ran488.hdr.9",-0.0003059
"489","ran489.hdr.1",0.0001343
"489","ran489.hdr.10",-0.00058509
"489","ran489.hdr.11",-0.0004986
"489","ran489.hdr.12",-0.0003958
"489","ran489.hdr.13",-0.0003143
"489","ran489.hdr.14",-0.0003742
"489","ran489.hdr.15",-0.000934500000000001
"489","ran489.hdr.16",-0.000864889999999999
"489","ran489.hdr.17",-0.000382
"489","ran489.hdr.18",-0.0002787
"489","ran489.hdr.19",-0.0003756
"489","ran489.hdr.2",-0.000203000000000002
"489","ran489.hdr.20",-0.000136579999999999
"489","ran489.hdr.21",-0.0010155
"489","ran489.hdr.22",-0.000163968
"489","ran489.hdr.23",-0.0005678
"489","ran489.hdr.24",-0.0003097
"489","ran489.hdr.25",-0.00175568
"489","ran489.hdr.26",0.000177500000000001
"489","ran489.hdr.27",-0.00031339
"489","ran489.hdr.28",-0.000572599999999999
"489","ran489.hdr.29",-0.002134
"489","ran489.hdr.3",-0.0036577
"489","ran489.hdr.30",0.000144799999999999
"489","ran489.hdr.31",-0.0031592
"489","ran489.hdr.32",-0.000803500000000002
"489","ran489.hdr.33",0.0000176400000000011
"489","ran489.hdr.34",-0.0006827
"489","ran489.hdr.35",-0.000152599999999999
"489","ran489.hdr.36",-0.0009637
"489","ran489.hdr.37",0.0000173000000000013
"489","ran489.hdr.38",-0.000870699999999999
"489","ran489.hdr.39",-0.000114100000000002
"489","ran489.hdr.4",-0.0053867
"489","ran489.hdr.40",0.000364999999999999
"489","ran489.hdr.41",-0.000299199999999999
"489","ran489.hdr.42",NA
"489","ran489.hdr.43",-0.00014571
"489","ran489.hdr.44",-0.000514700000000002
"489","ran489.hdr.45",-0.000026974
"489","ran489.hdr.46",-0.000691199999999999
"489","ran489.hdr.47",0.00013033
"489","ran489.hdr.48",-0.000129839
"489","ran489.hdr.49",-0.00027166
"489","ran489.hdr.5",-0.0044934
"489","ran489.hdr.50",-0.00035604
"489","ran489.hdr.51",-0.0014392
"489","ran489.hdr.52",-0.0168073
"489","ran489.hdr.53",-0.0023439
"489","ran489.hdr.54",NA
"489","ran489.hdr.55",-0.0005042
"489","ran489.hdr.56",-0.0001373
"489","ran489.hdr.57",-0.000058840000000001
"489","ran489.hdr.58",-0.000568100000000002
"489","ran489.hdr.59",-0.0046284
"489","ran489.hdr.6",-0.0051096
"489","ran489.hdr.60",-0.000146299999999999
"489","ran489.hdr.62",-0.000694199999999999
"489","ran489.hdr.63",-0.000343400000000001
"489","ran489.hdr.64",-0.000964599999999999
"489","ran489.hdr.65",0.000452299999999999
"489","ran489.hdr.66",-0.0180869
"489","ran489.hdr.67",0.0000525999999999999
"489","ran489.hdr.68",-0.0011581
"489","ran489.hdr.69",-0.0068051
"489","ran489.hdr.7",-0.0044797
"489","ran489.hdr.70",-0.0010098
"489","ran489.hdr.71",-0.000228699999999998
"489","ran489.hdr.72",-0.000428600000000001
"489","ran489.hdr.73",-0.0044168
"489","ran489.hdr.74",-0.000590700000000003
"489","ran489.hdr.75",-0.0035566
"489","ran489.hdr.76",-0.0013547
"489","ran489.hdr.77",-0.0025593
"489","ran489.hdr.78",-0.0003198
"489","ran489.hdr.8",-0.000571100000000001
"489","ran489.hdr.9",-0.0000895300000000009
"490","ran490.hdr.1",-0.000203000000000002
"490","ran490.hdr.10",0.00000320000000000008
"490","ran490.hdr.11",-0.0011219
"490","ran490.hdr.12",-0.000507199999999999
"490","ran490.hdr.13",0.0000449828
"490","ran490.hdr.14",-0.0003458
"490","ran490.hdr.15",0.000000899999999999859
"490","ran490.hdr.16",0.000240457
"490","ran490.hdr.17",0.000321200000000001
"490","ran490.hdr.18",0.0000243300000000001
"490","ran490.hdr.19",-0.00008435
"490","ran490.hdr.2",0.000177799999999999
"490","ran490.hdr.20",-0.0001177
"490","ran490.hdr.21",0.0000345999999999992
"490","ran490.hdr.22",-0.0000295899999999999
"490","ran490.hdr.23",-0.000154699999999999
"490","ran490.hdr.24",0.0000111
"490","ran490.hdr.25",-0.00013827
"490","ran490.hdr.26",-0.0000828099999999991
"490","ran490.hdr.27",-0.000413999999999999
"490","ran490.hdr.28",0.000144100000000001
"490","ran490.hdr.29",-0.0028198
"490","ran490.hdr.3",-0.0000253999999999983
"490","ran490.hdr.30",0.00069258
"490","ran490.hdr.31",-0.000409099999999999
"490","ran490.hdr.32",-0.0002734
"490","ran490.hdr.33",0.000294800000000001
"490","ran490.hdr.34",-0.000307
"490","ran490.hdr.35",-0.00048092
"490","ran490.hdr.36",-0.0021188
"490","ran490.hdr.37",-0.000464300000000001
"490","ran490.hdr.38",-0.0004983
"490","ran490.hdr.39",-0.0001811
"490","ran490.hdr.4",-0.000333
"490","ran490.hdr.40",-0.000733699999999999
"490","ran490.hdr.41",0.0001598
"490","ran490.hdr.42",0.0000647999999999985
"490","ran490.hdr.43",-0.000743199999999999
"490","ran490.hdr.44",-0.000341900000000003
"490","ran490.hdr.45",-0.0003389
"490","ran490.hdr.46",-0.0005532
"490","ran490.hdr.47",-0.000260400000000001
"490","ran490.hdr.48",-0.0001508
"490","ran490.hdr.49",-0.0000856099999999999
"490","ran490.hdr.5",-0.0054872
"490","ran490.hdr.50",-0.000560139999999999
"490","ran490.hdr.51",-0.0003459
"490","ran490.hdr.52",-0.0001486
"490","ran490.hdr.53",-0.00029094
"490","ran490.hdr.54",-0.00074359
"490","ran490.hdr.55",-0.00073805
"490","ran490.hdr.56",-0.0004198
"490","ran490.hdr.57",0.0000555099999999999
"490","ran490.hdr.59",-0.0000596800000000012
"490","ran490.hdr.6",-0.01541877
"490","ran490.hdr.60",-0.0001829
"490","ran490.hdr.61",-0.000551000000000001
"490","ran490.hdr.62",-0.000595
"490","ran490.hdr.63",-0.000727199999999997
"490","ran490.hdr.64",-0.000589599999999999
"490","ran490.hdr.65",-0.0008768
"490","ran490.hdr.66",-0.000316540000000001
"490","ran490.hdr.67",0.000326399999999999
"490","ran490.hdr.68",0.00030567
"490","ran490.hdr.69",-0.000720800000000001
"490","ran490.hdr.7",-0.0034598
"490","ran490.hdr.70",-0.000282660000000001
"490","ran490.hdr.71",-0.0000214000000000013
"490","ran490.hdr.72",0.001242
"490","ran490.hdr.73",-0.0022069
"490","ran490.hdr.74",-0.0027169
"490","ran490.hdr.75",-0.000407090000000001
"490","ran490.hdr.76",-0.0013233
"490","ran490.hdr.77",-0.0035566
"490","ran490.hdr.78",-0.0005602
"490","ran490.hdr.8",-0.0023125
"490","ran490.hdr.9",-0.0003304
"491","ran491.hdr.1",-0.0009493
"491","ran491.hdr.10",-0.0061766
"491","ran491.hdr.11",-0.0013379
"491","ran491.hdr.12",-0.000571100000000001
"491","ran491.hdr.13",0.000380419999999999
"491","ran491.hdr.14",-0.00046459
"491","ran491.hdr.15",-0.00012632
"491","ran491.hdr.16",-0.0009067
"491","ran491.hdr.17",-0.0002509
"491","ran491.hdr.18",0.00015925
"491","ran491.hdr.19",-0.000547299999999997
"491","ran491.hdr.2",-0.0011152
"491","ran491.hdr.20",-0.00000325000000000065
"491","ran491.hdr.21",0.00023279
"491","ran491.hdr.22",-0.0004673
"491","ran491.hdr.23",0.000139800000000001
"491","ran491.hdr.24",-0.0008164
"491","ran491.hdr.25",-0.000686199999999998
"491","ran491.hdr.26",-0.000598599999999998
"491","ran491.hdr.27",-0.000747600000000001
"491","ran491.hdr.28",0.000232270000000001
"491","ran491.hdr.29",-0.00025349
"491","ran491.hdr.3",-0.000739499999999999
"491","ran491.hdr.30",-0.00038817
"491","ran491.hdr.31",-0.00028597
"491","ran491.hdr.32",-0.0004527
"491","ran491.hdr.33",0.000159400000000001
"491","ran491.hdr.34",0.0000835700000000016
"491","ran491.hdr.35",-0.000243200000000001
"491","ran491.hdr.36",-0.00073436
"491","ran491.hdr.37",-0.00017519
"491","ran491.hdr.38",-0.000944
"491","ran491.hdr.39",-0.000340940000000001
"491","ran491.hdr.4",-0.000224699999999998
"491","ran491.hdr.40",-0.0011052
"491","ran491.hdr.41",-0.00020328
"491","ran491.hdr.42",-0.000583800000000001
"491","ran491.hdr.43",-0.0015247
"491","ran491.hdr.44",-0.000522599999999998
"491","ran491.hdr.45",-0.0013738
"491","ran491.hdr.46",-0.00065478
"491","ran491.hdr.47",-0.000289599999999999
"491","ran491.hdr.48",-0.0010611
"491","ran491.hdr.49",-0.000917300000000001
"491","ran491.hdr.5",-0.0014413
"491","ran491.hdr.50",-0.0000280200000000001
"491","ran491.hdr.51",-0.0000828000000000009
"491","ran491.hdr.52",-0.0015836
"491","ran491.hdr.53",-0.000032588
"491","ran491.hdr.54",-0.0000134699999999998
"491","ran491.hdr.55",-0.0012841
"491","ran491.hdr.56",0.00009
"491","ran491.hdr.59",0.00000550000000000203
"491","ran491.hdr.6",0.0000496999999999997
"491","ran491.hdr.60",-0.000425699999999999
"491","ran491.hdr.61",-0.000534000000000001
"491","ran491.hdr.62",-0.0006847
"491","ran491.hdr.63",-0.00017847
"491","ran491.hdr.64",-0.0016226
"491","ran491.hdr.65",-0.0012548
"491","ran491.hdr.66",-0.000933400000000001
"491","ran491.hdr.67",-0.000328449999999999
"491","ran491.hdr.68",-0.000134699999999998
"491","ran491.hdr.69",-0.0001172
"491","ran491.hdr.7",-0.000481700000000002
"491","ran491.hdr.70",-0.00093906
"491","ran491.hdr.71",-0.000389500000000001
"491","ran491.hdr.72",-0.000720800000000001
"491","ran491.hdr.73",-0.0013232
"491","ran491.hdr.74",-0.000471699999999999
"491","ran491.hdr.75",-0.0027169
"491","ran491.hdr.76",-0.000818700000000002
"491","ran491.hdr.77",-0.0013547
"491","ran491.hdr.78",-0.0018567
"491","ran491.hdr.8",-0.0031082
"491","ran491.hdr.9",-0.0031521
"492","ran492.hdr.1",-0.0003084
"492","ran492.hdr.10",-0.00018325
"492","ran492.hdr.11",-0.0008879
"492","ran492.hdr.12",-0.0002828
"492","ran492.hdr.13",0.00000960000000000023
"492","ran492.hdr.14",-0.000434459999999999
"492","ran492.hdr.15",-0.0002021
"492","ran492.hdr.16",-0.000988359999999999
"492","ran492.hdr.17",-0.000477
"492","ran492.hdr.18",-0.0012923
"492","ran492.hdr.19",-0.0004586
"492","ran492.hdr.2",-0.00100715
"492","ran492.hdr.20",0.000380699999999999
"492","ran492.hdr.21",-0.000779799999999999
"492","ran492.hdr.22",NA
"492","ran492.hdr.23",-0.0025625
"492","ran492.hdr.24",-0.000912500000000002
"492","ran492.hdr.25",-0.000518899999999999
"492","ran492.hdr.26",-0.0004899
"492","ran492.hdr.27",-0.0084394
"492","ran492.hdr.28",-0.000108899999999999
"492","ran492.hdr.29",0.000197699999999999
"492","ran492.hdr.3",-0.00040682
"492","ran492.hdr.30",-0.0113291
"492","ran492.hdr.31",-0.000026615
"492","ran492.hdr.32",-0.000243760000000001
"492","ran492.hdr.33",-0.000258899999999999
"492","ran492.hdr.34",0.0000461000000000003
"492","ran492.hdr.35",-0.000541900000000001
"492","ran492.hdr.36",-0.0001419
"492","ran492.hdr.37",-0.000784
"492","ran492.hdr.38",-0.0013637
"492","ran492.hdr.39",0.000159400000000001
"492","ran492.hdr.4",-0.000272339999999999
"492","ran492.hdr.40",-0.0015268
"492","ran492.hdr.41",0.000417300000000002
"492","ran492.hdr.42",-0.0002734
"492","ran492.hdr.43",-0.0001115
"492","ran492.hdr.44",-0.000352100000000001
"492","ran492.hdr.45",0.0000440000000000024
"492","ran492.hdr.46",-0.0000784999999999987
"492","ran492.hdr.47",-0.0000828000000000009
"492","ran492.hdr.48",-0.0018136
"492","ran492.hdr.49",-0.00073805
"492","ran492.hdr.5",-0.0053867
"492","ran492.hdr.50",-0.00022462
"492","ran492.hdr.51",0.000207799999999998
"492","ran492.hdr.52",-0.0010297
"492","ran492.hdr.57",-0.0020265
"492","ran492.hdr.58",-0.0007402
"492","ran492.hdr.59",-0.00424687
"492","ran492.hdr.6",-0.00034287
"492","ran492.hdr.60",-0.01281643
"492","ran492.hdr.61",-0.0021686
"492","ran492.hdr.62",-0.00016
"492","ran492.hdr.63",-0.000373099999999998
"492","ran492.hdr.64",-0.000914999999999999
"492","ran492.hdr.65",-0.0002389
"492","ran492.hdr.66",-0.00546245
"492","ran492.hdr.67",-0.0000303999999999999
"492","ran492.hdr.68",-0.0008419
"492","ran492.hdr.69",-0.000387699999999998
"492","ran492.hdr.7",-0.0040521
"492","ran492.hdr.70",-0.00179129
"492","ran492.hdr.71",-0.000347499999999997
"492","ran492.hdr.72",0.0000233799999999999
"492","ran492.hdr.73",-0.000454899999999998
"492","ran492.hdr.74",-0.0000214000000000013
"492","ran492.hdr.75",-0.00086876
"492","ran492.hdr.76",-0.0010804
"492","ran492.hdr.77",-0.000365799999999999
"492","ran492.hdr.78",-0.0016978
"492","ran492.hdr.8",-0.00013959
"492","ran492.hdr.9",-0.00046459
"493","ran493.hdr.1",-0.00020446
"493","ran493.hdr.10",-0.00056426
"493","ran493.hdr.11",-0.000309469999999999
"493","ran493.hdr.12",-0.000456600000000001
"493","ran493.hdr.13",-0.000348600000000001
"493","ran493.hdr.14",-0.0006677
"493","ran493.hdr.15",-0.0011243
"493","ran493.hdr.16",-0.000506029999999999
"493","ran493.hdr.17",-0.000262800000000001
"493","ran493.hdr.18",-0.0134706
"493","ran493.hdr.19",0.000494990000000001
"493","ran493.hdr.2",0.0000496999999999997
"493","ran493.hdr.20",0.0000778599999999999
"493","ran493.hdr.21",-0.0026503
"493","ran493.hdr.22",-0.0084394
"493","ran493.hdr.23",-0.0012522
"493","ran493.hdr.24",-0.00005407
"493","ran493.hdr.25",-0.0006865
"493","ran493.hdr.26",0.0003406
"493","ran493.hdr.27",-0.0002773
"493","ran493.hdr.28",-0.000777899999999998
"493","ran493.hdr.29",0.0008266
"493","ran493.hdr.3",-0.0001332
"493","ran493.hdr.30",-0.00345372
"493","ran493.hdr.31",-0.00087039
"493","ran493.hdr.32",-0.000250599999999998
"493","ran493.hdr.33",-0.0017371
"493","ran493.hdr.34",-0.0000392999999999991
"493","ran493.hdr.35",-0.0001159
"493","ran493.hdr.36",-0.0030608
"493","ran493.hdr.37",-0.00025136
"493","ran493.hdr.38",-0.0002094
"493","ran493.hdr.39",0.000237399999999999
"493","ran493.hdr.4",-0.0000461999999999997
"493","ran493.hdr.40",-0.0010275
"493","ran493.hdr.41",0.0000050100000000006
"493","ran493.hdr.42",-0.00112666
"493","ran493.hdr.43",-0.0000572999999999997
"493","ran493.hdr.44",-0.0001212
"493","ran493.hdr.45",0.0001598
"493","ran493.hdr.46",0.00019344
"493","ran493.hdr.47",-0.000259619999999999
"493","ran493.hdr.48",-0.000315939999999999
"493","ran493.hdr.49",-0.0015804
"493","ran493.hdr.5",-0.000621999999999998
"493","ran493.hdr.50",-0.000299799999999999
"493","ran493.hdr.51",-0.0027789
"493","ran493.hdr.52",-0.00031891
"493","ran493.hdr.53",0.0002778
"493","ran493.hdr.54",-0.00073805
"493","ran493.hdr.55",-0.0004198
"493","ran493.hdr.56",-0.00020368
"493","ran493.hdr.57",-0.000697900000000001
"493","ran493.hdr.58",-0.0015428
"493","ran493.hdr.59",-0.0003572
"493","ran493.hdr.6",-0.0049685
"493","ran493.hdr.60",-0.00685775
"493","ran493.hdr.61",0.000314700000000001
"493","ran493.hdr.62",0.0000100400000000002
"493","ran493.hdr.63",-0.0006961
"493","ran493.hdr.64",-0.0012721
"493","ran493.hdr.65",-0.000781200000000003
"493","ran493.hdr.66",-0.000540200000000001
"493","ran493.hdr.67",0.000230500000000002
"493","ran493.hdr.68",0.000435899999999999
"493","ran493.hdr.69",-0.0028671
"493","ran493.hdr.7",-0.0021506
"493","ran493.hdr.70",0.0000832999999999997
"493","ran493.hdr.71",-0.0010284
"493","ran493.hdr.72",-0.000052345
"493","ran493.hdr.73",-0.0003707
"493","ran493.hdr.74",-0.000039273
"493","ran493.hdr.75",-0.000471699999999999
"493","ran493.hdr.76",-0.000818700000000002
"493","ran493.hdr.77",-0.0007366
"493","ran493.hdr.78",-0.000318599999999999
"493","ran493.hdr.8",-0.00062661
"493","ran493.hdr.9",0.000160479999999999
"494","ran494.hdr.1",-0.000195000000000001
"494","ran494.hdr.10",-0.0008936
"494","ran494.hdr.11",0.000233300000000001
"494","ran494.hdr.12",-0.00021846
"494","ran494.hdr.13",0.00010593
"494","ran494.hdr.14",-0.00041681
"494","ran494.hdr.15",-0.000428030000000001
"494","ran494.hdr.16",-0.0007343
"494","ran494.hdr.17",-0.00010734
"494","ran494.hdr.18",-0.000598200000000001
"494","ran494.hdr.19",0.000087499999999999
"494","ran494.hdr.2",-0.0010315
"494","ran494.hdr.20",0.000264149999999999
"494","ran494.hdr.21",0.00042836
"494","ran494.hdr.22",-0.000399699999999999
"494","ran494.hdr.23",-0.0000559799999999997
"494","ran494.hdr.24",-0.0001443
"494","ran494.hdr.25",-0.000605700000000001
"494","ran494.hdr.26",-0.000612299999999998
"494","ran494.hdr.27",-0.0003961
"494","ran494.hdr.28",0.0000328100000000012
"494","ran494.hdr.29",0.00025468
"494","ran494.hdr.3",-0.0025737
"494","ran494.hdr.30",-0.00011043
"494","ran494.hdr.31",0.0003322
"494","ran494.hdr.32",0.000230600000000001
"494","ran494.hdr.33",-0.0000212300000000006
"494","ran494.hdr.34",-0.00510713
"494","ran494.hdr.35",-0.00023093
"494","ran494.hdr.36",-0.001142
"494","ran494.hdr.37",-0.000575500000000001
"494","ran494.hdr.38",-0.0011277
"494","ran494.hdr.39",0.0000373000000000005
"494","ran494.hdr.4",-0.0008533
"494","ran494.hdr.40",0.00022469
"494","ran494.hdr.41",-0.0002047
"494","ran494.hdr.42",-0.000917300000000001
"494","ran494.hdr.43",-0.000392
"494","ran494.hdr.44",-0.000228000000000001
"494","ran494.hdr.45",0.000156099999999999
"494","ran494.hdr.46",-0.0023439
"494","ran494.hdr.47",0.00014666
"494","ran494.hdr.48",0.0004068
"494","ran494.hdr.49",-0.000568100000000002
"494","ran494.hdr.5",-0.0044934
"494","ran494.hdr.50",-0.0010723
"494","ran494.hdr.51",-0.000395
"494","ran494.hdr.52",-0.000227100000000001
"494","ran494.hdr.53",-0.000117300000000001
"494","ran494.hdr.54",-0.000141199999999999
"494","ran494.hdr.55",-0.000694199999999999
"494","ran494.hdr.56",-0.0013104
"494","ran494.hdr.57",-0.0008126
"494","ran494.hdr.58",-0.000867700000000001
"494","ran494.hdr.59",0.00000862399999999999
"494","ran494.hdr.6",-0.00061467
"494","ran494.hdr.60",0.000760469999999999
"494","ran494.hdr.61",-0.00019203
"494","ran494.hdr.62",-0.000775399999999999
"494","ran494.hdr.63",0.000477
"494","ran494.hdr.64",-0.0016226
"494","ran494.hdr.65",-0.000540200000000001
"494","ran494.hdr.66",-0.00039478
"494","ran494.hdr.67",-0.000681889999999999
"494","ran494.hdr.68",-0.0011658
"494","ran494.hdr.69",-0.0004743
"494","ran494.hdr.7",-0.0035262
"494","ran494.hdr.70",-0.000955899999999999
"494","ran494.hdr.71",-0.0000153999999999987
"494","ran494.hdr.72",-0.0001492
"494","ran494.hdr.73",-0.0002731
"494","ran494.hdr.74",0.00011249
"494","ran494.hdr.75",-0.0013741
"494","ran494.hdr.76",-0.0035566
"494","ran494.hdr.77",-0.000710300000000001
"494","ran494.hdr.78",-0.000547499999999999
"494","ran494.hdr.8",-0.000119528
"494","ran494.hdr.9",-0.00036891
"495","ran495.hdr.1",-0.0014785
"495","ran495.hdr.10",-0.0030448
"495","ran495.hdr.11",-0.0002272
"495","ran495.hdr.12",-0.00071284
"495","ran495.hdr.13",0.000151200000000001
"495","ran495.hdr.14",-0.00010734
"495","ran495.hdr.15",-0.0005371
"495","ran495.hdr.16",-0.00025135
"495","ran495.hdr.17",0.000597690000000001
"495","ran495.hdr.18",-0.000165999999999999
"495","ran495.hdr.19",-0.000988359999999999
"495","ran495.hdr.2",0.000021011
"495","ran495.hdr.20",-0.000327600000000001
"495","ran495.hdr.21",-0.0000854700000000007
"495","ran495.hdr.22",-0.000348220000000002
"495","ran495.hdr.23",-0.0134706
"495","ran495.hdr.24",-0.0000983000000000008
"495","ran495.hdr.25",-0.000356
"495","ran495.hdr.26",-0.000241700000000001
"495","ran495.hdr.27",-0.000370000000000001
"495","ran495.hdr.28",-0.0075207
"495","ran495.hdr.29",0.00000140000000000036
"495","ran495.hdr.3",0.0009259
"495","ran495.hdr.30",0.0000192000000000005
"495","ran495.hdr.31",0.000369380000000001
"495","ran495.hdr.32",-0.0002538
"495","ran495.hdr.33",-0.000359799999999999
"495","ran495.hdr.34",-0.0013929
"495","ran495.hdr.35",-0.000643000000000001
"495","ran495.hdr.36",-0.000119399999999999
"495","ran495.hdr.37",-0.00180704
"495","ran495.hdr.38",-0.0013244
"495","ran495.hdr.39",-0.0001159
"495","ran495.hdr.4",-0.0004437
"495","ran495.hdr.40",-0.0023716
"495","ran495.hdr.41",-0.000429500000000003
"495","ran495.hdr.42",-0.0015749
"495","ran495.hdr.43",-0.0004983
"495","ran495.hdr.44",-0.0000192999999999999
"495","ran495.hdr.45",0.000207200000000001
"495","ran495.hdr.46",0.000276800000000001
"495","ran495.hdr.47",-0.000114999999999999
"495","ran495.hdr.48",-0.0098876
"495","ran495.hdr.49",-0.0010055
"495","ran495.hdr.5",-0.002115
"495","ran495.hdr.50",-0.00119342
"495","ran495.hdr.51",-0.0000328000000000004
"495","ran495.hdr.52",0.000012144
"495","ran495.hdr.53",-0.00037555
"495","ran495.hdr.54",-0.0030547
"495","ran495.hdr.55",-0.000971
"495","ran495.hdr.56",-0.0011708
"495","ran495.hdr.57",-0.00010923
"495","ran495.hdr.58",-0.0011511
"495","ran495.hdr.59",-0.0010723
"495","ran495.hdr.6",0.00002592
"495","ran495.hdr.60",-0.000421599999999999
"495","ran495.hdr.61",0.0000292299999999999
"495","ran495.hdr.62",-0.00016094
"495","ran495.hdr.63",0.0002652
"495","ran495.hdr.64",-0.000163490000000001
"495","ran495.hdr.65",-0.000680699999999999
"495","ran495.hdr.66",-0.000190900000000001
"495","ran495.hdr.67",-0.000841399999999999
"495","ran495.hdr.68",0.0000759199999999993
"495","ran495.hdr.69",-0.00029
"495","ran495.hdr.7",-0.000233200000000003
"495","ran495.hdr.70",NA
"495","ran495.hdr.71",-0.000228
"495","ran495.hdr.72",-0.000798899999999998
"495","ran495.hdr.73",-0.0006002
"495","ran495.hdr.74",-0.000482799999999999
"495","ran495.hdr.75",-0.0013547
"495","ran495.hdr.76",-0.0032753
"495","ran495.hdr.77",-0.0006976
"495","ran495.hdr.78",-0.0005602
"495","ran495.hdr.8",-0.01685291
"495","ran495.hdr.9",-0.00259746
"496","ran496.hdr.1",-0.0005582
"496","ran496.hdr.10",0.0000348000000000015
"496","ran496.hdr.11",-0.00023018
"496","ran496.hdr.12",-0.0000736000000000001
"496","ran496.hdr.13",-0.000336900000000001
"496","ran496.hdr.14",-0.00047309
"496","ran496.hdr.15",-0.0012819
"496","ran496.hdr.16",-0.000220930000000001
"496","ran496.hdr.17",-0.0011619
"496","ran496.hdr.18",-0.000686199999999998
"496","ran496.hdr.19",0.000287000000000001
"496","ran496.hdr.2",0.000177399999999999
"496","ran496.hdr.20",-0.0003237
"496","ran496.hdr.21",-0.0004899
"496","ran496.hdr.22",-0.0007817
"496","ran496.hdr.23",-0.000108899999999999
"496","ran496.hdr.24",0.0000270699999999997
"496","ran496.hdr.25",0.0001034
"496","ran496.hdr.26",-0.0000783900000000002
"496","ran496.hdr.27",-0.0008389
"496","ran496.hdr.28",-0.000311800000000001
"496","ran496.hdr.29",-0.0006546
"496","ran496.hdr.3",-0.000119600000000001
"496","ran496.hdr.30",-0.00013267
"496","ran496.hdr.31",-0.0005877
"496","ran496.hdr.32",-0.0004084
"496","ran496.hdr.33",-0.0002793
"496","ran496.hdr.34",-0.0032627
"496","ran496.hdr.35",-0.0018003
"496","ran496.hdr.36",-0.0000137999999999978
"496","ran496.hdr.37",-0.0034946
"496","ran496.hdr.38",-0.00018951
"496","ran496.hdr.39",-0.001022
"496","ran496.hdr.4",0.00026852
"496","ran496.hdr.40",0.0003162
"496","ran496.hdr.41",-0.0005509
"496","ran496.hdr.42",-0.000469799999999999
"496","ran496.hdr.43",-0.0001203
"496","ran496.hdr.44",0.000116
"496","ran496.hdr.45",0.0000045761
"496","ran496.hdr.46",-0.0010611
"496","ran496.hdr.47",-0.0034509
"496","ran496.hdr.48",0.00058728
"496","ran496.hdr.49",-0.0041082
"496","ran496.hdr.5",-0.0056027
"496","ran496.hdr.50",-0.0022353
"496","ran496.hdr.51",-0.000917300000000001
"496","ran496.hdr.52",-0.000258099999999999
"496","ran496.hdr.53",-0.000408800000000001
"496","ran496.hdr.54",-0.00015647
"496","ran496.hdr.55",-0.000837099999999999
"496","ran496.hdr.56",-0.00026183
"496","ran496.hdr.57",-0.00011378
"496","ran496.hdr.58",-0.00022903
"496","ran496.hdr.59",-0.0000566400000000002
"496","ran496.hdr.6",-0.00053636
"496","ran496.hdr.60",-0.000796399999999999
"496","ran496.hdr.61",0.0003333
"496","ran496.hdr.64",-0.000492100000000002
"496","ran496.hdr.65",-0.000551000000000001
"496","ran496.hdr.66",-0.000789600000000001
"496","ran496.hdr.67",-0.0002377
"496","ran496.hdr.68",-0.0004258
"496","ran496.hdr.69",-0.0018888
"496","ran496.hdr.7",-0.0006677
"496","ran496.hdr.70",-0.0017715
"496","ran496.hdr.71",-0.0016696
"496","ran496.hdr.72",-0.00179129
"496","ran496.hdr.73",NA
"496","ran496.hdr.74",-0.0011245
"496","ran496.hdr.75",-0.0019338
"496","ran496.hdr.76",-0.000496399999999999
"496","ran496.hdr.77",-0.0013547
"496","ran496.hdr.78",-0.0064447
"496","ran496.hdr.8",-0.000049909
"496","ran496.hdr.9",-0.0005371
"497","ran497.hdr.1",0.0000546000000000001
"497","ran497.hdr.10",-0.00126458
"497","ran497.hdr.11",-0.000534900000000001
"497","ran497.hdr.12",-0.000807199999999999
"497","ran497.hdr.13",-0.0004688
"497","ran497.hdr.14",0.000209899999999999
"497","ran497.hdr.15",0.0006018
"497","ran497.hdr.16",-0.000168399999999999
"497","ran497.hdr.17",0.000174039999999999
"497","ran497.hdr.18",-0.00102123
"497","ran497.hdr.19",-0.0017649
"497","ran497.hdr.2",-0.00010781
"497","ran497.hdr.20",-0.00030432
"497","ran497.hdr.21",-0.000518899999999999
"497","ran497.hdr.22",-0.000140599999999999
"497","ran497.hdr.23",-0.000595100000000001
"497","ran497.hdr.24",-0.000454400000000001
"497","ran497.hdr.25",-0.0000960500000000003
"497","ran497.hdr.26",-0.000418709999999999
"497","ran497.hdr.27",0.00000545000000000016
"497","ran497.hdr.28",-0.0019493
"497","ran497.hdr.29",-0.00055601
"497","ran497.hdr.3",0.00012763
"497","ran497.hdr.30",-0.00012519
"497","ran497.hdr.31",0.00030284
"497","ran497.hdr.32",0.0000139000000000007
"497","ran497.hdr.33",-0.000844900000000001
"497","ran497.hdr.34",-0.000469900000000001
"497","ran497.hdr.35",-0.000364799999999998
"497","ran497.hdr.36",-0.00016097
"497","ran497.hdr.37",-0.0024974
"497","ran497.hdr.38",-0.000687
"497","ran497.hdr.39",-0.000390949999999999
"497","ran497.hdr.4",NA
"497","ran497.hdr.40",-0.0026491
"497","ran497.hdr.41",0.0000050100000000006
"497","ran497.hdr.42",-0.0015247
"497","ran497.hdr.43",-0.0003823
"497","ran497.hdr.44",-0.000733699999999999
"497","ran497.hdr.45",0.0003056
"497","ran497.hdr.46",0.0005877
"497","ran497.hdr.47",-0.000325299999999997
"497","ran497.hdr.48",-0.00119342
"497","ran497.hdr.49",0.000374129999999999
"497","ran497.hdr.5",-0.0035328
"497","ran497.hdr.50",-0.00009566
"497","ran497.hdr.51",-0.002475
"497","ran497.hdr.52",0.000215399
"497","ran497.hdr.53",-0.00022893
"497","ran497.hdr.55",-0.0000994599999999991
"497","ran497.hdr.56",0.000351000000000001
"497","ran497.hdr.57",-0.000425699999999999
"497","ran497.hdr.58",-0.0004258
"497","ran497.hdr.59",-0.0180869
"497","ran497.hdr.6",-0.0045035
"497","ran497.hdr.60",0.0000525999999999999
"497","ran497.hdr.61",-0.0003064
"497","ran497.hdr.62",-0.000083200000000002
"497","ran497.hdr.63",-0.0029365
"497","ran497.hdr.64",-0.000021102
"497","ran497.hdr.65",-0.000404369999999999
"497","ran497.hdr.66",-0.001085
"497","ran497.hdr.67",-0.000841399999999999
"497","ran497.hdr.68",-0.000630200000000001
"497","ran497.hdr.69",-0.0012827
"497","ran497.hdr.7",-0.000537139999999999
"497","ran497.hdr.70",-0.000457200000000001
"497","ran497.hdr.71",-0.0016911
"497","ran497.hdr.72",0.00033561
"497","ran497.hdr.73",-0.0035566
"497","ran497.hdr.74",-0.0010139
"497","ran497.hdr.75",-0.000908300000000001
"497","ran497.hdr.76",-0.0033926
"497","ran497.hdr.77",-0.0004975
"497","ran497.hdr.78",-0.00028371
"497","ran497.hdr.8",0.000134800000000001
"497","ran497.hdr.9",-0.0015386
"498","ran498.hdr.1",0.000000199999999998812
"498","ran498.hdr.10",-0.0015955
"498","ran498.hdr.11",-0.00085353
"498","ran498.hdr.12",-0.0011143
"498","ran498.hdr.13",0.000402120000000001
"498","ran498.hdr.14",-0.000168399999999999
"498","ran498.hdr.15",-0.0013108
"498","ran498.hdr.16",-0.0006205
"498","ran498.hdr.17",0.000380700000000001
"498","ran498.hdr.18",-0.00032336
"498","ran498.hdr.19",-0.00034284
"498","ran498.hdr.2",-0.0007992
"498","ran498.hdr.20",-0.0084394
"498","ran498.hdr.21",-0.000163968
"498","ran498.hdr.22",-0.0045505
"498","ran498.hdr.23",-0.00043048
"498","ran498.hdr.24",-0.00019894
"498","ran498.hdr.25",0.0000669999999999994
"498","ran498.hdr.26",-0.00060842
"498","ran498.hdr.27",0.0000345999999999992
"498","ran498.hdr.28",-0.000507499999999999
"498","ran498.hdr.29",-0.00010227
"498","ran498.hdr.3",-0.000831800000000001
"498","ran498.hdr.30",-0.0024831
"498","ran498.hdr.31",-0.0023193
"498","ran498.hdr.32",-0.0006827
"498","ran498.hdr.33",-0.0003975
"498","ran498.hdr.34",-0.000481199999999999
"498","ran498.hdr.35",-0.000787299999999999
"498","ran498.hdr.36",-0.0002167
"498","ran498.hdr.37",-0.0037192
"498","ran498.hdr.38",-0.000207300000000001
"498","ran498.hdr.39",-0.00034381
"498","ran498.hdr.4",-0.002806
"498","ran498.hdr.40",-0.0005929
"498","ran498.hdr.41",-0.0000446000000000005
"498","ran498.hdr.42",-0.000982500000000001
"498","ran498.hdr.43",-0.000452599999999999
"498","ran498.hdr.44",-0.000846200000000002
"498","ran498.hdr.45",-0.000313399999999998
"498","ran498.hdr.46",-0.0002729
"498","ran498.hdr.47",-0.00004207
"498","ran498.hdr.48",0.00003232
"498","ran498.hdr.49",0.0002498
"498","ran498.hdr.5",-0.0005444
"498","ran498.hdr.50",-0.0011486
"498","ran498.hdr.51",-0.0034143
"498","ran498.hdr.52",-0.000971
"498","ran498.hdr.53",0.0000521000000000002
"498","ran498.hdr.54",-0.0000283000000000002
"498","ran498.hdr.55",-0.0011511
"498","ran498.hdr.56",-0.0021164
"498","ran498.hdr.57",-0.000362299999999999
"498","ran498.hdr.58",-0.00000449999999999995
"498","ran498.hdr.59",0.00041589
"498","ran498.hdr.6",0.0000578000000000002
"498","ran498.hdr.60",-0.000728099999999999
"498","ran498.hdr.61",-0.000425699999999999
"498","ran498.hdr.62",-0.012746
"498","ran498.hdr.63",0.0000727999999999996
"498","ran498.hdr.64",-0.0003826
"498","ran498.hdr.65",-0.001084
"498","ran498.hdr.66",0.0000855000000000022
"498","ran498.hdr.67",-0.000247800000000003
"498","ran498.hdr.68",-0.0005631
"498","ran498.hdr.69",-0.0037906
"498","ran498.hdr.7",0.00009332
"498","ran498.hdr.70",-0.0000400999999999995
"498","ran498.hdr.71",-0.000388300000000001
"498","ran498.hdr.72",-0.0004875
"498","ran498.hdr.73",0.0002474
"498","ran498.hdr.74",-0.0014309
"498","ran498.hdr.75",-0.0011873
"498","ran498.hdr.76",-0.000498099999999998
"498","ran498.hdr.77",-0.00020298
"498","ran498.hdr.78",-0.000384199999999999
"498","ran498.hdr.8",-0.00154022
"498","ran498.hdr.9",0.000242800000000001
"499","ran499.hdr.1",-0.0014444
"499","ran499.hdr.10",-0.000142700000000001
"499","ran499.hdr.11",-0.000194699999999999
"499","ran499.hdr.12",-0.000358290000000001
"499","ran499.hdr.13",-0.0004828
"499","ran499.hdr.14",-0.00053636
"499","ran499.hdr.15",-0.000438800000000001
"499","ran499.hdr.16",-0.0006677
"499","ran499.hdr.17",-0.00021491
"499","ran499.hdr.18",-0.000409099999999999
"499","ran499.hdr.19",-0.0006719
"499","ran499.hdr.2",-0.0026949
"499","ran499.hdr.20",-0.0019612
"499","ran499.hdr.21",-0.0008602
"499","ran499.hdr.22",-0.000727600000000002
"499","ran499.hdr.23",-0.000144806
"499","ran499.hdr.24",-0.000389500000000001
"499","ran499.hdr.25",-0.000438299999999999
"499","ran499.hdr.26",0.000310099999999999
"499","ran499.hdr.27",-0.00032336
"499","ran499.hdr.28",-0.0007746
"499","ran499.hdr.29",-0.0045505
"499","ran499.hdr.3",-0.0011092
"499","ran499.hdr.30",-0.00022216
"499","ran499.hdr.31",-0.000232900000000001
"499","ran499.hdr.32",0.0000345999999999992
"499","ran499.hdr.33",-0.0000994700000000008
"499","ran499.hdr.34",-0.0000202099999999997
"499","ran499.hdr.35",0.00031847
"499","ran499.hdr.36",-0.0014222
"499","ran499.hdr.37",-0.0049962
"499","ran499.hdr.38",-0.000327999999999998
"499","ran499.hdr.39",-0.0003032
"499","ran499.hdr.4",-0.0000461999999999997
"499","ran499.hdr.40",-0.0018962
"499","ran499.hdr.41",-0.00073436
"499","ran499.hdr.42",-0.0024974
"499","ran499.hdr.43",-0.0015749
"499","ran499.hdr.44",-0.00037394
"499","ran499.hdr.45",0.000227100000000001
"499","ran499.hdr.46",-0.000765399999999999
"499","ran499.hdr.47",0.0003374
"499","ran499.hdr.48",-0.00034381
"499","ran499.hdr.49",-0.0000449999999999999
"499","ran499.hdr.5",-0.0005346
"499","ran499.hdr.50",-0.000733699999999999
"499","ran499.hdr.51",-0.0000446000000000005
"499","ran499.hdr.52",0.000353300000000001
"499","ran499.hdr.53",-0.000377499999999999
"499","ran499.hdr.54",-0.000940400000000001
"499","ran499.hdr.55",-0.0010527
"499","ran499.hdr.56",-0.0014392
"499","ran499.hdr.57",-0.005927
"499","ran499.hdr.58",0.000058589999999999
"499","ran499.hdr.59",-0.0004577
"499","ran499.hdr.6",-0.000180700000000001
"499","ran499.hdr.60",-0.0010844
"499","ran499.hdr.61",-0.0004551
"499","ran499.hdr.62",-0.00019203
"499","ran499.hdr.63",0.000404499999999999
"499","ran499.hdr.64",-0.0003359
"499","ran499.hdr.65",0.0005465
"499","ran499.hdr.66",-0.000959399999999999
"499","ran499.hdr.67",-0.0003709
"499","ran499.hdr.68",-0.000323500000000001
"499","ran499.hdr.69",-0.0005187
"499","ran499.hdr.7",-0.0013747
"499","ran499.hdr.70",-0.00235857
"499","ran499.hdr.71",0.0000759199999999993
"499","ran499.hdr.72",-0.000147399999999999
"499","ran499.hdr.73",0.00026363
"499","ran499.hdr.74",-0.0005535
"499","ran499.hdr.75",-0.0020758
"499","ran499.hdr.76",-0.0035566
"499","ran499.hdr.77",-0.0015017
"499","ran499.hdr.78",-0.000776900000000001
"499","ran499.hdr.8",-0.0026706
"499","ran499.hdr.9",0.0000578000000000002
"500","ran500.hdr.1",-0.000077743
"500","ran500.hdr.10",-0.0003143
"500","ran500.hdr.11",-0.0004688
"500","ran500.hdr.12",-0.000274099999999999
"500","ran500.hdr.13",-0.000785500000000001
"500","ran500.hdr.14",-0.000350699999999999
"500","ran500.hdr.15",-0.000163999999999999
"500","ran500.hdr.16",-0.000912500000000002
"500","ran500.hdr.17",-0.0008757
"500","ran500.hdr.18",-0.0003961
"500","ran500.hdr.19",0.0003815
"500","ran500.hdr.2",-0.000290820000000001
"500","ran500.hdr.20",-0.0005666
"500","ran500.hdr.21",-0.000796499999999999
"500","ran500.hdr.22",-0.00027227
"500","ran500.hdr.23",-0.0015236
"500","ran500.hdr.24",-0.0009151
"500","ran500.hdr.25",-0.0029827
"500","ran500.hdr.26",-0.0011573
"500","ran500.hdr.27",-0.0003579
"500","ran500.hdr.28",-0.000804199999999998
"500","ran500.hdr.29",-0.00073436
"500","ran500.hdr.3",-0.00120107
"500","ran500.hdr.30",0.000247300000000001
"500","ran500.hdr.31",0.000049999999999998
"500","ran500.hdr.32",-0.000613500000000001
"500","ran500.hdr.33",-0.000468900000000001
"500","ran500.hdr.34",NA
"500","ran500.hdr.35",0.0000625000000000001
"500","ran500.hdr.36",-0.00102067
"500","ran500.hdr.37",-0.0016134
"500","ran500.hdr.38",-0.000730900000000001
"500","ran500.hdr.39",-0.0000572999999999997
"500","ran500.hdr.4",0.000201669999999999
"500","ran500.hdr.40",-0.00035147
"500","ran500.hdr.41",0.0001741
"500","ran500.hdr.42",-0.0000446000000000005
"500","ran500.hdr.43",-0.0073875
"500","ran500.hdr.44",-0.000408800000000001
"500","ran500.hdr.45",-0.0000642000000000004
"500","ran500.hdr.46",0.000117100000000002
"500","ran500.hdr.47",-0.0016044
"500","ran500.hdr.48",NA
"500","ran500.hdr.49",-0.0010598
"500","ran500.hdr.5",-0.00012632
"500","ran500.hdr.50",-0.000551949999999999
"500","ran500.hdr.51",-0.0001578
"500","ran500.hdr.52",0.00027659
"500","ran500.hdr.53",-0.000477600000000002
"500","ran500.hdr.54",-0.0000788000000000004
"500","ran500.hdr.55",-0.000658
"500","ran500.hdr.56",-0.00016504
"500","ran500.hdr.57",-0.0004551
"500","ran500.hdr.58",-0.000268600000000001
"500","ran500.hdr.59",-0.000684499999999998
"500","ran500.hdr.6",-0.0004828
"500","ran500.hdr.60",0.00026571
"500","ran500.hdr.61",-0.00024239
"500","ran500.hdr.62",0.000051197
"500","ran500.hdr.63",-0.000914999999999999
"500","ran500.hdr.64",-0.0027675
"500","ran500.hdr.65",0.0003354
"500","ran500.hdr.66",0.000066034
"500","ran500.hdr.67",0.000135650000000001
"500","ran500.hdr.68",-0.0014372
"500","ran500.hdr.69",-0.0046587
"500","ran500.hdr.7",-0.000721199999999998
"500","ran500.hdr.70",-0.000768900000000003
"500","ran500.hdr.71",-0.000890599999999998
"500","ran500.hdr.72",-0.000559999999999998
"500","ran500.hdr.73",0.00011249
"500","ran500.hdr.74",-0.001624
"500","ran500.hdr.75",-0.000198200000000001
"500","ran500.hdr.76",-0.0009914
"500","ran500.hdr.77",-0.0016759
"500","ran500.hdr.78",-0.0003017
"500","ran500.hdr.8",-0.00023309
"500","ran500.hdr.9",-0.00021491
"501","ran501.hdr.1",-0.0003376
"501","ran501.hdr.10",-0.0030338
"501","ran501.hdr.11",-0.0030034
"501","ran501.hdr.12",-0.000154600000000001
"501","ran501.hdr.13",-0.00031262
"501","ran501.hdr.14",0.00047916
"501","ran501.hdr.15",-0.0003795
"501","ran501.hdr.16",-0.0000901399999999998
"501","ran501.hdr.17",-0.0008164
"501","ran501.hdr.18",-0.000919
"501","ran501.hdr.19",-0.000397499999999999
"501","ran501.hdr.2",-0.0003178
"501","ran501.hdr.20",-0.0016862
"501","ran501.hdr.21",-0.000416699999999999
"501","ran501.hdr.22",-0.00032068
"501","ran501.hdr.23",-0.0024928
"501","ran501.hdr.24",-0.000248499999999999
"501","ran501.hdr.25",-0.000249299999999999
"501","ran501.hdr.26",-0.00017819
"501","ran501.hdr.27",-0.00035699
"501","ran501.hdr.28",-0.000336700000000001
"501","ran501.hdr.29",0.000317380000000001
"501","ran501.hdr.3",-0.0004317
"501","ran501.hdr.30",-0.00035023
"501","ran501.hdr.31",-0.0000208400000000003
"501","ran501.hdr.32",-0.001677
"501","ran501.hdr.33",-0.000358299999999999
"501","ran501.hdr.34",-0.000757799999999999
"501","ran501.hdr.35",-0.001142
"501","ran501.hdr.36",-0.00027737
"501","ran501.hdr.37",-0.0011115
"501","ran501.hdr.38",-0.0015552
"501","ran501.hdr.39",-0.0013524
"501","ran501.hdr.4",-0.00119054
"501","ran501.hdr.40",-0.000787299999999999
"501","ran501.hdr.41",-0.0002465
"501","ran501.hdr.42",-0.0039113
"501","ran501.hdr.43",-0.0012528
"501","ran501.hdr.44",-0.00026183
"501","ran501.hdr.45",-0.000749
"501","ran501.hdr.46",-0.0023439
"501","ran501.hdr.47",-0.000510450000000001
"501","ran501.hdr.48",-0.00025195
"501","ran501.hdr.49",-0.000796399999999999
"501","ran501.hdr.5",-0.0014413
"501","ran501.hdr.50",-0.000164299999999999
"501","ran501.hdr.52",-0.0001829
"501","ran501.hdr.53",-0.00023275
"501","ran501.hdr.54",-0.0019575
"501","ran501.hdr.55",-0.000746799999999999
"501","ran501.hdr.56",0.0000525999999999999
"501","ran501.hdr.57",-0.0011268
"501","ran501.hdr.58",-0.0001464
"501","ran501.hdr.59",-0.0002284
"501","ran501.hdr.6",0.000220700000000001
"501","ran501.hdr.60",-0.0012643
"501","ran501.hdr.61",0.000052410000000001
"501","ran501.hdr.62",-0.0016152
"501","ran501.hdr.63",-0.00031509
"501","ran501.hdr.64",-0.000170999999999999
"501","ran501.hdr.65",-0.0005761
"501","ran501.hdr.66",-0.001831
"501","ran501.hdr.67",-0.0028229
"501","ran501.hdr.68",-0.0007504
"501","ran501.hdr.69",-0.0000222999999999994
"501","ran501.hdr.7",0.0000578000000000002
"501","ran501.hdr.70",-0.00063214
"501","ran501.hdr.71",NA
"501","ran501.hdr.72",-0.000369599999999999
"501","ran501.hdr.73",-0.000198200000000001
"501","ran501.hdr.74",0.000286100000000001
"501","ran501.hdr.75",-0.0064447
"501","ran501.hdr.76",-0.0005872
"501","ran501.hdr.77",0.0000157000000000004
"501","ran501.hdr.78",-0.0014428
"501","ran501.hdr.8",-0.00109022
"501","ran501.hdr.9",-0.000226799999999999
"502","ran502.hdr.1",0.0000496999999999997
"502","ran502.hdr.10",-0.000507199999999999
"502","ran502.hdr.11",-0.000401799999999999
"502","ran502.hdr.12",-0.0000885999999999977
"502","ran502.hdr.13",-0.0010992
"502","ran502.hdr.14",-0.000113727
"502","ran502.hdr.15",-0.000935750000000001
"502","ran502.hdr.16",0.000152999999999999
"502","ran502.hdr.17",-0.0011619
"502","ran502.hdr.18",-0.0039813
"502","ran502.hdr.19",-0.0033496
"502","ran502.hdr.2",-0.00449763
"502","ran502.hdr.20",-0.001862
"502","ran502.hdr.21",-0.000612299999999998
"502","ran502.hdr.22",-0.0001248
"502","ran502.hdr.23",-0.00022216
"502","ran502.hdr.24",-0.0019493
"502","ran502.hdr.25",-0.00029545
"502","ran502.hdr.26",-0.00039436
"502","ran502.hdr.27",-0.00016391
"502","ran502.hdr.28",-0.001167
"502","ran502.hdr.29",-0.0000373999999999999
"502","ran502.hdr.3",NA
"502","ran502.hdr.30",-0.000292799999999999
"502","ran502.hdr.31",-0.00014131
"502","ran502.hdr.32",-0.00884744
"502","ran502.hdr.33",-0.0017763
"502","ran502.hdr.34",-0.0023114
"502","ran502.hdr.35",-0.000968999999999999
"502","ran502.hdr.36",-0.000533199999999998
"502","ran502.hdr.37",-0.0013695
"502","ran502.hdr.38",0.00001051
"502","ran502.hdr.39",0.0001042
"502","ran502.hdr.4",-0.0109775
"502","ran502.hdr.40",-0.0004679
"502","ran502.hdr.41",0.0000144999999999989
"502","ran502.hdr.42",-0.000115199999999999
"502","ran502.hdr.43",-0.00000561000000000008
"502","ran502.hdr.44",-0.0021208
"502","ran502.hdr.45",0.000131700000000002
"502","ran502.hdr.46",-0.000735400000000001
"502","ran502.hdr.47",-0.0071472
"502","ran502.hdr.48",-0.000988299999999998
"502","ran502.hdr.49",0.000752300000000001
"502","ran502.hdr.5",-0.0056785
"502","ran502.hdr.50",0.0000920999999999995
"502","ran502.hdr.51",0.000219559999999999
"502","ran502.hdr.52",0.0000501999999999985
"502","ran502.hdr.53",0.0000530699999999997
"502","ran502.hdr.54",-0.000231500000000003
"502","ran502.hdr.55",-0.000180100000000001
"502","ran502.hdr.56",-0.0014392
"502","ran502.hdr.57",-0.0000753999999999998
"502","ran502.hdr.58",-0.00010923
"502","ran502.hdr.6",-0.00021
"502","ran502.hdr.60",-0.0022371
"502","ran502.hdr.61",-0.0001422
"502","ran502.hdr.62",-0.0001288
"502","ran502.hdr.63",-0.0003359
"502","ran502.hdr.64",-0.0001875
"502","ran502.hdr.65",-0.0011581
"502","ran502.hdr.66",-0.00056939
"502","ran502.hdr.67",-0.000331100000000001
"502","ran502.hdr.68",-0.0000134000000000002
"502","ran502.hdr.69",-0.0010098
"502","ran502.hdr.7",-0.000220640000000001
"502","ran502.hdr.70",-0.000798899999999998
"502","ran502.hdr.71",-0.000546100000000001
"502","ran502.hdr.72",-0.000039273
"502","ran502.hdr.73",-0.0017992
"502","ran502.hdr.74",0.000299700000000002
"502","ran502.hdr.75",-0.0035566
"502","ran502.hdr.76",-0.0014027
"502","ran502.hdr.77",-0.0010548
"502","ran502.hdr.78",-0.0003186
"502","ran502.hdr.8",-0.000480399999999999
"502","ran502.hdr.9",-0.0000776700000000002
"503","ran503.hdr.1",-0.00100715
"503","ran503.hdr.10",-0.000454599999999999
"503","ran503.hdr.11",0.0000191700000000006
"503","ran503.hdr.12",-0.0000108700000000005
"503","ran503.hdr.13",0.0000449828
"503","ran503.hdr.14",-0.0004066
"503","ran503.hdr.15",0.000681399999999999
"503","ran503.hdr.16",-0.000415599999999999
"503","ran503.hdr.17",-0.0017655
"503","ran503.hdr.18",-0.000389500000000001
"503","ran503.hdr.19",-0.0011003
"503","ran503.hdr.2",0.000559200000000003
"503","ran503.hdr.20",-0.000273900000000001
"503","ran503.hdr.21",-0.00158129
"503","ran503.hdr.22",-0.0013895
"503","ran503.hdr.23",-0.0010873
"503","ran503.hdr.24",-0.000493299999999999
"503","ran503.hdr.25",0.000095399999999999
"503","ran503.hdr.26",-0.0113291
"503","ran503.hdr.27",0.0002039
"503","ran503.hdr.28",0.0000585400000000002
"503","ran503.hdr.29",-0.00032424
"503","ran503.hdr.3",-0.000831800000000001
"503","ran503.hdr.30",-0.000241990000000001
"503","ran503.hdr.31",0.0004048
"503","ran503.hdr.32",-0.0014853
"503","ran503.hdr.33",-0.000875799999999999
"503","ran503.hdr.34",0.000305699999999999
"503","ran503.hdr.35",-0.0001434
"503","ran503.hdr.36",-0.000140850000000001
"503","ran503.hdr.37",-0.0002968
"503","ran503.hdr.38",-0.0024344
"503","ran503.hdr.39",-0.0013695
"503","ran503.hdr.4",-0.0000530499999999998
"503","ran503.hdr.40",-0.000316800000000001
"503","ran503.hdr.41",0.0000632499999999999
"503","ran503.hdr.42",-0.000491499999999999
"503","ran503.hdr.43",-0.0015247
"503","ran503.hdr.44",-0.0001145
"503","ran503.hdr.45",-0.001261
"503","ran503.hdr.46",-0.000752999999999998
"503","ran503.hdr.47",-0.0011563
"503","ran503.hdr.48",-0.0005929
"503","ran503.hdr.49",0.000298799999999998
"503","ran503.hdr.5",-0.00143173
"503","ran503.hdr.50",-0.0020892
"503","ran503.hdr.51",-0.000837099999999999
"503","ran503.hdr.52",-0.00047324
"503","ran503.hdr.53",-0.00055
"503","ran503.hdr.54",0.00013649
"503","ran503.hdr.55",-0.000193199999999999
"503","ran503.hdr.56",0.00001404374
"503","ran503.hdr.58",-0.000824100000000001
"503","ran503.hdr.59",-0.0007279
"503","ran503.hdr.6",-0.0056785
"503","ran503.hdr.60",-0.000604200000000001
"503","ran503.hdr.61",-0.00036083
"503","ran503.hdr.62",-0.0003064
"503","ran503.hdr.63",-0.000477
"503","ran503.hdr.64",-0.0002716
"503","ran503.hdr.65",-0.0007712
"503","ran503.hdr.66",0.0001554
"503","ran503.hdr.67",-0.000738799999999998
"503","ran503.hdr.68",-0.000348800000000002
"503","ran503.hdr.69",-0.000128400000000001
"503","ran503.hdr.7",-0.000461899999999998
"503","ran503.hdr.70",0.0000759199999999993
"503","ran503.hdr.71",-0.000204899999999999
"503","ran503.hdr.72",-0.0004414
"503","ran503.hdr.73",-0.0000835999999999996
"503","ran503.hdr.74",-0.00025328
"503","ran503.hdr.75",-0.0012699
"503","ran503.hdr.76",-0.0005033
"503","ran503.hdr.77",-0.000825300000000001
"503","ran503.hdr.78",-0.0006941
"503","ran503.hdr.8",-0.00062661
"503","ran503.hdr.9",-0.0009067
"504","ran504.hdr.1",-0.0004633
"504","ran504.hdr.10",-0.000598200000000001
"504","ran504.hdr.11",-0.00018093
"504","ran504.hdr.12",-0.0005371
"504","ran504.hdr.13",-0.00006411
"504","ran504.hdr.14",-0.00029621
"504","ran504.hdr.15",0.0000456699999999994
"504","ran504.hdr.16",-0.0012923
"504","ran504.hdr.17",-0.0004884
"504","ran504.hdr.18",-0.000789400000000003
"504","ran504.hdr.19",-0.0000383099999999997
"504","ran504.hdr.2",-0.0037976
"504","ran504.hdr.20",-0.000432999999999999
"504","ran504.hdr.21",-0.0013259
"504","ran504.hdr.22",-0.0005983
"504","ran504.hdr.23",-0.0024132
"504","ran504.hdr.24",-0.0002915
"504","ran504.hdr.25",-0.00023674
"504","ran504.hdr.26",0.000056719
"504","ran504.hdr.27",0.0000242300000000001
"504","ran504.hdr.28",-0.000541900000000001
"504","ran504.hdr.29",-0.0065131
"504","ran504.hdr.3",-0.000105399999999999
"504","ran504.hdr.30",-0.0038148
"504","ran504.hdr.31",-0.000780199999999998
"504","ran504.hdr.32",-0.0019854
"504","ran504.hdr.33",0.000159400000000001
"504","ran504.hdr.34",-0.0001434
"504","ran504.hdr.35",-0.00045297
"504","ran504.hdr.36",-0.000623100000000001
"504","ran504.hdr.37",-0.00027737
"504","ran504.hdr.38",-0.000944
"504","ran504.hdr.39",-0.000844599999999997
"504","ran504.hdr.4",-0.0006119
"504","ran504.hdr.40",-0.00048092
"504","ran504.hdr.41",-0.0012954
"504","ran504.hdr.42",0.0000553400000000001
"504","ran504.hdr.43",0.000298800000000002
"504","ran504.hdr.44",-0.0001046
"504","ran504.hdr.45",-0.000733699999999999
"504","ran504.hdr.46",-0.000735400000000001
"504","ran504.hdr.47",0.0000297000000000006
"504","ran504.hdr.48",-0.000514700000000002
"504","ran504.hdr.49",-0.000258099999999999
"504","ran504.hdr.5",-0.00062661
"504","ran504.hdr.50",-0.0010055
"504","ran504.hdr.51",-0.000336299999999999
"504","ran504.hdr.52",-0.0009494
"504","ran504.hdr.53",-0.0014054
"504","ran504.hdr.54",-0.000442600000000001
"504","ran504.hdr.55",-0.000551949999999999
"504","ran504.hdr.56",0.0000281999999999999
"504","ran504.hdr.57",0.00005185
"504","ran504.hdr.6",-0.000454099999999999
"504","ran504.hdr.60",-0.000492100000000002
"504","ran504.hdr.61",-0.000141199999999999
"504","ran504.hdr.62",-0.0000914999999999996
"504","ran504.hdr.63",-0.000448199999999999
"504","ran504.hdr.64",-0.000694199999999999
"504","ran504.hdr.65",0.0004265
"504","ran504.hdr.66",-0.0001548
"504","ran504.hdr.67",-0.0011457
"504","ran504.hdr.68",-0.0000517999999999977
"504","ran504.hdr.69",-0.000320829999999999
"504","ran504.hdr.7",-0.00020486
"504","ran504.hdr.70",-0.000188000000000001
"504","ran504.hdr.71",0.000256500000000002
"504","ran504.hdr.72",-0.0037006
"504","ran504.hdr.73",0.0000835000000000002
"504","ran504.hdr.74",0.00030567
"504","ran504.hdr.75",-0.0011974
"504","ran504.hdr.76",-0.000220500000000002
"504","ran504.hdr.77",-0.00118788
"504","ran504.hdr.78",-0.00089669
"504","ran504.hdr.8",-0.000392959999999999
"504","ran504.hdr.9",-0.000393299999999999
"505","ran505.hdr.1",-0.0014444
"505","ran505.hdr.10",-0.005866
"505","ran505.hdr.11",-0.00056426
"505","ran505.hdr.12",-0.00021846
"505","ran505.hdr.13",-0.000358290000000001
"505","ran505.hdr.14",-0.00154022
"505","ran505.hdr.15",-0.00013863
"505","ran505.hdr.16",-0.000721199999999998
"505","ran505.hdr.17",-0.0000870999999999997
"505","ran505.hdr.18",-0.0002244
"505","ran505.hdr.19",-0.000539240000000002
"505","ran505.hdr.2",-0.0002678
"505","ran505.hdr.20",0.0000442999999999989
"505","ran505.hdr.21",0.00017616
"505","ran505.hdr.22",-0.0003499
"505","ran505.hdr.23",-0.000168099999999999
"505","ran505.hdr.24",-0.000457879999999999
"505","ran505.hdr.25",-0.0019612
"505","ran505.hdr.26",-0.000516000000000001
"505","ran505.hdr.27",-0.0016942
"505","ran505.hdr.28",-0.0011619
"505","ran505.hdr.29",-0.0016952
"505","ran505.hdr.3",0.000177399999999999
"505","ran505.hdr.30",0.000588000000000002
"505","ran505.hdr.31",-0.000166639999999999
"505","ran505.hdr.32",-0.000771500000000001
"505","ran505.hdr.33",-0.000554499999999999
"505","ran505.hdr.34",0.0000144000000000012
"505","ran505.hdr.35",-0.0019493
"505","ran505.hdr.36",-0.000397000000000002
"505","ran505.hdr.37",-0.0003193
"505","ran505.hdr.38",-0.0017024
"505","ran505.hdr.39",-0.0010877
"505","ran505.hdr.4",-0.000358239999999999
"505","ran505.hdr.40",0.0000979999999999991
"505","ran505.hdr.41",-0.000469900000000001
"505","ran505.hdr.42",-0.0000747000000000005
"505","ran505.hdr.43",-0.0013695
"505","ran505.hdr.44",-0.000125399999999999
"505","ran505.hdr.45",0.000264200000000001
"505","ran505.hdr.46",-0.000115199999999999
"505","ran505.hdr.47",-0.002171
"505","ran505.hdr.48",-0.000730900000000001
"505","ran505.hdr.49",-0.000001000000000001
"505","ran505.hdr.5",0.000000199999999998812
"505","ran505.hdr.50",-0.0034509
"505","ran505.hdr.51",-0.0138751
"505","ran505.hdr.52",-0.0070307
"505","ran505.hdr.53",-0.001384
"505","ran505.hdr.54",-0.000436799999999998
"505","ran505.hdr.55",-0.0014471
"505","ran505.hdr.56",-0.00035325
"505","ran505.hdr.57",NA
"505","ran505.hdr.58",-0.000058840000000001
"505","ran505.hdr.59",0.00000257936
"505","ran505.hdr.6",-0.0008313
"505","ran505.hdr.60",-0.000421599999999999
"505","ran505.hdr.61",-0.000313409999999999
"505","ran505.hdr.63",-0.0015743
"505","ran505.hdr.64",-0.0018888
"505","ran505.hdr.65",-0.000763170000000001
"505","ran505.hdr.66",-0.0011376
"505","ran505.hdr.67",-0.0013065
"505","ran505.hdr.68",0.000477
"505","ran505.hdr.69",-0.0013776
"505","ran505.hdr.7",-0.0007133
"505","ran505.hdr.70",-0.000376000000000001
"505","ran505.hdr.71",-0.000093939999999999
"505","ran505.hdr.72",0.000919400000000001
"505","ran505.hdr.73",-0.0012137
"505","ran505.hdr.74",-0.000113800000000001
"505","ran505.hdr.75",-0.000511299999999999
"505","ran505.hdr.76",-0.000908300000000001
"505","ran505.hdr.77",0.00000149999999999803
"505","ran505.hdr.78",-0.000399129999999999
"505","ran505.hdr.8",-0.000511400000000002
"505","ran505.hdr.9",-0.0056027
"506","ran506.hdr.1",-0.0010315
"506","ran506.hdr.10",-0.001099
"506","ran506.hdr.11",-0.0004828
"506","ran506.hdr.12",-0.000401799999999999
"506","ran506.hdr.13",-0.000419360000000001
"506","ran506.hdr.14",-0.000408459999999999
"506","ran506.hdr.15",-0.0011243
"506","ran506.hdr.16",-0.000651099999999998
"506","ran506.hdr.17",-0.000397499999999999
"506","ran506.hdr.18",-0.0003961
"506","ran506.hdr.19",-0.0014586
"506","ran506.hdr.2",-0.00000500000000000153
"506","ran506.hdr.20",-0.00031687
"506","ran506.hdr.21",-0.0003254
"506","ran506.hdr.22",-0.0003788
"506","ran506.hdr.23",-0.0007723
"506","ran506.hdr.24",-0.000714700000000002
"506","ran506.hdr.25",-0.000541900000000001
"506","ran506.hdr.26",-0.00018725
"506","ran506.hdr.27",-0.0008652
"506","ran506.hdr.28",-0.00219838
"506","ran506.hdr.29",-0.0011573
"506","ran506.hdr.3",0.000214480000000001
"506","ran506.hdr.30",-0.0004522
"506","ran506.hdr.31",-0.001081
"506","ran506.hdr.32",-0.000140850000000001
"506","ran506.hdr.33",-0.000115799999999999
"506","ran506.hdr.34",-0.0000392999999999991
"506","ran506.hdr.35",-0.0018962
"506","ran506.hdr.36",-0.0006389
"506","ran506.hdr.37",-0.0012186
"506","ran506.hdr.38",0.0002117
"506","ran506.hdr.39",-0.000574999999999999
"506","ran506.hdr.4",-0.00109022
"506","ran506.hdr.40",-0.0003076
"506","ran506.hdr.41",-0.00002191
"506","ran506.hdr.42",-0.0026491
"506","ran506.hdr.43",-0.0011545
"506","ran506.hdr.44",-0.00019346
"506","ran506.hdr.45",0.0000336799999999999
"506","ran506.hdr.46",0.00066033
"506","ran506.hdr.47",-0.0017799
"506","ran506.hdr.48",-0.001384
"506","ran506.hdr.49",-0.0000979000000000015
"506","ran506.hdr.5",-0.0023043
"506","ran506.hdr.50",-0.0000649599999999993
"506","ran506.hdr.51",-0.0011173
"506","ran506.hdr.52",-0.00018672
"506","ran506.hdr.53",-0.0000335399999999999
"506","ran506.hdr.54",-0.0000584000000000001
"506","ran506.hdr.55",0.0000281999999999999
"506","ran506.hdr.56",-0.000283099999999998
"506","ran506.hdr.57",-0.0000833800000000001
"506","ran506.hdr.58",-0.00025195
"506","ran506.hdr.59",-0.000193199999999999
"506","ran506.hdr.6",-0.000717499999999999
"506","ran506.hdr.60",-0.0000501999999999994
"506","ran506.hdr.61",-0.0013104
"506","ran506.hdr.62",-0.0004576
"506","ran506.hdr.63",-0.0011885
"506","ran506.hdr.64",-0.0009154
"506","ran506.hdr.65",-0.0002054
"506","ran506.hdr.66",-0.0001288
"506","ran506.hdr.67",-0.00017358
"506","ran506.hdr.68",0.000285500000000001
"506","ran506.hdr.69",-0.0001636
"506","ran506.hdr.7",-0.000077743
"506","ran506.hdr.70",-0.000406399999999998
"506","ran506.hdr.71",-0.000448899999999999
"506","ran506.hdr.72",0.0000305999999999987
"506","ran506.hdr.73",-0.0000835999999999996
"506","ran506.hdr.74",-0.0006002
"506","ran506.hdr.75",-0.000559999999999998
"506","ran506.hdr.76",-0.000333699999999999
"506","ran506.hdr.77",-0.000547499999999999
"506","ran506.hdr.78",-0.000733480000000001
"506","ran506.hdr.8",-0.002932
"506","ran506.hdr.9",-0.000585499999999999
"507","ran507.hdr.1",-0.000739499999999999
"507","ran507.hdr.10",-0.0003059
"507","ran507.hdr.11",-0.000429499999999999
"507","ran507.hdr.12",-0.00058509
"507","ran507.hdr.13",-0.0003446
"507","ran507.hdr.14",0.000191719999999999
"507","ran507.hdr.15",-0.000399699999999999
"507","ran507.hdr.16",0.00016886
"507","ran507.hdr.17",-0.000341899999999999
"507","ran507.hdr.18",-0.00082745
"507","ran507.hdr.19",-0.0000896400000000002
"507","ran507.hdr.2",-0.0032872
"507","ran507.hdr.20",-0.000130699999999999
"507","ran507.hdr.21",-0.0012838
"507","ran507.hdr.22",-0.0000858199999999995
"507","ran507.hdr.23",-0.0002542
"507","ran507.hdr.24",-0.00022216
"507","ran507.hdr.25",-0.00022865
"507","ran507.hdr.26",0.0001584
"507","ran507.hdr.27",0.00021165
"507","ran507.hdr.28",-0.00025349
"507","ran507.hdr.29",-0.0000865999999999992
"507","ran507.hdr.3",-0.0008068
"507","ran507.hdr.30",-0.000777200000000002
"507","ran507.hdr.31",-0.000831499999999999
"507","ran507.hdr.32",-0.0013224
"507","ran507.hdr.33",-0.00023093
"507","ran507.hdr.34",0.000033677
"507","ran507.hdr.35",-0.0009637
"507","ran507.hdr.36",-0.0012186
"507","ran507.hdr.37",-0.0002614
"507","ran507.hdr.38",-0.000643399999999999
"507","ran507.hdr.39",-0.000481199999999999
"507","ran507.hdr.4",-0.002115
"507","ran507.hdr.40",-0.000787299999999999
"507","ran507.hdr.41",-0.0006657
"507","ran507.hdr.42",-0.0015247
"507","ran507.hdr.43",-0.002171
"507","ran507.hdr.44",-0.0030178
"507","ran507.hdr.45",0.0000165000000000009
"507","ran507.hdr.46",-0.000569900000000002
"507","ran507.hdr.47",-0.0000333999999999994
"507","ran507.hdr.48",-0.0006733
"507","ran507.hdr.49",-0.0011887
"507","ran507.hdr.5",-0.000443959999999998
"507","ran507.hdr.50",-0.000464200000000001
"507","ran507.hdr.51",-0.0000828000000000009
"507","ran507.hdr.52",-0.0019361
"507","ran507.hdr.53",-0.0034143
"507","ran507.hdr.54",0.0000010642
"507","ran507.hdr.55",NA
"507","ran507.hdr.56",-0.00038213
"507","ran507.hdr.57",-0.0004198
"507","ran507.hdr.58",-0.00000102000000000088
"507","ran507.hdr.59",-0.000227100000000001
"507","ran507.hdr.6",-0.000226799999999999
"507","ran507.hdr.60",-0.000253400000000001
"507","ran507.hdr.63",-0.00014627
"507","ran507.hdr.64",-0.0013776
"507","ran507.hdr.65",-0.000485049999999999
"507","ran507.hdr.66",-0.000110100000000002
"507","ran507.hdr.67",-0.001507
"507","ran507.hdr.68",-0.0013204
"507","ran507.hdr.69",-0.000417899999999999
"507","ran507.hdr.7",-0.000794599999999999
"507","ran507.hdr.70",-0.000692700000000001
"507","ran507.hdr.71",-0.0010644
"507","ran507.hdr.72",-0.0003354
"507","ran507.hdr.73",-0.000428600000000001
"507","ran507.hdr.74",-0.00014085
"507","ran507.hdr.75",-0.0002559
"507","ran507.hdr.76",-0.0015886
"507","ran507.hdr.77",-0.0030586
"507","ran507.hdr.78",-0.0004975
"507","ran507.hdr.8",-0.00012821
"507","ran507.hdr.9",-0.00021
"508","ran508.hdr.1",-0.0004317
"508","ran508.hdr.10",-0.0000817999999999999
"508","ran508.hdr.11",-0.0000622000000000001
"508","ran508.hdr.12",-0.0000649700000000001
"508","ran508.hdr.13",-0.000452899999999999
"508","ran508.hdr.14",-0.00026376
"508","ran508.hdr.15",-0.0010563
"508","ran508.hdr.16",0.00019389
"508","ran508.hdr.17",-0.000303699999999999
"508","ran508.hdr.18",0.0000111
"508","ran508.hdr.19",-0.0001771
"508","ran508.hdr.2",0.00000859999999999923
"508","ran508.hdr.20",-0.0000985000000000014
"508","ran508.hdr.21",-0.00013319
"508","ran508.hdr.22",-0.000414729999999999
"508","ran508.hdr.23",-0.000177119999999999
"508","ran508.hdr.24",0.000345399999999999
"508","ran508.hdr.25",-0.000830900000000002
"508","ran508.hdr.26",0.0000578999999999996
"508","ran508.hdr.27",-0.000504299999999999
"508","ran508.hdr.28",-0.0001543
"508","ran508.hdr.29",0.0000251699999999997
"508","ran508.hdr.3",-0.0002114
"508","ran508.hdr.30",-0.000412399999999999
"508","ran508.hdr.31",-0.000307
"508","ran508.hdr.32",0.0001256
"508","ran508.hdr.33",-0.0001046
"508","ran508.hdr.34",-0.000291899999999999
"508","ran508.hdr.35",0.000245199999999999
"508","ran508.hdr.36",-0.000522599999999998
"508","ran508.hdr.37",-0.0016634
"508","ran508.hdr.38",-0.0000333999999999994
"508","ran508.hdr.39",-0.0011914
"508","ran508.hdr.4",0.000233599999999997
"508","ran508.hdr.40",0.000207200000000001
"508","ran508.hdr.41",-0.0098876
"508","ran508.hdr.42",-0.0082206
"508","ran508.hdr.43",-0.0056602
"508","ran508.hdr.44",0.000197900000000001
"508","ran508.hdr.45",-0.000225599999999999
"508","ran508.hdr.46",0.000012144
"508","ran508.hdr.47",-0.000879130000000001
"508","ran508.hdr.48",-0.00047324
"508","ran508.hdr.49",-0.00055
"508","ran508.hdr.5",-0.0048653
"508","ran508.hdr.50",-0.00384145
"508","ran508.hdr.51",-0.0011511
"508","ran508.hdr.52",-0.0021164
"508","ran508.hdr.53",-0.000125780000000001
"508","ran508.hdr.54",-0.000268079999999999
"508","ran508.hdr.56",-0.0007846
"508","ran508.hdr.57",-0.000270299999999998
"508","ran508.hdr.58",-0.0064744
"508","ran508.hdr.59",0.000314700000000001
"508","ran508.hdr.6",-0.00062661
"508","ran508.hdr.60",0.000244869999999999
"508","ran508.hdr.61",-0.0002054
"508","ran508.hdr.62",-0.000557700000000001
"508","ran508.hdr.63",-0.000404369999999999
"508","ran508.hdr.64",0.0000584999999999995
"508","ran508.hdr.65",0.0000683000000000003
"508","ran508.hdr.66",-0.0005187
"508","ran508.hdr.67",-0.0028671
"508","ran508.hdr.68",-0.00672884
"508","ran508.hdr.69",-0.0011431
"508","ran508.hdr.7",-0.000223299999999999
"508","ran508.hdr.70",-0.00038061
"508","ran508.hdr.71",-0.0016673
"508","ran508.hdr.72",-0.000788199999999999
"508","ran508.hdr.73",-0.003339
"508","ran508.hdr.74",-0.000319800000000002
"508","ran508.hdr.75",-0.00118788
"508","ran508.hdr.76",-0.0014027
"508","ran508.hdr.77",-0.0010028
"508","ran508.hdr.78",-0.000802599999999999
"508","ran508.hdr.8",-0.00014609
"508","ran508.hdr.9",-0.0000410000000000028
"509","ran509.hdr.1",-0.000849200000000001
"509","ran509.hdr.10",-0.00126458
"509","ran509.hdr.11",-0.00016992
"509","ran509.hdr.12",-0.0006374
"509","ran509.hdr.13",-0.000434459999999999
"509","ran509.hdr.14",-0.0003143
"509","ran509.hdr.15",-0.000622000000000001
"509","ran509.hdr.16",-0.000988359999999999
"509","ran509.hdr.17",-0.000416400000000001
"509","ran509.hdr.18",0.0000596999999999993
"509","ran509.hdr.19",-0.0000649700000000001
"509","ran509.hdr.2",-0.000970499999999999
"509","ran509.hdr.20",-0.000799000000000001
"509","ran509.hdr.21",-0.000840899999999999
"509","ran509.hdr.22",-0.000291369999999999
"509","ran509.hdr.23",-0.0013228
"509","ran509.hdr.24",-0.000257799999999999
"509","ran509.hdr.25",-0.0005795
"509","ran509.hdr.26",-0.000156700000000001
"509","ran509.hdr.27",-0.000556399999999999
"509","ran509.hdr.28",-0.0004364
"509","ran509.hdr.29",0.0004099
"509","ran509.hdr.3",-0.0023191
"509","ran509.hdr.30",-0.0000786399999999996
"509","ran509.hdr.31",-0.0006546
"509","ran509.hdr.32",-0.0016281
"509","ran509.hdr.33",-0.00023674
"509","ran509.hdr.34",-0.0003097
"509","ran509.hdr.35",-0.00016391
"509","ran509.hdr.36",-0.0000640999999999992
"509","ran509.hdr.37",-0.000818590000000001
"509","ran509.hdr.38",-0.00014131
"509","ran509.hdr.39",-0.0028198
"509","ran509.hdr.4",-0.0020013
"509","ran509.hdr.40",-0.0013637
"509","ran509.hdr.41",-0.0017371
"509","ran509.hdr.42",-0.0006306
"509","ran509.hdr.43",-0.0005219
"509","ran509.hdr.44",-0.0000268999999999998
"509","ran509.hdr.45",-0.0008168
"509","ran509.hdr.46",NA
"509","ran509.hdr.47",-0.0000248000000000002
"509","ran509.hdr.48",-0.0010616
"509","ran509.hdr.49",-0.000730900000000001
"509","ran509.hdr.5",-0.0003935
"509","ran509.hdr.50",-0.000569200000000002
"509","ran509.hdr.51",-0.0000280999999999997
"509","ran509.hdr.52",0.0000501999999999985
"509","ran509.hdr.53",-0.000411959999999999
"509","ran509.hdr.54",-0.00015647
"509","ran509.hdr.55",0.0003412
"509","ran509.hdr.56",-0.000366499999999999
"509","ran509.hdr.57",-0.000313299999999999
"509","ran509.hdr.58",-0.000362299999999999
"509","ran509.hdr.59",-0.0001838
"509","ran509.hdr.6",-0.000233200000000003
"509","ran509.hdr.61",-0.0000788000000000004
"509","ran509.hdr.62",-0.000588982
"509","ran509.hdr.63",-0.000618499999999999
"509","ran509.hdr.64",-0.000728099999999999
"509","ran509.hdr.65",-0.0010605
"509","ran509.hdr.66",0.000366500000000001
"509","ran509.hdr.67",-0.00018396
"509","ran509.hdr.68",-0.0025664
"509","ran509.hdr.69",-0.000727199999999997
"509","ran509.hdr.7",-0.0039147
"509","ran509.hdr.70",-0.00015165
"509","ran509.hdr.71",-0.000328449999999999
"509","ran509.hdr.72",-0.0008682
"509","ran509.hdr.73",-0.000210100000000001
"509","ran509.hdr.74",-0.00006251
"509","ran509.hdr.75",-0.000401100000000001
"509","ran509.hdr.76",-0.000436499999999999
"509","ran509.hdr.77",-0.000955899999999999
"509","ran509.hdr.78",-0.00096858
"509","ran509.hdr.8",-0.0010609
"509","ran509.hdr.9",-0.00018784
"510","ran510.hdr.1",-0.0004317
"510","ran510.hdr.10",-0.000183900000000001
"510","ran510.hdr.11",0.00017944
"510","ran510.hdr.12",-0.0003143
"510","ran510.hdr.13",-0.00036797
"510","ran510.hdr.14",-0.0003435
"510","ran510.hdr.15",-0.000710000000000002
"510","ran510.hdr.16",-0.001862
"510","ran510.hdr.17",-0.000174299999999999
"510","ran510.hdr.18",-0.000418709999999999
"510","ran510.hdr.19",-0.000021199999999999
"510","ran510.hdr.2",-0.00000823000000000056
"510","ran510.hdr.20",-0.00130484
"510","ran510.hdr.21",-0.0001311
"510","ran510.hdr.22",-0.00023903
"510","ran510.hdr.23",-0.0001554
"510","ran510.hdr.24",-0.00213336
"510","ran510.hdr.25",-0.000488699999999998
"510","ran510.hdr.26",-0.00087039
"510","ran510.hdr.27",-0.0036419
"510","ran510.hdr.28",-0.0018392
"510","ran510.hdr.29",-0.00020333
"510","ran510.hdr.3",-0.0001004
"510","ran510.hdr.30",-0.000435399999999999
"510","ran510.hdr.31",0.0003162
"510","ran510.hdr.32",-0.000332000000000001
"510","ran510.hdr.33",-0.00087888
"510","ran510.hdr.34",0.000382739999999999
"510","ran510.hdr.35",-0.000469799999999999
"510","ran510.hdr.36",-0.00082841
"510","ran510.hdr.37",-0.00102067
"510","ran510.hdr.38",-0.00000561000000000008
"510","ran510.hdr.39",0.000373499999999999
"510","ran510.hdr.4",-0.0002056
"510","ran510.hdr.40",-0.000569900000000002
"510","ran510.hdr.41",-0.00019346
"510","ran510.hdr.42",-0.0014511
"510","ran510.hdr.43",-0.000080199999999999
"510","ran510.hdr.44",-0.00017999
"510","ran510.hdr.45",0.000113
"510","ran510.hdr.46",-0.000162499999999999
"510","ran510.hdr.47",-0.00378069
"510","ran510.hdr.48",-0.0022775
"510","ran510.hdr.49",-0.000586400000000001
"510","ran510.hdr.5",-0.0051096
"510","ran510.hdr.50",-0.0040008
"510","ran510.hdr.51",0.000342200000000001
"510","ran510.hdr.52",-0.000410299999999999
"510","ran510.hdr.55",-0.00017852
"510","ran510.hdr.56",-0.0015428
"510","ran510.hdr.57",-0.00133806
"510","ran510.hdr.58",-0.0041063
"510","ran510.hdr.59",-0.0040338
"510","ran510.hdr.6",-0.000105399999999999
"510","ran510.hdr.60",-0.0013065
"510","ran510.hdr.61",-0.000242100000000002
"510","ran510.hdr.62",0.000272909999999999
"510","ran510.hdr.63",-0.0027675
"510","ran510.hdr.64",-0.00039478
"510","ran510.hdr.65",-0.000420499999999999
"510","ran510.hdr.66",-0.0013204
"510","ran510.hdr.67",-0.0005982
"510","ran510.hdr.68",-0.000356599999999999
"510","ran510.hdr.69",-0.0010023
"510","ran510.hdr.7",-0.0000411000000000005
"510","ran510.hdr.70",-0.0018219
"510","ran510.hdr.71",-0.000698500000000001
"510","ran510.hdr.72",-0.000389500000000001
"510","ran510.hdr.73",-0.0001025
"510","ran510.hdr.74",-0.0002688
"510","ran510.hdr.75",-0.0014309
"510","ran510.hdr.76",-0.0007951
"510","ran510.hdr.77",-0.0010028
"510","ran510.hdr.78",0.00046618
"510","ran510.hdr.8",-0.000405638
"510","ran510.hdr.9",-0.0006642
"511","ran511.hdr.1",-0.000591300000000003
"511","ran511.hdr.10",-0.000714099999999999
"511","ran511.hdr.11",-0.000679800000000001
"511","ran511.hdr.12",-0.000376899999999999
"511","ran511.hdr.13",-0.000413510000000001
"511","ran511.hdr.14",0.000157600000000001
"511","ran511.hdr.15",-0.000320800000000001
"511","ran511.hdr.16",-0.0000559799999999997
"511","ran511.hdr.17",-0.0000234100000000002
"511","ran511.hdr.18",-0.0004534
"511","ran511.hdr.19",-0.000595100000000001
"511","ran511.hdr.2",-0.000637000000000002
"511","ran511.hdr.20",-0.000454400000000001
"511","ran511.hdr.21",-0.0010873
"511","ran511.hdr.22",-0.0006865
"511","ran511.hdr.23",-0.0113291
"511","ran511.hdr.24",-0.0025984
"511","ran511.hdr.25",-0.000429799999999999
"511","ran511.hdr.26",-0.00037174
"511","ran511.hdr.27",-0.000243760000000001
"511","ran511.hdr.28",-0.000191240000000001
"511","ran511.hdr.29",-0.00069205
"511","ran511.hdr.3",0.0003348
"511","ran511.hdr.30",-0.0003193
"511","ran511.hdr.31",-0.000287099999999998
"511","ran511.hdr.32",-0.0008652
"511","ran511.hdr.33",-0.01715588
"511","ran511.hdr.34",-0.000358299999999999
"511","ran511.hdr.35",-0.0001826
"511","ran511.hdr.36",-0.000469900000000001
"511","ran511.hdr.37",-0.0023114
"511","ran511.hdr.38",-0.0005073
"511","ran511.hdr.39",-0.000281700000000001
"511","ran511.hdr.4",0.000000199999999998812
"511","ran511.hdr.40",-0.0011115
"511","ran511.hdr.41",-0.000574999999999999
"511","ran511.hdr.42",-0.0017019
"511","ran511.hdr.43",-0.0011277
"511","ran511.hdr.44",-0.0002126
"511","ran511.hdr.45",-0.0015247
"511","ran511.hdr.46",-0.000616299999999997
"511","ran511.hdr.47",-0.0011563
"511","ran511.hdr.48",-0.0006786
"511","ran511.hdr.49",-0.0018642
"511","ran511.hdr.5",-0.0004513
"511","ran511.hdr.50",0.000295299999999998
"511","ran511.hdr.51",0.00042818
"511","ran511.hdr.52",-0.000924000000000001
"511","ran511.hdr.53",-0.0005872
"511","ran511.hdr.54",-0.00021607
"511","ran511.hdr.55",-0.000764300000000002
"511","ran511.hdr.56",-0.0000363999999999989
"511","ran511.hdr.57",0.000032840000000001
"511","ran511.hdr.59",0.0000861899999999999
"511","ran511.hdr.6",0.000309
"511","ran511.hdr.60",-0.0043657
"511","ran511.hdr.61",0.000351000000000001
"511","ran511.hdr.62",-0.00023539
"511","ran511.hdr.63",-0.000163490000000001
"511","ran511.hdr.64",-0.000556319999999999
"511","ran511.hdr.65",-0.0013065
"511","ran511.hdr.66",-0.000164200000000001
"511","ran511.hdr.67",0.000343
"511","ran511.hdr.68",-0.000168699999999999
"511","ran511.hdr.69",0.000640100000000001
"511","ran511.hdr.7",-0.002828
"511","ran511.hdr.70",-0.000798899999999998
"511","ran511.hdr.71",0.000235200000000001
"511","ran511.hdr.72",-0.000559999999999998
"511","ran511.hdr.73",-0.000265999999999999
"511","ran511.hdr.74",-0.000590700000000003
"511","ran511.hdr.75",-0.000175900000000001
"511","ran511.hdr.76",-0.0013233
"511","ran511.hdr.77",-0.0023484
"511","ran511.hdr.78",-0.0046933
"511","ran511.hdr.8",-0.00046459
"511","ran511.hdr.9",0.000234499999999999
"512","ran512.hdr.1",-0.0004317
"512","ran512.hdr.10",0.00000759999999999997
"512","ran512.hdr.11",0.0000167000000000014
"512","ran512.hdr.12",-0.000301300000000001
"512","ran512.hdr.13",-0.00137783
"512","ran512.hdr.14",-0.000292249999999999
"512","ran512.hdr.15",-0.0000801099999999996
"512","ran512.hdr.16",-0.000399699999999999
"512","ran512.hdr.17",-0.000547299999999997
"512","ran512.hdr.18",-0.000262800000000001
"512","ran512.hdr.19",-0.00008435
"512","ran512.hdr.2",-0.000214900000000001
"512","ran512.hdr.20",-0.0012923
"512","ran512.hdr.21",-0.0012819
"512","ran512.hdr.22",-0.000110299999999999
"512","ran512.hdr.23",-0.0026503
"512","ran512.hdr.24",-0.00291982
"512","ran512.hdr.25",-0.00023832
"512","ran512.hdr.26",-0.00018774
"512","ran512.hdr.27",-0.000280899999999999
"512","ran512.hdr.28",0.0001978
"512","ran512.hdr.29",-0.000450470000000001
"512","ran512.hdr.3",-0.000849200000000001
"512","ran512.hdr.30",0.000505200000000001
"512","ran512.hdr.31",-0.0031592
"512","ran512.hdr.32",-0.0017024
"512","ran512.hdr.33",-0.000359199999999999
"512","ran512.hdr.34",0.0003032
"512","ran512.hdr.35",-0.0034409
"512","ran512.hdr.36",-0.0000523299999999997
"512","ran512.hdr.37",-0.000435399999999999
"512","ran512.hdr.38",-0.0001732
"512","ran512.hdr.39",-0.000583
"512","ran512.hdr.4",-0.0012446
"512","ran512.hdr.40",-0.0023716
"512","ran512.hdr.41",-0.0003798
"512","ran512.hdr.42",-0.000316800000000001
"512","ran512.hdr.43",0.000375199999999999
"512","ran512.hdr.44",-0.0037192
"512","ran512.hdr.45",-0.0011836
"512","ran512.hdr.46",-0.0002267
"512","ran512.hdr.47",-0.000692699999999999
"512","ran512.hdr.48",0.000542899999999999
"512","ran512.hdr.49",0.000576800000000001
"512","ran512.hdr.5",-0.00449763
"512","ran512.hdr.50",-0.0004434
"512","ran512.hdr.51",-0.0020892
"512","ran512.hdr.52",-0.0005222
"512","ran512.hdr.53",-0.00015647
"512","ran512.hdr.54",-0.000991599999999999
"512","ran512.hdr.55",-0.000366499999999999
"512","ran512.hdr.56",0.00036038
"512","ran512.hdr.57",-0.00003374
"512","ran512.hdr.58",-0.0004551
"512","ran512.hdr.59",-0.000270299999999998
"512","ran512.hdr.6",-0.002287
"512","ran512.hdr.60",-0.00023539
"512","ran512.hdr.61",-0.01281643
"512","ran512.hdr.62",-0.000746799999999999
"512","ran512.hdr.63",0.000228300000000001
"512","ran512.hdr.64",-0.0011581
"512","ran512.hdr.65",-0.000356599999999999
"512","ran512.hdr.66",-0.0013792
"512","ran512.hdr.67",-0.000386900000000003
"512","ran512.hdr.68",-0.00059999
"512","ran512.hdr.69",-0.0006286
"512","ran512.hdr.7",-0.0035328
"512","ran512.hdr.70",-0.001624
"512","ran512.hdr.71",-0.000198200000000001
"512","ran512.hdr.72",-0.0022821
"512","ran512.hdr.73",-0.000607819999999999
"512","ran512.hdr.74",-0.001383
"512","ran512.hdr.75",-0.00118788
"512","ran512.hdr.76",-0.000894099999999998
"512","ran512.hdr.77",-0.0046933
"512","ran512.hdr.78",-0.000318599999999999
"512","ran512.hdr.8",-0.0028987
"512","ran512.hdr.9",-0.0028274
"513","ran513.hdr.1",-0.00000992000000000007
"513","ran513.hdr.10",-0.0005444
"513","ran513.hdr.11",-0.000480399999999999
"513","ran513.hdr.12",-0.0004966
"513","ran513.hdr.13",-0.0003186
"513","ran513.hdr.14",0.0000250000000000007
"513","ran513.hdr.15",-0.0008879
"513","ran513.hdr.16",-0.000217070000000001
"513","ran513.hdr.17",-0.0000390000000000008
"513","ran513.hdr.18",-0.0000977999999999986
"513","ran513.hdr.19",0.0005311
"513","ran513.hdr.2",-0.0026949
"513","ran513.hdr.20",-0.00091031
"513","ran513.hdr.21",0.000494990000000001
"513","ran513.hdr.22",-0.000404499999999999
"513","ran513.hdr.23",-0.0007122
"513","ran513.hdr.24",0.0000066000000000007
"513","ran513.hdr.25",-0.0005666
"513","ran513.hdr.26",-0.0003254
"513","ran513.hdr.27",-0.000110299999999999
"513","ran513.hdr.28",-0.000248499999999999
"513","ran513.hdr.29",-0.0025725
"513","ran513.hdr.3",0.0004017
"513","ran513.hdr.30",-0.000714700000000002
"513","ran513.hdr.31",-0.000468900000000001
"513","ran513.hdr.32",0.00016081
"513","ran513.hdr.33",-0.0004084
"513","ran513.hdr.34",-0.0002664
"513","ran513.hdr.35",-0.0057768
"513","ran513.hdr.36",-0.0001799
"513","ran513.hdr.37",-0.0000865999999999992
"513","ran513.hdr.38",-0.000662100000000001
"513","ran513.hdr.39",-0.00045297
"513","ran513.hdr.4",-0.0001323
"513","ran513.hdr.40",-0.000281700000000001
"513","ran513.hdr.41",-0.00028523
"513","ran513.hdr.42",0.000276050000000002
"513","ran513.hdr.43",-0.000617899999999998
"513","ran513.hdr.44",-0.000574999999999999
"513","ran513.hdr.45",0.00027931
"513","ran513.hdr.46",-0.001261
"513","ran513.hdr.47",-0.0025436
"513","ran513.hdr.48",-0.000107803
"513","ran513.hdr.49",-0.000846200000000002
"513","ran513.hdr.5",-0.0054532
"513","ran513.hdr.50",-0.0010009
"513","ran513.hdr.51",-0.001384
"513","ran513.hdr.52",-0.000713800000000001
"513","ran513.hdr.53",-0.00014891
"513","ran513.hdr.54",0.0000306500000000001
"513","ran513.hdr.55",-0.00378069
"513","ran513.hdr.56",-0.000772399999999999
"513","ran513.hdr.57",-0.0004831
"513","ran513.hdr.58",-0.0003794
"513","ran513.hdr.59",-0.0003331
"513","ran513.hdr.6",-0.0003254
"513","ran513.hdr.60",-0.000872299999999999
"513","ran513.hdr.61",-0.0011481
"513","ran513.hdr.62",0.0000727999999999996
"513","ran513.hdr.63",-0.00353273
"513","ran513.hdr.64",0.000078700000000001
"513","ran513.hdr.65",-0.0003154
"513","ran513.hdr.66",0.0001358
"513","ran513.hdr.67",-0.0014307
"513","ran513.hdr.68",-0.000328449999999999
"513","ran513.hdr.69",0.000253999999999999
"513","ran513.hdr.7",0.000712299999999999
"513","ran513.hdr.70",-0.0014372
"513","ran513.hdr.71",0.000405529999999999
"513","ran513.hdr.72",-0.0001933
"513","ran513.hdr.73",-0.00025328
"513","ran513.hdr.74",-0.0027704
"513","ran513.hdr.75",-0.0002559
"513","ran513.hdr.76",-0.0003721
"513","ran513.hdr.77",-0.0003604
"513","ran513.hdr.78",0.0003423
"513","ran513.hdr.8",-0.0049685
"513","ran513.hdr.9",-0.002287
"514","ran514.hdr.1",-0.00000992000000000007
"514","ran514.hdr.10",-0.00006411
"514","ran514.hdr.11",-0.000824699999999999
"514","ran514.hdr.12",-0.00010295
"514","ran514.hdr.13",-0.0012516
"514","ran514.hdr.14",-0.0012819
"514","ran514.hdr.15",-0.0008757
"514","ran514.hdr.16",-0.00158129
"514","ran514.hdr.17",-0.000700899999999999
"514","ran514.hdr.18",-0.0014492
"514","ran514.hdr.19",0.000271480000000001
"514","ran514.hdr.2",-0.00449763
"514","ran514.hdr.20",0.000511099999999999
"514","ran514.hdr.21",-0.0003788
"514","ran514.hdr.22",-0.0000777700000000004
"514","ran514.hdr.23",0.0001919
"514","ran514.hdr.24",-0.000148799999999999
"514","ran514.hdr.25",-0.00000110000000000041
"514","ran514.hdr.26",-0.0000663
"514","ran514.hdr.27",-0.01414423
"514","ran514.hdr.28",0.000205900000000002
"514","ran514.hdr.29",-0.0004016
"514","ran514.hdr.3",-0.0061766
"514","ran514.hdr.30",-0.000844900000000001
"514","ran514.hdr.31",-0.000478900000000001
"514","ran514.hdr.32",-0.0002968
"514","ran514.hdr.33",0.000049999999999998
"514","ran514.hdr.34",-0.0000319699999999992
"514","ran514.hdr.35",-0.0007461
"514","ran514.hdr.36",-0.0014927
"514","ran514.hdr.37",-0.00013712
"514","ran514.hdr.38",0.000217800000000001
"514","ran514.hdr.39",0.0001965
"514","ran514.hdr.4",-0.00044199
"514","ran514.hdr.40",0.000059
"514","ran514.hdr.41",-0.000404300000000002
"514","ran514.hdr.42",-0.0000333999999999994
"514","ran514.hdr.43",-0.0041082
"514","ran514.hdr.44",-0.0014471
"514","ran514.hdr.45",-0.000334300000000001
"514","ran514.hdr.46",-0.0012528
"514","ran514.hdr.47",NA
"514","ran514.hdr.48",-0.0000869000000000009
"514","ran514.hdr.49",0.00019544
"514","ran514.hdr.5",-0.000429499999999999
"514","ran514.hdr.50",0.0006509
"514","ran514.hdr.51",-0.00073559
"514","ran514.hdr.52",-0.0040008
"514","ran514.hdr.54",-0.000492100000000002
"514","ran514.hdr.55",-0.0001829
"514","ran514.hdr.56",-0.00017091
"514","ran514.hdr.57",-0.00114221
"514","ran514.hdr.58",-0.0022371
"514","ran514.hdr.59",0.000166699999999999
"514","ran514.hdr.6",0.000161699999999999
"514","ran514.hdr.60",-0.000138099999999999
"514","ran514.hdr.61",-0.000735300000000001
"514","ran514.hdr.62",-0.000540200000000001
"514","ran514.hdr.63",-0.000420900000000002
"514","ran514.hdr.64",-0.0014307
"514","ran514.hdr.65",-0.0096339
"514","ran514.hdr.66",-0.000596000000000003
"514","ran514.hdr.67",-0.0008768
"514","ran514.hdr.68",-0.0001271
"514","ran514.hdr.69",-0.000276200000000001
"514","ran514.hdr.7",0.00045414
"514","ran514.hdr.70",-0.0010769
"514","ran514.hdr.71",-0.0000835999999999996
"514","ran514.hdr.72",-0.00014392
"514","ran514.hdr.73",-0.0004747
"514","ran514.hdr.74",-0.0012012
"514","ran514.hdr.75",-0.000372399999999998
"514","ran514.hdr.76",-0.0020758
"514","ran514.hdr.77",-0.000802599999999999
"514","ran514.hdr.78",-0.000678990000000001
"514","ran514.hdr.8",-0.000808199999999999
"514","ran514.hdr.9",0.00000960000000000023
"515","ran515.hdr.1",-0.000778299999999999
"515","ran515.hdr.10",-0.000539240000000002
"515","ran515.hdr.11",-0.000339470000000001
"515","ran515.hdr.12",-0.0003397
"515","ran515.hdr.13",0.000321200000000001
"515","ran515.hdr.14",-0.000333099999999999
"515","ran515.hdr.15",-0.0011929
"515","ran515.hdr.16",-0.0004534
"515","ran515.hdr.17",-0.000779799999999999
"515","ran515.hdr.18",-0.0011619
"515","ran515.hdr.19",-0.0005983
"515","ran515.hdr.2",-0.000373100000000001
"515","ran515.hdr.20",-0.000435399999999999
"515","ran515.hdr.21",-0.0084394
"515","ran515.hdr.22",0.000158100000000001
"515","ran515.hdr.23",-0.0009832
"515","ran515.hdr.24",-0.00018774
"515","ran515.hdr.25",-0.0003903
"515","ran515.hdr.26",-0.000213520000000001
"515","ran515.hdr.27",0.0000228799999999994
"515","ran515.hdr.28",0.0000743999999999988
"515","ran515.hdr.29",-0.001677
"515","ran515.hdr.3",-0.0000225999999999976
"515","ran515.hdr.30",0.0000461999999999997
"515","ran515.hdr.31",-0.000803359999999999
"515","ran515.hdr.32",-0.0010877
"515","ran515.hdr.33",0.0000578999999999996
"515","ran515.hdr.34",0.0000443000000000006
"515","ran515.hdr.35",-0.000504299999999999
"515","ran515.hdr.36",-0.0010666
"515","ran515.hdr.37",0.000069399999999999
"515","ran515.hdr.38",-0.0002734
"515","ran515.hdr.39",-0.000125399999999999
"515","ran515.hdr.4",-0.0016743
"515","ran515.hdr.40",0.00011464
"515","ran515.hdr.41",-0.000104
"515","ran515.hdr.42",-0.000266000000000002
"515","ran515.hdr.43",-0.000115199999999999
"515","ran515.hdr.44",-0.000499899999999998
"515","ran515.hdr.45",-0.0011545
"515","ran515.hdr.46",-0.000218300000000001
"515","ran515.hdr.47",-0.0041082
"515","ran515.hdr.48",-0.0098876
"515","ran515.hdr.49",-0.0070307
"515","ran515.hdr.5",-0.0054452
"515","ran515.hdr.50",-0.000034158
"515","ran515.hdr.51",-0.00005857
"515","ran515.hdr.52",-0.0012528
"515","ran515.hdr.53",0.0000849800000000001
"515","ran515.hdr.54",0.000117100000000002
"515","ran515.hdr.55",-0.0016044
"515","ran515.hdr.56",-0.0011486
"515","ran515.hdr.57",0.000166758
"515","ran515.hdr.58",-0.000253400000000001
"515","ran515.hdr.59",-0.000313409999999999
"515","ran515.hdr.6",-0.00013425
"515","ran515.hdr.62",-0.00011027
"515","ran515.hdr.63",-0.000934999999999998
"515","ran515.hdr.64",0.000201199999999999
"515","ran515.hdr.65",0.0000525999999999999
"515","ran515.hdr.66",-0.00039282
"515","ran515.hdr.67",-0.000404369999999999
"515","ran515.hdr.68",-0.0015478
"515","ran515.hdr.69",-0.000420499999999999
"515","ran515.hdr.7",-0.0003003
"515","ran515.hdr.70",-0.0043812
"515","ran515.hdr.71",-0.000771000000000001
"515","ran515.hdr.72",-0.0008768
"515","ran515.hdr.73",-0.0014151
"515","ran515.hdr.74",-0.0006002
"515","ran515.hdr.75",-0.000282660000000001
"515","ran515.hdr.76",-0.000794900000000001
"515","ran515.hdr.77",-0.0007229
"515","ran515.hdr.78",-0.0003888
"515","ran515.hdr.8",-0.0003186
"515","ran515.hdr.9",-0.0002854
"516","ran516.hdr.1",-0.000708700000000001
"516","ran516.hdr.10",-0.0000116999999999999
"516","ran516.hdr.11",-0.0002244
"516","ran516.hdr.12",0.000681399999999999
"516","ran516.hdr.13",-0.0017649
"516","ran516.hdr.14",-0.000350699999999999
"516","ran516.hdr.15",-0.0008602
"516","ran516.hdr.16",-0.0013108
"516","ran516.hdr.17",-0.0039813
"516","ran516.hdr.18",-0.0010173
"516","ran516.hdr.19",-0.00098458
"516","ran516.hdr.2",-0.000609100000000001
"516","ran516.hdr.20",-0.0008757
"516","ran516.hdr.21",-0.002134
"516","ran516.hdr.22",-0.00345372
"516","ran516.hdr.23",-0.0000914000000000002
"516","ran516.hdr.24",-0.0035614
"516","ran516.hdr.25",0.0001362
"516","ran516.hdr.26",-0.0015268
"516","ran516.hdr.27",0.000279700000000001
"516","ran516.hdr.28",0.0000460800000000004
"516","ran516.hdr.29",-0.0000268999999999998
"516","ran516.hdr.3",-0.0023191
"516","ran516.hdr.30",-0.000104
"516","ran516.hdr.31",-0.000575500000000001
"516","ran516.hdr.32",-0.000773600000000003
"516","ran516.hdr.33",-0.0008214
"516","ran516.hdr.34",-0.000195499999999998
"516","ran516.hdr.35",-0.000492200000000002
"516","ran516.hdr.36",-0.0022477
"516","ran516.hdr.37",-0.000404300000000002
"516","ran516.hdr.38",-0.0010202
"516","ran516.hdr.39",-0.0002384
"516","ran516.hdr.4",-0.00227271
"516","ran516.hdr.40",-0.000001000000000001
"516","ran516.hdr.41",-0.000825999999999999
"516","ran516.hdr.42",-0.000988299999999998
"516","ran516.hdr.43",-0.000313399999999998
"516","ran516.hdr.44",-0.0000328000000000004
"516","ran516.hdr.45",0.00000739999999999942
"516","ran516.hdr.46",-0.0000504100000000007
"516","ran516.hdr.47",-0.000652820000000001
"516","ran516.hdr.49",-0.00011027
"516","ran516.hdr.5",-0.0000849000000000006
"516","ran516.hdr.50",-0.00012652
"516","ran516.hdr.51",-0.000694199999999999
"516","ran516.hdr.52",-0.000537899999999999
"516","ran516.hdr.53",-0.0010529
"516","ran516.hdr.54",-0.0019575
"516","ran516.hdr.55",-0.0180869
"516","ran516.hdr.56",0.0000422799999999996
"516","ran516.hdr.57",-0.00019203
"516","ran516.hdr.58",0.0000194084
"516","ran516.hdr.59",-0.0011074
"516","ran516.hdr.6",-0.0000821799999999998
"516","ran516.hdr.60",-0.000361200000000001
"516","ran516.hdr.61",-0.0004037
"516","ran516.hdr.62",-0.000607500000000002
"516","ran516.hdr.63",-0.0008821
"516","ran516.hdr.64",-0.00179129
"516","ran516.hdr.65",-0.0000225
"516","ran516.hdr.66",-0.0005033
"516","ran516.hdr.67",-0.001624
"516","ran516.hdr.68",-0.000126299999999999
"516","ran516.hdr.69",-0.000511299999999999
"516","ran516.hdr.7",-0.0002272
"516","ran516.hdr.70",-0.0033926
"516","ran516.hdr.71",0.0004779
"516","ran516.hdr.72",-0.000748700000000001
"516","ran516.hdr.73",-0.0010028
"516","ran516.hdr.74",-0.0004317
"516","ran516.hdr.75",0.00113068
"516","ran516.hdr.76",-0.000802599999999999
"516","ran516.hdr.77",-0.000678990000000001
"516","ran516.hdr.78",-0.0015052
"516","ran516.hdr.8",-0.000437670000000001
"516","ran516.hdr.9",-0.0001136
"517","ran517.hdr.1",-0.000319699999999999
"517","ran517.hdr.10",-0.000714099999999999
"517","ran517.hdr.11",-0.0000281999999999991
"517","ran517.hdr.12",-0.000466400000000002
"517","ran517.hdr.13",-0.000239100000000003
"517","ran517.hdr.14",-0.0002322
"517","ran517.hdr.15",-0.0005193
"517","ran517.hdr.16",-0.0012516
"517","ran517.hdr.17",-0.000389500000000001
"517","ran517.hdr.18",-0.000912500000000002
"517","ran517.hdr.19",-0.00182421
"517","ran517.hdr.2",-0.000373100000000001
"517","ran517.hdr.20",-0.000771500000000001
"517","ran517.hdr.21",-0.000433899999999997
"517","ran517.hdr.22",0.0001549743
"517","ran517.hdr.23",0.00018248
"517","ran517.hdr.24",0.0001919
"517","ran517.hdr.25",NA
"517","ran517.hdr.26",-0.00019075
"517","ran517.hdr.27",-0.0001771
"517","ran517.hdr.28",-0.000714700000000002
"517","ran517.hdr.29",-0.00024082
"517","ran517.hdr.3",-0.0025737
"517","ran517.hdr.30",-0.0024371
"517","ran517.hdr.31",-0.0023193
"517","ran517.hdr.32",-0.000112999999999999
"517","ran517.hdr.33",-0.000968999999999999
"517","ran517.hdr.34",-0.000316499999999999
"517","ran517.hdr.35",-0.000435399999999999
"517","ran517.hdr.36",-0.00046567
"517","ran517.hdr.37",-0.000394099999999998
"517","ran517.hdr.38",-0.00028523
"517","ran517.hdr.39",-0.0015749
"517","ran517.hdr.4",-0.0026461
"517","ran517.hdr.40",-0.000666099999999999
"517","ran517.hdr.41",-0.0002132
"517","ran517.hdr.42",-0.0010275
"517","ran517.hdr.43",-0.0030178
"517","ran517.hdr.44",-0.0014504
"517","ran517.hdr.45",-0.0033085
"517","ran517.hdr.46",0.000017147
"517","ran517.hdr.47",-0.0017191
"517","ran517.hdr.48",-0.0010009
"517","ran517.hdr.49",-0.0010055
"517","ran517.hdr.5",-0.000160799999999999
"517","ran517.hdr.50",-0.001384
"517","ran517.hdr.51",-0.000334300000000001
"517","ran517.hdr.52",-0.0005222
"517","ran517.hdr.53",-0.0001508
"517","ran517.hdr.54",-0.00062953
"517","ran517.hdr.55",-0.0013068
"517","ran517.hdr.56",-0.000000799999999999586
"517","ran517.hdr.57",NA
"517","ran517.hdr.58",-0.00019336
"517","ran517.hdr.59",-0.00021611
"517","ran517.hdr.6",0.000559200000000003
"517","ran517.hdr.61",-0.0013724
"517","ran517.hdr.62",-0.000775399999999999
"517","ran517.hdr.63",0.00033137
"517","ran517.hdr.64",-0.0016226
"517","ran517.hdr.65",-0.0011783
"517","ran517.hdr.66",-0.0000582000000000013
"517","ran517.hdr.67",-0.0020911
"517","ran517.hdr.68",0.0000251000000000001
"517","ran517.hdr.69",-0.0004743
"517","ran517.hdr.7",-0.0049685
"517","ran517.hdr.70",-0.0011203
"517","ran517.hdr.71",-0.0037745
"517","ran517.hdr.72",-0.0018724
"517","ran517.hdr.73",-0.0011457
"517","ran517.hdr.74",-0.000482799999999999
"517","ran517.hdr.75",0.0000502000000000002
"517","ran517.hdr.76",-0.0021382
"517","ran517.hdr.77",-0.000880000000000002
"517","ran517.hdr.78",-0.000314699999999999
"517","ran517.hdr.8",-0.00025102
"517","ran517.hdr.9",-0.0003821
"518","ran518.hdr.1",-0.000115250000000001
"518","ran518.hdr.10",-0.00137783
"518","ran518.hdr.11",-0.0002415
"518","ran518.hdr.12",-0.0000204900000000002
"518","ran518.hdr.13",-0.0011243
"518","ran518.hdr.14",-0.000515700000000001
"518","ran518.hdr.15",-0.000274099999999999
"518","ran518.hdr.16",-0.000657
"518","ran518.hdr.17",-0.000217409999999999
"518","ran518.hdr.18",-0.000206000000000001
"518","ran518.hdr.19",-0.0011619
"518","ran518.hdr.2",-0.000319699999999999
"518","ran518.hdr.20",-0.0010053
"518","ran518.hdr.21",-0.000612299999999998
"518","ran518.hdr.22",-0.0008757
"518","ran518.hdr.23",-0.000271739999999999
"518","ran518.hdr.24",-0.000136579999999999
"518","ran518.hdr.25",0.0000270699999999997
"518","ran518.hdr.26",0.000514200000000003
"518","ran518.hdr.27",-0.0007861
"518","ran518.hdr.28",-0.00015958
"518","ran518.hdr.29",0.00030473
"518","ran518.hdr.3",-0.0026949
"518","ran518.hdr.30",-0.00010709
"518","ran518.hdr.31",0.0000965900000000006
"518","ran518.hdr.32",0.0000687199999999995
"518","ran518.hdr.33",-0.00014131
"518","ran518.hdr.34",-0.0000956499999999999
"518","ran518.hdr.35",-0.00000790000000000166
"518","ran518.hdr.36",-0.00665937
"518","ran518.hdr.37",-0.0001799
"518","ran518.hdr.38",-0.000136400000000002
"518","ran518.hdr.39",-0.000735299999999998
"518","ran518.hdr.4",-0.0026658
"518","ran518.hdr.40",0.0000586000000000024
"518","ran518.hdr.41",-0.000804199999999998
"518","ran518.hdr.42",0.00004732
"518","ran518.hdr.43",-0.0001115
"518","ran518.hdr.44",-0.0001543
"518","ran518.hdr.45",-0.000463499999999999
"518","ran518.hdr.46",-0.000787299999999999
"518","ran518.hdr.47",-0.0001434
"518","ran518.hdr.48",-0.0037192
"518","ran518.hdr.49",-0.0003908
"518","ran518.hdr.5",-0.0053867
"518","ran518.hdr.50",-0.004276
"518","ran518.hdr.51",-0.0017799
"518","ran518.hdr.52",-0.000225599999999999
"518","ran518.hdr.53",-0.00057312
"518","ran518.hdr.54",-0.00270844
"518","ran518.hdr.55",0.000195099999999998
"518","ran518.hdr.56",-0.0019361
"518","ran518.hdr.57",-0.0023439
"518","ran518.hdr.58",-0.0005042
"518","ran518.hdr.59",0.0000281999999999999
"518","ran518.hdr.6",-0.000290820000000001
"518","ran518.hdr.60",-0.0010723
"518","ran518.hdr.61",0.0000414000000000005
"518","ran518.hdr.62",-0.000824100000000001
"518","ran518.hdr.63",-0.000964599999999999
"518","ran518.hdr.64",-0.0010234
"518","ran518.hdr.65",0.000078700000000001
"518","ran518.hdr.66",-0.0010749
"518","ran518.hdr.67",0.00016178
"518","ran518.hdr.68",0.0004872
"518","ran518.hdr.69",-0.0037906
"518","ran518.hdr.7",-0.000713199999999999
"518","ran518.hdr.70",-0.0008768
"518","ran518.hdr.71",-0.00038061
"518","ran518.hdr.72",-0.0002822
"518","ran518.hdr.73",-0.0011974
"518","ran518.hdr.74",-0.000818700000000002
"518","ran518.hdr.75",-0.000299900000000001
"518","ran518.hdr.76",-0.001383
"518","ran518.hdr.77",-0.000806600000000001
"518","ran518.hdr.78",-0.0014027
"518","ran518.hdr.8",-0.0056035
"518","ran518.hdr.9",0.00000320000000000008
"519","ran519.hdr.1",-0.00040682
"519","ran519.hdr.10",-0.0051698
"519","ran519.hdr.11",-0.0000702199999999997
"519","ran519.hdr.12",-0.0005444
"519","ran519.hdr.13",-0.0000637999999999993
"519","ran519.hdr.14",-0.00036891
"519","ran519.hdr.15",0.0000170000000000014
"519","ran519.hdr.16",-0.0006374
"519","ran519.hdr.17",-0.00037651
"519","ran519.hdr.18",-0.0011243
"519","ran519.hdr.19",-0.00071959
"519","ran519.hdr.2",-0.0004317
"519","ran519.hdr.20",-0.0010992
"519","ran519.hdr.21",-0.00068641
"519","ran519.hdr.22",0.00032532
"519","ran519.hdr.23",-0.00049628
"519","ran519.hdr.24",-0.000732400000000001
"519","ran519.hdr.25",-0.000881099999999999
"519","ran519.hdr.26",0.00000280000000000072
"519","ran519.hdr.27",-0.0007279
"519","ran519.hdr.28",-0.0003237
"519","ran519.hdr.29",-0.0008389
"519","ran519.hdr.3",-0.00036043
"519","ran519.hdr.30",0.000165219999999999
"519","ran519.hdr.31",-0.000243729999999999
"519","ran519.hdr.32",-0.0003797
"519","ran519.hdr.33",0.00021165
"519","ran519.hdr.34",-0.000420199999999999
"519","ran519.hdr.35",-0.0058339
"519","ran519.hdr.36",0.0009695
"519","ran519.hdr.37",-0.0049962
"519","ran519.hdr.38",-0.0041734
"519","ran519.hdr.39",-0.0003347
"519","ran519.hdr.4",-0.0011965
"519","ran519.hdr.40",-0.000504299999999999
"519","ran519.hdr.41",-0.0005801
"519","ran519.hdr.42",0.000256599999999999
"519","ran519.hdr.43",-0.00026302
"519","ran519.hdr.44",-0.00082841
"519","ran519.hdr.45",-0.000583800000000001
"519","ran519.hdr.46",-0.000924100000000001
"519","ran519.hdr.47",-0.0000487999999999999
"519","ran519.hdr.48",-0.0018048
"519","ran519.hdr.49",-0.000730900000000001
"519","ran519.hdr.5",-0.0036577
"519","ran519.hdr.50",-0.000514700000000002
"519","ran519.hdr.51",0.0000839000000000013
"519","ran519.hdr.52",-0.000713800000000001
"519","ran519.hdr.53",0.00010489
"519","ran519.hdr.54",-0.000755800000000001
"519","ran519.hdr.55",-0.0015162
"519","ran519.hdr.56",0.000039785
"519","ran519.hdr.57",0.00000257936
"519","ran519.hdr.58",0.00005185
"519","ran519.hdr.6",-0.00163709
"519","ran519.hdr.60",-0.00017852
"519","ran519.hdr.61",-0.00040313
"519","ran519.hdr.62",-0.000455400000000002
"519","ran519.hdr.63",-0.000746799999999999
"519","ran519.hdr.64",0.000407999999999999
"519","ran519.hdr.65",-0.000625800000000001
"519","ran519.hdr.66",-0.000959399999999999
"519","ran519.hdr.67",-0.000834999999999999
"519","ran519.hdr.68",0.0000832999999999997
"519","ran519.hdr.69",-0.0011299
"519","ran519.hdr.7",-0.0031082
"519","ran519.hdr.70",-0.000002000000000002
"519","ran519.hdr.71",-0.0008821
"519","ran519.hdr.72",-0.0006
"519","ran519.hdr.73",-0.0013792
"519","ran519.hdr.74",-0.0011245
"519","ran519.hdr.75",-0.000389599999999999
"519","ran519.hdr.76",-0.000299900000000001
"519","ran519.hdr.77",-0.00062796
"519","ran519.hdr.78",-0.0035566
"519","ran519.hdr.8",-0.0028401
"519","ran519.hdr.9",-0.0038288
"520","ran520.hdr.1",-0.0003084
"520","ran520.hdr.10",-0.00093515
"520","ran520.hdr.11",-0.0008879
"520","ran520.hdr.12",-0.00011379
"520","ran520.hdr.13",-0.0000885999999999977
"520","ran520.hdr.14",-0.0053872
"520","ran520.hdr.15",-0.000397499999999999
"520","ran520.hdr.16",-0.000646799999999999
"520","ran520.hdr.17",-0.0000348000000000015
"520","ran520.hdr.18",-0.0002906
"520","ran520.hdr.19",-0.000435399999999999
"520","ran520.hdr.2",-0.000282899999999999
"520","ran520.hdr.20",0.000544600000000001
"520","ran520.hdr.21",-0.0007817
"520","ran520.hdr.22",-0.000458800000000001
"520","ran520.hdr.23",-0.0019493
"520","ran520.hdr.24",-0.00023674
"520","ran520.hdr.25",0.000159899999999999
"520","ran520.hdr.26",-0.00130484
"520","ran520.hdr.27",-0.0000373999999999999
"520","ran520.hdr.28",-0.000155240000000001
"520","ran520.hdr.29",-0.00017437
"520","ran520.hdr.3",-0.000443959999999998
"520","ran520.hdr.30",0.000035033
"520","ran520.hdr.31",-0.0010877
"520","ran520.hdr.32",-0.000140850000000001
"520","ran520.hdr.33",-0.00012828
"520","ran520.hdr.34",-0.00027737
"520","ran520.hdr.35",-0.0003975
"520","ran520.hdr.36",-0.0011573
"520","ran520.hdr.37",-0.000583800000000001
"520","ran520.hdr.38",0.000162800000000001
"520","ran520.hdr.39",-0.00102067
"520","ran520.hdr.4",-0.0011071
"520","ran520.hdr.40",-0.0015247
"520","ran520.hdr.41",-0.000499899999999998
"520","ran520.hdr.42",-0.0004983
"520","ran520.hdr.43",-0.000259000000000002
"520","ran520.hdr.44",0.0000991000000000013
"520","ran520.hdr.45",-0.0073875
"520","ran520.hdr.46",-0.0012169
"520","ran520.hdr.47",-0.000749
"520","ran520.hdr.48",-0.00035604
"520","ran520.hdr.49",-0.00384145
"520","ran520.hdr.5",-0.000585499999999999
"520","ran520.hdr.50",-0.00037772
"520","ran520.hdr.51",-0.00022903
"520","ran520.hdr.52",-0.000137699999999999
"520","ran520.hdr.53",-0.000103599999999999
"520","ran520.hdr.54",-0.00111662
"520","ran520.hdr.55",-0.000362299999999999
"520","ran520.hdr.56",-0.0000834000000000008
"520","ran520.hdr.57",0.00006119
"520","ran520.hdr.58",-0.00040313
"520","ran520.hdr.59",-0.0007402
"520","ran520.hdr.6",-0.000105399999999999
"520","ran520.hdr.60",-0.00050468
"520","ran520.hdr.61",-0.00353273
"520","ran520.hdr.62",0.0000171200000000002
"520","ran520.hdr.63",-0.0025664
"520","ran520.hdr.64",0.000221900000000001
"520","ran520.hdr.65",-0.000162800000000001
"520","ran520.hdr.66",-0.000317599999999999
"520","ran520.hdr.67",-0.00056939
"520","ran520.hdr.68",-0.0015557
"520","ran520.hdr.69",-0.0023424
"520","ran520.hdr.7",-0.0005444
"520","ran520.hdr.70",-0.0000952000000000001
"520","ran520.hdr.71",-0.0002583
"520","ran520.hdr.72",-0.000111770000000001
"520","ran520.hdr.73",-0.000276200000000001
"520","ran520.hdr.74",0.0000233799999999999
"520","ran520.hdr.75",0.00012336
"520","ran520.hdr.76",-0.0007883
"520","ran520.hdr.77",-0.0008628
"520","ran520.hdr.78",-0.000206900000000001
"520","ran520.hdr.8",-0.0005302
"520","ran520.hdr.9",-0.00040897
"521","ran521.hdr.1",0.0000850999999999977
"521","ran521.hdr.10",NA
"521","ran521.hdr.11",-0.00018564
"521","ran521.hdr.12",-0.0011382
"521","ran521.hdr.13",-0.000598200000000001
"521","ran521.hdr.14",-0.0000108700000000005
"521","ran521.hdr.15",0.0000612500000000005
"521","ran521.hdr.16",-0.00082745
"521","ran521.hdr.17",-0.0008164
"521","ran521.hdr.18",-0.000350699999999999
"521","ran521.hdr.19",-0.000228750000000001
"521","ran521.hdr.2",-0.0013435
"521","ran521.hdr.20",-0.0000383099999999997
"521","ran521.hdr.21",0.00000280000000000072
"521","ran521.hdr.22",-0.00035428
"521","ran521.hdr.23",-0.0013405
"521","ran521.hdr.24",-0.0000704
"521","ran521.hdr.25",0.00000545000000000016
"521","ran521.hdr.26",-0.00055601
"521","ran521.hdr.27",-0.000383960000000001
"521","ran521.hdr.28",-0.000155240000000001
"521","ran521.hdr.29",0.0000686800000000007
"521","ran521.hdr.3",0.000000199999999998812
"521","ran521.hdr.30",-0.00017027
"521","ran521.hdr.31",-0.000292799999999999
"521","ran521.hdr.32",-0.00025349
"521","ran521.hdr.33",-0.0012737
"521","ran521.hdr.34",-0.0011074
"521","ran521.hdr.35",-0.0044356
"521","ran521.hdr.36",-0.000962000000000001
"521","ran521.hdr.37",-0.0023193
"521","ran521.hdr.38",-0.0001828
"521","ran521.hdr.39",-0.000975
"521","ran521.hdr.4",-0.0023043
"521","ran521.hdr.40",-0.000574999999999999
"521","ran521.hdr.41",-0.000643399999999999
"521","ran521.hdr.42",-0.0017019
"521","ran521.hdr.43",-0.000419800000000001
"521","ran521.hdr.44",-0.000115199999999999
"521","ran521.hdr.45",-0.000717699999999998
"521","ran521.hdr.46",-0.0071472
"521","ran521.hdr.47",-0.0003389
"521","ran521.hdr.48",-0.0017799
"521","ran521.hdr.49",0.000161699999999999
"521","ran521.hdr.5",-0.0001102
"521","ran521.hdr.50",0.00002906
"521","ran521.hdr.51",0.0000681499999999995
"521","ran521.hdr.52",-0.000390110000000001
"521","ran521.hdr.53",-0.000343609999999999
"521","ran521.hdr.54",-0.0001431
"521","ran521.hdr.55",-0.0023439
"521","ran521.hdr.56",0.0000692499999999999
"521","ran521.hdr.57",-0.000586400000000001
"521","ran521.hdr.58",0.00005185
"521","ran521.hdr.59",0.000544349999999999
"521","ran521.hdr.6",-0.000105399999999999
"521","ran521.hdr.60",-0.000064100000000001
"521","ran521.hdr.61",-0.00017959
"521","ran521.hdr.62",-0.00194603
"521","ran521.hdr.63",-0.000324099999999999
"521","ran521.hdr.64",-0.0029365
"521","ran521.hdr.65",-0.0016152
"521","ran521.hdr.66",-0.000836699999999999
"521","ran521.hdr.67",-0.000834999999999999
"521","ran521.hdr.68",-0.0015557
"521","ran521.hdr.69",-0.0063618
"521","ran521.hdr.7",0.0000855000000000005
"521","ran521.hdr.70",-0.0096339
"521","ran521.hdr.71",-0.000112899999999999
"521","ran521.hdr.72",-0.000889800000000001
"521","ran521.hdr.73",-0.000401100000000001
"521","ran521.hdr.74",-0.0002731
"521","ran521.hdr.75",-0.0007229
"521","ran521.hdr.76",-0.0017992
"521","ran521.hdr.77",-0.0016911
"521","ran521.hdr.78",-0.0057067
"521","ran521.hdr.8",-0.0000016399999999998
"521","ran521.hdr.9",0.0000578000000000002
"522","ran522.hdr.1",-0.000740699999999999
"522","ran522.hdr.10",-0.0000976999999999992
"522","ran522.hdr.11",-0.000399699999999999
"522","ran522.hdr.12",-0.000046446
"522","ran522.hdr.13",-0.0001755
"522","ran522.hdr.14",-0.0002961
"522","ran522.hdr.15",-0.0010992
"522","ran522.hdr.16",-0.0001554
"522","ran522.hdr.17",-0.000516000000000001
"522","ran522.hdr.18",-0.0002249
"522","ran522.hdr.19",-0.000881099999999999
"522","ran522.hdr.2",-0.0012446
"522","ran522.hdr.20",0.000152999999999999
"522","ran522.hdr.21",-0.0011619
"522","ran522.hdr.22",0.000138370000000001
"522","ran522.hdr.23",-0.0075695
"522","ran522.hdr.24",-0.00045882
"522","ran522.hdr.25",-0.000256040000000001
"522","ran522.hdr.26",-0.0084394
"522","ran522.hdr.27",-0.0012522
"522","ran522.hdr.28",-0.000382199999999999
"522","ran522.hdr.29",-0.0000746700000000006
"522","ran522.hdr.3",-0.0004825
"522","ran522.hdr.30",0.000147099999999999
"522","ran522.hdr.31",-0.00019075
"522","ran522.hdr.32",-0.000207189999999999
"522","ran522.hdr.33",-0.0000683000000000003
"522","ran522.hdr.34",-0.00060842
"522","ran522.hdr.35",-0.000114900000000001
"522","ran522.hdr.36",0.00004185
"522","ran522.hdr.37",-0.0002699
"522","ran522.hdr.38",-0.0004601
"522","ran522.hdr.39",-0.0002611
"522","ran522.hdr.4",0.00000260000000000017
"522","ran522.hdr.40",-0.0000700600000000003
"522","ran522.hdr.41",-0.00015401
"522","ran522.hdr.42",-0.0000657999999999995
"522","ran522.hdr.43",-0.000944
"522","ran522.hdr.44",-0.0011052
"522","ran522.hdr.45",NA
"522","ran522.hdr.46",-0.0012739
"522","ran522.hdr.47",-0.0008214
"522","ran522.hdr.48",-0.000569200000000002
"522","ran522.hdr.49",0.0000551000000000024
"522","ran522.hdr.5",-0.0044797
"522","ran522.hdr.50",-0.000917999999999999
"522","ran522.hdr.51",-0.000693600000000001
"522","ran522.hdr.52",0.0000134999999999996
"522","ran522.hdr.53",-0.000584899999999999
"522","ran522.hdr.54",-0.0072374
"522","ran522.hdr.55",-0.01768098
"522","ran522.hdr.56",-0.000971
"522","ran522.hdr.57",-0.000434999999999998
"522","ran522.hdr.58",-0.00061173
"522","ran522.hdr.59",0.0000490000000000004
"522","ran522.hdr.6",-0.000293
"522","ran522.hdr.60",0.0004644
"522","ran522.hdr.61",-0.000102700000000001
"522","ran522.hdr.62",-0.00114221
"522","ran522.hdr.63",-0.011466
"522","ran522.hdr.64",-0.012746
"522","ran522.hdr.65",0.000324999999999999
"522","ran522.hdr.66",-0.0010849
"522","ran522.hdr.67",-0.0005187
"522","ran522.hdr.68",-0.000326299999999998
"522","ran522.hdr.69",-0.0004732
"522","ran522.hdr.7",-0.00037472
"522","ran522.hdr.70",-0.00029
"522","ran522.hdr.71",-0.00038061
"522","ran522.hdr.72",-0.0038792
"522","ran522.hdr.73",-0.0010843
"522","ran522.hdr.74",-0.0010226
"522","ran522.hdr.75",-0.0005749
"522","ran522.hdr.76",-0.0007951
"522","ran522.hdr.77",-0.0010666
"522","ran522.hdr.78",-0.0007595
"522","ran522.hdr.8",-0.00041618
"522","ran522.hdr.9",0.00000845800000000001
"523","ran523.hdr.1",-0.000115250000000001
"523","ran523.hdr.10",-0.000063007
"523","ran523.hdr.11",-0.000358290000000001
"523","ran523.hdr.12",-0.000679800000000001
"523","ran523.hdr.13",-0.0002471
"523","ran523.hdr.14",-0.0000342699999999994
"523","ran523.hdr.15",-0.0011243
"523","ran523.hdr.16",-0.000516000000000001
"523","ran523.hdr.17",0.0001478
"523","ran523.hdr.18",-0.0016862
"523","ran523.hdr.19",-0.0017045
"523","ran523.hdr.2",-0.0014426
"523","ran523.hdr.20",-0.000288800000000001
"523","ran523.hdr.21",-0.0001814
"523","ran523.hdr.22",-0.00032068
"523","ran523.hdr.23",0.000735
"523","ran523.hdr.24",-0.0002137
"523","ran523.hdr.25",-0.000013599999999999
"523","ran523.hdr.26",-0.000232900000000001
"523","ran523.hdr.27",-0.00000733999999999978
"523","ran523.hdr.28",0.00019619
"523","ran523.hdr.29",-0.0001753
"523","ran523.hdr.3",-0.0013866
"523","ran523.hdr.30",-0.0023372
"523","ran523.hdr.31",-0.000784
"523","ran523.hdr.32",0.000316899999999998
"523","ran523.hdr.33",-0.0014502
"523","ran523.hdr.34",-0.000412499999999998
"523","ran523.hdr.35",-0.0018523
"523","ran523.hdr.36",-0.00023755
"523","ran523.hdr.37",-0.00022876
"523","ran523.hdr.38",-0.0004679
"523","ran523.hdr.39",-0.000291899999999999
"523","ran523.hdr.4",-0.0002252
"523","ran523.hdr.40",-0.000255799999999999
"523","ran523.hdr.41",-0.00011256
"523","ran523.hdr.42",-0.000846200000000002
"523","ran523.hdr.43",0.0000681499999999995
"523","ran523.hdr.44",-0.000334300000000001
"523","ran523.hdr.45",0.000135399999999999
"523","ran523.hdr.46",-0.00029767
"523","ran523.hdr.47",-0.000749
"523","ran523.hdr.48",-0.000248099999999999
"523","ran523.hdr.49",-0.000492100000000002
"523","ran523.hdr.5",-0.0008533
"523","ran523.hdr.50",0.000397100000000001
"523","ran523.hdr.51",-0.0001286
"523","ran523.hdr.52",-0.000102700000000001
"523","ran523.hdr.53",-0.00114221
"523","ran523.hdr.54",0.000210399999999999
"523","ran523.hdr.55",-0.000811599999999999
"523","ran523.hdr.56",-0.0001464
"523","ran523.hdr.57",-0.0003231
"523","ran523.hdr.58",-0.000959399999999999
"523","ran523.hdr.59",-0.000154400000000002
"523","ran523.hdr.6",0.0000743100000000002
"523","ran523.hdr.60",-0.0016696
"523","ran523.hdr.61",-0.0003865
"523","ran523.hdr.62",-0.0023424
"523","ran523.hdr.63",-0.0001385
"523","ran523.hdr.64",-0.000056500000000001
"523","ran523.hdr.65",0.000300799999999999
"523","ran523.hdr.66",-0.0003088
"523","ran523.hdr.67",-0.0004749
"523","ran523.hdr.68",-0.0024365
"523","ran523.hdr.69",-0.0005033
"523","ran523.hdr.7",-0.0030338
"523","ran523.hdr.70",-0.0015308
"523","ran523.hdr.71",-0.0000177000000000007
"523","ran523.hdr.72",-0.0020758
"523","ran523.hdr.73",-0.0021382
"523","ran523.hdr.74",-0.0000270999999999987
"523","ran523.hdr.75",-0.0002862
"523","ran523.hdr.76",-0.0014673
"523","ran523.hdr.77",-0.0035566
"523","ran523.hdr.78",-0.0017455
"523","ran523.hdr.8",-0.00227271
"523","ran523.hdr.9",-0.0045035
"524","ran524.hdr.1",-0.000585199999999998
"524","ran524.hdr.10",0.00026852
"524","ran524.hdr.11",-0.0037929
"524","ran524.hdr.12",-0.0048952
"524","ran524.hdr.13",0.0000280100000000002
"524","ran524.hdr.14",-0.000327600000000001
"524","ran524.hdr.15",-0.000350699999999999
"524","ran524.hdr.16",-0.0010025
"524","ran524.hdr.17",-0.000438299999999999
"524","ran524.hdr.18",-0.000977599999999999
"524","ran524.hdr.19",-0.00252268
"524","ran524.hdr.2",0.000174899999999999
"524","ran524.hdr.20",-0.0005322
"524","ran524.hdr.21",-0.0005906
"524","ran524.hdr.22",0.000735
"524","ran524.hdr.23",0.000205641
"524","ran524.hdr.24",-0.00084943
"524","ran524.hdr.25",-0.0000410300000000001
"524","ran524.hdr.26",-0.000341280000000001
"524","ran524.hdr.27",-0.000777200000000002
"524","ran524.hdr.28",-0.00029141
"524","ran524.hdr.29",-0.000349499999999999
"524","ran524.hdr.3",-0.0032872
"524","ran524.hdr.30",-0.00023093
"524","ran524.hdr.31",-0.00034168
"524","ran524.hdr.32",-0.00011013
"524","ran524.hdr.33",-0.000332000000000001
"524","ran524.hdr.34",-0.0023505
"524","ran524.hdr.35",-0.0003076
"524","ran524.hdr.36",-0.000870699999999999
"524","ran524.hdr.37",-0.00057255
"524","ran524.hdr.38",0.0000195999999999998
"524","ran524.hdr.39",-0.000982500000000001
"524","ran524.hdr.4",-0.000849200000000001
"524","ran524.hdr.40",-0.02102894
"524","ran524.hdr.41",-0.0024639
"524","ran524.hdr.42",-0.000691199999999999
"524","ran524.hdr.43",-0.000799499999999998
"524","ran524.hdr.44",0.000374129999999999
"524","ran524.hdr.45",-0.0000673000000000028
"524","ran524.hdr.46",0.0001302
"524","ran524.hdr.47",-0.000551949999999999
"524","ran524.hdr.48",-0.00045368
"524","ran524.hdr.49",-0.0005042
"524","ran524.hdr.5",-0.0025737
"524","ran524.hdr.50",0.000206499999999998
"524","ran524.hdr.51",0.0000281999999999999
"524","ran524.hdr.52",-0.000227100000000001
"524","ran524.hdr.53",-0.00040568
"524","ran524.hdr.54",-0.000448199999999999
"524","ran524.hdr.55",-0.000139299999999998
"524","ran524.hdr.56",-0.000967699999999998
"524","ran524.hdr.57",-0.000455400000000002
"524","ran524.hdr.58",-0.0000736000000000001
"524","ran524.hdr.59",-0.0003709
"524","ran524.hdr.6",-0.0005346
"524","ran524.hdr.60",-0.000334099999999999
"524","ran524.hdr.61",-0.0016152
"524","ran524.hdr.62",0.000585799999999999
"524","ran524.hdr.63",0.000350199999999998
"524","ran524.hdr.64",-0.0096339
"524","ran524.hdr.65",-0.0000374500000000014
"524","ran524.hdr.66",-0.0013697
"524","ran524.hdr.67",-0.000754080000000001
"524","ran524.hdr.68",-0.000228699999999998
"524","ran524.hdr.69",0.00019761
"524","ran524.hdr.7",-0.004515
"524","ran524.hdr.70",-0.0002284
"524","ran524.hdr.71",-0.000825300000000001
"524","ran524.hdr.72",-0.0007229
"524","ran524.hdr.73",-0.0015308
"524","ran524.hdr.74",-0.000194
"524","ran524.hdr.75",-0.0009914
"524","ran524.hdr.76",-0.0014309
"524","ran524.hdr.77",-0.000100100000000002
"524","ran524.hdr.78",0.000226799999999999
"524","ran524.hdr.8",0.0003686
"524","ran524.hdr.9",-0.0007992
"525","ran525.hdr.1",-0.0008313
"525","ran525.hdr.10",-0.0011481
"525","ran525.hdr.11",-0.000320800000000001
"525","ran525.hdr.12",-0.00026025
"525","ran525.hdr.13",-0.0018782
"525","ran525.hdr.14",-0.00026376
"525","ran525.hdr.15",-0.0013108
"525","ran525.hdr.16",-0.000867099999999999
"525","ran525.hdr.17",-0.000230500000000002
"525","ran525.hdr.18",-0.000214800000000001
"525","ran525.hdr.19",-0.0002906
"525","ran525.hdr.2",0.0003963
"525","ran525.hdr.20",0.000675199999999999
"525","ran525.hdr.21",-0.000352700000000001
"525","ran525.hdr.22",-0.00031687
"525","ran525.hdr.23",-0.0002792
"525","ran525.hdr.24",-0.0014492
"525","ran525.hdr.25",-0.00019286
"525","ran525.hdr.26",-0.0010873
"525","ran525.hdr.27",-0.0019666
"525","ran525.hdr.28",0.000505200000000001
"525","ran525.hdr.29",-0.0051598
"525","ran525.hdr.3",-0.0008533
"525","ran525.hdr.30",0.0000934000000000004
"525","ran525.hdr.31",-0.000365000000000001
"525","ran525.hdr.32",0.00011393
"525","ran525.hdr.33",0.000237399999999999
"525","ran525.hdr.34",0.0000239999999999997
"525","ran525.hdr.35",-0.00013712
"525","ran525.hdr.36",0.000377580000000001
"525","ran525.hdr.37",-0.0027946
"525","ran525.hdr.38",-0.0022371
"525","ran525.hdr.39",-0.000392
"525","ran525.hdr.4",-0.0061766
"525","ran525.hdr.40",-0.000436799999999998
"525","ran525.hdr.41",-0.0014471
"525","ran525.hdr.42",-0.00074314
"525","ran525.hdr.43",-0.000691199999999999
"525","ran525.hdr.44",0.00058626
"525","ran525.hdr.45",-0.0000330999999999994
"525","ran525.hdr.46",-0.0112283
"525","ran525.hdr.47",-0.0009668
"525","ran525.hdr.48",-0.00055
"525","ran525.hdr.49",NA
"525","ran525.hdr.5",-0.0037447
"525","ran525.hdr.50",-0.00012336
"525","ran525.hdr.51",-0.00021408
"525","ran525.hdr.52",-0.00047522
"525","ran525.hdr.53",-0.000175700000000001
"525","ran525.hdr.55",-0.0000748000000000016
"525","ran525.hdr.56",-0.000163490000000001
"525","ran525.hdr.57",-0.0001259
"525","ran525.hdr.58",-0.000738799999999998
"525","ran525.hdr.59",-0.0004568
"525","ran525.hdr.6",-0.00037472
"525","ran525.hdr.60",-0.0016847
"525","ran525.hdr.61",-0.000420499999999999
"525","ran525.hdr.62",-0.00029108
"525","ran525.hdr.63",-0.0028671
"525","ran525.hdr.64",-0.0010128
"525","ran525.hdr.65",0.000150899999999999
"525","ran525.hdr.66",-0.000407100000000001
"525","ran525.hdr.67",-0.0002275
"525","ran525.hdr.68",-0.0000222999999999994
"525","ran525.hdr.69",0.000560439999999999
"525","ran525.hdr.7",-0.000428030000000001
"525","ran525.hdr.70",-0.0001933
"525","ran525.hdr.71",-0.0011245
"525","ran525.hdr.72",-0.000185899999999999
"525","ran525.hdr.73",-0.0012699
"525","ran525.hdr.74",-0.0011354
"525","ran525.hdr.75",-0.00050556
"525","ran525.hdr.76",-0.0035566
"525","ran525.hdr.77",-0.0018567
"525","ran525.hdr.78",0.0000157000000000004
"525","ran525.hdr.8",0.000140100000000001
"525","ran525.hdr.9",-0.00039314
"526","ran526.hdr.1",-0.0014785
"526","ran526.hdr.10",-0.00011195
"526","ran526.hdr.11",-0.0008936
"526","ran526.hdr.12",-0.000428030000000001
"526","ran526.hdr.13",-0.001099
"526","ran526.hdr.14",-0.000598200000000001
"526","ran526.hdr.15",-0.000376899999999999
"526","ran526.hdr.16",-0.000434459999999999
"526","ran526.hdr.17",-0.0011243
"526","ran526.hdr.18",-0.0000381699999999997
"526","ran526.hdr.19",-0.000911199999999997
"526","ran526.hdr.2",0.0000496999999999997
"526","ran526.hdr.20",-0.0023332
"526","ran526.hdr.21",-0.0003359
"526","ran526.hdr.22",-0.0011163
"526","ran526.hdr.23",-0.000108899999999999
"526","ran526.hdr.24",0.00038818
"526","ran526.hdr.25",-0.0040389
"526","ran526.hdr.26",-0.0001771
"526","ran526.hdr.27",-0.000148799999999999
"526","ran526.hdr.28",-0.000292629999999999
"526","ran526.hdr.29",-0.00038817
"526","ran526.hdr.3",-0.000637000000000002
"526","ran526.hdr.30",-0.000643000000000001
"526","ran526.hdr.31",-0.0008652
"526","ran526.hdr.32",-0.000119399999999999
"526","ran526.hdr.33",0.000505200000000001
"526","ran526.hdr.34",0.000906399999999998
"526","ran526.hdr.35",-0.000730600000000001
"526","ran526.hdr.36",-0.0018392
"526","ran526.hdr.37",0.0001362
"526","ran526.hdr.38",-0.00018085
"526","ran526.hdr.39",-0.00073436
"526","ran526.hdr.4",-0.004515
"526","ran526.hdr.40",-0.00019887
"526","ran526.hdr.41",-0.000235339999999999
"526","ran526.hdr.42",0.000226500000000001
"526","ran526.hdr.43",-0.00013584
"526","ran526.hdr.44",-0.000306899999999999
"526","ran526.hdr.45",-0.0011836
"526","ran526.hdr.46",-0.0000986000000000008
"526","ran526.hdr.47",-0.0082206
"526","ran526.hdr.48",-0.0017799
"526","ran526.hdr.49",-0.000136669999999998
"526","ran526.hdr.5",-0.0007133
"526","ran526.hdr.50",-0.000207300000000001
"526","ran526.hdr.51",0.0000959300000000001
"526","ran526.hdr.52",-0.00074359
"526","ran526.hdr.53",-0.0014392
"526","ran526.hdr.54",-0.0015158
"526","ran526.hdr.55",-0.000764300000000002
"526","ran526.hdr.56",-0.00057659
"526","ran526.hdr.57",-0.00022893
"526","ran526.hdr.58",-0.00025195
"526","ran526.hdr.59",-0.00000449999999999995
"526","ran526.hdr.6",-0.0048415
"526","ran526.hdr.61",-0.0004551
"526","ran526.hdr.62",-0.0004034
"526","ran526.hdr.63",-0.0015112
"526","ran526.hdr.64",0.000174000000000001
"526","ran526.hdr.65",-0.00114221
"526","ran526.hdr.66",-0.0000474999999999989
"526","ran526.hdr.67",-0.0041063
"526","ran526.hdr.68",-0.000663200000000001
"526","ran526.hdr.69",-0.0008071
"526","ran526.hdr.7",-0.0013747
"526","ran526.hdr.70",-0.000550699999999999
"526","ran526.hdr.71",-0.000723399999999999
"526","ran526.hdr.72",0.000450900000000001
"526","ran526.hdr.73",-0.000964700000000002
"526","ran526.hdr.74",-0.0013312
"526","ran526.hdr.75",0.00051701
"526","ran526.hdr.76",-0.001624
"526","ran526.hdr.77",0.0000916000000000007
"526","ran526.hdr.78",-0.000776900000000001
"526","ran526.hdr.8",-0.000145270000000001
"526","ran526.hdr.9",-0.0000411000000000005
"527","ran527.hdr.1",-0.0004633
"527","ran527.hdr.10",-0.000301300000000001
"527","ran527.hdr.11",-0.000232400000000001
"527","ran527.hdr.12",-0.00014609
"527","ran527.hdr.13",0.000283200000000001
"527","ran527.hdr.14",-0.000392959999999999
"527","ran527.hdr.15",-0.00039314
"527","ran527.hdr.16",0.00000262299999999999
"527","ran527.hdr.17",-0.0011929
"527","ran527.hdr.18",0.0002985
"527","ran527.hdr.19",-0.000919
"527","ran527.hdr.2",-0.0011152
"527","ran527.hdr.20",-0.0016942
"527","ran527.hdr.21",-0.00041587
"527","ran527.hdr.22",-0.000110299999999999
"527","ran527.hdr.23",0.0000514499999999998
"527","ran527.hdr.24",0.0000070999999999999
"527","ran527.hdr.25",-0.0002137
"527","ran527.hdr.26",-0.0006546
"527","ran527.hdr.27",-0.00012519
"527","ran527.hdr.28",-0.000234649999999999
"527","ran527.hdr.29",0.0000686800000000007
"527","ran527.hdr.3",-0.00100715
"527","ran527.hdr.30",0.00051959
"527","ran527.hdr.31",-0.000453249999999999
"527","ran527.hdr.32",0.0006037
"527","ran527.hdr.33",-0.00345372
"527","ran527.hdr.34",0.0005319
"527","ran527.hdr.35",0.000246899999999998
"527","ran527.hdr.36",0.00013226
"527","ran527.hdr.37",-0.000491499999999999
"527","ran527.hdr.38",-0.000787299999999999
"527","ran527.hdr.39",-0.000464300000000001
"527","ran527.hdr.4",-0.000366200000000001
"527","ran527.hdr.40",-0.00025843
"527","ran527.hdr.41",-0.000499899999999998
"527","ran527.hdr.42",0.0000718999999999997
"527","ran527.hdr.43",-0.00081
"527","ran527.hdr.44",-0.00035147
"527","ran527.hdr.45",-0.000688599999999999
"527","ran527.hdr.46",-0.00131478
"527","ran527.hdr.47",-0.0012135
"527","ran527.hdr.48",0.000703500000000003
"527","ran527.hdr.49",-0.000313399999999998
"527","ran527.hdr.5",-0.0026949
"527","ran527.hdr.50",-0.0000328000000000004
"527","ran527.hdr.51",-0.000129839
"527","ran527.hdr.52",-0.0000781000000000011
"527","ran527.hdr.53",-0.000749
"527","ran527.hdr.54",-0.000209999999999998
"527","ran527.hdr.55",-0.0023439
"527","ran527.hdr.56",0.000114200000000002
"527","ran527.hdr.57",NA
"527","ran527.hdr.58",-0.000599799999999999
"527","ran527.hdr.59",-0.00013051
"527","ran527.hdr.6",-0.0056035
"527","ran527.hdr.62",-0.0000495000000000009
"527","ran527.hdr.63",-0.000972200000000003
"527","ran527.hdr.64",-0.000425699999999999
"527","ran527.hdr.65",-0.0019575
"527","ran527.hdr.66",-0.00685775
"527","ran527.hdr.67",-0.000675199999999997
"527","ran527.hdr.68",0.000465300000000002
"527","ran527.hdr.69",-0.00006251
"527","ran527.hdr.7",-0.0009196
"527","ran527.hdr.70",-0.000700800000000001
"527","ran527.hdr.71",-0.000798899999999998
"527","ran527.hdr.72",0.0000233799999999999
"527","ran527.hdr.73",-0.000333699999999999
"527","ran527.hdr.74",-0.0020758
"527","ran527.hdr.75",-0.000806600000000001
"527","ran527.hdr.76",-0.0013154
"527","ran527.hdr.77",-0.0003604
"527","ran527.hdr.78",-0.0003225
"527","ran527.hdr.8",0.000186599999999999
"527","ran527.hdr.9",0.0000136999999999984
"528","ran528.hdr.1",-0.0011152
"528","ran528.hdr.10",-0.00018433
"528","ran528.hdr.11",-0.000181799999999999
"528","ran528.hdr.12",0.000256000000000001
"528","ran528.hdr.13",-0.000409099999999999
"528","ran528.hdr.14",-0.00032687
"528","ran528.hdr.15",-0.000327600000000001
"528","ran528.hdr.16",-0.0008602
"528","ran528.hdr.17",NA
"528","ran528.hdr.18",-0.0010564
"528","ran528.hdr.19",-0.000598599999999998
"528","ran528.hdr.2",-0.00100715
"528","ran528.hdr.20",-0.000352700000000001
"528","ran528.hdr.21",-0.002999
"528","ran528.hdr.22",-0.0002137
"528","ran528.hdr.23",-0.000376700000000001
"528","ran528.hdr.24",-0.000243760000000001
"528","ran528.hdr.25",-0.00010144
"528","ran528.hdr.26",-0.000169369999999999
"528","ran528.hdr.27",-0.000643000000000001
"528","ran528.hdr.28",-0.0012418
"528","ran528.hdr.29",0.000364899999999998
"528","ran528.hdr.3",-0.00036043
"528","ran528.hdr.30",-0.00510713
"528","ran528.hdr.31",0.00014961
"528","ran528.hdr.32",-0.000281700000000001
"528","ran528.hdr.33",-0.00026302
"528","ran528.hdr.34",-0.000307
"528","ran528.hdr.35",-0.0015749
"528","ran528.hdr.36",-0.000666099999999999
"528","ran528.hdr.37",-0.0009237
"528","ran528.hdr.38",-0.0005428
"528","ran528.hdr.39",-0.0026491
"528","ran528.hdr.4",-0.0024371
"528","ran528.hdr.40",-0.0021208
"528","ran528.hdr.41",-0.000571099999999998
"528","ran528.hdr.42",-0.0006402
"528","ran528.hdr.43",0.0000991000000000013
"528","ran528.hdr.44",-0.00057312
"528","ran528.hdr.45",0.000694520000000001
"528","ran528.hdr.46",-0.0000118100000000001
"528","ran528.hdr.47",-0.000299799999999999
"528","ran528.hdr.48",NA
"528","ran528.hdr.49",-0.00378069
"528","ran528.hdr.5",-0.004515
"528","ran528.hdr.50",-0.0009668
"528","ran528.hdr.51",0.00037017
"528","ran528.hdr.52",-0.00011554
"528","ran528.hdr.53",-0.0000955000000000001
"528","ran528.hdr.54",-0.00111662
"528","ran528.hdr.55",-0.000796399999999999
"528","ran528.hdr.56",0.000165
"528","ran528.hdr.57",0.0000446000000000005
"528","ran528.hdr.58",-0.00024239
"528","ran528.hdr.59",-0.000979899999999999
"528","ran528.hdr.6",-0.0019788
"528","ran528.hdr.60",-0.000617400000000001
"528","ran528.hdr.61",-0.0012721
"528","ran528.hdr.62",-0.0005679
"528","ran528.hdr.63",-0.0003709
"528","ran528.hdr.64",-0.0011892
"528","ran528.hdr.65",0.00016178
"528","ran528.hdr.66",-0.000361200000000001
"528","ran528.hdr.67",-0.000188000000000001
"528","ran528.hdr.68",-0.0005761
"528","ran528.hdr.69",-0.0002646
"528","ran528.hdr.7",0.0000146
"528","ran528.hdr.70",-0.0009818
"528","ran528.hdr.71",-0.0035232
"528","ran528.hdr.72",0.000405529999999999
"528","ran528.hdr.73",-0.0007448
"528","ran528.hdr.74",-0.0006286
"528","ran528.hdr.75",-0.0011457
"528","ran528.hdr.76",-0.002875
"528","ran528.hdr.77",-0.000365799999999999
"528","ran528.hdr.78",-0.0016978
"528","ran528.hdr.8",-0.0037603
"528","ran528.hdr.9",-0.0003134
"529","ran529.hdr.1",-0.000311580000000001
"529","ran529.hdr.10",-0.0015953
"529","ran529.hdr.11",-0.000681099999999999
"529","ran529.hdr.12",-0.0008879
"529","ran529.hdr.13",-0.000808199999999999
"529","ran529.hdr.14",-0.001162
"529","ran529.hdr.15",-0.0008164
"529","ran529.hdr.16",-0.00007595
"529","ran529.hdr.17",0.000254799999999999
"529","ran529.hdr.18",-0.000356
"529","ran529.hdr.19",-0.0011619
"529","ran529.hdr.2",-0.0000511000000000001
"529","ran529.hdr.20",-0.001596
"529","ran529.hdr.21",-0.000796499999999999
"529","ran529.hdr.22",-0.0061672
"529","ran529.hdr.23",-0.0014492
"529","ran529.hdr.24",-0.000562900000000002
"529","ran529.hdr.25",-0.0113291
"529","ran529.hdr.26",-0.0025984
"529","ran529.hdr.27",0.00017261
"529","ran529.hdr.28",-0.00010709
"529","ran529.hdr.29",-0.000292629999999999
"529","ran529.hdr.3",-0.000220599999999998
"529","ran529.hdr.30",-0.0000945300000000007
"529","ran529.hdr.31",-0.00000790000000000166
"529","ran529.hdr.32",-0.000176700000000002
"529","ran529.hdr.33",-0.0001434
"529","ran529.hdr.34",-0.0000774399999999998
"529","ran529.hdr.35",-0.0017371
"529","ran529.hdr.36",-0.00016097
"529","ran529.hdr.37",0.00003065
"529","ran529.hdr.38",-0.000468900000000001
"529","ran529.hdr.39",-0.00027737
"529","ran529.hdr.4",-0.0000914000000000002
"529","ran529.hdr.40",0.0000539700000000004
"529","ran529.hdr.41",-0.000247559999999999
"529","ran529.hdr.42",-0.00053977
"529","ran529.hdr.43",-0.0002614
"529","ran529.hdr.44",0.0000757000000000015
"529","ran529.hdr.45",-0.00048092
"529","ran529.hdr.46",-0.00056584
"529","ran529.hdr.47",-0.0002126
"529","ran529.hdr.48",-0.000616299999999997
"529","ran529.hdr.49",-0.000692699999999999
"529","ran529.hdr.5",0.0000271099999999986
"529","ran529.hdr.50",-0.0076935
"529","ran529.hdr.51",-0.000233399999999998
"529","ran529.hdr.52",-0.0003459
"529","ran529.hdr.53",0.00000739999999999942
"529","ran529.hdr.54",0.000126360000000001
"529","ran529.hdr.58",-0.0000312699999999999
"529","ran529.hdr.59",-0.000737700000000001
"529","ran529.hdr.6",-0.0048415
"529","ran529.hdr.60",-0.0180869
"529","ran529.hdr.61",0.0000525999999999999
"529","ran529.hdr.62",-0.0000438000000000001
"529","ran529.hdr.63",-0.0021629
"529","ran529.hdr.64",-0.0002716
"529","ran529.hdr.65",-0.0000829000000000003
"529","ran529.hdr.66",0.0004971
"529","ran529.hdr.67",-0.0003435
"529","ran529.hdr.68",-0.000914999999999999
"529","ran529.hdr.69",-0.000282869999999999
"529","ran529.hdr.7",-0.0051096
"529","ran529.hdr.70",-0.0002646
"529","ran529.hdr.71",-0.0043812
"529","ran529.hdr.72",-0.000407100000000001
"529","ran529.hdr.73",-0.0008768
"529","ran529.hdr.74",-0.00033557
"529","ran529.hdr.75",-0.0015872
"529","ran529.hdr.76",-0.0016621
"529","ran529.hdr.77",-0.000894099999999998
"529","ran529.hdr.78",0.0004966
"529","ran529.hdr.8",-0.00056552
"529","ran529.hdr.9",-0.0000849000000000006
"530","ran530.hdr.1",-0.0004317
"530","ran530.hdr.10",-0.0005444
"530","ran530.hdr.11",-0.0000637999999999993
"530","ran530.hdr.12",-0.00036891
"530","ran530.hdr.13",0.0000449828
"530","ran530.hdr.14",-0.00016698
"530","ran530.hdr.15",-0.0000116999999999999
"530","ran530.hdr.16",-0.000113727
"530","ran530.hdr.17",-0.0134706
"530","ran530.hdr.18",-0.0017649
"530","ran530.hdr.19",0.0003301
"530","ran530.hdr.2",0.0000236000000000004
"530","ran530.hdr.20",-0.0001574
"530","ran530.hdr.21",0.0000230999999999981
"530","ran530.hdr.22",-0.0011003
"530","ran530.hdr.23",-0.000369699999999999
"530","ran530.hdr.24",-0.00045882
"530","ran530.hdr.25",-0.000554499999999999
"530","ran530.hdr.26",-0.000450099999999998
"530","ran530.hdr.27",-0.002999
"530","ran530.hdr.28",-0.0006806
"530","ran530.hdr.29",-0.00291982
"530","ran530.hdr.3",-0.00011342
"530","ran530.hdr.30",-0.0006201
"530","ran530.hdr.31",0.0000429000000000002
"530","ran530.hdr.32",-0.00130484
"530","ran530.hdr.33",-0.000143009999999999
"530","ran530.hdr.34",-0.000507499999999999
"530","ran530.hdr.35",-0.000397399999999999
"530","ran530.hdr.36",-0.000258999999999999
"530","ran530.hdr.37",-0.0000696199999999994
"530","ran530.hdr.38",-0.0035614
"530","ran530.hdr.39",-0.0002707
"530","ran530.hdr.4",-0.00364684
"530","ran530.hdr.40",-0.000707589999999999
"530","ran530.hdr.41",-0.00087888
"530","ran530.hdr.42",-0.002021
"530","ran530.hdr.43",-0.000584600000000001
"530","ran530.hdr.44",-0.0012106
"530","ran530.hdr.45",-0.000446100000000001
"530","ran530.hdr.46",-0.000765399999999999
"530","ran530.hdr.47",0.0001741
"530","ran530.hdr.48",-0.0017191
"530","ran530.hdr.49",-0.000691199999999999
"530","ran530.hdr.5",-0.0000643999999999992
"530","ran530.hdr.50",-0.0000328000000000004
"530","ran530.hdr.51",-0.0019361
"530","ran530.hdr.52",-0.0010086
"530","ran530.hdr.53",-0.00037772
"530","ran530.hdr.54",-0.000248099999999999
"530","ran530.hdr.55",0.00010201
"530","ran530.hdr.56",0.0000771000000000001
"530","ran530.hdr.57",-0.0013645
"530","ran530.hdr.58",-0.00025195
"530","ran530.hdr.59",-0.000796399999999999
"530","ran530.hdr.6",-0.0002056
"530","ran530.hdr.60",0.00006295
"530","ran530.hdr.62",-0.000602269999999999
"530","ran530.hdr.63",-0.0004258
"530","ran530.hdr.64",-0.0180869
"530","ran530.hdr.65",-0.00574057
"530","ran530.hdr.66",-0.000485049999999999
"530","ran530.hdr.67",-0.000540200000000001
"530","ran530.hdr.68",-0.0011074
"530","ran530.hdr.69",0.000228300000000001
"530","ran530.hdr.7",-0.0049685
"530","ran530.hdr.70",-0.0028229
"530","ran530.hdr.71",-0.00546245
"530","ran530.hdr.72",-0.000093939999999999
"530","ran530.hdr.73",0.0000155000000000016
"530","ran530.hdr.74",-0.0024365
"530","ran530.hdr.75",0.0001008
"530","ran530.hdr.76",-0.0012137
"530","ran530.hdr.77",-0.0008746
"530","ran530.hdr.78",-0.0016949
"530","ran530.hdr.8",-0.0046226
"530","ran530.hdr.9",-0.0029886
"531","ran531.hdr.1",-0.0001598
"531","ran531.hdr.10",-0.00056426
"531","ran531.hdr.11",-0.0000204900000000002
"531","ran531.hdr.12",0.00012731
"531","ran531.hdr.13",-0.000414400000000001
"531","ran531.hdr.14",-0.000320599999999999
"531","ran531.hdr.15",-0.0003458
"531","ran531.hdr.16",-0.00021029
"531","ran531.hdr.17",-0.000785500000000001
"531","ran531.hdr.18",-0.0010596
"531","ran531.hdr.19",0.0000675200000000006
"531","ran531.hdr.2",-0.000870900000000001
"531","ran531.hdr.20",-0.000587000000000001
"531","ran531.hdr.21",-0.00034688
"531","ran531.hdr.22",-0.000291369999999999
"531","ran531.hdr.23",-0.0005983
"531","ran531.hdr.24",-0.0001083
"531","ran531.hdr.25",-0.002734
"531","ran531.hdr.26",-0.000379999999999998
"531","ran531.hdr.27",-0.000747600000000001
"531","ran531.hdr.28",-0.0007723
"531","ran531.hdr.29",-0.00053928
"531","ran531.hdr.3",-0.0013522
"531","ran531.hdr.30",-0.000165080000000001
"531","ran531.hdr.31",-0.00018774
"531","ran531.hdr.32",-0.000232900000000001
"531","ran531.hdr.33",-0.00175568
"531","ran531.hdr.34",-0.000453249999999999
"531","ran531.hdr.35",-0.002134
"531","ran531.hdr.36",0.000159400000000001
"531","ran531.hdr.37",0.0000934000000000004
"531","ran531.hdr.38",-0.0002396
"531","ran531.hdr.39",0.0006389
"531","ran531.hdr.4",-0.000653600000000001
"531","ran531.hdr.40",0.0000920999999999995
"531","ran531.hdr.41",-0.000352100000000001
"531","ran531.hdr.42",-0.0011573
"531","ran531.hdr.43",-0.0011277
"531","ran531.hdr.44",0.00020773
"531","ran531.hdr.45",-0.0000755699999999996
"531","ran531.hdr.46",-0.0030178
"531","ran531.hdr.47",-0.0013738
"531","ran531.hdr.48",-0.00140383
"531","ran531.hdr.49",-0.000218300000000001
"531","ran531.hdr.5",-0.0051096
"531","ran531.hdr.50",0.0008544
"531","ran531.hdr.51",NA
"531","ran531.hdr.52",-0.0006619
"531","ran531.hdr.53",0.0000613000000000002
"531","ran531.hdr.54",NA
"531","ran531.hdr.55",-0.000586400000000001
"531","ran531.hdr.56",-0.000227100000000001
"531","ran531.hdr.57",-0.00011945
"531","ran531.hdr.58",-0.000193329999999999
"531","ran531.hdr.6",-0.0051698
"531","ran531.hdr.60",-0.000297500000000001
"531","ran531.hdr.61",-0.0017637
"531","ran531.hdr.62",-0.000406799999999999
"531","ran531.hdr.63",-0.000811599999999999
"531","ran531.hdr.64",-0.000675199999999997
"531","ran531.hdr.65",-0.000663200000000001
"531","ran531.hdr.66",0.0000217999999999989
"531","ran531.hdr.67",-0.000836699999999999
"531","ran531.hdr.68",-0.000134699999999998
"531","ran531.hdr.69",-0.000407100000000001
"531","ran531.hdr.7",-0.0003134
"531","ran531.hdr.70",0.00029028
"531","ran531.hdr.71",-0.0012192
"531","ran531.hdr.72",-0.003339
"531","ran531.hdr.73",-0.000496399999999999
"531","ran531.hdr.74",-0.000607819999999999
"531","ran531.hdr.75",-0.000218699999999999
"531","ran531.hdr.76",-0.0003888
"531","ran531.hdr.77",-0.000733480000000001
"531","ran531.hdr.78",-0.000802599999999999
"531","ran531.hdr.8",-0.00173813
"531","ran531.hdr.9",-0.0003003
"532","ran532.hdr.1",-0.00040682
"532","ran532.hdr.10",-0.00061467
"532","ran532.hdr.11",-0.00056552
"532","ran532.hdr.12",-0.0006119
"532","ran532.hdr.13",0.00017944
"532","ran532.hdr.14",-0.00017451
"532","ran532.hdr.15",-0.0000475000000000007
"532","ran532.hdr.16",-0.000506029999999999
"532","ran532.hdr.17",-0.0006841
"532","ran532.hdr.18",-0.0012923
"532","ran532.hdr.19",0.00032532
"532","ran532.hdr.2",-0.000149890000000001
"532","ran532.hdr.20",-0.000220930000000001
"532","ran532.hdr.21",-0.000727600000000002
"532","ran532.hdr.22",-0.00041587
"532","ran532.hdr.23",-0.00020244
"532","ran532.hdr.24",-0.000948300000000003
"532","ran532.hdr.25",-0.0007122
"532","ran532.hdr.26",-0.000509900000000001
"532","ran532.hdr.27",-0.000379999999999998
"532","ran532.hdr.28",-0.0002991
"532","ran532.hdr.29",-0.0006806
"532","ran532.hdr.3",-0.000221499999999999
"532","ran532.hdr.30",-0.0000987999999999996
"532","ran532.hdr.31",0.0001235
"532","ran532.hdr.32",-0.0001559
"532","ran532.hdr.33",-0.00021843
"532","ran532.hdr.34",-0.000267669999999999
"532","ran532.hdr.35",-0.00016391
"532","ran532.hdr.36",0.0000686800000000007
"532","ran532.hdr.37",-0.00019777
"532","ran532.hdr.38",-0.000420199999999999
"532","ran532.hdr.39",-0.00345372
"532","ran532.hdr.4",-0.000833500000000001
"532","ran532.hdr.40",-0.000962000000000001
"532","ran532.hdr.41",0.0000934000000000004
"532","ran532.hdr.42",-0.000136400000000002
"532","ran532.hdr.43",-0.0013244
"532","ran532.hdr.44",-0.000504299999999999
"532","ran532.hdr.45",0.00000175000000000002
"532","ran532.hdr.46",-0.00035637
"532","ran532.hdr.47",-0.000617899999999998
"532","ran532.hdr.48",-0.001986
"532","ran532.hdr.49",-0.0013524
"532","ran532.hdr.5",-0.0005974
"532","ran532.hdr.50",0.0000960000000000006
"532","ran532.hdr.51",-0.000522599999999998
"532","ran532.hdr.52",-0.000733699999999999
"532","ran532.hdr.53",-0.00011256
"532","ran532.hdr.54",0.0001321
"532","ran532.hdr.55",-0.0000979000000000015
"532","ran532.hdr.56",-0.0006887
"532","ran532.hdr.57",-0.0012528
"532","ran532.hdr.58",-0.000749
"532","ran532.hdr.59",-0.000764300000000002
"532","ran532.hdr.6",-0.0013747
"532","ran532.hdr.60",-0.00025008
"532","ran532.hdr.61",0.0000326900000000001
"532","ran532.hdr.62",-0.00111662
"532","ran532.hdr.63",0.00000599999999999906
"532","ran532.hdr.64",-0.000796399999999999
"532","ran532.hdr.65",-0.0040008
"532","ran532.hdr.67",0.000107299999999999
"532","ran532.hdr.68",0.0003119
"532","ran532.hdr.69",-0.0016226
"532","ran532.hdr.7",-0.0032486
"532","ran532.hdr.70",0.000051197
"532","ran532.hdr.71",-0.000103800000000001
"532","ran532.hdr.72",-0.0008821
"532","ran532.hdr.73",0.000305700000000001
"532","ran532.hdr.74",-0.0000595999999999999
"532","ran532.hdr.75",-0.0002393
"532","ran532.hdr.76",-0.000535300000000002
"532","ran532.hdr.77",-0.00288578
"532","ran532.hdr.78",-0.0064447
"532","ran532.hdr.8",-0.0037929
"532","ran532.hdr.9",-0.0028274
"533","ran533.hdr.1",-0.00040682
"533","ran533.hdr.10",-0.000457879999999999
"533","ran533.hdr.11",-0.0001779
"533","ran533.hdr.12",-0.000291369999999999
"533","ran533.hdr.13",-0.000257799999999999
"533","ran533.hdr.14",-0.0016211
"533","ran533.hdr.15",-0.0023332
"533","ran533.hdr.16",-0.0014586
"533","ran533.hdr.17",-0.000556399999999999
"533","ran533.hdr.18",-0.0000777700000000004
"533","ran533.hdr.19",-0.0006335
"533","ran533.hdr.2",-0.0010315
"533","ran533.hdr.20",-0.000464099999999999
"533","ran533.hdr.21",-0.00045666
"533","ran533.hdr.22",-0.000875799999999999
"533","ran533.hdr.23",-0.0014502
"533","ran533.hdr.24",-0.001081
"533","ran533.hdr.25",-0.0001159
"533","ran533.hdr.26",-0.0006827
"533","ran533.hdr.27",-0.001142
"533","ran533.hdr.28",-0.001022
"533","ran533.hdr.29",-0.000803359999999999
"533","ran533.hdr.3",-0.000708700000000001
"533","ran533.hdr.30",-0.000394099999999998
"533","ran533.hdr.31",0.0000377199999999998
"533","ran533.hdr.32",-0.0003937
"533","ran533.hdr.33",-0.0001434
"533","ran533.hdr.34",-0.000189699999999999
"533","ran533.hdr.35",-0.00019346
"533","ran533.hdr.36",-0.00011256
"533","ran533.hdr.37",-0.0022656
"533","ran533.hdr.38",-0.000710199999999999
"533","ran533.hdr.39",0.000947
"533","ran533.hdr.4",-0.0033457
"533","ran533.hdr.40",-0.00074314
"533","ran533.hdr.41",-0.00021661
"533","ran533.hdr.42",-0.000231500000000003
"533","ran533.hdr.43",-0.0001647
"533","ran533.hdr.44",-0.0016606
"533","ran533.hdr.45",-0.00055
"533","ran533.hdr.46",0.00028793
"533","ran533.hdr.47",-0.00013274
"533","ran533.hdr.48",-0.00035154
"533","ran533.hdr.49",-0.000624599999999999
"533","ran533.hdr.5",-0.0020392
"533","ran533.hdr.52",0.0003167
"533","ran533.hdr.53",-0.000162300000000001
"533","ran533.hdr.54",-0.0043657
"533","ran533.hdr.55",-0.000602269999999999
"533","ran533.hdr.56",-0.00039517
"533","ran533.hdr.57",-0.0015428
"533","ran533.hdr.58",-0.00084326
"533","ran533.hdr.59",0.00024384
"533","ran533.hdr.6",-0.0031124
"533","ran533.hdr.60",-0.0021686
"533","ran533.hdr.61",-0.000735300000000001
"533","ran533.hdr.62",0.000190600000000003
"533","ran533.hdr.63",-0.0013776
"533","ran533.hdr.64",-0.0003709
"533","ran533.hdr.65",-0.0015961
"533","ran533.hdr.66",-0.000239799999999998
"533","ran533.hdr.67",-0.0013204
"533","ran533.hdr.68",-0.0000134000000000002
"533","ran533.hdr.69",-0.00006251
"533","ran533.hdr.7",0.000201669999999999
"533","ran533.hdr.70",-0.0010284
"533","ran533.hdr.71",-0.000333699999999999
"533","ran533.hdr.72",-0.000590700000000003
"533","ran533.hdr.73",-0.0004913
"533","ran533.hdr.74",-0.000766199999999998
"533","ran533.hdr.75",-0.000413
"533","ran533.hdr.76",-0.0057067
"533","ran533.hdr.77",0.00034
"533","ran533.hdr.78",-0.000584000000000001
"533","ran533.hdr.8",-0.0003155
"533","ran533.hdr.9",0.000277599999999999
"534","ran534.hdr.1",-0.000739499999999999
"534","ran534.hdr.10",-0.0000281999999999991
"534","ran534.hdr.11",-0.0000204900000000002
"534","ran534.hdr.12",-0.00018093
"534","ran534.hdr.13",-0.00029445
"534","ran534.hdr.14",0.000209899999999999
"534","ran534.hdr.15",-0.0000885999999999977
"534","ran534.hdr.16",0.000152999999999999
"534","ran534.hdr.17",-0.000410499999999999
"534","ran534.hdr.18",-0.0012838
"534","ran534.hdr.19",-0.000379999999999998
"534","ran534.hdr.2",-0.0012446
"534","ran534.hdr.20",-0.0006201
"534","ran534.hdr.21",0.0004784
"534","ran534.hdr.22",-0.000277900000000001
"534","ran534.hdr.23",-0.002522
"534","ran534.hdr.24",-0.00019303
"534","ran534.hdr.25",-0.000507499999999999
"534","ran534.hdr.26",-0.0008652
"534","ran534.hdr.27",-0.000875799999999999
"534","ran534.hdr.28",-0.0011573
"534","ran534.hdr.29",-0.000758200000000001
"534","ran534.hdr.3",-0.0019788
"534","ran534.hdr.30",-0.000140850000000001
"534","ran534.hdr.31",-0.000557099999999998
"534","ran534.hdr.32",-0.0001545
"534","ran534.hdr.33",-0.001022
"534","ran534.hdr.34",-0.000247900000000001
"534","ran534.hdr.35",-0.0014927
"534","ran534.hdr.36",-0.00037394
"534","ran534.hdr.37",-0.0014511
"534","ran534.hdr.38",-0.0076935
"534","ran534.hdr.39",-0.000743199999999999
"534","ran534.hdr.4",-0.0000395000000000013
"534","ran534.hdr.40",-0.000226
"534","ran534.hdr.41",-0.000713800000000001
"534","ran534.hdr.42",-0.000231500000000003
"534","ran534.hdr.43",-0.0009494
"534","ran534.hdr.44",-0.0016179
"534","ran534.hdr.45",-0.00057659
"534","ran534.hdr.46",-0.0011708
"534","ran534.hdr.47",-0.000796399999999999
"534","ran534.hdr.49",-0.0034825
"534","ran534.hdr.5",-0.0003134
"534","ran534.hdr.50",0.000622599999999999
"534","ran534.hdr.51",-0.0000835000000000002
"534","ran534.hdr.52",0.000244869999999999
"534","ran534.hdr.53",-0.0003461
"534","ran534.hdr.54",0.0000862499999999995
"534","ran534.hdr.55",-0.0000829000000000003
"534","ran534.hdr.56",-0.000738799999999998
"534","ran534.hdr.57",-0.000581100000000001
"534","ran534.hdr.58",-0.000914999999999999
"534","ran534.hdr.59",0.00016178
"534","ran534.hdr.6",-0.0001204
"534","ran534.hdr.60",-0.0010671
"534","ran534.hdr.61",-0.0016696
"534","ran534.hdr.62",0.0001822
"534","ran534.hdr.63",-0.0003354
"534","ran534.hdr.64",-0.000228
"534","ran534.hdr.65",-0.0003088
"534","ran534.hdr.66",0.00066373
"534","ran534.hdr.67",-0.0002956
"534","ran534.hdr.68",-0.0000595999999999999
"534","ran534.hdr.69",-0.0011457
"534","ran534.hdr.7",-0.000321109999999999
"534","ran534.hdr.70",-0.0017992
"534","ran534.hdr.71",-0.0011974
"534","ran534.hdr.72",-0.000766199999999998
"534","ran534.hdr.73",-0.0015886
"534","ran534.hdr.74",-0.0010537
"534","ran534.hdr.75",-0.0046933
"534","ran534.hdr.76",-0.000733480000000001
"534","ran534.hdr.77",-0.000477720000000001
"534","ran534.hdr.78",-0.0015052
"534","ran534.hdr.8",-0.000215165
"534","ran534.hdr.9",-0.000507199999999999
"535","ran535.hdr.1",-0.000220599999999998
"535","ran535.hdr.10",-0.0013379
"535","ran535.hdr.11",-0.000571100000000001
"535","ran535.hdr.12",-0.00046459
"535","ran535.hdr.13",-0.0000787700000000001
"535","ran535.hdr.14",-0.000428030000000001
"535","ran535.hdr.15",-0.00012632
"535","ran535.hdr.16",-0.0011382
"535","ran535.hdr.17",-0.00006411
"535","ran535.hdr.18",-0.000824699999999999
"535","ran535.hdr.19",-0.0000885999999999977
"535","ran535.hdr.2",0.0001642
"535","ran535.hdr.20",-0.000327600000000001
"535","ran535.hdr.21",-0.0003742
"535","ran535.hdr.22",0.000174039999999999
"535","ran535.hdr.23",-0.000350699999999999
"535","ran535.hdr.24",-0.0004314
"535","ran535.hdr.25",-0.0010173
"535","ran535.hdr.26",-0.00158129
"535","ran535.hdr.27",-0.000771500000000001
"535","ran535.hdr.28",-0.0004899
"535","ran535.hdr.29",-0.0045505
"535","ran535.hdr.3",-0.002469
"535","ran535.hdr.30",-0.00026931
"535","ran535.hdr.31",0.0001919
"535","ran535.hdr.32",-0.00053928
"535","ran535.hdr.33",-0.00022865
"535","ran535.hdr.34",-0.00029017
"535","ran535.hdr.35",-0.00000733999999999978
"535","ran535.hdr.36",-0.00031339
"535","ran535.hdr.37",-0.0000663
"535","ran535.hdr.38",-0.0010093
"535","ran535.hdr.39",-0.00510713
"535","ran535.hdr.4",0.000534730000000001
"535","ran535.hdr.40",-0.0010666
"535","ran535.hdr.41",0.0000378299999999991
"535","ran535.hdr.42",-0.00020889
"535","ran535.hdr.43",-0.0006558
"535","ran535.hdr.44",-0.00035637
"535","ran535.hdr.45",-0.0011
"535","ran535.hdr.46",-0.00013712
"535","ran535.hdr.47",-0.0034509
"535","ran535.hdr.48",-0.0098876
"535","ran535.hdr.49",-0.00077238
"535","ran535.hdr.5",-0.0001004
"535","ran535.hdr.50",-0.0000328000000000004
"535","ran535.hdr.51",-0.000390110000000001
"535","ran535.hdr.52",0.00013718
"535","ran535.hdr.53",-0.000167800000000001
"535","ran535.hdr.54",-0.000510450000000001
"535","ran535.hdr.55",-0.000568100000000002
"535","ran535.hdr.56",-0.00073559
"535","ran535.hdr.57",-0.000268079999999999
"535","ran535.hdr.59",-0.0001099
"535","ran535.hdr.6",-0.00034287
"535","ran535.hdr.60",0.000161000000000001
"535","ran535.hdr.61",-0.0015743
"535","ran535.hdr.62",-0.0000272999999999975
"535","ran535.hdr.63",-0.000775500000000002
"535","ran535.hdr.64",0.0000727999999999996
"535","ran535.hdr.65",-0.0011074
"535","ran535.hdr.66",-0.000164200000000001
"535","ran535.hdr.67",0.0000888
"535","ran535.hdr.68",-0.0037906
"535","ran535.hdr.69",-0.000134699999999998
"535","ran535.hdr.7",-0.01685291
"535","ran535.hdr.70",-0.00006251
"535","ran535.hdr.71",-0.000603300000000001
"535","ran535.hdr.72",-0.0003493
"535","ran535.hdr.73",-0.000228699999999998
"535","ran535.hdr.74",-0.000825300000000001
"535","ran535.hdr.75",-0.000809499999999998
"535","ran535.hdr.76",-0.0003706
"535","ran535.hdr.77",-0.00083164
"535","ran535.hdr.78",-0.0010139
"535","ran535.hdr.8",-0.0056027
"535","ran535.hdr.9",-0.00013959
"536","ran536.hdr.1",-0.000870900000000001
"536","ran536.hdr.10",-0.00021846
"536","ran536.hdr.11",0.00029077
"536","ran536.hdr.12",-0.000714099999999999
"536","ran536.hdr.13",-0.000554099999999998
"536","ran536.hdr.14",-0.000351200000000001
"536","ran536.hdr.15",-0.00021029
"536","ran536.hdr.16",-0.000168399999999999
"536","ran536.hdr.17",-0.000431160000000002
"536","ran536.hdr.18",0.0000675200000000006
"536","ran536.hdr.19",-0.00049628
"536","ran536.hdr.2",-0.000591300000000003
"536","ran536.hdr.20",-0.000287399999999998
"536","ran536.hdr.21",-0.0007122
"536","ran536.hdr.22",-0.000846999999999997
"536","ran536.hdr.23",-0.000554499999999999
"536","ran536.hdr.24",-0.0014492
"536","ran536.hdr.25",-0.000747600000000001
"536","ran536.hdr.26",-0.001076
"536","ran536.hdr.27",-0.002522
"536","ran536.hdr.28",-0.000336700000000001
"536","ran536.hdr.29",-0.000207189999999999
"536","ran536.hdr.3",-0.000637000000000002
"536","ran536.hdr.30",0.000235740000000001
"536","ran536.hdr.31",-0.00019303
"536","ran536.hdr.32",-0.0001338
"536","ran536.hdr.33",-0.00010012
"536","ran536.hdr.34",-0.0009151
"536","ran536.hdr.35",-0.0019854
"536","ran536.hdr.36",0.0000979999999999991
"536","ran536.hdr.37",-0.0001826
"536","ran536.hdr.38",-0.00073436
"536","ran536.hdr.39",-0.000617899999999998
"536","ran536.hdr.4",-0.0011965
"536","ran536.hdr.40",-0.000643399999999999
"536","ran536.hdr.41",-0.0013898
"536","ran536.hdr.42",-0.0001434
"536","ran536.hdr.43",-0.0000150000000000011
"536","ran536.hdr.44",-0.000717699999999998
"536","ran536.hdr.45",-0.000206689999999999
"536","ran536.hdr.46",-0.000917300000000001
"536","ran536.hdr.47",0.000161699999999999
"536","ran536.hdr.48",-0.0004434
"536","ran536.hdr.49",0.0000662000000000006
"536","ran536.hdr.5",-0.000609100000000001
"536","ran536.hdr.50",-0.0000128000000000003
"536","ran536.hdr.51",0.0000892000000000011
"536","ran536.hdr.52",-0.00000750000000000056
"536","ran536.hdr.53",-0.0014393
"536","ran536.hdr.54",-0.0002716
"536","ran536.hdr.55",-0.000932299999999999
"536","ran536.hdr.56",0.000090208
"536","ran536.hdr.57",-0.000102700000000001
"536","ran536.hdr.58",-0.00023539
"536","ran536.hdr.59",-0.0011376
"536","ran536.hdr.6",-0.000365899999999999
"536","ran536.hdr.60",-0.0010234
"536","ran536.hdr.61",-0.0001002
"536","ran536.hdr.62",-0.000083200000000002
"536","ran536.hdr.63",-0.0013065
"536","ran536.hdr.64",0.000053000000000001
"536","ran536.hdr.65",-0.000110100000000002
"536","ran536.hdr.66",-0.000154400000000002
"536","ran536.hdr.67",-0.0000736999999999995
"536","ran536.hdr.68",0.0000348000000000015
"536","ran536.hdr.69",-0.000870200000000002
"536","ran536.hdr.7",-0.00173813
"536","ran536.hdr.70",-0.00179129
"536","ran536.hdr.71",-0.000754080000000001
"536","ran536.hdr.72",-0.000428600000000001
"536","ran536.hdr.73",-0.000333699999999999
"536","ran536.hdr.74",-0.000584000000000001
"536","ran536.hdr.75",-0.0032753
"536","ran536.hdr.76",-0.00080927
"536","ran536.hdr.77",-0.000314699999999999
"536","ran536.hdr.78",-0.0016978
"536","ran536.hdr.8",0.0000789059999999999
"536","ran536.hdr.9",-0.00037472
"537","ran537.hdr.1",-0.00020446
"537","ran537.hdr.10",-0.00037651
"537","ran537.hdr.11",-0.00030367
"537","ran537.hdr.12",0.0006018
"537","ran537.hdr.13",0.00015742
"537","ran537.hdr.14",-0.0000175000000000002
"537","ran537.hdr.15",0.000219400000000002
"537","ran537.hdr.16",-0.0008602
"537","ran537.hdr.17",-0.0001083
"537","ran537.hdr.18",-0.000759000000000001
"537","ran537.hdr.19",0.000226199999999999
"537","ran537.hdr.2",-0.000870900000000001
"537","ran537.hdr.20",-0.0021231
"537","ran537.hdr.21",-0.0012522
"537","ran537.hdr.22",0.00022321
"537","ran537.hdr.23",-0.00141581
"537","ran537.hdr.24",-0.000285000000000001
"537","ran537.hdr.25",-0.000189700000000001
"537","ran537.hdr.26",-0.0005877
"537","ran537.hdr.27",-0.000253900000000001
"537","ran537.hdr.28",-0.000712399999999998
"537","ran537.hdr.29",-0.01715588
"537","ran537.hdr.3",-0.0025737
"537","ran537.hdr.30",-0.001677
"537","ran537.hdr.31",-0.0050666
"537","ran537.hdr.32",0.000205900000000002
"537","ran537.hdr.33",-0.000557099999999998
"537","ran537.hdr.34",-0.000468900000000001
"537","ran537.hdr.35",-0.0003861
"537","ran537.hdr.36",-0.0024974
"537","ran537.hdr.37",0.000022900000000001
"537","ran537.hdr.38",-0.00020889
"537","ran537.hdr.39",-0.0000899999999999998
"537","ran537.hdr.4",-0.0008068
"537","ran537.hdr.40",-0.000830000000000001
"537","ran537.hdr.41",-0.0014927
"537","ran537.hdr.42",-0.0033751
"537","ran537.hdr.43",-0.0011914
"537","ran537.hdr.44",-0.000317100000000001
"537","ran537.hdr.45",-0.000023311
"537","ran537.hdr.46",-0.0027946
"537","ran537.hdr.47",-0.00071791
"537","ran537.hdr.48",-0.000408800000000001
"537","ran537.hdr.49",-0.000464200000000001
"537","ran537.hdr.5",-0.000105399999999999
"537","ran537.hdr.50",-0.0014471
"537","ran537.hdr.51",-0.0011337
"537","ran537.hdr.52",0.0000530699999999997
"537","ran537.hdr.53",-0.0070655
"537","ran537.hdr.54",-0.0000658999999999989
"537","ran537.hdr.55",-0.00074359
"537","ran537.hdr.56",0.00042673
"537","ran537.hdr.57",-0.0003331
"537","ran537.hdr.58",-0.0007899
"537","ran537.hdr.59",0.0000303000000000005
"537","ran537.hdr.6",0.00010952
"537","ran537.hdr.60",-0.0021686
"537","ran537.hdr.61",-0.0013776
"537","ran537.hdr.62",-0.0012548
"537","ran537.hdr.63",-0.000480499999999998
"537","ran537.hdr.64",-0.000738799999999998
"537","ran537.hdr.65",-0.000348800000000002
"537","ran537.hdr.66",-0.0016152
"537","ran537.hdr.67",-0.0027675
"537","ran537.hdr.68",0.0000502999999999997
"537","ran537.hdr.69",-0.000356599999999999
"537","ran537.hdr.7",-0.0004092
"537","ran537.hdr.70",-0.0021688
"537","ran537.hdr.71",-0.0010073
"537","ran537.hdr.72",0.00049861
"537","ran537.hdr.73",-0.0003088
"537","ran537.hdr.74",0.00018988
"537","ran537.hdr.75",-0.000388300000000001
"537","ran537.hdr.76",-0.00030461
"537","ran537.hdr.77",-0.0002688
"537","ran537.hdr.78",-0.0035566
"537","ran537.hdr.8",-0.0006677
"537","ran537.hdr.9",-0.0000844999999999995
"538","ran538.hdr.1",-0.0014416
"538","ran538.hdr.10",-0.0011382
"538","ran538.hdr.11",-0.000679800000000001
"538","ran538.hdr.12",-0.0006677
"538","ran538.hdr.13",-0.00011379
"538","ran538.hdr.14",-0.00026544
"538","ran538.hdr.15",-0.0000160999999999998
"538","ran538.hdr.16",-0.0000269599999999999
"538","ran538.hdr.17",-0.000419700000000002
"538","ran538.hdr.18",-0.0019612
"538","ran538.hdr.19",-0.0010476
"538","ran538.hdr.2",-0.000430400000000001
"538","ran538.hdr.20",-0.0010439
"538","ran538.hdr.21",0.0002343
"538","ran538.hdr.22",-0.000686199999999998
"538","ran538.hdr.23",-0.000214800000000001
"538","ran538.hdr.24",-0.000435399999999999
"538","ran538.hdr.25",0.0000334200000000002
"538","ran538.hdr.26",-0.0014492
"538","ran538.hdr.27",0.000162000000000001
"538","ran538.hdr.28",-0.000327499999999998
"538","ran538.hdr.29",-0.000429799999999999
"538","ran538.hdr.3",-0.0028274
"538","ran538.hdr.30",-0.0000016937
"538","ran538.hdr.31",-0.000714700000000002
"538","ran538.hdr.32",-0.0005877
"538","ran538.hdr.33",-0.00035023
"538","ran538.hdr.34",-0.000453249999999999
"538","ran538.hdr.35",-0.000306500000000001
"538","ran538.hdr.36",-0.000745100000000002
"538","ran538.hdr.37",-0.000962000000000001
"538","ran538.hdr.38",-0.00620406
"538","ran538.hdr.39",-0.000687
"538","ran538.hdr.4",-0.00476
"538","ran538.hdr.40",-0.000627829999999999
"538","ran538.hdr.41",-0.000944
"538","ran538.hdr.42",-0.000152899999999999
"538","ran538.hdr.43",-0.000135
"538","ran538.hdr.44",-0.0012954
"538","ran538.hdr.45",-0.0002167
"538","ran538.hdr.46",-0.000565699999999999
"538","ran538.hdr.47",-0.000306899999999999
"538","ran538.hdr.48",-0.000404300000000002
"538","ran538.hdr.49",-0.000846200000000002
"538","ran538.hdr.5",-0.0003134
"538","ran538.hdr.50",-0.0041082
"538","ran538.hdr.51",-0.0076935
"538","ran538.hdr.52",-0.0000280200000000001
"538","ran538.hdr.53",-0.0015911
"538","ran538.hdr.54",-0.0020349
"538","ran538.hdr.55",-0.00038213
"538","ran538.hdr.56",-0.0000335399999999999
"538","ran538.hdr.57",-0.0010313
"538","ran538.hdr.58",-0.00047522
"538","ran538.hdr.59",-0.000413300000000002
"538","ran538.hdr.6",-0.0005591
"538","ran538.hdr.60",-0.00073559
"538","ran538.hdr.61",0.00015877
"538","ran538.hdr.62",-0.000313409999999999
"538","ran538.hdr.63",-0.0002454
"538","ran538.hdr.64",-0.000658
"538","ran538.hdr.65",-0.01072144
"538","ran538.hdr.66",-0.00024239
"538","ran538.hdr.67",-0.000221499999999999
"538","ran538.hdr.68",-0.000194100000000003
"538","ran538.hdr.69",-0.0012721
"538","ran538.hdr.7",0.000146980000000001
"538","ran538.hdr.70",-0.0014307
"538","ran538.hdr.71",-0.000401100000000001
"538","ran538.hdr.72",-0.0004326
"538","ran538.hdr.73",-0.0016673
"538","ran538.hdr.74",-0.0011097
"538","ran538.hdr.75",-0.0053353
"538","ran538.hdr.76",-0.0006002
"538","ran538.hdr.77",-0.0015057
"538","ran538.hdr.78",-0.000507599999999999
"538","ran538.hdr.8",0.0000905869999999999
"538","ran538.hdr.9",0.0000613000000000002
"539","ran539.hdr.1",-0.0000914000000000002
"539","ran539.hdr.10",-0.0011382
"539","ran539.hdr.11",-0.0000117999999999993
"539","ran539.hdr.12",-0.00036517
"539","ran539.hdr.13",-0.0000661700000000008
"539","ran539.hdr.14",-0.0002471
"539","ran539.hdr.15",-0.00006532
"539","ran539.hdr.16",-0.000587000000000001
"539","ran539.hdr.17",-0.000473100000000001
"539","ran539.hdr.18",-0.000410499999999999
"539","ran539.hdr.19",-0.000727600000000002
"539","ran539.hdr.2",-0.000573799999999999
"539","ran539.hdr.20",-0.00035428
"539","ran539.hdr.21",-0.0007279
"539","ran539.hdr.22",-0.0010736
"539","ran539.hdr.23",-0.0001248
"539","ran539.hdr.24",-0.000823000000000001
"539","ran539.hdr.25",-0.0067609
"539","ran539.hdr.26",0.000126320000000001
"539","ran539.hdr.27",-0.000714700000000002
"539","ran539.hdr.28",0.0000809800000000013
"539","ran539.hdr.29",-0.000397399999999999
"539","ran539.hdr.3",-0.0011071
"539","ran539.hdr.30",-0.000297
"539","ran539.hdr.31",-0.0029827
"539","ran539.hdr.32",-0.0000696199999999994
"539","ran539.hdr.33",-0.0024831
"539","ran539.hdr.34",-0.000729500000000001
"539","ran539.hdr.35",-0.000687
"539","ran539.hdr.36",-0.000327900000000001
"539","ran539.hdr.37",-0.000399060000000001
"539","ran539.hdr.38",-0.000565699999999999
"539","ran539.hdr.39",-0.0013738
"539","ran539.hdr.4",-0.0045035
"539","ran539.hdr.40",-0.0000333999999999994
"539","ran539.hdr.41",-0.0016596
"539","ran539.hdr.42",-0.0003967
"539","ran539.hdr.43",-0.000230900000000003
"539","ran539.hdr.44",0.00002906
"539","ran539.hdr.45",-0.000207300000000001
"539","ran539.hdr.46",-0.00057312
"539","ran539.hdr.47",0.0000792999999999992
"539","ran539.hdr.48",-0.0046402
"539","ran539.hdr.49",-0.0005226
"539","ran539.hdr.5",-0.00093515
"539","ran539.hdr.50",-0.00031891
"539","ran539.hdr.51",-0.00045368
"539","ran539.hdr.52",-0.000456100000000001
"539","ran539.hdr.53",-0.000070321
"539","ran539.hdr.54",-0.00048754
"539","ran539.hdr.55",-0.000193329999999999
"539","ran539.hdr.56",-0.00050929
"539","ran539.hdr.57",-0.000392199999999999
"539","ran539.hdr.58",-0.00023275
"539","ran539.hdr.59",-0.000658
"539","ran539.hdr.6",0.00010593
"539","ran539.hdr.60",-0.0015743
"539","ran539.hdr.61",-0.000290100000000001
"539","ran539.hdr.62",-0.0010529
"539","ran539.hdr.63",-0.0107924
"539","ran539.hdr.64",-0.000377200000000001
"539","ran539.hdr.65",-0.00024239
"539","ran539.hdr.66",-0.00104738
"539","ran539.hdr.67",-0.0016226
"539","ran539.hdr.68",-0.0011783
"539","ran539.hdr.69",-0.0005679
"539","ran539.hdr.7",-0.000032131
"539","ran539.hdr.70",-0.0011074
"539","ran539.hdr.71",-0.0010621
"539","ran539.hdr.72",-0.0009037
"539","ran539.hdr.73",-0.0013741
"539","ran539.hdr.74",-0.0005561
"539","ran539.hdr.75",-0.000126299999999999
"539","ran539.hdr.76",-0.00083164
"539","ran539.hdr.77",-0.000578
"539","ran539.hdr.78",-0.0032753
"539","ran539.hdr.8",0.00027519
"539","ran539.hdr.9",-0.00020486
"540","ran540.hdr.1",-0.0011965
"540","ran540.hdr.10",0.000283200000000001
"540","ran540.hdr.11",-0.0000232874
"540","ran540.hdr.12",0.000188412
"540","ran540.hdr.13",-0.0013508
"540","ran540.hdr.14",0.0001315
"540","ran540.hdr.15",-0.000473100000000001
"540","ran540.hdr.16",-0.000506100000000002
"540","ran540.hdr.17",-0.0000348000000000015
"540","ran540.hdr.18",-0.0013895
"540","ran540.hdr.19",-0.000286719999999999
"540","ran540.hdr.2",-0.0054532
"540","ran540.hdr.20",-0.0001248
"540","ran540.hdr.21",0.0000070999999999999
"540","ran540.hdr.22",-0.0000786399999999996
"540","ran540.hdr.23",0.0000100699999999992
"540","ran540.hdr.24",-0.0004121
"540","ran540.hdr.25",-0.0006158
"540","ran540.hdr.26",-0.00014837
"540","ran540.hdr.27",-0.0006008
"540","ran540.hdr.28",-0.00018774
"540","ran540.hdr.29",-0.00032424
"540","ran540.hdr.3",-0.0007992
"540","ran540.hdr.30",-0.000143009999999999
"540","ran540.hdr.31",-0.00031339
"540","ran540.hdr.32",-0.000420199999999999
"540","ran540.hdr.33",-0.00069205
"540","ran540.hdr.34",0.000205500000000001
"540","ran540.hdr.35",-0.0002793
"540","ran540.hdr.36",-0.001677
"540","ran540.hdr.37",0.0000461999999999997
"540","ran540.hdr.38",0.0006868
"540","ran540.hdr.39",-0.000883700000000001
"540","ran540.hdr.4",-0.0020999
"540","ran540.hdr.40",-0.000327900000000001
"540","ran540.hdr.41",-0.0010094
"540","ran540.hdr.42",-0.000152899999999999
"540","ran540.hdr.43",-0.0001264
"540","ran540.hdr.44",-0.000463499999999999
"540","ran540.hdr.45",-0.0017019
"540","ran540.hdr.46",-0.00002191
"540","ran540.hdr.47",-0.000543500000000001
"540","ran540.hdr.48",-0.000870699999999999
"540","ran540.hdr.49",-0.000569200000000002
"540","ran540.hdr.5",-0.00476
"540","ran540.hdr.50",-0.0005929
"540","ran540.hdr.51",-0.0000781000000000011
"540","ran540.hdr.52",-0.00077464
"540","ran540.hdr.53",-0.00074359
"540","ran540.hdr.54",-0.000000799999999999586
"540","ran540.hdr.55",-0.00025195
"540","ran540.hdr.56",-0.00035154
"540","ran540.hdr.57",0.00001404374
"540","ran540.hdr.58",-0.000964599999999999
"540","ran540.hdr.59",-0.000556319999999999
"540","ran540.hdr.6",-0.000571100000000001
"540","ran540.hdr.60",0.000018042
"540","ran540.hdr.61",-0.000296940000000001
"540","ran540.hdr.62",-0.00104738
"540","ran540.hdr.63",-0.0016226
"540","ran540.hdr.64",-0.000404369999999999
"540","ran540.hdr.65",-0.000889800000000001
"540","ran540.hdr.66",-0.0012453
"540","ran540.hdr.67",-0.00203165
"540","ran540.hdr.68",-0.000949499999999999
"540","ran540.hdr.69",-0.0004732
"540","ran540.hdr.7",-0.00033059
"540","ran540.hdr.70",-0.000890599999999998
"540","ran540.hdr.71",-0.000955899999999999
"540","ran540.hdr.72",0.000452099999999999
"540","ran540.hdr.73",-0.000126299999999999
"540","ran540.hdr.74",-0.00031406
"540","ran540.hdr.75",-0.0003368
"540","ran540.hdr.76",-0.0015872
"540","ran540.hdr.77",-0.0018985
"540","ran540.hdr.78",-0.0011631
"540","ran540.hdr.8",-0.00047386
"540","ran540.hdr.9",-0.000414600000000001
"541","ran541.hdr.1",-0.0000346800000000005
"541","ran541.hdr.10",-0.0006119
"541","ran541.hdr.11",-0.000223299999999999
"541","ran541.hdr.12",0.000524700000000001
"541","ran541.hdr.13",-0.0003155
"541","ran541.hdr.14",-0.00154022
"541","ran541.hdr.15",-0.000534900000000001
"541","ran541.hdr.16",-0.00053636
"541","ran541.hdr.17",-0.000434459999999999
"541","ran541.hdr.18",-0.000266260000000001
"541","ran541.hdr.19",-0.00085353
"541","ran541.hdr.2",-0.000149890000000001
"541","ran541.hdr.20",-0.0000177399999999987
"541","ran541.hdr.21",-0.00050998
"541","ran541.hdr.22",-0.000516000000000001
"541","ran541.hdr.23",-0.00030432
"541","ran541.hdr.24",-0.0013259
"541","ran541.hdr.25",-0.000948300000000003
"541","ran541.hdr.26",0.000034300000000001
"541","ran541.hdr.27",-0.00043339
"541","ran541.hdr.28",-0.0017045
"541","ran541.hdr.29",-0.0005666
"541","ran541.hdr.3",-0.0019788
"541","ran541.hdr.30",-0.0001723
"541","ran541.hdr.31",0.00013487
"541","ran541.hdr.32",0.0001034
"541","ran541.hdr.33",-0.00015958
"541","ran541.hdr.34",-0.0006158
"541","ran541.hdr.35",-0.00055319
"541","ran541.hdr.36",-0.0011926
"541","ran541.hdr.37",-0.0000828099999999991
"541","ran541.hdr.38",-0.0013929
"541","ran541.hdr.39",-0.0002793
"541","ran541.hdr.4",0.0008661
"541","ran541.hdr.40",-0.00000106999999999972
"541","ran541.hdr.41",-0.00198339
"541","ran541.hdr.42",-0.0019144
"541","ran541.hdr.43",-0.0007116
"541","ran541.hdr.44",-0.0017019
"541","ran541.hdr.45",-0.0011
"541","ran541.hdr.46",-0.002171
"541","ran541.hdr.47",-0.0005363
"541","ran541.hdr.48",-0.0016596
"541","ran541.hdr.49",-0.000449600000000001
"541","ran541.hdr.5",-0.0048415
"541","ran541.hdr.50",-0.0028342
"541","ran541.hdr.51",0.00066033
"541","ran541.hdr.52",-0.0027946
"541","ran541.hdr.53",-0.0002082
"541","ran541.hdr.54",-0.0000328000000000004
"541","ran541.hdr.55",-0.000837099999999999
"541","ran541.hdr.56",-0.00037555
"541","ran541.hdr.57",0.000358000000000001
"541","ran541.hdr.58",-0.000111535
"541","ran541.hdr.6",0.000251399999999999
"541","ran541.hdr.60",-0.000102700000000001
"541","ran541.hdr.61",-0.000268299999999999
"541","ran541.hdr.62",-0.000163490000000001
"541","ran541.hdr.63",-0.0005466
"541","ran541.hdr.64",0.0000854000000000028
"541","ran541.hdr.65",-0.0016226
"541","ran541.hdr.66",-0.0023424
"541","ran541.hdr.67",-0.000356599999999999
"541","ran541.hdr.68",-0.000204899999999999
"541","ran541.hdr.69",-0.0044168
"541","ran541.hdr.7",-0.0061766
"541","ran541.hdr.70",-0.0006096
"541","ran541.hdr.71",0.0000502000000000002
"541","ran541.hdr.72",-0.0011354
"541","ran541.hdr.73",-0.000894099999999998
"541","ran541.hdr.74",-0.0064447
"541","ran541.hdr.75",-0.000738050000000001
"541","ran541.hdr.76",-0.0025593
"541","ran541.hdr.77",-0.0003888
"541","ran541.hdr.78",-0.0006941
"541","ran541.hdr.8",-0.0043666
"541","ran541.hdr.9",-0.00014336
"542","ran542.hdr.1",-0.0004317
"542","ran542.hdr.10",-0.000507199999999999
"542","ran542.hdr.11",-0.0004828
"542","ran542.hdr.12",-0.00038213
"542","ran542.hdr.13",-0.0000204900000000002
"542","ran542.hdr.14",-0.000539240000000002
"542","ran542.hdr.15",-0.000657
"542","ran542.hdr.16",-0.00041669
"542","ran542.hdr.17",-0.0008602
"542","ran542.hdr.18",-0.00038126
"542","ran542.hdr.19",-0.0010173
"542","ran542.hdr.2",-0.000366200000000001
"542","ran542.hdr.20",-0.0008182
"542","ran542.hdr.21",-0.000288400000000001
"542","ran542.hdr.22",-0.000110299999999999
"542","ran542.hdr.23",-0.0045794
"542","ran542.hdr.24",-0.0000480399999999992
"542","ran542.hdr.25",-0.000347700000000001
"542","ran542.hdr.26",0.0000737099999999994
"542","ran542.hdr.27",0.0000111
"542","ran542.hdr.28",-0.0010791
"542","ran542.hdr.29",0.0000134599999999999
"542","ran542.hdr.3",-0.000282899999999999
"542","ran542.hdr.30",-0.00044142
"542","ran542.hdr.31",-0.000397399999999999
"542","ran542.hdr.32",-0.002242
"542","ran542.hdr.33",-0.0010024
"542","ran542.hdr.34",-0.001081
"542","ran542.hdr.35",-0.0023487
"542","ran542.hdr.36",0.0004411
"542","ran542.hdr.37",-0.0000862999999999975
"542","ran542.hdr.38",0.0000853
"542","ran542.hdr.39",-0.00045268
"542","ran542.hdr.4",-0.000870900000000001
"542","ran542.hdr.40",-0.0004679
"542","ran542.hdr.41",-0.0014927
"542","ran542.hdr.42",-0.0021208
"542","ran542.hdr.43",-0.0000239999999999997
"542","ran542.hdr.44",0.000163300000000002
"542","ran542.hdr.45",-0.000449600000000001
"542","ran542.hdr.46",-0.0011215
"542","ran542.hdr.47",-0.000258099999999999
"542","ran542.hdr.48",0.0002565
"542","ran542.hdr.49",-0.0014471
"542","ran542.hdr.5",0.0000546000000000001
"542","ran542.hdr.50",-0.00119342
"542","ran542.hdr.51",-0.0023048
"542","ran542.hdr.52",-0.0000330999999999994
"542","ran542.hdr.53",-0.0012793
"542","ran542.hdr.54",0.00016459
"542","ran542.hdr.55",0.00023697
"542","ran542.hdr.56",-0.0011708
"542","ran542.hdr.57",0.00017218
"542","ran542.hdr.58",-0.000253400000000001
"542","ran542.hdr.59",-0.0000622399999999999
"542","ran542.hdr.6",-0.0007992
"542","ran542.hdr.60",-0.0040338
"542","ran542.hdr.61",-0.000556319999999999
"542","ran542.hdr.62",-0.000663200000000001
"542","ran542.hdr.63",-0.0001288
"542","ran542.hdr.64",-0.0044594
"542","ran542.hdr.65",-0.00039478
"542","ran542.hdr.66",-0.0011581
"542","ran542.hdr.67",-0.000188000000000001
"542","ran542.hdr.68",-0.000290670000000001
"542","ran542.hdr.69",-0.000326000000000003
"542","ran542.hdr.7",-0.0028401
"542","ran542.hdr.70",-0.00348
"542","ran542.hdr.71",0.000248199999999999
"542","ran542.hdr.72",0.0000275999999999992
"542","ran542.hdr.73",-0.0004749
"542","ran542.hdr.74",-0.0003579
"542","ran542.hdr.75",-0.0004352
"542","ran542.hdr.76",-0.0015872
"542","ran542.hdr.77",-0.0004975
"542","ran542.hdr.78",-0.0005872
"542","ran542.hdr.8",-0.00011542
"542","ran542.hdr.9",-0.0008936
"543","ran543.hdr.1",-0.0002678
"543","ran543.hdr.10",-0.0000167999999999991
"543","ran543.hdr.11",-0.000392959999999999
"543","ran543.hdr.12",-0.0002415
"543","ran543.hdr.13",0.000157600000000001
"543","ran543.hdr.14",-0.000409099999999999
"543","ran543.hdr.15",-0.000408459999999999
"543","ran543.hdr.16",-0.0004673
"543","ran543.hdr.17",-0.000785500000000001
"543","ran543.hdr.18",-0.0001826
"543","ran543.hdr.19",-0.000100910000000001
"543","ran543.hdr.2",-0.000224699999999998
"543","ran543.hdr.20",-0.0032234
"543","ran543.hdr.21",-0.000789400000000003
"543","ran543.hdr.22",-0.000193400000000002
"543","ran543.hdr.23",-0.000506100000000002
"543","ran543.hdr.24",0.0003538
"543","ran543.hdr.25",-0.0026503
"543","ran543.hdr.26",0.00011123
"543","ran543.hdr.27",0.000352
"543","ran543.hdr.28",-0.00019286
"543","ran543.hdr.29",-0.000582599999999999
"543","ran543.hdr.3",-0.0018301
"543","ran543.hdr.30",-0.00046126
"543","ran543.hdr.31",-0.00034293
"543","ran543.hdr.32",0.0000853599999999996
"543","ran543.hdr.33",0.00017261
"543","ran543.hdr.34",-0.0000640999999999992
"543","ran543.hdr.35",-0.0000956499999999999
"543","ran543.hdr.36",0.000281300000000002
"543","ran543.hdr.37",-0.0012737
"543","ran543.hdr.38",-0.00034286
"543","ran543.hdr.39",-0.000119399999999999
"543","ran543.hdr.4",-0.0013379
"543","ran543.hdr.40",-0.0031592
"543","ran543.hdr.41",-0.0050666
"543","ran543.hdr.42",-0.000709920000000001
"543","ran543.hdr.43",-0.000968999999999999
"543","ran543.hdr.44",-0.00015777
"543","ran543.hdr.45",0.000259499999999999
"543","ran543.hdr.46",-0.001986
"543","ran543.hdr.47",-0.0000248000000000002
"543","ran543.hdr.48",-0.0037192
"543","ran543.hdr.49",-0.0000485800000000003
"543","ran543.hdr.5",-0.000461899999999998
"543","ran543.hdr.50",-0.000446100000000001
"543","ran543.hdr.51",-0.0030178
"543","ran543.hdr.52",-0.000658299999999997
"543","ran543.hdr.53",-0.000717699999999998
"543","ran543.hdr.54",-0.0098876
"543","ran543.hdr.55",-0.0000560200000000004
"543","ran543.hdr.56",-0.000133000000000001
"543","ran543.hdr.57",-0.000460599999999999
"543","ran543.hdr.58",-0.000162499999999999
"543","ran543.hdr.59",-0.0001578
"543","ran543.hdr.6",-0.0012515
"543","ran543.hdr.60",-0.00048754
"543","ran543.hdr.61",-0.00073559
"543","ran543.hdr.62",-0.00016591
"543","ran543.hdr.63",-0.001222
"543","ran543.hdr.64",-0.0011481
"543","ran543.hdr.65",-0.0006847
"543","ran543.hdr.66",-0.0040765
"543","ran543.hdr.67",-0.000540200000000001
"543","ran543.hdr.68",-0.00048136
"543","ran543.hdr.69",-0.000256870000000001
"543","ran543.hdr.7",-0.000571100000000001
"543","ran543.hdr.70",-0.0000736999999999995
"543","ran543.hdr.71",-0.0007215
"543","ran543.hdr.72",-0.000328200000000001
"543","ran543.hdr.73",-0.000401100000000001
"543","ran543.hdr.74",-0.00059999
"543","ran543.hdr.75",-0.0003563
"543","ran543.hdr.76",-0.0012137
"543","ran543.hdr.77",-0.0033926
"543","ran543.hdr.78",-0.0015057
"543","ran543.hdr.8",-0.00021846
"543","ran543.hdr.9",-0.00012632
"544","ran544.hdr.1",0.000559200000000003
"544","ran544.hdr.10",-0.000124299999999999
"544","ran544.hdr.11",-0.000515700000000001
"544","ran544.hdr.12",-0.000416400000000001
"544","ran544.hdr.13",-0.00037069
"544","ran544.hdr.14",0.000152999999999999
"544","ran544.hdr.15",-0.000377500000000001
"544","ran544.hdr.16",0.000181109999999999
"544","ran544.hdr.17",-0.000464099999999999
"544","ran544.hdr.18",-0.00024082
"544","ran544.hdr.19",-0.00041873
"544","ran544.hdr.2",-0.0005816
"544","ran544.hdr.20",-0.0018846
"544","ran544.hdr.21",-0.0038148
"544","ran544.hdr.22",-0.0044356
"544","ran544.hdr.23",-0.0107692
"544","ran544.hdr.24",-0.0031592
"544","ran544.hdr.25",-0.000621
"544","ran544.hdr.26",-0.0015516
"544","ran544.hdr.27",-0.0017024
"544","ran544.hdr.28",-0.000757900000000001
"544","ran544.hdr.29",0.0000729099999999989
"544","ran544.hdr.3",0.000230070000000001
"544","ran544.hdr.30",-0.00023078
"544","ran544.hdr.31",-0.0008168
"544","ran544.hdr.32",-0.000627829999999999
"544","ran544.hdr.33",0.00013619
"544","ran544.hdr.34",-0.00026
"544","ran544.hdr.35",-0.0008214
"544","ran544.hdr.36",0.0003563
"544","ran544.hdr.37",-0.000924100000000001
"544","ran544.hdr.38",-0.00013712
"544","ran544.hdr.39",-0.0000119000000000005
"544","ran544.hdr.4",-0.000374649999999999
"544","ran544.hdr.40",-0.000499899999999998
"544","ran544.hdr.41",-0.00112666
"544","ran544.hdr.42",0.000373499999999999
"544","ran544.hdr.43",-0.000720200000000001
"544","ran544.hdr.44",-0.0071472
"544","ran544.hdr.45",-0.0024639
"544","ran544.hdr.46",-0.00017032
"544","ran544.hdr.47",-0.00057095
"544","ran544.hdr.48",-0.0010527
"544","ran544.hdr.49",-0.000209999999999998
"544","ran544.hdr.5",-0.000215165
"544","ran544.hdr.50",-0.0004577
"544","ran544.hdr.51",-0.00022462
"544","ran544.hdr.52",0.00009
"544","ran544.hdr.53",0.00006295
"544","ran544.hdr.57",-0.0005941
"544","ran544.hdr.58",-0.0018888
"544","ran544.hdr.59",-0.0006038
"544","ran544.hdr.6",-0.0016948
"544","ran544.hdr.60",-0.0011376
"544","ran544.hdr.61",-0.0009955
"544","ran544.hdr.62",-0.0084385
"544","ran544.hdr.63",0.00048652
"544","ran544.hdr.64",-0.0000692000000000002
"544","ran544.hdr.65",-0.0003826
"544","ran544.hdr.66",-0.0002325
"544","ran544.hdr.67",0.000010099999999999
"544","ran544.hdr.68",-0.0012091
"544","ran544.hdr.69",-0.000566599999999999
"544","ran544.hdr.7",-0.00039314
"544","ran544.hdr.70",-0.0000338000000000005
"544","ran544.hdr.71",0.0000832999999999997
"544","ran544.hdr.72",0.0001822
"544","ran544.hdr.73",-0.000345399999999999
"544","ran544.hdr.74",-0.000890599999999998
"544","ran544.hdr.75",-0.0011679
"544","ran544.hdr.76",-0.0006286
"544","ran544.hdr.77",-0.0016911
"544","ran544.hdr.78",-0.00030704
"544","ran544.hdr.8",-0.000413510000000001
"544","ran544.hdr.9",0.000157600000000001
"545","ran545.hdr.1",-0.000905800000000002
"545","ran545.hdr.10",-0.00020486
"545","ran545.hdr.11",-0.000405638
"545","ran545.hdr.12",-0.0004986
"545","ran545.hdr.13",-0.0011481
"545","ran545.hdr.14",-0.0010992
"545","ran545.hdr.15",-0.0000756000000000003
"545","ran545.hdr.16",-0.00102123
"545","ran545.hdr.17",-0.0005795
"545","ran545.hdr.18",-0.000404499999999999
"545","ran545.hdr.19",0.00000735000000000015
"545","ran545.hdr.2",-0.0014413
"545","ran545.hdr.20",-0.0008757
"545","ran545.hdr.21",0.000240499999999999
"545","ran545.hdr.22",-0.0000169000000000002
"545","ran545.hdr.23",-0.0008389
"545","ran545.hdr.24",-0.0002542
"545","ran545.hdr.25",-0.002522
"545","ran545.hdr.26",-0.00031138
"545","ran545.hdr.27",0.00000346999999999999
"545","ran545.hdr.28",-0.00035699
"545","ran545.hdr.29",-0.00029017
"545","ran545.hdr.3",-0.000591300000000003
"545","ran545.hdr.30",-0.000397000000000002
"545","ran545.hdr.31",-0.0012418
"545","ran545.hdr.32",-0.0010166
"545","ran545.hdr.33",-0.0011573
"545","ran545.hdr.34",-0.0035614
"545","ran545.hdr.35",-0.0010093
"545","ran545.hdr.36",-0.0013224
"545","ran545.hdr.37",-0.000803359999999999
"545","ran545.hdr.38",-0.0011052
"545","ran545.hdr.39",-0.0005789
"545","ran545.hdr.4",-0.0000461999999999997
"545","ran545.hdr.40",0.000194099999999999
"545","ran545.hdr.41",-0.0006657
"545","ran545.hdr.42",-0.000638400000000001
"545","ran545.hdr.43",0.000262999999999999
"545","ran545.hdr.44",-0.000291899999999999
"545","ran545.hdr.45",-0.00025843
"545","ran545.hdr.46",-0.000446100000000001
"545","ran545.hdr.47",-0.00000561000000000008
"545","ran545.hdr.48",-0.0000572999999999997
"545","ran545.hdr.49",-0.00011256
"545","ran545.hdr.5",-0.0006856
"545","ran545.hdr.50",0.000207200000000001
"545","ran545.hdr.51",-0.0022371
"545","ran545.hdr.52",-0.0006887
"545","ran545.hdr.53",-0.000924000000000001
"545","ran545.hdr.54",-0.000032588
"545","ran545.hdr.55",-0.0011337
"545","ran545.hdr.56",-0.0009494
"545","ran545.hdr.57",-0.0009668
"545","ran545.hdr.58",-0.00029272
"545","ran545.hdr.59",-0.00016094
"545","ran545.hdr.6",-0.000175199999999997
"545","ran545.hdr.62",-0.000658
"545","ran545.hdr.63",-0.000750500000000001
"545","ran545.hdr.64",-0.0018888
"545","ran545.hdr.65",-0.0011376
"545","ran545.hdr.66",-0.000746799999999999
"545","ran545.hdr.67",-0.00104738
"545","ran545.hdr.68",-0.000110100000000002
"545","ran545.hdr.69",0.0000879000000000001
"545","ran545.hdr.7",-0.0056785
"545","ran545.hdr.70",0.000149749999999999
"545","ran545.hdr.71",-0.00039478
"545","ran545.hdr.72",-0.0028671
"545","ran545.hdr.73",0.000127200000000001
"545","ran545.hdr.74",-0.0037745
"545","ran545.hdr.75",-0.0012827
"545","ran545.hdr.76",-0.0013547
"545","ran545.hdr.77",-0.000118658
"545","ran545.hdr.78",-0.0006976
"545","ran545.hdr.8",-0.0037447
"545","ran545.hdr.9",-0.0037708
"546","ran546.hdr.1",-0.00100715
"546","ran546.hdr.10",-0.00017739
"546","ran546.hdr.11",-0.000063007
"546","ran546.hdr.12",-0.0000411000000000005
"546","ran546.hdr.13",-0.0002307
"546","ran546.hdr.14",-0.0001052
"546","ran546.hdr.15",-0.000405638
"546","ran546.hdr.16",-0.00023018
"546","ran546.hdr.17",-0.0000692999999999996
"546","ran546.hdr.18",-0.0019612
"546","ran546.hdr.19",-0.00000119999999999981
"546","ran546.hdr.2",-0.00020446
"546","ran546.hdr.20",-0.0006205
"546","ran546.hdr.21",-0.000288400000000001
"546","ran546.hdr.22",-0.00000689999999999979
"546","ran546.hdr.23",-0.0001099
"546","ran546.hdr.24",-0.0026503
"546","ran546.hdr.25",-0.000890400000000001
"546","ran546.hdr.26",-0.000385699999999999
"546","ran546.hdr.27",-0.0008389
"546","ran546.hdr.28",-0.00022216
"546","ran546.hdr.29",-0.0003903
"546","ran546.hdr.3",-0.00036043
"546","ran546.hdr.30",-0.0000202099999999997
"546","ran546.hdr.31",-0.000346200000000001
"546","ran546.hdr.32",-0.0031592
"546","ran546.hdr.33",-0.0012989
"546","ran546.hdr.34",-0.00180704
"546","ran546.hdr.35",0.000159400000000001
"546","ran546.hdr.36",0.0000934000000000004
"546","ran546.hdr.37",-0.0010877
"546","ran546.hdr.38",-0.000975
"546","ran546.hdr.39",-0.0015749
"546","ran546.hdr.4",-0.000481700000000002
"546","ran546.hdr.40",-0.0001709
"546","ran546.hdr.41",-0.000207300000000001
"546","ran546.hdr.42",-0.000252700000000002
"546","ran546.hdr.43",-0.0000239999999999997
"546","ran546.hdr.44",-0.000569900000000002
"546","ran546.hdr.45",-0.00065478
"546","ran546.hdr.46",-0.0016063
"546","ran546.hdr.47",-0.0017191
"546","ran546.hdr.48",-0.000982800000000002
"546","ran546.hdr.49",-0.000377499999999999
"546","ran546.hdr.5",-0.0027813
"546","ran546.hdr.50",0.00044059
"546","ran546.hdr.51",-0.000879130000000001
"546","ran546.hdr.52",-0.0011486
"546","ran546.hdr.53",-0.00011554
"546","ran546.hdr.54",-0.0021164
"546","ran546.hdr.55",-0.00155443
"546","ran546.hdr.56",-0.00013274
"546","ran546.hdr.57",-0.000306300000000001
"546","ran546.hdr.58",0.0003333
"546","ran546.hdr.59",-0.00016094
"546","ran546.hdr.6",-0.0003713
"546","ran546.hdr.60",-0.00029748
"546","ran546.hdr.61",-0.000137030000000001
"546","ran546.hdr.62",-0.0000202999999999991
"546","ran546.hdr.63",-0.000551000000000001
"546","ran546.hdr.64",-0.0017637
"546","ran546.hdr.65",0.000078700000000001
"546","ran546.hdr.66",-0.00574057
"546","ran546.hdr.67",0.00036893
"546","ran546.hdr.68",-0.0035597
"546","ran546.hdr.69",-0.001507
"546","ran546.hdr.7",-0.000225299999999998
"546","ran546.hdr.70",-0.0010598
"546","ran546.hdr.71",-0.0010098
"546","ran546.hdr.72",-0.0006002
"546","ran546.hdr.73",-0.000481099999999998
"546","ran546.hdr.74",-0.000126299999999999
"546","ran546.hdr.75",-0.0005749
"546","ran546.hdr.76",-0.000806600000000001
"546","ran546.hdr.77",-0.0025593
"546","ran546.hdr.78",-0.000547499999999999
"546","ran546.hdr.8",-0.0039015
"546","ran546.hdr.9",-0.001546
"547","ran547.hdr.1",-0.0002161
"547","ran547.hdr.10",-0.00042476
"547","ran547.hdr.11",-0.00014336
"547","ran547.hdr.12",-0.0004419
"547","ran547.hdr.13",-0.0000849000000000006
"547","ran547.hdr.14",0.0000170000000000014
"547","ran547.hdr.15",-0.00129969
"547","ran547.hdr.16",-0.0007302
"547","ran547.hdr.17",-0.000935750000000001
"547","ran547.hdr.18",-0.0010476
"547","ran547.hdr.19",-0.00026376
"547","ran547.hdr.2",-0.0011152
"547","ran547.hdr.20",0.0003263
"547","ran547.hdr.21",-0.0010122
"547","ran547.hdr.22",-0.0001723
"547","ran547.hdr.23",0.000135099999999999
"547","ran547.hdr.24",-0.00291982
"547","ran547.hdr.25",-0.0000858199999999995
"547","ran547.hdr.26",0.0000111
"547","ran547.hdr.27",0.00017261
"547","ran547.hdr.28",-0.0000640999999999992
"547","ran547.hdr.29",-0.000341280000000001
"547","ran547.hdr.3",-0.00020446
"547","ran547.hdr.30",0.0000741100000000005
"547","ran547.hdr.31",-0.0006461
"547","ran547.hdr.32",-0.00665937
"547","ran547.hdr.33",-0.0033026
"547","ran547.hdr.34",-0.0035614
"547","ran547.hdr.35",-0.0019572
"547","ran547.hdr.36",-0.0018392
"547","ran547.hdr.37",-0.000115799999999999
"547","ran547.hdr.38",-0.0000894500000000005
"547","ran547.hdr.39",-0.000757799999999999
"547","ran547.hdr.4",-0.000621999999999998
"547","ran547.hdr.40",0.0000878500000000004
"547","ran547.hdr.41",-0.0002734
"547","ran547.hdr.42",-0.0021188
"547","ran547.hdr.43",-0.0000485800000000003
"547","ran547.hdr.44",-0.000499899999999998
"547","ran547.hdr.45",-0.0025436
"547","ran547.hdr.46",-0.000298000000000001
"547","ran547.hdr.47",0.000856300000000001
"547","ran547.hdr.48",0.0001577
"547","ran547.hdr.49",-0.0053979
"547","ran547.hdr.5",-0.0054532
"547","ran547.hdr.50",-0.000246700000000001
"547","ran547.hdr.51",-0.0008938
"547","ran547.hdr.52",-0.0002082
"547","ran547.hdr.53",-0.0000856099999999999
"547","ran547.hdr.54",-0.00077464
"547","ran547.hdr.55",-0.000945399999999999
"547","ran547.hdr.56",0.00028793
"547","ran547.hdr.57",-0.000238039999999999
"547","ran547.hdr.58",-0.00111662
"547","ran547.hdr.59",-0.00015833
"547","ran547.hdr.6",0.000684399999999998
"547","ran547.hdr.61",-0.0007846
"547","ran547.hdr.62",-0.001061
"547","ran547.hdr.63",-0.000763170000000001
"547","ran547.hdr.64",-0.000867699999999999
"547","ran547.hdr.65",-0.0001288
"547","ran547.hdr.66",-0.000324099999999999
"547","ran547.hdr.67",-0.0035597
"547","ran547.hdr.68",-0.000914999999999999
"547","ran547.hdr.69",-0.0000338000000000005
"547","ran547.hdr.7",-0.0003713
"547","ran547.hdr.70",0.000150899999999999
"547","ran547.hdr.71",-0.000768900000000003
"547","ran547.hdr.72",-0.00024505
"547","ran547.hdr.73",-0.000428600000000001
"547","ran547.hdr.74",-0.0000844099999999996
"547","ran547.hdr.75",-0.0014309
"547","ran547.hdr.76",-0.0030263
"547","ran547.hdr.77",-0.000413
"547","ran547.hdr.78",-0.0010548
"547","ran547.hdr.8",NA
"547","ran547.hdr.9",-0.0109775
"548","ran548.hdr.1",-0.000676
"548","ran548.hdr.10",-0.00062661
"548","ran548.hdr.11",0.00016113
"548","ran548.hdr.12",-0.00016992
"548","ran548.hdr.13",0.00027786
"548","ran548.hdr.14",-0.000320599999999999
"548","ran548.hdr.15",-0.0003143
"548","ran548.hdr.16",-0.000515700000000001
"548","ran548.hdr.17",-0.0001554
"548","ran548.hdr.18",-0.0053979
"548","ran548.hdr.19",-0.0004112
"548","ran548.hdr.2",-0.000740699999999999
"548","ran548.hdr.20",-0.00034462
"548","ran548.hdr.21",-0.0039813
"548","ran548.hdr.22",-0.001862
"548","ran548.hdr.23",-0.0017045
"548","ran548.hdr.24",-0.000796499999999999
"548","ran548.hdr.25",-0.000385699999999999
"548","ran548.hdr.26",-0.00043048
"548","ran548.hdr.27",-0.00014837
"548","ran548.hdr.28",-0.00055601
"548","ran548.hdr.29",-0.00029017
"548","ran548.hdr.3",-0.00000750000000000056
"548","ran548.hdr.30",-0.000292629999999999
"548","ran548.hdr.31",-0.0000373999999999999
"548","ran548.hdr.32",-0.000143009999999999
"548","ran548.hdr.33",-0.0013929
"548","ran548.hdr.34",0.000622299999999999
"548","ran548.hdr.35",-0.000243200000000001
"548","ran548.hdr.36",-0.00015777
"548","ran548.hdr.37",-0.000508
"548","ran548.hdr.38",-0.000145300000000001
"548","ran548.hdr.39",-0.000752999999999998
"548","ran548.hdr.4",-0.0004825
"548","ran548.hdr.40",-0.00065478
"548","ran548.hdr.41",-0.0003389
"548","ran548.hdr.42",0.0000683999999999997
"548","ran548.hdr.43",0.0000662000000000006
"548","ran548.hdr.44",-0.000315939999999999
"548","ran548.hdr.45",0.000117100000000002
"548","ran548.hdr.46",-0.0000283000000000002
"548","ran548.hdr.47",NA
"548","ran548.hdr.48",-0.0021164
"548","ran548.hdr.49",-0.0010313
"548","ran548.hdr.5",-0.0034482
"548","ran548.hdr.51",0.0000446000000000005
"548","ran548.hdr.52",-0.0034825
"548","ran548.hdr.53",-0.000262800000000001
"548","ran548.hdr.54",0.00000550000000000203
"548","ran548.hdr.55",-0.0001689
"548","ran548.hdr.56",0.000031299999999998
"548","ran548.hdr.57",-0.000680699999999999
"548","ran548.hdr.58",-0.0001422
"548","ran548.hdr.59",-0.0021629
"548","ran548.hdr.6",-0.000160799999999999
"548","ran548.hdr.60",-0.0020502
"548","ran548.hdr.61",-0.0011402
"548","ran548.hdr.62",-0.00104738
"548","ran548.hdr.63",-0.0006961
"548","ran548.hdr.64",0.000302800000000002
"548","ran548.hdr.65",-0.00056939
"548","ran548.hdr.66",-0.000328449999999999
"548","ran548.hdr.67",0.0002021
"548","ran548.hdr.68",-0.0068051
"548","ran548.hdr.69",0.000127200000000001
"548","ran548.hdr.7",-0.0056027
"548","ran548.hdr.70",-0.0004732
"548","ran548.hdr.71",-0.000386900000000003
"548","ran548.hdr.72",-0.0037745
"548","ran548.hdr.73",-0.000630200000000001
"548","ran548.hdr.74",0.000288400000000001
"548","ran548.hdr.75",-0.0013565
"548","ran548.hdr.76",-0.0010028
"548","ran548.hdr.77",-0.0016978
"548","ran548.hdr.78",-0.000678990000000001
"548","ran548.hdr.8",-0.0013379
"548","ran548.hdr.9",-0.00017739
"549","ran549.hdr.1",-0.0014413
"549","ran549.hdr.10",0.0000692099999999997
"549","ran549.hdr.11",-0.000124299999999999
"549","ran549.hdr.12",0.00012366
"549","ran549.hdr.13",-0.0002397
"549","ran549.hdr.14",-0.00161496
"549","ran549.hdr.15",-0.0008974
"549","ran549.hdr.16",-0.000193400000000002
"549","ran549.hdr.17",0.00000280000000000072
"549","ran549.hdr.18",-0.0002787
"549","ran549.hdr.19",-0.000248100000000001
"549","ran549.hdr.2",0.000529829999999999
"549","ran549.hdr.20",-0.000230500000000002
"549","ran549.hdr.21",-0.000595100000000001
"549","ran549.hdr.22",-0.000616499999999999
"549","ran549.hdr.23",-0.0010873
"549","ran549.hdr.24",-0.000154699999999999
"549","ran549.hdr.25",-0.0000125100000000003
"549","ran549.hdr.26",-0.00022216
"549","ran549.hdr.27",-0.0004121
"549","ran549.hdr.28",-0.00068852
"549","ran549.hdr.29",-0.00027682
"549","ran549.hdr.3",-0.0008068
"549","ran549.hdr.30",0.00020485
"549","ran549.hdr.31",0.0000345999999999992
"549","ran549.hdr.32",-0.0035614
"549","ran549.hdr.33",-0.000126000000000001
"549","ran549.hdr.34",-0.000136400000000002
"549","ran549.hdr.35",0.000234799999999999
"549","ran549.hdr.36",-0.000409099999999999
"549","ran549.hdr.37",-0.0005964
"549","ran549.hdr.38",0.00015685
"549","ran549.hdr.39",-0.000287379999999999
"549","ran549.hdr.4",-0.004515
"549","ran549.hdr.40",0.000156699999999999
"549","ran549.hdr.41",-0.000241
"549","ran549.hdr.42",-0.000579200000000002
"549","ran549.hdr.43",-0.0011
"549","ran549.hdr.44",0.000357900000000001
"549","ran549.hdr.45",-0.000787299999999999
"549","ran549.hdr.46",0.0000239999999999997
"549","ran549.hdr.47",-0.0022116
"549","ran549.hdr.48",-0.000107300000000001
"549","ran549.hdr.49",-0.0006887
"549","ran549.hdr.5",-0.0002056
"549","ran549.hdr.50",-0.000691199999999999
"549","ran549.hdr.51",0.00019344
"549","ran549.hdr.52",-0.000560139999999999
"549","ran549.hdr.53",-0.0018136
"549","ran549.hdr.54",NA
"549","ran549.hdr.55",0.000139
"549","ran549.hdr.56",-0.00047522
"549","ran549.hdr.57",-0.00018941
"549","ran549.hdr.58",-0.0010297
"549","ran549.hdr.59",-0.000268079999999999
"549","ran549.hdr.6",-0.0046226
"549","ran549.hdr.60",0.00014678
"549","ran549.hdr.61",-0.0000622399999999999
"549","ran549.hdr.64",-0.0000912600000000001
"549","ran549.hdr.65",-0.000392199999999999
"549","ran549.hdr.66",-0.00011027
"549","ran549.hdr.67",-0.0022371
"549","ran549.hdr.68",-0.000907400000000001
"549","ran549.hdr.69",-0.0068252
"549","ran549.hdr.7",-0.000602800000000001
"549","ran549.hdr.70",-0.0025663
"549","ran549.hdr.71",-0.0004568
"549","ran549.hdr.72",-0.0000134000000000002
"549","ran549.hdr.73",-0.00203165
"549","ran549.hdr.74",0.0001677
"549","ran549.hdr.75",0.000268299999999999
"549","ran549.hdr.76",-0.0016673
"549","ran549.hdr.77",-0.0010843
"549","ran549.hdr.78",-0.000125399999999999
"549","ran549.hdr.8",0.00000119999999999981
"549","ran549.hdr.9",-0.0008879
"550","ran550.hdr.1",-0.0003459
"550","ran550.hdr.10",-0.0002056
"550","ran550.hdr.11",-0.000160850000000001
"550","ran550.hdr.12",-0.0029094
"550","ran550.hdr.13",-0.00259746
"550","ran550.hdr.14",-0.000906130000000002
"550","ran550.hdr.15",-0.00093515
"550","ran550.hdr.16",-0.00036387
"550","ran550.hdr.17",-0.00038213
"550","ran550.hdr.18",0.000161699999999999
"550","ran550.hdr.19",-0.00029445
"550","ran550.hdr.2",-0.000905800000000002
"550","ran550.hdr.20",-0.000824699999999999
"550","ran550.hdr.21",0.000321200000000001
"550","ran550.hdr.22",-0.00161496
"550","ran550.hdr.23",-0.0018782
"550","ran550.hdr.24",-0.000452899999999999
"550","ran550.hdr.25",-0.000840899999999999
"550","ran550.hdr.26",-0.0010476
"550","ran550.hdr.27",-0.00049628
"550","ran550.hdr.28",-0.0002775
"550","ran550.hdr.29",-0.0013259
"550","ran550.hdr.3",-0.0014413
"550","ran550.hdr.30",0.0001045
"550","ran550.hdr.31",-0.000506100000000002
"550","ran550.hdr.32",-0.000595100000000001
"550","ran550.hdr.33",-0.0005666
"550","ran550.hdr.34",-0.0084394
"550","ran550.hdr.35",0.0000270699999999997
"550","ran550.hdr.36",-0.0030857
"550","ran550.hdr.37",-0.000541900000000001
"550","ran550.hdr.38",-0.000284
"550","ran550.hdr.39",-0.000119399999999999
"550","ran550.hdr.4",-0.000481700000000002
"550","ran550.hdr.40",-0.0051598
"550","ran550.hdr.41",-0.0000137999999999978
"550","ran550.hdr.42",-0.000140850000000001
"550","ran550.hdr.43",-0.0023487
"550","ran550.hdr.44",-0.0013224
"550","ran550.hdr.45",-0.00013584
"550","ran550.hdr.46",0.00009041
"550","ran550.hdr.47",-0.00087888
"550","ran550.hdr.48",0.000377029999999999
"550","ran550.hdr.49",-0.0011
"550","ran550.hdr.5",-0.000358239999999999
"550","ran550.hdr.50",-0.000241100000000001
"550","ran550.hdr.51",-0.000846200000000002
"550","ran550.hdr.52",-0.0000371
"550","ran550.hdr.53",-0.000315939999999999
"550","ran550.hdr.54",-0.000625400000000002
"550","ran550.hdr.55",0.00016459
"550","ran550.hdr.56",-0.00022903
"550","ran550.hdr.57",-0.00020627
"550","ran550.hdr.58",-0.0010297
"550","ran550.hdr.59",-0.001074
"550","ran550.hdr.6",-0.0000914000000000002
"550","ran550.hdr.61",-0.0005941
"550","ran550.hdr.62",-0.0000146999999999994
"550","ran550.hdr.63",-0.000959399999999999
"550","ran550.hdr.64",-0.000589599999999999
"550","ran550.hdr.65",-0.000266830000000001
"550","ran550.hdr.66",0.0003359
"550","ran550.hdr.67",-0.000361200000000001
"550","ran550.hdr.68",0.00046167
"550","ran550.hdr.69",-0.0007092
"550","ran550.hdr.7",-0.002469
"550","ran550.hdr.70",NA
"550","ran550.hdr.71",-0.0000931000000000005
"550","ran550.hdr.72",-0.0005561
"550","ran550.hdr.73",-0.0002559
"550","ran550.hdr.74",-0.0003368
"550","ran550.hdr.75",-0.0000459999999999992
"550","ran550.hdr.76",-0.0011873
"550","ran550.hdr.77",-0.0010028
"550","ran550.hdr.78",0.0000157000000000004
"550","ran550.hdr.8",-0.00449763
"550","ran550.hdr.9",-0.0027813
"551","ran551.hdr.1",-0.0011152
"551","ran551.hdr.10",0.0000509400000000002
"551","ran551.hdr.11",-0.00013877
"551","ran551.hdr.12",-0.0015955
"551","ran551.hdr.13",-0.000126800000000002
"551","ran551.hdr.14",-0.000151500000000001
"551","ran551.hdr.15",-0.0008164
"551","ran551.hdr.16",-0.0010476
"551","ran551.hdr.17",-0.000612299999999998
"551","ran551.hdr.18",-0.0003961
"551","ran551.hdr.19",-0.000796499999999999
"551","ran551.hdr.2",-0.000201799999999999
"551","ran551.hdr.20",-0.00021302
"551","ran551.hdr.21",-0.00022216
"551","ran551.hdr.22",-0.000013599999999999
"551","ran551.hdr.23",-0.002522
"551","ran551.hdr.24",-0.000166349999999999
"551","ran551.hdr.25",-0.0010403
"551","ran551.hdr.26",-0.001167
"551","ran551.hdr.27",-0.000292629999999999
"551","ran551.hdr.28",-0.000156699999999999
"551","ran551.hdr.29",-0.0005877
"551","ran551.hdr.3",0.000317900000000001
"551","ran551.hdr.30",-0.000572599999999999
"551","ran551.hdr.31",-0.000119399999999999
"551","ran551.hdr.32",0.00039719
"551","ran551.hdr.33",0.000301599999999999
"551","ran551.hdr.34",-0.000804199999999998
"551","ran551.hdr.35",-0.0034946
"551","ran551.hdr.36",0.0000833000000000014
"551","ran551.hdr.37",-0.0000391499999999999
"551","ran551.hdr.38",-0.000944
"551","ran551.hdr.39",-0.0014027
"551","ran551.hdr.4",0.00015914
"551","ran551.hdr.40",-0.00026
"551","ran551.hdr.41",-0.0003076
"551","ran551.hdr.42",0.000175
"551","ran551.hdr.43",0.0000184916
"551","ran551.hdr.44",-0.0002384
"551","ran551.hdr.45",0.0000580099999999998
"551","ran551.hdr.46",-0.0010611
"551","ran551.hdr.47",-0.00001509
"551","ran551.hdr.48",-0.00000812000000000035
"551","ran551.hdr.49",-0.0098876
"551","ran551.hdr.5",-0.000311479999999999
"551","ran551.hdr.50",-0.0004434
"551","ran551.hdr.51",0.00021457
"551","ran551.hdr.52",0.0000792999999999992
"551","ran551.hdr.53",-0.000837099999999999
"551","ran551.hdr.54",-0.0067332
"551","ran551.hdr.55",-0.00328849
"551","ran551.hdr.56",0.000215399
"551","ran551.hdr.57",0.00029457
"551","ran551.hdr.58",-0.0006896
"551","ran551.hdr.6",-0.00056552
"551","ran551.hdr.60",-0.0004014
"551","ran551.hdr.61",-0.000477600000000002
"551","ran551.hdr.62",0.000632799999999999
"551","ran551.hdr.63",-0.0020934
"551","ran551.hdr.64",-0.0051112
"551","ran551.hdr.65",-0.00274956
"551","ran551.hdr.66",-0.001278
"551","ran551.hdr.67",-0.0010621
"551","ran551.hdr.68",-0.0035597
"551","ran551.hdr.69",-0.0096339
"551","ran551.hdr.7",0.0000479499999999997
"551","ran551.hdr.70",-0.00006251
"551","ran551.hdr.71",-0.000345399999999999
"551","ran551.hdr.72",-0.000949499999999999
"551","ran551.hdr.73",-0.00059999
"551","ran551.hdr.74",0.0000155000000000016
"551","ran551.hdr.75",-0.0012699
"551","ran551.hdr.76",0.00011249
"551","ran551.hdr.77",-0.0010843
"551","ran551.hdr.78",-0.00089669
"551","ran551.hdr.8",-0.00013863
"551","ran551.hdr.9",0.00016113
"552","ran552.hdr.1",-0.0026658
"552","ran552.hdr.10",-0.00032649
"552","ran552.hdr.11",-0.000236699999999999
"552","ran552.hdr.12",0.0000674299999999994
"552","ran552.hdr.13",-0.0002951
"552","ran552.hdr.14",0.00000320000000000008
"552","ran552.hdr.15",-0.000507480000000001
"552","ran552.hdr.16",-0.000602800000000001
"552","ran552.hdr.17",-0.00056426
"552","ran552.hdr.18",-0.000598200000000001
"552","ran552.hdr.19",-0.000413510000000001
"552","ran552.hdr.2",-0.000358239999999999
"552","ran552.hdr.20",0.000406500000000001
"552","ran552.hdr.21",-0.0008815
"552","ran552.hdr.22",-0.00071959
"552","ran552.hdr.23",-0.0003061
"552","ran552.hdr.24",-0.0001177
"552","ran552.hdr.25",-0.0004347
"552","ran552.hdr.26",0.000325300000000001
"552","ran552.hdr.27",-0.00034462
"552","ran552.hdr.28",-0.0003757
"552","ran552.hdr.29",0.00004039
"552","ran552.hdr.3",-0.000119600000000001
"552","ran552.hdr.30",-0.0001248
"552","ran552.hdr.31",-0.002999
"552","ran552.hdr.32",0.000386200000000001
"552","ran552.hdr.33",-0.00018774
"552","ran552.hdr.34",-0.000113400000000001
"552","ran552.hdr.35",-0.00000790000000000166
"552","ran552.hdr.36",-0.0000891900000000003
"552","ran552.hdr.37",-0.0025053
"552","ran552.hdr.38",-0.00000899999999999859
"552","ran552.hdr.39",-0.0012753
"552","ran552.hdr.4",0.0004718
"552","ran552.hdr.40",-0.000831499999999999
"552","ran552.hdr.41",-0.000394099999999998
"552","ran552.hdr.42",-0.000152899999999999
"552","ran552.hdr.43",0.000227600000000001
"552","ran552.hdr.44",-0.000773600000000003
"552","ran552.hdr.45",0.0000849000000000006
"552","ran552.hdr.46",-0.000707100000000002
"552","ran552.hdr.47",-0.0003823
"552","ran552.hdr.48",-0.000360099999999999
"552","ran552.hdr.49",0.0003897
"552","ran552.hdr.5",-0.0023
"552","ran552.hdr.50",NA
"552","ran552.hdr.51",-0.000743199999999999
"552","ran552.hdr.52",-0.0119486
"552","ran552.hdr.53",0.0000683999999999997
"552","ran552.hdr.54",-0.00041977
"552","ran552.hdr.55",-0.000425500000000001
"552","ran552.hdr.56",-0.0007171
"552","ran552.hdr.57",-0.000764300000000002
"552","ran552.hdr.58",0.0000742100000000001
"552","ran552.hdr.59",-0.000270000000000001
"552","ran552.hdr.6",-0.0116684
"552","ran552.hdr.60",0.0000326900000000001
"552","ran552.hdr.61",0.0000301900000000003
"552","ran552.hdr.62",-0.00073559
"552","ran552.hdr.64",-0.0017637
"552","ran552.hdr.65",0.000166699999999999
"552","ran552.hdr.66",-0.000083200000000002
"552","ran552.hdr.67",-0.0001636
"552","ran552.hdr.68",-0.000850799999999999
"552","ran552.hdr.69",-0.0011074
"552","ran552.hdr.7",-0.0059011
"552","ran552.hdr.70",-0.001507
"552","ran552.hdr.71",-0.00012416
"552","ran552.hdr.72",0.0002433
"552","ran552.hdr.73",-0.000955899999999999
"552","ran552.hdr.74",-0.000639000000000001
"552","ran552.hdr.75",-0.000482799999999999
"552","ran552.hdr.76",-0.000126299999999999
"552","ran552.hdr.77",-0.0016285
"552","ran552.hdr.78",-0.00288578
"552","ran552.hdr.8",-0.0035328
"552","ran552.hdr.9",-0.0009196
"553","ran553.hdr.1",0.000132149999999999
"553","ran553.hdr.10",0.000234499999999999
"553","ran553.hdr.11",-0.0015953
"553","ran553.hdr.12",-0.001099
"553","ran553.hdr.13",0.0000756000000000021
"553","ran553.hdr.14",0.0000509400000000002
"553","ran553.hdr.15",-0.000217070000000001
"553","ran553.hdr.16",-0.000320599999999999
"553","ran553.hdr.17",-0.00000167199999999998
"553","ran553.hdr.18",-0.000616199999999999
"553","ran553.hdr.19",-0.00023695
"553","ran553.hdr.2",-0.0000463000000000026
"553","ran553.hdr.20",0.000236800000000001
"553","ran553.hdr.21",-0.000988359999999999
"553","ran553.hdr.22",-0.0032234
"553","ran553.hdr.23",-0.0006205
"553","ran553.hdr.24",-0.00252268
"553","ran553.hdr.25",-0.000682600000000002
"553","ran553.hdr.26",-0.000846999999999997
"553","ran553.hdr.27",-0.00032336
"553","ran553.hdr.28",-0.000796499999999999
"553","ran553.hdr.29",0.00000603000000000062
"553","ran553.hdr.3",-0.00131489
"553","ran553.hdr.30",-0.000616499999999999
"553","ran553.hdr.31",-0.00046126
"553","ran553.hdr.32",-0.000212320000000001
"553","ran553.hdr.33",-0.00029017
"553","ran553.hdr.34",-0.0012418
"553","ran553.hdr.35",-0.0029271
"553","ran553.hdr.36",-0.0032627
"553","ran553.hdr.37",0.000505200000000001
"553","ran553.hdr.38",-0.0051598
"553","ran553.hdr.39",0.00000750000000000056
"553","ran553.hdr.4",-0.000708700000000001
"553","ran553.hdr.40",-0.00087039
"553","ran553.hdr.41",-0.000428899999999999
"553","ran553.hdr.42",-0.000140850000000001
"553","ran553.hdr.43",-0.00510713
"553","ran553.hdr.44",0.000234799999999999
"553","ran553.hdr.45",-0.0002167
"553","ran553.hdr.46",-0.0013738
"553","ran553.hdr.47",0.0000336799999999999
"553","ran553.hdr.48",-0.00000997999999999993
"553","ran553.hdr.49",0.000345
"553","ran553.hdr.5",-0.0030667
"553","ran553.hdr.50",-0.00270844
"553","ran553.hdr.51",-0.0001382
"553","ran553.hdr.52",-0.0030547
"553","ran553.hdr.53",-0.000643990000000001
"553","ran553.hdr.54",-0.0004598
"553","ran553.hdr.55",-0.000421599999999999
"553","ran553.hdr.56",-0.0010767
"553","ran553.hdr.57",-0.000313409999999999
"553","ran553.hdr.59",-0.00017852
"553","ran553.hdr.6",-0.0000302099999999993
"553","ran553.hdr.60",-0.0007846
"553","ran553.hdr.61",0.00041589
"553","ran553.hdr.62",-0.0003461
"553","ran553.hdr.63",-0.0035597
"553","ran553.hdr.64",0.000120899999999999
"553","ran553.hdr.65",0.0004037
"553","ran553.hdr.66",-0.0005187
"553","ran553.hdr.67",-0.0046377
"553","ran553.hdr.68",-0.000222399999999999
"553","ran553.hdr.69",-0.000345399999999999
"553","ran553.hdr.7",-0.0003176
"553","ran553.hdr.70",-0.0005272
"553","ran553.hdr.71",-0.0012556
"553","ran553.hdr.72",-0.000101210000000001
"553","ran553.hdr.73",-0.0014277
"553","ran553.hdr.74",-0.0018724
"553","ran553.hdr.75",-0.000871300000000002
"553","ran553.hdr.76",0.000326549999999999
"553","ran553.hdr.77",-0.0011974
"553","ran553.hdr.78",-0.0006002
"553","ran553.hdr.8",-0.00062661
"553","ran553.hdr.9",-0.000315299999999999
"554","ran554.hdr.1",-0.0026949
"554","ran554.hdr.10",0.000137799999999997
"554","ran554.hdr.11",-0.00278592
"554","ran554.hdr.12",-0.000066394
"554","ran554.hdr.13",0.000234499999999999
"554","ran554.hdr.14",0.00084161
"554","ran554.hdr.15",0.0000833300000000004
"554","ran554.hdr.16",0.0000333999999999994
"554","ran554.hdr.17",-0.000554099999999998
"554","ran554.hdr.18",-0.000506029999999999
"554","ran554.hdr.19",0.0001315
"554","ran554.hdr.2",-0.0026658
"554","ran554.hdr.20",-0.000516000000000001
"554","ran554.hdr.21",-0.00039311
"554","ran554.hdr.22",-0.0013259
"554","ran554.hdr.23",-0.00035428
"554","ran554.hdr.24",-0.000438299999999999
"554","ran554.hdr.25",0.0007566
"554","ran554.hdr.26",0.0001034
"554","ran554.hdr.27",-0.0002137
"554","ran554.hdr.28",-0.0000276999999999986
"554","ran554.hdr.29",-0.0025984
"554","ran554.hdr.3",-0.000310999999999999
"554","ran554.hdr.30",-0.00141581
"554","ran554.hdr.31",-0.0003903
"554","ran554.hdr.32",0.0000686800000000007
"554","ran554.hdr.33",0.0001978
"554","ran554.hdr.34",-0.000260740000000001
"554","ran554.hdr.35",-0.000450470000000001
"554","ran554.hdr.36",-0.000709920000000001
"554","ran554.hdr.37",-0.0017371
"554","ran554.hdr.38",-0.000844900000000001
"554","ran554.hdr.39",-0.0008168
"554","ran554.hdr.4",-0.0049685
"554","ran554.hdr.40",-0.000627829999999999
"554","ran554.hdr.41",-0.000202600000000001
"554","ran554.hdr.42",-0.0014927
"554","ran554.hdr.43",-0.00000640000000000016
"554","ran554.hdr.44",-0.0001811
"554","ran554.hdr.45",-0.0011836
"554","ran554.hdr.46",-0.000449600000000001
"554","ran554.hdr.47",-0.000926
"554","ran554.hdr.48",-0.0000828000000000009
"554","ran554.hdr.49",-0.0023048
"554","ran554.hdr.5",-0.0011071
"554","ran554.hdr.50",-0.000584899999999999
"554","ran554.hdr.51",-0.0013068
"554","ran554.hdr.52",-0.0009668
"554","ran554.hdr.53",0.0003412
"554","ran554.hdr.54",0.00029917
"554","ran554.hdr.55",0.000321800000000001
"554","ran554.hdr.56",-0.0010313
"554","ran554.hdr.57",-0.00021542
"554","ran554.hdr.58",0.0000982199999999996
"554","ran554.hdr.59",-0.0004014
"554","ran554.hdr.6",-0.0031082
"554","ran554.hdr.60",-0.0000994599999999991
"554","ran554.hdr.61",-0.000584300000000001
"554","ran554.hdr.62",-0.0000402400000000004
"554","ran554.hdr.63",0.000129292
"554","ran554.hdr.64",-0.00133806
"554","ran554.hdr.65",-0.000737700000000001
"554","ran554.hdr.66",-0.0043602
"554","ran554.hdr.67",-0.000735300000000001
"554","ran554.hdr.68",0.0000855000000000022
"554","ran554.hdr.69",-0.000839700000000002
"554","ran554.hdr.7",-0.0032486
"554","ran554.hdr.70",-0.0009818
"554","ran554.hdr.71",0.00049501
"554","ran554.hdr.72",-0.00051125
"554","ran554.hdr.73",0.00013489
"554","ran554.hdr.74",-0.000819
"554","ran554.hdr.75",-0.000794900000000001
"554","ran554.hdr.76",-0.0013232
"554","ran554.hdr.77",-0.000358600000000001
"554","ran554.hdr.78",-0.00444969
"554","ran554.hdr.8",-0.0028274
"554","ran554.hdr.9",-0.0109775
"555","ran555.hdr.1",-0.000740699999999999
"555","ran555.hdr.10",-0.00024357
"555","ran555.hdr.11",-0.00047386
"555","ran555.hdr.12",-0.00020486
"555","ran555.hdr.13",0.00010952
"555","ran555.hdr.14",-0.0006677
"555","ran555.hdr.15",0.00017944
"555","ran555.hdr.16",0.0000449828
"555","ran555.hdr.17",-0.00065658
"555","ran555.hdr.18",-0.0011481
"555","ran555.hdr.19",-0.000119060000000001
"555","ran555.hdr.2",-0.00131489
"555","ran555.hdr.20",-0.00023695
"555","ran555.hdr.21",-0.000386299999999999
"555","ran555.hdr.22",0.000174039999999999
"555","ran555.hdr.23",-0.0013108
"555","ran555.hdr.24",0.00000735000000000015
"555","ran555.hdr.25",-0.000769800000000001
"555","ran555.hdr.26",0.0000487999999999999
"555","ran555.hdr.27",-0.00034293
"555","ran555.hdr.28",-0.00028639
"555","ran555.hdr.29",0.000113199999999999
"555","ran555.hdr.3",-0.000077743
"555","ran555.hdr.30",-0.000383960000000001
"555","ran555.hdr.31",0.00051959
"555","ran555.hdr.32",-0.00035935
"555","ran555.hdr.33",-0.00041873
"555","ran555.hdr.34",-0.0011573
"555","ran555.hdr.35",0.000265399999999999
"555","ran555.hdr.36",-0.00045297
"555","ran555.hdr.37",-0.00017519
"555","ran555.hdr.38",-0.000412399999999999
"555","ran555.hdr.39",-0.0001896
"555","ran555.hdr.4",-0.0021506
"555","ran555.hdr.40",-0.0021188
"555","ran555.hdr.41",-0.0009237
"555","ran555.hdr.42",-0.0004983
"555","ran555.hdr.43",-0.0012106
"555","ran555.hdr.44",-0.00065478
"555","ran555.hdr.45",-0.00035147
"555","ran555.hdr.46",-0.0016596
"555","ran555.hdr.47",-0.00029489
"555","ran555.hdr.48",-0.000023311
"555","ran555.hdr.49",-0.000464200000000001
"555","ran555.hdr.5",-0.0044934
"555","ran555.hdr.50",-0.000713800000000001
"555","ran555.hdr.51",-0.0011511
"555","ran555.hdr.52",-0.000381660000000001
"555","ran555.hdr.53",-0.000624599999999999
"555","ran555.hdr.54",-0.0003833
"555","ran555.hdr.57",-0.0000586999999999983
"555","ran555.hdr.58",0.0003102
"555","ran555.hdr.59",-0.00114221
"555","ran555.hdr.6",-0.0040885
"555","ran555.hdr.60",-0.000268299999999999
"555","ran555.hdr.61",-0.00038507
"555","ran555.hdr.62",-0.00023539
"555","ran555.hdr.63",-0.000706399999999999
"555","ran555.hdr.64",-0.000811599999999999
"555","ran555.hdr.65",-0.000778600000000001
"555","ran555.hdr.66",-0.0003461
"555","ran555.hdr.67",-0.00104738
"555","ran555.hdr.68",-0.000334099999999999
"555","ran555.hdr.69",-0.00023645
"555","ran555.hdr.7",-0.0043666
"555","ran555.hdr.70",0.0000443000000000006
"555","ran555.hdr.71",-0.000293000000000002
"555","ran555.hdr.72",0.00096808
"555","ran555.hdr.73",0.0000233799999999999
"555","ran555.hdr.74",0.0010276
"555","ran555.hdr.75",-0.0001911
"555","ran555.hdr.76",-0.0053353
"555","ran555.hdr.77",-0.000599100000000002
"555","ran555.hdr.78",-0.0016399
"555","ran555.hdr.8",-0.00061467
"555","ran555.hdr.9",-0.00021
"556","ran556.hdr.1",-0.0004317
"556","ran556.hdr.10",-0.0004419
"556","ran556.hdr.11",-0.0009517
"556","ran556.hdr.12",-0.0000210000000000002
"556","ran556.hdr.13",-0.00023309
"556","ran556.hdr.14",-0.0000658600000000009
"556","ran556.hdr.15",0.000617100000000001
"556","ran556.hdr.16",-0.00021029
"556","ran556.hdr.17",-0.0010992
"556","ran556.hdr.18",-0.000919
"556","ran556.hdr.19",-0.000727600000000002
"556","ran556.hdr.2",-0.000077743
"556","ran556.hdr.20",-0.0025625
"556","ran556.hdr.21",-0.000682600000000002
"556","ran556.hdr.22",-0.00010883
"556","ran556.hdr.23",-0.0084394
"556","ran556.hdr.24",-0.0002991
"556","ran556.hdr.25",0.0000070999999999999
"556","ran556.hdr.26",-0.0002813
"556","ran556.hdr.27",-0.0011926
"556","ran556.hdr.28",-0.00023903
"556","ran556.hdr.29",-0.00000110000000000041
"556","ran556.hdr.3",0.000192080000000001
"556","ran556.hdr.30",-0.000155240000000001
"556","ran556.hdr.31",-0.000258899999999999
"556","ran556.hdr.32",-0.0005877
"556","ran556.hdr.33",0.000056719
"556","ran556.hdr.34",-0.0001753
"556","ran556.hdr.35",-0.0009823
"556","ran556.hdr.36",-0.0012418
"556","ran556.hdr.37",-0.000875799999999999
"556","ran556.hdr.38",-0.0031592
"556","ran556.hdr.39",-0.000730600000000001
"556","ran556.hdr.4",-0.0000253999999999983
"556","ran556.hdr.40",0.0003423
"556","ran556.hdr.41",-0.000735299999999998
"556","ran556.hdr.42",0.000240500000000001
"556","ran556.hdr.43",-0.0005558
"556","ran556.hdr.44",-0.00073436
"556","ran556.hdr.45",-0.0019144
"556","ran556.hdr.46",-0.0005059
"556","ran556.hdr.47",-0.0006558
"556","ran556.hdr.48",0.0000540300000000001
"556","ran556.hdr.49",-0.0001811
"556","ran556.hdr.5",-0.0049685
"556","ran556.hdr.50",-0.00112666
"556","ran556.hdr.51",-0.000735400000000001
"556","ran556.hdr.52",-0.000507800000000001
"556","ran556.hdr.53",-0.000846200000000002
"556","ran556.hdr.54",-0.0076935
"556","ran556.hdr.55",0.0000662000000000006
"556","ran556.hdr.56",-0.000282899999999999
"556","ran556.hdr.57",0.000215399
"556","ran556.hdr.58",-0.00000449999999999995
"556","ran556.hdr.59",-0.000270299999999998
"556","ran556.hdr.6",NA
"556","ran556.hdr.60",0.0000675999999999993
"556","ran556.hdr.61",-0.0012752
"556","ran556.hdr.62",-0.00050468
"556","ran556.hdr.63",-0.0010234
"556","ran556.hdr.64",-0.00194603
"556","ran556.hdr.65",0.0001358
"556","ran556.hdr.66",-0.0035597
"556","ran556.hdr.67",-0.000604199999999999
"556","ran556.hdr.68",-0.000331100000000001
"556","ran556.hdr.69",-0.0019411
"556","ran556.hdr.7",-0.0066937
"556","ran556.hdr.70",-0.0012556
"556","ran556.hdr.71",-0.0014277
"556","ran556.hdr.72",0.0000821000000000016
"556","ran556.hdr.73",-0.000239000000000003
"556","ran556.hdr.74",-0.0002688
"556","ran556.hdr.75",-0.0005535
"556","ran556.hdr.76",-0.0014309
"556","ran556.hdr.77",-0.000710300000000001
"556","ran556.hdr.78",-0.000776900000000001
"556","ran556.hdr.8",0.0000245000000000002
"556","ran556.hdr.9",-0.000066394
"557","ran557.hdr.1",-0.0014785
"557","ran557.hdr.10",-0.0028486
"557","ran557.hdr.11",-0.0078616
"557","ran557.hdr.12",-0.0006119
"557","ran557.hdr.13",-0.00021115
"557","ran557.hdr.14",-0.0000149
"557","ran557.hdr.15",-0.000032131
"557","ran557.hdr.16",-0.000146299999999999
"557","ran557.hdr.17",-0.0008815
"557","ran557.hdr.18",-0.000506029999999999
"557","ran557.hdr.19",-0.0012923
"557","ran557.hdr.2",0.000462899999999999
"557","ran557.hdr.20",0.000247599999999997
"557","ran557.hdr.21",-0.0000295899999999999
"557","ran557.hdr.22",-0.001862
"557","ran557.hdr.23",-0.0015342
"557","ran557.hdr.24",-0.000454400000000001
"557","ran557.hdr.25",-0.0084394
"557","ran557.hdr.26",-0.00291982
"557","ran557.hdr.27",-0.0113291
"557","ran557.hdr.28",-0.00039436
"557","ran557.hdr.29",-0.000686299999999999
"557","ran557.hdr.3",-0.000481700000000002
"557","ran557.hdr.30",-0.00175568
"557","ran557.hdr.31",-0.00044142
"557","ran557.hdr.32",-0.000572599999999999
"557","ran557.hdr.33",-0.0002664
"557","ran557.hdr.34",-0.0018392
"557","ran557.hdr.35",-0.0002611
"557","ran557.hdr.36",-0.000469900000000001
"557","ran557.hdr.37",-0.0015268
"557","ran557.hdr.38",-0.0019144
"557","ran557.hdr.39",-0.0024974
"557","ran557.hdr.4",0.000174899999999999
"557","ran557.hdr.40",0.0000184400000000002
"557","ran557.hdr.41",-0.00015038
"557","ran557.hdr.42",-0.000830000000000001
"557","ran557.hdr.43",-0.0012135
"557","ran557.hdr.44",-0.000392399999999999
"557","ran557.hdr.45",0.00035985
"557","ran557.hdr.46",0.0000388099999999998
"557","ran557.hdr.47",-0.0000781000000000011
"557","ran557.hdr.48",-0.00328849
"557","ran557.hdr.49",-0.0003893
"557","ran557.hdr.5",0.000000199999999998812
"557","ran557.hdr.50",-0.000599799999999999
"557","ran557.hdr.51",-0.00155443
"557","ran557.hdr.52",-0.000125780000000001
"557","ran557.hdr.53",-0.0010844
"557","ran557.hdr.56",0.0001806
"557","ran557.hdr.57",-0.000788199999999999
"557","ran557.hdr.58",0.000632799999999999
"557","ran557.hdr.59",-0.0072401
"557","ran557.hdr.6",-0.000708700000000001
"557","ran557.hdr.60",0.000314700000000001
"557","ran557.hdr.61",-0.0001288
"557","ran557.hdr.62",-0.0003435
"557","ran557.hdr.63",-0.000481499999999999
"557","ran557.hdr.64",0.0000888
"557","ran557.hdr.65",-0.001084
"557","ran557.hdr.66",-0.0005187
"557","ran557.hdr.67",-0.000112899999999999
"557","ran557.hdr.68",-0.0000222999999999994
"557","ran557.hdr.69",-0.000228699999999998
"557","ran557.hdr.7",-0.0014426
"557","ran557.hdr.70",-0.0002956
"557","ran557.hdr.71",0.0000365999999999995
"557","ran557.hdr.72",-0.000385099999999999
"557","ran557.hdr.73",-0.000427900000000002
"557","ran557.hdr.74",-0.000348569999999999
"557","ran557.hdr.75",-0.0013565
"557","ran557.hdr.76",0.0004966
"557","ran557.hdr.77",-0.000547499999999999
"557","ran557.hdr.78",-0.0003186
"557","ran557.hdr.8",-0.0014853
"557","ran557.hdr.9",-0.0007992
"558","ran558.hdr.1",-0.000893399999999999
"558","ran558.hdr.10",-0.0053473
"558","ran558.hdr.11",-0.000236699999999999
"558","ran558.hdr.12",-0.000358290000000001
"558","ran558.hdr.13",-0.00045021
"558","ran558.hdr.14",-0.0000232874
"558","ran558.hdr.15",0.0000338000000000005
"558","ran558.hdr.16",-0.00019689
"558","ran558.hdr.17",-0.0011386
"558","ran558.hdr.18",-0.000824699999999999
"558","ran558.hdr.19",-0.000118400000000001
"558","ran558.hdr.2",-0.0003084
"558","ran558.hdr.20",-0.00018214
"558","ran558.hdr.21",-0.0032234
"558","ran558.hdr.22",0.000114400000000001
"558","ran558.hdr.23",-0.000377500000000001
"558","ran558.hdr.24",-0.0075695
"558","ran558.hdr.25",-0.0039813
"558","ran558.hdr.26",-0.0067609
"558","ran558.hdr.27",0.00025468
"558","ran558.hdr.28",-0.00000110000000000041
"558","ran558.hdr.29",-0.00032424
"558","ran558.hdr.3",-0.00020446
"558","ran558.hdr.30",-0.000453249999999999
"558","ran558.hdr.31",-0.00069205
"558","ran558.hdr.32",-0.000777899999999998
"558","ran558.hdr.33",0.000035033
"558","ran558.hdr.34",-0.0044356
"558","ran558.hdr.35",-0.0017763
"558","ran558.hdr.36",-0.00510713
"558","ran558.hdr.37",-0.0000523299999999997
"558","ran558.hdr.38",0.000049999999999998
"558","ran558.hdr.39",-0.0017019
"558","ran558.hdr.4",0.000371
"558","ran558.hdr.40",-0.00102067
"558","ran558.hdr.41",-0.0011914
"558","ran558.hdr.42",-0.0022656
"558","ran558.hdr.43",-0.0000781000000000011
"558","ran558.hdr.44",-0.000162499999999999
"558","ran558.hdr.45",-0.00378069
"558","ran558.hdr.46",-0.00031891
"558","ran558.hdr.47",-0.0000518599999999999
"558","ran558.hdr.48",-0.000103599999999999
"558","ran558.hdr.49",-0.00022893
"558","ran558.hdr.5",0.0000686370000000001
"558","ran558.hdr.50",-0.00018122
"558","ran558.hdr.51",-0.000175700000000001
"558","ran558.hdr.52",-0.0003331
"558","ran558.hdr.53",-0.0000788000000000004
"558","ran558.hdr.54",-0.00023539
"558","ran558.hdr.55",-0.001222
"558","ran558.hdr.56",-0.000556319999999999
"558","ran558.hdr.57",-0.000617400000000001
"558","ran558.hdr.58",-0.001971
"558","ran558.hdr.59",0.0000120000000000016
"558","ran558.hdr.6",-0.000833500000000001
"558","ran558.hdr.60",-0.00039282
"558","ran558.hdr.61",-0.000485049999999999
"558","ran558.hdr.62",-0.0027675
"558","ran558.hdr.63",-0.0000736999999999995
"558","ran558.hdr.64",-0.00201164
"558","ran558.hdr.65",-0.0000400999999999995
"558","ran558.hdr.66",-0.0002854
"558","ran558.hdr.67",-0.000490300000000001
"558","ran558.hdr.68",-0.000495900000000001
"558","ran558.hdr.69",-0.0000595999999999999
"558","ran558.hdr.7",-0.0005346
"558","ran558.hdr.70",-0.000458999999999998
"558","ran558.hdr.71",-0.0017992
"558","ran558.hdr.72",-0.0016911
"558","ran558.hdr.73",-0.0014673
"558","ran558.hdr.74",-0.002875
"558","ran558.hdr.75",-0.000548699999999999
"558","ran558.hdr.76",0.000196698
"558","ran558.hdr.77",0.0000916000000000007
"558","ran558.hdr.78",-0.000384199999999999
"558","ran558.hdr.8",-0.0017939
"558","ran558.hdr.9",-0.001544
"559","ran559.hdr.1",-0.0000914000000000002
"559","ran559.hdr.10",-0.000339470000000001
"559","ran559.hdr.11",-0.0000177399999999987
"559","ran559.hdr.12",-0.000118400000000001
"559","ran559.hdr.13",-0.00018214
"559","ran559.hdr.14",-0.001482
"559","ran559.hdr.15",-0.0004534
"559","ran559.hdr.16",0.0001817
"559","ran559.hdr.17",-0.000228099999999998
"559","ran559.hdr.18",-0.00000379999999999998
"559","ran559.hdr.19",-0.000533099999999998
"559","ran559.hdr.2",-0.00017145
"559","ran559.hdr.20",-0.00158129
"559","ran559.hdr.21",-0.000288800000000001
"559","ran559.hdr.22",-0.000796499999999999
"559","ran559.hdr.23",-0.0084394
"559","ran559.hdr.24",-0.0010804
"559","ran559.hdr.25",-0.0024928
"559","ran559.hdr.26",-0.00043048
"559","ran559.hdr.27",-0.000013599999999999
"559","ran559.hdr.28",-0.0016281
"559","ran559.hdr.29",0.0000487999999999999
"559","ran559.hdr.3",-0.0021506
"559","ran559.hdr.30",-0.000232900000000001
"559","ran559.hdr.31",-0.0001338
"559","ran559.hdr.32",-0.00033577
"559","ran559.hdr.33",-0.0003193
"559","ran559.hdr.34",0.0009438
"559","ran559.hdr.35",-0.0011573
"559","ran559.hdr.36",-0.00087039
"559","ran559.hdr.37",-0.000358299999999999
"559","ran559.hdr.38",-0.000844900000000001
"559","ran559.hdr.39",-0.0006827
"559","ran559.hdr.4",0.0000184
"559","ran559.hdr.40",0.00010901
"559","ran559.hdr.41",-0.0000142300000000005
"559","ran559.hdr.42",-0.0024974
"559","ran559.hdr.43",-0.000291899999999999
"559","ran559.hdr.44",0.0000149199999999999
"559","ran559.hdr.45",-0.0004983
"559","ran559.hdr.46",-0.0003823
"559","ran559.hdr.47",-0.000743199999999999
"559","ran559.hdr.48",0.000415499999999999
"559","ran559.hdr.49",-0.0020892
"559","ran559.hdr.5",-0.000710199999999999
"559","ran559.hdr.50",0.00039509
"559","ran559.hdr.51",-0.000437399999999998
"559","ran559.hdr.52",-0.0005222
"559","ran559.hdr.53",-0.00062953
"559","ran559.hdr.54",-0.0072374
"559","ran559.hdr.55",-0.00021607
"559","ran559.hdr.56",0.00026858
"559","ran559.hdr.57",-0.000227100000000001
"559","ran559.hdr.58",-0.000253400000000001
"559","ran559.hdr.6",-0.000364800000000002
"559","ran559.hdr.60",-0.0005941
"559","ran559.hdr.61",-0.0043657
"559","ran559.hdr.62",-0.0007711
"559","ran559.hdr.63",0.000107299999999999
"559","ran559.hdr.64",-0.0010508
"559","ran559.hdr.65",-0.00040313
"559","ran559.hdr.66",NA
"559","ran559.hdr.67",-0.00036083
"559","ran559.hdr.68",-0.00005667
"559","ran559.hdr.69",-0.000914999999999999
"559","ran559.hdr.7",-0.0000950400000000011
"559","ran559.hdr.70",0.0000443000000000006
"559","ran559.hdr.71",-0.00124621
"559","ran559.hdr.72",-0.00059999
"559","ran559.hdr.73",-0.0019338
"559","ran559.hdr.74",-0.001624
"559","ran559.hdr.75",-0.0004913
"559","ran559.hdr.76",-0.0010139
"559","ran559.hdr.77",-0.0013721
"559","ran559.hdr.78",-0.000547499999999999
"559","ran559.hdr.8",-0.00065658
"559","ran559.hdr.9",-0.0015955
"560","ran560.hdr.1",-0.0010315
"560","ran560.hdr.10",-0.0000117999999999993
"560","ran560.hdr.11",-0.000539240000000002
"560","ran560.hdr.12",-0.000146299999999999
"560","ran560.hdr.13",-0.000506029999999999
"560","ran560.hdr.14",-0.00018214
"560","ran560.hdr.15",-0.0000662999999999983
"560","ran560.hdr.16",-0.0000854700000000007
"560","ran560.hdr.17",-0.0019612
"560","ran560.hdr.18",-0.0002951
"560","ran560.hdr.19",-0.0000983000000000008
"560","ran560.hdr.2",-0.000239700000000001
"560","ran560.hdr.20",-0.0010439
"560","ran560.hdr.21",-0.0039813
"560","ran560.hdr.22",-0.0035352
"560","ran560.hdr.23",-0.0007279
"560","ran560.hdr.24",-0.0002144
"560","ran560.hdr.25",-0.000042361
"560","ran560.hdr.26",-0.0011853
"560","ran560.hdr.27",0.0002261
"560","ran560.hdr.28",-0.000114
"560","ran560.hdr.29",-0.0001723
"560","ran560.hdr.3",0.000623700000000001
"560","ran560.hdr.30",-0.0006806
"560","ran560.hdr.31",-0.000418709999999999
"560","ran560.hdr.32",-0.00055601
"560","ran560.hdr.33",-0.0006335
"560","ran560.hdr.34",-0.00018017
"560","ran560.hdr.35",-0.00175568
"560","ran560.hdr.36",-0.0004084
"560","ran560.hdr.37",-0.0012737
"560","ran560.hdr.38",-0.000531400000000001
"560","ran560.hdr.39",-0.0006427
"560","ran560.hdr.4",-0.000831800000000001
"560","ran560.hdr.40",-0.000576900000000002
"560","ran560.hdr.41",-0.0000392999999999991
"560","ran560.hdr.42",-0.000757799999999999
"560","ran560.hdr.43",-0.000468900000000001
"560","ran560.hdr.44",-0.00017519
"560","ran560.hdr.45",-0.0010504
"560","ran560.hdr.46",-0.0023505
"560","ran560.hdr.47",-0.000717699999999998
"560","ran560.hdr.48",-0.0011409
"560","ran560.hdr.49",-0.000449600000000001
"560","ran560.hdr.5",-0.0033457
"560","ran560.hdr.50",-0.0021068
"560","ran560.hdr.51",-0.000107300000000001
"560","ran560.hdr.52",-0.00071791
"560","ran560.hdr.53",-0.000436799999999998
"560","ran560.hdr.54",-0.000280989999999999
"560","ran560.hdr.55",-0.000837099999999999
"560","ran560.hdr.56",-0.0135865
"560","ran560.hdr.57",-0.00011945
"560","ran560.hdr.58",-0.000578199999999999
"560","ran560.hdr.59",0.0004644
"560","ran560.hdr.6",-0.002287
"560","ran560.hdr.60",-0.000271400000000002
"560","ran560.hdr.61",-0.00016504
"560","ran560.hdr.62",-0.0004568
"560","ran560.hdr.63",-0.0016847
"560","ran560.hdr.64",-0.000256870000000001
"560","ran560.hdr.65",-0.000418799999999999
"560","ran560.hdr.66",-0.000157000000000001
"560","ran560.hdr.67",0.00030567
"560","ran560.hdr.68",-0.0006286
"560","ran560.hdr.69",-0.000198200000000001
"560","ran560.hdr.7",-0.0041351
"560","ran560.hdr.70",-0.0008746
"560","ran560.hdr.71",-0.0002688
"560","ran560.hdr.72",-0.000358600000000001
"560","ran560.hdr.73",-0.0000953799999999999
"560","ran560.hdr.74",-0.0010032
"560","ran560.hdr.75",-0.0015057
"560","ran560.hdr.76",-0.0019554
"560","ran560.hdr.77",-0.0017986
"560","ran560.hdr.78",-0.0002483
"560","ran560.hdr.8",-0.00036387
"560","ran560.hdr.9",-0.000721199999999998
"561","ran561.hdr.1",-0.0000923999999999994
"561","ran561.hdr.10",-0.000701999999999999
"561","ran561.hdr.11",-0.0010879
"561","ran561.hdr.12",-0.000446700000000001
"561","ran561.hdr.13",-0.0005371
"561","ran561.hdr.14",-0.00036672
"561","ran561.hdr.15",-0.000351200000000001
"561","ran561.hdr.16",-0.00050998
"561","ran561.hdr.17",-0.0004534
"561","ran561.hdr.18",-0.0008602
"561","ran561.hdr.19",-0.0007279
"561","ran561.hdr.2",-0.0054532
"561","ran561.hdr.20",-0.000369699999999999
"561","ran561.hdr.21",-0.0012522
"561","ran561.hdr.22",0.0003444
"561","ran561.hdr.23",0.0000222
"561","ran561.hdr.24",0.000165219999999999
"561","ran561.hdr.25",-0.0025984
"561","ran561.hdr.26",0.00029367
"561","ran561.hdr.27",-0.000191240000000001
"561","ran561.hdr.28",-0.00038817
"561","ran561.hdr.29",-0.0000683100000000002
"561","ran561.hdr.3",-0.000233200000000003
"561","ran561.hdr.30",-0.000777899999999998
"561","ran561.hdr.31",-0.000875799999999999
"561","ran561.hdr.32",-0.0000700600000000003
"561","ran561.hdr.33",-0.0005073
"561","ran561.hdr.34",0.000069399999999999
"561","ran561.hdr.35",-0.00017519
"561","ran561.hdr.36",0.000022900000000001
"561","ran561.hdr.37",0.0003309
"561","ran561.hdr.38",-0.000942499999999999
"561","ran561.hdr.39",-0.0006
"561","ran561.hdr.4",-0.00163709
"561","ran561.hdr.40",-0.00018774
"561","ran561.hdr.41",-0.00035147
"561","ran561.hdr.42",-0.000688599999999999
"561","ran561.hdr.43",0.000161399999999999
"561","ran561.hdr.44",0.000171900000000003
"561","ran561.hdr.45",-0.000846200000000002
"561","ran561.hdr.46",-0.0000828000000000009
"561","ran561.hdr.47",-0.000940400000000001
"561","ran561.hdr.48",-0.0015836
"561","ran561.hdr.49",-0.0010527
"561","ran561.hdr.5",-0.0051096
"561","ran561.hdr.50",-0.0035095
"561","ran561.hdr.51",-0.0011486
"561","ran561.hdr.52",-0.0001172
"561","ran561.hdr.53",-0.000586400000000001
"561","ran561.hdr.54",-0.000164299999999999
"561","ran561.hdr.56",-0.000392199999999999
"561","ran561.hdr.57",-0.0003581
"561","ran561.hdr.58",-0.000102700000000001
"561","ran561.hdr.59",-0.000268600000000001
"561","ran561.hdr.6",-0.0044797
"561","ran561.hdr.60",-0.0012684
"561","ran561.hdr.61",-0.000688000000000001
"561","ran561.hdr.62",-0.0000438000000000001
"561","ran561.hdr.63",-0.000975200000000001
"561","ran561.hdr.64",-0.0044594
"561","ran561.hdr.65",-0.000727199999999997
"561","ran561.hdr.66",-0.000154400000000002
"561","ran561.hdr.67",-0.000581100000000001
"561","ran561.hdr.68",-0.00056939
"561","ran561.hdr.69",-0.00048659
"561","ran561.hdr.7",-0.000461899999999998
"561","ran561.hdr.70",0.0000485999999999993
"561","ran561.hdr.71",-0.0002284
"561","ran561.hdr.72",-0.0011097
"561","ran561.hdr.73",-0.000788199999999999
"561","ran561.hdr.74",-0.00050556
"561","ran561.hdr.75",-0.000220500000000002
"561","ran561.hdr.76",-0.0032753
"561","ran561.hdr.77",-0.000676700000000002
"561","ran561.hdr.78",-0.0014117
"561","ran561.hdr.8",0.00016477
"561","ran561.hdr.9",0.00010593
"562","ran562.hdr.1",0.000152000000000003
"562","ran562.hdr.10",-0.00047386
"562","ran562.hdr.11",-0.0002415
"562","ran562.hdr.12",-0.00042711
"562","ran562.hdr.13",0.0000560300000000003
"562","ran562.hdr.14",-0.0010879
"562","ran562.hdr.15",-0.00026544
"562","ran562.hdr.16",-0.000954400000000001
"562","ran562.hdr.17",-0.0001224
"562","ran562.hdr.18",-0.0006719
"562","ran562.hdr.19",0.000681399999999999
"562","ran562.hdr.2",-0.0004693
"562","ran562.hdr.20",-0.0004347
"562","ran562.hdr.21",-0.0002947
"562","ran562.hdr.22",-0.0025625
"562","ran562.hdr.23",-0.0010173
"562","ran562.hdr.24",-0.000551599999999999
"562","ran562.hdr.25",-0.0003237
"562","ran562.hdr.26",-0.000108899999999999
"562","ran562.hdr.27",-0.00043048
"562","ran562.hdr.28",-0.000013599999999999
"562","ran562.hdr.29",-0.000177500000000001
"562","ran562.hdr.3",-0.0002675
"562","ran562.hdr.30",0.000159899999999999
"562","ran562.hdr.31",-0.0007583
"562","ran562.hdr.32",-0.00009449
"562","ran562.hdr.33",0.00019394
"562","ran562.hdr.34",-0.00028711
"562","ran562.hdr.35",-0.002134
"562","ran562.hdr.36",-0.0014502
"562","ran562.hdr.37",0.00016248
"562","ran562.hdr.38",-0.00510713
"562","ran562.hdr.39",-0.00023755
"562","ran562.hdr.4",-0.0017379
"562","ran562.hdr.40",-0.000507200000000003
"562","ran562.hdr.41",-0.000125399999999999
"562","ran562.hdr.42",-0.000390949999999999
"562","ran562.hdr.43",0.000197900000000001
"562","ran562.hdr.44",-0.000583
"562","ran562.hdr.45",-0.0007694
"562","ran562.hdr.46",-0.001478
"562","ran562.hdr.47",0.0000270999999999987
"562","ran562.hdr.48",-0.000692699999999999
"562","ran562.hdr.49",0.0000297000000000006
"562","ran562.hdr.5",-0.0010404
"562","ran562.hdr.50",-0.0021068
"562","ran562.hdr.51",0.000164419999999998
"562","ran562.hdr.52",-0.0020892
"562","ran562.hdr.53",-0.00032122
"562","ran562.hdr.54",-0.00017032
"562","ran562.hdr.55",-0.0000108999999999995
"562","ran562.hdr.56",NA
"562","ran562.hdr.57",0.00036961
"562","ran562.hdr.58",NA
"562","ran562.hdr.59",-0.0010297
"562","ran562.hdr.6",-0.0056785
"562","ran562.hdr.60",-0.0040008
"562","ran562.hdr.61",-0.0005766
"562","ran562.hdr.62",-0.0000788000000000004
"562","ran562.hdr.63",-0.0008541
"562","ran562.hdr.64",-0.001222
"562","ran562.hdr.65",-0.0021629
"562","ran562.hdr.66",-0.0002325
"562","ran562.hdr.67",-0.0001259
"562","ran562.hdr.68",-0.000014657
"562","ran562.hdr.69",-0.000124800000000001
"562","ran562.hdr.7",-0.00056552
"562","ran562.hdr.70",-0.0011892
"562","ran562.hdr.71",-0.0000573999999999991
"562","ran562.hdr.72",-0.0019411
"562","ran562.hdr.73",-0.000417899999999999
"562","ran562.hdr.74",0.0000923
"562","ran562.hdr.75",-0.000720800000000001
"562","ran562.hdr.76",-0.0006002
"562","ran562.hdr.77",-0.0007588
"562","ran562.hdr.78",-0.000802599999999999
"562","ran562.hdr.8",-0.000409400000000001
"562","ran562.hdr.9",-0.00011195
"563","ran563.hdr.1",-0.0032872
"563","ran563.hdr.10",-0.0005524
"563","ran563.hdr.11",0.0001871
"563","ran563.hdr.12",-0.00036672
"563","ran563.hdr.13",-0.0011481
"563","ran563.hdr.14",-0.0002322
"563","ran563.hdr.15",-0.0000854700000000007
"563","ran563.hdr.16",-0.0000559699999999998
"563","ran563.hdr.17",0.0000675200000000006
"563","ran563.hdr.18",-0.000233300000000002
"563","ran563.hdr.19",0.0003464
"563","ran563.hdr.2",-0.0025708
"563","ran563.hdr.20",-0.000912500000000002
"563","ran563.hdr.21",-0.0039813
"563","ran563.hdr.22",-0.0033496
"563","ran563.hdr.23",-0.00182421
"563","ran563.hdr.24",-0.0010372
"563","ran563.hdr.25",-0.000556399999999999
"563","ran563.hdr.26",-0.000371099999999999
"563","ran563.hdr.27",-0.0002792
"563","ran563.hdr.28",0.000101300000000002
"563","ran563.hdr.29",-0.0007861
"563","ran563.hdr.3",-0.0000628
"563","ran563.hdr.30",-0.0002542
"563","ran563.hdr.31",0.0000946499999999999
"563","ran563.hdr.32",-0.000429799999999999
"563","ran563.hdr.33",-0.0002614
"563","ran563.hdr.34",-0.000341280000000001
"563","ran563.hdr.35",-0.0000695499999999998
"563","ran563.hdr.36",-0.000453249999999999
"563","ran563.hdr.37",-0.0017024
"563","ran563.hdr.38",-0.0017371
"563","ran563.hdr.39",0.000000420200000000003
"563","ran563.hdr.4",-0.005769
"563","ran563.hdr.40",-0.0011573
"563","ran563.hdr.41",0.0006888
"563","ran563.hdr.42",-0.000558599999999999
"563","ran563.hdr.43",-0.00017414
"563","ran563.hdr.44",-0.0000572999999999997
"563","ran563.hdr.45",-0.0018642
"563","ran563.hdr.46",-0.000846200000000002
"563","ran563.hdr.47",0.000250999999999999
"563","ran563.hdr.48",-0.000436799999999998
"563","ran563.hdr.49",-0.000294639999999999
"563","ran563.hdr.5",-0.00259746
"563","ran563.hdr.50",-0.000713800000000001
"563","ran563.hdr.51",-0.000473700000000001
"563","ran563.hdr.52",-0.0001486
"563","ran563.hdr.53",-0.00074359
"563","ran563.hdr.54",-0.0010927
"563","ran563.hdr.55",-0.0009605
"563","ran563.hdr.56",-0.000842700000000002
"563","ran563.hdr.57",-0.000599799999999999
"563","ran563.hdr.58",0.0001654
"563","ran563.hdr.59",0.00013157
"563","ran563.hdr.6",-0.0078616
"563","ran563.hdr.60",-0.0006896
"563","ran563.hdr.61",-0.0010313
"563","ran563.hdr.63",-0.0021629
"563","ran563.hdr.64",0.0000303000000000005
"563","ran563.hdr.65",-0.000350800000000002
"563","ran563.hdr.66",0.000376700000000001
"563","ran563.hdr.67",-0.0035597
"563","ran563.hdr.68",0.0004037
"563","ran563.hdr.69",-0.0010828
"563","ran563.hdr.7",-0.0005302
"563","ran563.hdr.70",-0.001831
"563","ran563.hdr.71",-0.0023424
"563","ran563.hdr.72",0.00000899999999999859
"563","ran563.hdr.73",0.0000759199999999993
"563","ran563.hdr.74",-0.000596000000000003
"563","ran563.hdr.75",-0.000890599999999998
"563","ran563.hdr.76",-0.0002583
"563","ran563.hdr.77",-0.0032753
"563","ran563.hdr.78",-0.0006941
"563","ran563.hdr.8",-0.00024357
"563","ran563.hdr.9",-0.00024783
"564","ran564.hdr.1",-0.0014785
"564","ran564.hdr.10",0.000443500000000001
"564","ran564.hdr.11",-0.0027476
"564","ran564.hdr.12",-0.00136
"564","ran564.hdr.13",-0.0061766
"564","ran564.hdr.14",-0.0048952
"564","ran564.hdr.15",-0.00110477
"564","ran564.hdr.16",-0.000374649999999999
"564","ran564.hdr.17",-0.000392959999999999
"564","ran564.hdr.18",0.0000692099999999997
"564","ran564.hdr.19",-0.000721199999999998
"564","ran564.hdr.2",-0.00040682
"564","ran564.hdr.20",-0.000399699999999999
"564","ran564.hdr.21",-0.0002471
"564","ran564.hdr.22",-0.000547299999999997
"564","ran564.hdr.23",-0.000168099999999999
"564","ran564.hdr.24",-0.0008974
"564","ran564.hdr.25",-0.000397499999999999
"564","ran564.hdr.26",-0.0007122
"564","ran564.hdr.27",-0.0000709000000000005
"564","ran564.hdr.28",-0.0000717800000000005
"564","ran564.hdr.29",-0.000347700000000001
"564","ran564.hdr.3",-0.00014939
"564","ran564.hdr.30",-0.0006201
"564","ran564.hdr.31",0.00018248
"564","ran564.hdr.32",-0.0025984
"564","ran564.hdr.33",-0.00046126
"564","ran564.hdr.34",0.0000230000000000022
"564","ran564.hdr.35",-0.00022865
"564","ran564.hdr.36",-0.00023903
"564","ran564.hdr.37",-0.00020409
"564","ran564.hdr.38",-0.0009151
"564","ran564.hdr.39",0.0004048
"564","ran564.hdr.4",0.000371
"564","ran564.hdr.40",-0.000712399999999998
"564","ran564.hdr.41",-0.0057768
"564","ran564.hdr.42",-0.000348000000000001
"564","ran564.hdr.43",-0.0005059
"564","ran564.hdr.44",-0.000392100000000001
"564","ran564.hdr.45",-0.000530699999999999
"564","ran564.hdr.46",0.0005094
"564","ran564.hdr.47",-0.0001145
"564","ran564.hdr.48",-0.000217700000000001
"564","ran564.hdr.49",-0.000114100000000002
"564","ran564.hdr.5",-0.000220599999999998
"564","ran564.hdr.50",-0.0000614999999999991
"564","ran564.hdr.51",-0.0001466
"564","ran564.hdr.52",-0.0002082
"564","ran564.hdr.53",-0.0000979000000000015
"564","ran564.hdr.54",-0.00017999
"564","ran564.hdr.55",0.000117100000000002
"564","ran564.hdr.56",0.0000506700000000001
"564","ran564.hdr.57",-0.000842700000000002
"564","ran564.hdr.58",-0.0004831
"564","ran564.hdr.59",-0.00384145
"564","ran564.hdr.6",-0.000239700000000001
"564","ran564.hdr.60",0.00013649
"564","ran564.hdr.61",-0.000217699999999999
"564","ran564.hdr.62",0.000194639999999999
"564","ran564.hdr.63",-0.000934999999999998
"564","ran564.hdr.64",-0.000247399999999998
"564","ran564.hdr.65",-0.000406799999999999
"564","ran564.hdr.66",-0.00044082
"564","ran564.hdr.67",-0.0021629
"564","ran564.hdr.68",-0.000775399999999999
"564","ran564.hdr.69",-0.0013776
"564","ran564.hdr.7",-0.000103800000000001
"564","ran564.hdr.70",-0.000681889999999999
"564","ran564.hdr.71",-0.0039875
"564","ran564.hdr.72",-0.0007215
"564","ran564.hdr.73",-0.0043812
"564","ran564.hdr.74",-0.0001367
"564","ran564.hdr.75",-0.0009037
"564","ran564.hdr.76",-0.0027169
"564","ran564.hdr.77",-0.000299900000000001
"564","ran564.hdr.78",-0.0010537
"564","ran564.hdr.8",-0.0014426
"564","ran564.hdr.9",-0.0008068
"565","ran565.hdr.1",-0.00100715
"565","ran565.hdr.10",-0.000351200000000001
"565","ran565.hdr.11",-0.000119060000000001
"565","ran565.hdr.12",-0.0000736000000000001
"565","ran565.hdr.13",-0.000732
"565","ran565.hdr.14",-0.00049628
"565","ran565.hdr.15",-0.0017655
"565","ran565.hdr.16",-0.000438299999999999
"565","ran565.hdr.17",-0.000228799999999999
"565","ran565.hdr.18",-0.0003961
"565","ran565.hdr.19",0.000232039999999999
"565","ran565.hdr.2",-0.000443959999999998
"565","ran565.hdr.20",-0.0002792
"565","ran565.hdr.21",-0.0000783900000000002
"565","ran565.hdr.22",0.0001919
"565","ran565.hdr.23",-0.000232900000000001
"565","ran565.hdr.24",0.0000686800000000007
"565","ran565.hdr.25",-0.000541900000000001
"565","ran565.hdr.26",-0.0003079
"565","ran565.hdr.27",-0.0000683100000000002
"565","ran565.hdr.28",-0.000093300000000001
"565","ran565.hdr.29",0.0006037
"565","ran565.hdr.3",-0.0043666
"565","ran565.hdr.30",-0.001677
"565","ran565.hdr.31",-0.000962000000000001
"565","ran565.hdr.32",0.0003032
"565","ran565.hdr.33",-0.0017371
"565","ran565.hdr.34",-0.0005219
"565","ran565.hdr.35",-0.000804199999999998
"565","ran565.hdr.36",-0.000883700000000001
"565","ran565.hdr.37",-0.0004972
"565","ran565.hdr.38",-0.00028523
"565","ran565.hdr.39",-0.000975
"565","ran565.hdr.4",0.00011923
"565","ran565.hdr.40",0.000104199999999999
"565","ran565.hdr.41",-0.0015749
"565","ran565.hdr.42",-0.0008214
"565","ran565.hdr.43",-0.00019346
"565","ran565.hdr.44",-0.00021698
"565","ran565.hdr.45",-0.0000363999999999989
"565","ran565.hdr.46",-0.0005042
"565","ran565.hdr.47",-0.00022903
"565","ran565.hdr.48",-0.0010313
"565","ran565.hdr.49",-0.000796399999999999
"565","ran565.hdr.5",-0.00017375
"565","ran565.hdr.50",-0.000410299999999999
"565","ran565.hdr.52",-0.000492100000000002
"565","ran565.hdr.53",-0.000253200000000002
"565","ran565.hdr.54",-0.00023275
"565","ran565.hdr.55",-0.000203699999999999
"565","ran565.hdr.56",-0.000602269999999999
"565","ran565.hdr.57",-0.000139299999999998
"565","ran565.hdr.58",-0.000824100000000001
"565","ran565.hdr.59",0.000425700000000001
"565","ran565.hdr.6",-0.0035262
"565","ran565.hdr.60",0.00065872
"565","ran565.hdr.61",-0.000763170000000001
"565","ran565.hdr.62",-0.0012438
"565","ran565.hdr.63",-0.011466
"565","ran565.hdr.64",0.000166699999999999
"565","ran565.hdr.65",-0.0035597
"565","ran565.hdr.66",-0.000164200000000001
"565","ran565.hdr.67",0.0004268
"565","ran565.hdr.68",-0.0096339
"565","ran565.hdr.69",-0.000168699999999999
"565","ran565.hdr.7",-0.00031262
"565","ran565.hdr.70",-0.000316540000000001
"565","ran565.hdr.71",NA
"565","ran565.hdr.72",0.0000233799999999999
"565","ran565.hdr.73",-0.0009751
"565","ran565.hdr.74",-0.0011097
"565","ran565.hdr.75",-0.0011354
"565","ran565.hdr.76",-0.0014027
"565","ran565.hdr.77",-0.0022335
"565","ran565.hdr.78",0.00071471
"565","ran565.hdr.8",-0.000414400000000001
"565","ran565.hdr.9",0.0000112099999999993
"566","ran566.hdr.1",-0.000195000000000001
"566","ran566.hdr.10",-0.000223299999999999
"566","ran566.hdr.11",-0.000349700000000001
"566","ran566.hdr.12",-0.0003155
"566","ran566.hdr.13",-0.00137783
"566","ran566.hdr.14",-0.00129969
"566","ran566.hdr.15",-0.00014962
"566","ran566.hdr.16",-0.000118400000000001
"566","ran566.hdr.17",-0.0000649700000000001
"566","ran566.hdr.18",-0.000570900000000003
"566","ran566.hdr.19",-0.0000387000000000009
"566","ran566.hdr.2",-0.00100715
"566","ran566.hdr.20",-0.000130699999999999
"566","ran566.hdr.21",-0.0013108
"566","ran566.hdr.22",-0.0001083
"566","ran566.hdr.23",-0.0016952
"566","ran566.hdr.24",-0.0016862
"566","ran566.hdr.25",-0.000598599999999998
"566","ran566.hdr.26",0.00000603000000000062
"566","ran566.hdr.27",-0.000890400000000001
"566","ran566.hdr.28",-0.0014725
"566","ran566.hdr.29",-0.00033013
"566","ran566.hdr.3",0.000507800000000001
"566","ran566.hdr.30",0.0000111
"566","ran566.hdr.31",0.00019619
"566","ran566.hdr.32",-0.000310299999999999
"566","ran566.hdr.33",-0.0038148
"566","ran566.hdr.34",-0.000106800000000001
"566","ran566.hdr.35",-0.0000696199999999994
"566","ran566.hdr.36",-0.0010093
"566","ran566.hdr.37",-0.0030608
"566","ran566.hdr.38",-0.0000631999999999994
"566","ran566.hdr.39",-0.0007055
"566","ran566.hdr.4",-0.000621999999999998
"566","ran566.hdr.40",0.000237399999999999
"566","ran566.hdr.41",-0.0014927
"566","ran566.hdr.42",0.000715
"566","ran566.hdr.43",-0.00112666
"566","ran566.hdr.44",-0.0005804
"566","ran566.hdr.45",-0.0011563
"566","ran566.hdr.46",0.0003695
"566","ran566.hdr.47",-0.0000446000000000005
"566","ran566.hdr.48",-0.000452599999999999
"566","ran566.hdr.49",0.0010891
"566","ran566.hdr.5",-0.0008313
"566","ran566.hdr.50",-0.000107300000000001
"566","ran566.hdr.51",-0.00005857
"566","ran566.hdr.52",-0.000749
"566","ran566.hdr.53",-0.000180100000000001
"566","ran566.hdr.54",0.0000281999999999999
"566","ran566.hdr.55",-0.0006896
"566","ran566.hdr.56",-0.0010313
"566","ran566.hdr.59",0.0001806
"566","ran566.hdr.6",-0.0000253999999999983
"566","ran566.hdr.60",0.000223899999999999
"566","ran566.hdr.61",-0.000684499999999998
"566","ran566.hdr.62",-0.00133806
"566","ran566.hdr.63",-0.001222
"566","ran566.hdr.64",-0.0019575
"566","ran566.hdr.65",0.0000897999999999993
"566","ran566.hdr.66",-0.00019203
"566","ran566.hdr.67",-0.000674876
"566","ran566.hdr.68",-0.0008768
"566","ran566.hdr.69",-0.00063214
"566","ran566.hdr.7",-0.0054452
"566","ran566.hdr.70",0.00024885
"566","ran566.hdr.71",-0.0013741
"566","ran566.hdr.72",-0.000179259999999999
"566","ran566.hdr.73",-0.0019926
"566","ran566.hdr.74",-0.000535300000000002
"566","ran566.hdr.75",-0.0015886
"566","ran566.hdr.76",-0.004726
"566","ran566.hdr.77",-0.0015057
"566","ran566.hdr.78",-0.00028371
"566","ran566.hdr.8",-0.0037447
"566","ran566.hdr.9",-0.00056426
"567","ran567.hdr.1",-0.000115250000000001
"567","ran567.hdr.10",-0.0004966
"567","ran567.hdr.11",-0.000128
"567","ran567.hdr.12",0.0000928000000000005
"567","ran567.hdr.13",-0.0000293999999999989
"567","ran567.hdr.14",0.00017809
"567","ran567.hdr.15",-0.0002854
"567","ran567.hdr.16",-0.000198540000000001
"567","ran567.hdr.17",-0.000808199999999999
"567","ran567.hdr.18",0.0000449828
"567","ran567.hdr.19",0.0000612500000000005
"567","ran567.hdr.2",0.0002985
"567","ran567.hdr.20",-0.0003061
"567","ran567.hdr.21",-0.000867099999999999
"567","ran567.hdr.22",-0.000142999999999997
"567","ran567.hdr.23",-0.000611500000000001
"567","ran567.hdr.24",0.0003538
"567","ran567.hdr.25",-0.00032068
"567","ran567.hdr.26",-0.0001723
"567","ran567.hdr.27",-0.000327499999999998
"567","ran567.hdr.28",-0.0006335
"567","ran567.hdr.29",-0.000280899999999999
"567","ran567.hdr.3",-0.0001058
"567","ran567.hdr.30",-0.00044134
"567","ran567.hdr.31",-0.00014131
"567","ran567.hdr.32",-0.00665937
"567","ran567.hdr.33",-0.00510713
"567","ran567.hdr.34",-0.0018962
"567","ran567.hdr.35",-0.00013927
"567","ran567.hdr.36",-0.000480400000000001
"567","ran567.hdr.37",NA
"567","ran567.hdr.38",NA
"567","ran567.hdr.39",0.0014353
"567","ran567.hdr.4",-0.0023191
"567","ran567.hdr.40",-0.0013524
"567","ran567.hdr.41",-0.0000457900000000004
"567","ran567.hdr.42",-0.0004983
"567","ran567.hdr.43",-0.0006786
"567","ran567.hdr.44",-0.00057255
"567","ran567.hdr.45",-0.0012169
"567","ran567.hdr.46",-0.000034158
"567","ran567.hdr.47",-0.0000583999999999984
"567","ran567.hdr.48",-0.0000328000000000004
"567","ran567.hdr.49",-0.000560139999999999
"567","ran567.hdr.5",-0.0019788
"567","ran567.hdr.50",-0.00035325
"567","ran567.hdr.51",-0.000270000000000001
"567","ran567.hdr.52",0.0000613000000000002
"567","ran567.hdr.53",-0.000058840000000001
"567","ran567.hdr.54",0.0000521000000000002
"567","ran567.hdr.55",-0.0013817
"567","ran567.hdr.56",-0.001074
"567","ran567.hdr.58",0.000351000000000001
"567","ran567.hdr.59",0.0001308
"567","ran567.hdr.6",0.0000508000000000002
"567","ran567.hdr.60",-0.0003461
"567","ran567.hdr.61",-0.0011457
"567","ran567.hdr.62",0.000127700000000001
"567","ran567.hdr.63",-0.000348800000000002
"567","ran567.hdr.64",-0.000328449999999999
"567","ran567.hdr.65",-0.0002646
"567","ran567.hdr.66",-0.0024046
"567","ran567.hdr.67",0.00000899999999999859
"567","ran567.hdr.68",-0.0001329
"567","ran567.hdr.69",-0.0001367
"567","ran567.hdr.7",-0.0000556999999999988
"567","ran567.hdr.70",-0.00038061
"567","ran567.hdr.71",-0.0010769
"567","ran567.hdr.72",-0.000933900000000001
"567","ran567.hdr.73",-0.00233944
"567","ran567.hdr.74",-0.0064447
"567","ran567.hdr.75",-0.000365799999999999
"567","ran567.hdr.76",-0.0006976
"567","ran567.hdr.77",-0.0007595
"567","ran567.hdr.78",-0.00027955
"567","ran567.hdr.8",-0.00062661
"567","ran567.hdr.9",-0.00023812
"568","ran568.hdr.1",0.000146800000000001
"568","ran568.hdr.10",-0.001546
"568","ran568.hdr.11",-0.00093515
"568","ran568.hdr.12",-0.000808199999999999
"568","ran568.hdr.13",0.000113579999999999
"568","ran568.hdr.14",0.000565900000000001
"568","ran568.hdr.15",-0.0000950400000000011
"568","ran568.hdr.16",-0.000168399999999999
"568","ran568.hdr.17",0.000849300000000001
"568","ran568.hdr.18",-0.0012819
"568","ran568.hdr.19",-0.0016769
"568","ran568.hdr.2",0.000000199999999998812
"568","ran568.hdr.20",-0.0001574
"568","ran568.hdr.21",-0.0012188
"568","ran568.hdr.22",-0.0014725
"568","ran568.hdr.23",-0.000249299999999999
"568","ran568.hdr.24",-0.00026379
"568","ran568.hdr.25",-0.00018774
"568","ran568.hdr.26",-0.000297
"568","ran568.hdr.27",-0.0028198
"568","ran568.hdr.28",0.00039719
"568","ran568.hdr.29",0.0000914069999999999
"568","ran568.hdr.3",-0.0025708
"568","ran568.hdr.30",-0.00016097
"568","ran568.hdr.31",-0.000468900000000001
"568","ran568.hdr.32",-0.0008168
"568","ran568.hdr.33",-0.0012186
"568","ran568.hdr.34",-0.000307
"568","ran568.hdr.35",-0.0015749
"568","ran568.hdr.36",-0.0022116
"568","ran568.hdr.37",-0.0003823
"568","ran568.hdr.38",-0.0033085
"568","ran568.hdr.39",-0.0018642
"568","ran568.hdr.4",-0.000443959999999998
"568","ran568.hdr.40",0.000295299999999998
"568","ran568.hdr.41",0.000559199999999999
"568","ran568.hdr.42",0.0004708
"568","ran568.hdr.43",-0.0005222
"568","ran568.hdr.44",0.00044059
"568","ran568.hdr.45",-0.0010527
"568","ran568.hdr.46",-0.000343609999999999
"568","ran568.hdr.47",-0.000749
"568","ran568.hdr.48",-0.0001382
"568","ran568.hdr.49",-0.0004384
"568","ran568.hdr.5",0.0000486999999999987
"568","ran568.hdr.50",-0.0016606
"568","ran568.hdr.51",-0.00055
"568","ran568.hdr.52",-0.0046284
"568","ran568.hdr.53",-0.00048754
"568","ran568.hdr.54",0.00039781
"568","ran568.hdr.55",-0.000102700000000001
"568","ran568.hdr.56",-0.0012684
"568","ran568.hdr.57",-0.000425699999999999
"568","ran568.hdr.58",-0.0073105
"568","ran568.hdr.59",0.000768969999999999
"568","ran568.hdr.6",-0.000226799999999999
"568","ran568.hdr.60",-0.000556319999999999
"568","ran568.hdr.61",-0.0003461
"568","ran568.hdr.62",-0.0000348999999999992
"568","ran568.hdr.63",-0.000420499999999999
"568","ran568.hdr.64",-0.0013204
"568","ran568.hdr.65",-0.0005082
"568","ran568.hdr.66",-0.00203165
"568","ran568.hdr.67",-0.000336700000000001
"568","ran568.hdr.68",-0.0012137
"568","ran568.hdr.69",-0.0007229
"568","ran568.hdr.7",-0.001681
"568","ran568.hdr.70",-0.000788199999999999
"568","ran568.hdr.71",-0.0022821
"568","ran568.hdr.72",-0.000766199999999998
"568","ran568.hdr.73",-0.0010537
"568","ran568.hdr.74",-0.0008628
"568","ran568.hdr.75",-0.004726
"568","ran568.hdr.76",-0.000498099999999998
"568","ran568.hdr.77",-0.0002483
"568","ran568.hdr.78",-0.0006941
"568","ran568.hdr.8",-0.01685291
"568","ran568.hdr.9",-0.0026706
"569","ran569.hdr.1",-0.000272339999999999
"569","ran569.hdr.10",-0.00012632
"569","ran569.hdr.11",-0.0023044
"569","ran569.hdr.12",-0.000434459999999999
"569","ran569.hdr.13",-0.000988359999999999
"569","ran569.hdr.14",-0.0003742
"569","ran569.hdr.15",-0.000181939999999999
"569","ran569.hdr.16",-0.0015139
"569","ran569.hdr.17",0.00032532
"569","ran569.hdr.18",-0.00049628
"569","ran569.hdr.19",-0.0001083
"569","ran569.hdr.2",-0.000180000000000003
"569","ran569.hdr.20",0.00000329999999999948
"569","ran569.hdr.21",-0.0025867
"569","ran569.hdr.22",-0.000257510000000001
"569","ran569.hdr.23",-0.0002991
"569","ran569.hdr.24",-0.00005407
"569","ran569.hdr.25",-0.000311800000000001
"569","ran569.hdr.26",-0.0016281
"569","ran569.hdr.27",-0.0002538
"569","ran569.hdr.28",-0.00044134
"569","ran569.hdr.29",-0.00665937
"569","ran569.hdr.3",-0.0053867
"569","ran569.hdr.30",-0.000348000000000001
"569","ran569.hdr.31",-0.000804199999999998
"569","ran569.hdr.32",-0.0000747000000000005
"569","ran569.hdr.33",-0.0000071997
"569","ran569.hdr.34",NA
"569","ran569.hdr.35",-0.000352100000000001
"569","ran569.hdr.36",-0.000491499999999999
"569","ran569.hdr.37",0.0000373000000000005
"569","ran569.hdr.38",-0.00081
"569","ran569.hdr.39",-0.0000449999999999999
"569","ran569.hdr.4",-0.0003189
"569","ran569.hdr.40",-0.0000446000000000005
"569","ran569.hdr.41",0.000202000000000001
"569","ran569.hdr.42",-0.0034509
"569","ran569.hdr.43",0.0003426
"569","ran569.hdr.44",-0.0000856099999999999
"569","ran569.hdr.45",-0.0030547
"569","ran569.hdr.46",-0.0049532
"569","ran569.hdr.47",-0.0112283
"569","ran569.hdr.48",-0.00025008
"569","ran569.hdr.49",0.0000198999999999998
"569","ran569.hdr.5",-0.0013522
"569","ran569.hdr.50",-0.0010297
"569","ran569.hdr.51",-0.0000501999999999994
"569","ran569.hdr.52",-0.001074
"569","ran569.hdr.54",-0.000203699999999999
"569","ran569.hdr.55",-0.000684499999999998
"569","ran569.hdr.56",-0.000763170000000001
"569","ran569.hdr.57",-0.0010347
"569","ran569.hdr.58",-0.0180869
"569","ran569.hdr.59",-0.0033292
"569","ran569.hdr.6",-0.00025102
"569","ran569.hdr.60",-0.00017847
"569","ran569.hdr.61",-0.000850799999999999
"569","ran569.hdr.62",-0.000681889999999999
"569","ran569.hdr.63",-0.0000376999999999999
"569","ran569.hdr.64",-0.0028229
"569","ran569.hdr.65",-0.000179800000000001
"569","ran569.hdr.66",-0.0037006
"569","ran569.hdr.67",-0.000290670000000001
"569","ran569.hdr.68",-0.0010023
"569","ran569.hdr.69",0.0001677
"569","ran569.hdr.7",-0.000204500000000002
"569","ran569.hdr.70",0.0003265
"569","ran569.hdr.71",-0.0003563
"569","ran569.hdr.72",-0.0027169
"569","ran569.hdr.73",-0.0007951
"569","ran569.hdr.74",-0.0016949
"569","ran569.hdr.75",-0.00444969
"569","ran569.hdr.76",-0.0015057
"569","ran569.hdr.77",-0.0006976
"569","ran569.hdr.78",0.000357119999999999
"569","ran569.hdr.8",-0.000979900000000001
"569","ran569.hdr.9",-0.000301300000000001
"570","ran570.hdr.1",-0.00040682
"570","ran570.hdr.10",-0.0027056
"570","ran570.hdr.11",-0.01280031
"570","ran570.hdr.12",-0.0037449
"570","ran570.hdr.13",-0.0034399
"570","ran570.hdr.14",-0.0039147
"570","ran570.hdr.15",0.000156300000000002
"570","ran570.hdr.16",-0.0005302
"570","ran570.hdr.17",-0.0000904399999999989
"570","ran570.hdr.18",0.00000281999999999887
"570","ran570.hdr.19",-0.000399699999999999
"570","ran570.hdr.2",-0.0026949
"570","ran570.hdr.20",-0.0000309000000000004
"570","ran570.hdr.21",-0.0013108
"570","ran570.hdr.22",-0.0011619
"570","ran570.hdr.23",-0.0009639
"570","ran570.hdr.24",0.00000735000000000015
"570","ran570.hdr.25",-0.000581499999999999
"570","ran570.hdr.26",-0.000846699999999999
"570","ran570.hdr.27",0.0000328100000000012
"570","ran570.hdr.28",-0.00007594
"570","ran570.hdr.29",-0.0004121
"570","ran570.hdr.3",-0.0015948
"570","ran570.hdr.30",-0.0000777700000000004
"570","ran570.hdr.31",-0.000303699999999999
"570","ran570.hdr.32",-0.0000626000000000012
"570","ran570.hdr.33",-0.000148799999999999
"570","ran570.hdr.34",-0.000243760000000001
"570","ran570.hdr.35",0.0000772100000000012
"570","ran570.hdr.36",-0.0019666
"570","ran570.hdr.37",-0.000777200000000002
"570","ran570.hdr.38",-0.000533599999999999
"570","ran570.hdr.39",-0.00620406
"570","ran570.hdr.4",-0.000637000000000002
"570","ran570.hdr.40",-0.0005558
"570","ran570.hdr.41",-0.000757799999999999
"570","ran570.hdr.42",0.0001668
"570","ran570.hdr.43",-0.0002538
"570","ran570.hdr.44",0.0001554
"570","ran570.hdr.45",-0.000464300000000001
"570","ran570.hdr.46",-0.0026491
"570","ran570.hdr.47",0.0004962
"570","ran570.hdr.48",-0.000569200000000002
"570","ran570.hdr.49",-0.0076935
"570","ran570.hdr.5",-0.0000923999999999994
"570","ran570.hdr.50",0.0000667786
"570","ran570.hdr.51",-0.0015836
"570","ran570.hdr.52",-0.000129839
"570","ran570.hdr.53",0.00000739999999999942
"570","ran570.hdr.54",-0.0019361
"570","ran570.hdr.55",-0.01768098
"570","ran570.hdr.56",-0.0006619
"570","ran570.hdr.57",-0.00016562
"570","ran570.hdr.58",-0.0021164
"570","ran570.hdr.59",0.0014401
"570","ran570.hdr.6",-0.0000914000000000002
"570","ran570.hdr.60",-0.00035154
"570","ran570.hdr.61",0.00006295
"570","ran570.hdr.64",-0.000753399999999998
"570","ran570.hdr.65",-0.00685775
"570","ran570.hdr.66",0.000314700000000001
"570","ran570.hdr.67",-0.00031509
"570","ran570.hdr.68",-0.001084
"570","ran570.hdr.69",-0.00599312
"570","ran570.hdr.7",-0.0016682
"570","ran570.hdr.70",-0.000889800000000001
"570","ran570.hdr.71",-0.000401100000000001
"570","ran570.hdr.72",-0.0010769
"570","ran570.hdr.73",0.000001921
"570","ran570.hdr.74",0.0000450999999999993
"570","ran570.hdr.75",-0.0007229
"570","ran570.hdr.76",-0.000688999999999999
"570","ran570.hdr.77",-0.0008628
"570","ran570.hdr.78",0.000226799999999999
"570","ran570.hdr.8",-0.0004825
"570","ran570.hdr.9",-0.000160799999999999
"571","ran571.hdr.1",-0.0006941
"571","ran571.hdr.10",-0.00061751
"571","ran571.hdr.11",-0.00035428
"571","ran571.hdr.12",-0.002734
"571","ran571.hdr.13",-0.000847199999999999
"571","ran571.hdr.14",-0.000765599999999998
"571","ran571.hdr.15",0.0001549743
"571","ran571.hdr.16",-0.001076
"571","ran571.hdr.17",-0.000458800000000001
"571","ran571.hdr.18",-0.00034293
"571","ran571.hdr.19",-0.000177500000000001
"571","ran571.hdr.2",-0.0021526
"571","ran571.hdr.20",-0.000468900000000001
"571","ran571.hdr.21",-0.0005877
"571","ran571.hdr.22",-0.00024082
"571","ran571.hdr.23",-0.0012418
"571","ran571.hdr.24",-0.0008652
"571","ran571.hdr.25",-0.00784713
"571","ran571.hdr.26",-0.0001799
"571","ran571.hdr.27",-0.00198339
"571","ran571.hdr.28",-0.0014502
"571","ran571.hdr.29",-0.0008564
"571","ran571.hdr.3",-0.0032486
"571","ran571.hdr.30",0.000271899999999999
"571","ran571.hdr.31",-0.000968999999999999
"571","ran571.hdr.32",-0.0000700600000000003
"571","ran571.hdr.33",-0.00046567
"571","ran571.hdr.34",-0.0019144
"571","ran571.hdr.35",-0.000281700000000001
"571","ran571.hdr.36",-0.00070169
"571","ran571.hdr.37",0.000272029999999999
"571","ran571.hdr.38",-0.000510400000000001
"571","ran571.hdr.39",0.0000757000000000015
"571","ran571.hdr.4",-0.0056027
"571","ran571.hdr.40",-0.00030301
"571","ran571.hdr.41",0.0002453
"571","ran571.hdr.42",0.000262999999999999
"571","ran571.hdr.43",-0.00102067
"571","ran571.hdr.44",-0.000306899999999999
"571","ran571.hdr.45",-0.000360099999999999
"571","ran571.hdr.46",-0.0033085
"571","ran571.hdr.47",-0.0017191
"571","ran571.hdr.48",-0.0024639
"571","ran571.hdr.49",-0.0001647
"571","ran571.hdr.5",-0.000585499999999999
"571","ran571.hdr.50",-0.000773900000000001
"571","ran571.hdr.51",-0.000442600000000001
"571","ran571.hdr.52",-0.00045368
"571","ran571.hdr.53",-0.0013645
"571","ran571.hdr.54",0.0000179800000000003
"571","ran571.hdr.55",-0.0002419
"571","ran571.hdr.57",0.000090208
"571","ran571.hdr.58",-0.00012652
"571","ran571.hdr.59",-0.0000146999999999994
"571","ran571.hdr.6",-0.00033059
"571","ran571.hdr.60",-0.012746
"571","ran571.hdr.61",-0.0003826
"571","ran571.hdr.62",-0.00000239999999999962
"571","ran571.hdr.63",0.000246699999999999
"571","ran571.hdr.64",-0.00048136
"571","ran571.hdr.65",-0.0010828
"571","ran571.hdr.66",-0.0037906
"571","ran571.hdr.67",0.0000759199999999993
"571","ran571.hdr.68",-0.0012677
"571","ran571.hdr.69",-0.000596000000000003
"571","ran571.hdr.7",-0.0008936
"571","ran571.hdr.70",-0.000407100000000001
"571","ran571.hdr.71",-0.000853100000000002
"571","ran571.hdr.72",-0.000228699999999998
"571","ran571.hdr.73",-0.000554200000000001
"571","ran571.hdr.74",-0.0005561
"571","ran571.hdr.75",-0.0004913
"571","ran571.hdr.76",-0.0010666
"571","ran571.hdr.77",-0.0003186
"571","ran571.hdr.78",-0.0015052
"571","ran571.hdr.8",-0.0000713600000000003
"571","ran571.hdr.9",-0.0005371
"572","ran572.hdr.1",-0.0009493
"572","ran572.hdr.10",-0.00013877
"572","ran572.hdr.11",-0.000994360000000001
"572","ran572.hdr.12",-0.0019612
"572","ran572.hdr.13",-0.000934500000000001
"572","ran572.hdr.14",NA
"572","ran572.hdr.15",-0.0017655
"572","ran572.hdr.16",-0.00020244
"572","ran572.hdr.17",-0.00031687
"572","ran572.hdr.18",-0.0007861
"572","ran572.hdr.19",-0.00014915
"572","ran572.hdr.2",NA
"572","ran572.hdr.20",-0.00022216
"572","ran572.hdr.21",0.0000141299999999994
"572","ran572.hdr.22",-0.0012418
"572","ran572.hdr.23",0.0000948100000000007
"572","ran572.hdr.24",-0.0010144
"572","ran572.hdr.25",-0.0010452
"572","ran572.hdr.26",-0.0002396
"572","ran572.hdr.27",-0.0000311499999999989
"572","ran572.hdr.28",-0.000968999999999999
"572","ran572.hdr.29",0.00002453
"572","ran572.hdr.3",-0.0038016
"572","ran572.hdr.30",-0.0019144
"572","ran572.hdr.31",-0.0003861
"572","ran572.hdr.32",-0.00031298
"572","ran572.hdr.33",-0.0006558
"572","ran572.hdr.34",0.0000201899999999998
"572","ran572.hdr.35",-0.000472420000000001
"572","ran572.hdr.36",-0.00053977
"572","ran572.hdr.37",-0.000505799999999999
"572","ran572.hdr.38",-0.0001264
"572","ran572.hdr.39",-0.0014594
"572","ran572.hdr.4",-0.000405638
"572","ran572.hdr.40",-0.0000333999999999994
"572","ran572.hdr.41",-0.001739
"572","ran572.hdr.42",0.000207200000000001
"572","ran572.hdr.43",-0.0002082
"572","ran572.hdr.44",-0.002897
"572","ran572.hdr.45",-0.0003459
"572","ran572.hdr.46",-0.000404599999999998
"572","ran572.hdr.47",-0.000435700000000001
"572","ran572.hdr.48",-0.0001647
"572","ran572.hdr.49",-0.01768098
"572","ran572.hdr.5",-0.001099
"572","ran572.hdr.50",-0.00013051
"572","ran572.hdr.51",-0.0000996799999999996
"572","ran572.hdr.52",0.0000556099999999993
"572","ran572.hdr.53",-0.000492100000000002
"572","ran572.hdr.54",-0.0007846
"572","ran572.hdr.55",-0.0000202999999999991
"572","ran572.hdr.56",-0.000728099999999999
"572","ran572.hdr.57",-0.000684499999999998
"572","ran572.hdr.58",0.0000782999999999999
"572","ran572.hdr.59",-0.000290100000000001
"572","ran572.hdr.6",-0.0000229999999999987
"572","ran572.hdr.60",0.0000854000000000028
"572","ran572.hdr.61",0.0011786
"572","ran572.hdr.62",-0.0004548
"572","ran572.hdr.63",0.000401200000000001
"572","ran572.hdr.64",-0.000420499999999999
"572","ran572.hdr.65",-0.000407100000000001
"572","ran572.hdr.66",-0.00029
"572","ran572.hdr.67",-0.0002583
"572","ran572.hdr.68",-0.0001492
"572","ran572.hdr.69",-0.000147399999999999
"572","ran572.hdr.7",0.00000119999999999981
"572","ran572.hdr.70",-0.0010683
"572","ran572.hdr.71",-0.0024365
"572","ran572.hdr.72",-0.0009751
"572","ran572.hdr.73",-0.0007229
"572","ran572.hdr.74",-0.0023497
"572","ran572.hdr.75",-0.000880000000000002
"572","ran572.hdr.76",0.00000149999999999803
"572","ran572.hdr.77",-0.0016399
"572","ran572.hdr.78",-0.0015052
"572","ran572.hdr.8",-0.00036672
"572","ran572.hdr.9",-0.00038553
"573","ran573.hdr.1",-0.000319699999999999
"573","ran573.hdr.10",-0.00013425
"573","ran573.hdr.11",0.00027519
"573","ran573.hdr.12",0.000290869999999999
"573","ran573.hdr.13",-0.0023044
"573","ran573.hdr.14",-0.000721199999999998
"573","ran573.hdr.15",0.000191719999999999
"573","ran573.hdr.16",-0.0003143
"573","ran573.hdr.17",-0.000457879999999999
"573","ran573.hdr.18",0.00002439
"573","ran573.hdr.19",-0.000431160000000002
"573","ran573.hdr.2",-0.0014413
"573","ran573.hdr.20",-0.00036797
"573","ran573.hdr.21",-0.000994360000000001
"573","ran573.hdr.22",-0.0016769
"573","ran573.hdr.23",-0.0007775
"573","ran573.hdr.24",-0.0010122
"573","ran573.hdr.25",-0.0007279
"573","ran573.hdr.26",-0.00043339
"573","ran573.hdr.27",-0.000214800000000001
"573","ran573.hdr.28",0.00016851
"573","ran573.hdr.29",-0.0001099
"573","ran573.hdr.3",-0.000272339999999999
"573","ran573.hdr.30",-0.000154699999999999
"573","ran573.hdr.31",-0.0004121
"573","ran573.hdr.32",-0.0005877
"573","ran573.hdr.33",-0.00014131
"573","ran573.hdr.34",-0.00069205
"573","ran573.hdr.35",-0.0028198
"573","ran573.hdr.36",-0.0014222
"573","ran573.hdr.37",0.000720500000000002
"573","ran573.hdr.38",-0.0013637
"573","ran573.hdr.39",-0.0019854
"573","ran573.hdr.4",-0.000481700000000002
"573","ran573.hdr.40",-0.0049962
"573","ran573.hdr.41",-0.000803359999999999
"573","ran573.hdr.42",-0.00013584
"573","ran573.hdr.43",-0.0001828
"573","ran573.hdr.44",-0.0012954
"573","ran573.hdr.45",0.000377029999999999
"573","ran573.hdr.46",-0.000284599999999999
"573","ran573.hdr.47",-0.000217700000000001
"573","ran573.hdr.48",-0.0015836
"573","ran573.hdr.49",-0.000379500000000001
"573","ran573.hdr.5",0.000177399999999999
"573","ran573.hdr.50",0.000940799999999999
"573","ran573.hdr.51",-0.000514700000000002
"573","ran573.hdr.52",-0.0011337
"573","ran573.hdr.53",-0.0001486
"573","ran573.hdr.54",-0.000299799999999999
"573","ran573.hdr.55",-0.00045368
"573","ran573.hdr.56",-0.00038213
"573","ran573.hdr.57",0.0002728
"573","ran573.hdr.58",-0.0021164
"573","ran573.hdr.59",-0.00073559
"573","ran573.hdr.6",0.0000508000000000002
"573","ran573.hdr.60",-0.000217699999999999
"573","ran573.hdr.61",-0.00029748
"573","ran573.hdr.62",-0.000448199999999999
"573","ran573.hdr.63",-0.0015112
"573","ran573.hdr.64",-0.0003064
"573","ran573.hdr.65",0.0000854000000000028
"573","ran573.hdr.66",-0.0014755
"573","ran573.hdr.67",-0.0002284
"573","ran573.hdr.68",-0.0002325
"573","ran573.hdr.69",-0.0000573999999999991
"573","ran573.hdr.7",-0.000831800000000001
"573","ran573.hdr.70",-0.001507
"573","ran573.hdr.71",-0.00203165
"573","ran573.hdr.72",-0.0015712
"573","ran573.hdr.73",-0.0000723060000000001
"573","ran573.hdr.74",-0.000228699999999998
"573","ran573.hdr.75",0.00060482
"573","ran573.hdr.76",-0.00073928
"573","ran573.hdr.77",-0.0007921
"573","ran573.hdr.78",-0.0015057
"573","ran573.hdr.8",-0.0024878
"573","ran573.hdr.9",-0.0036308
"574","ran574.hdr.1",0.000132149999999999
"574","ran574.hdr.10",-0.000807199999999999
"574","ran574.hdr.11",0.00000960000000000023
"574","ran574.hdr.12",-0.0002471
"574","ran574.hdr.13",-0.000408459999999999
"574","ran574.hdr.14",-0.0000559799999999997
"574","ran574.hdr.15",0.00010476
"574","ran574.hdr.16",-0.000431160000000002
"574","ran574.hdr.17",-0.001482
"574","ran574.hdr.18",-0.000350699999999999
"574","ran574.hdr.19",-0.00030432
"574","ran574.hdr.2",-0.0012446
"574","ran574.hdr.20",-0.0009639
"574","ran574.hdr.21",-0.00182421
"574","ran574.hdr.22",-0.0005666
"574","ran574.hdr.23",-0.0000759999999999997
"574","ran574.hdr.24",-0.000616499999999999
"574","ran574.hdr.25",-0.00022865
"574","ran574.hdr.26",-0.0010166
"574","ran574.hdr.27",-0.000488699999999998
"574","ran574.hdr.28",-0.00087039
"574","ran574.hdr.29",-0.000618100000000002
"574","ran574.hdr.3",-0.000833500000000001
"574","ran574.hdr.30",-0.0023193
"574","ran574.hdr.31",-0.0002396
"574","ran574.hdr.32",-0.000804199999999998
"574","ran574.hdr.33",-0.0018523
"574","ran574.hdr.34",-0.000968999999999999
"574","ran574.hdr.35",0.0001451
"574","ran574.hdr.36",0.0000670599999999999
"574","ran574.hdr.37",-0.0019089
"574","ran574.hdr.38",-0.00017519
"574","ran574.hdr.39",0.00011464
"574","ran574.hdr.4",-0.0054532
"574","ran574.hdr.40",0.000124560000000001
"574","ran574.hdr.41",-0.0014594
"574","ran574.hdr.42",-0.000584600000000001
"574","ran574.hdr.43",-0.00002191
"574","ran574.hdr.44",-0.000733699999999999
"574","ran574.hdr.45",-0.00001509
"574","ran574.hdr.46",-0.001384
"574","ran574.hdr.47",-0.000207300000000001
"574","ran574.hdr.48",-0.0023048
"574","ran574.hdr.49",-0.0000673000000000028
"574","ran574.hdr.5",-0.0000530499999999998
"574","ran574.hdr.50",-0.000133000000000001
"574","ran574.hdr.51",0.0001302
"574","ran574.hdr.52",-0.000842700000000002
"574","ran574.hdr.53",-0.0004831
"574","ran574.hdr.54",-0.000764300000000002
"574","ran574.hdr.55",-0.0000584000000000001
"574","ran574.hdr.56",-0.00003125
"574","ran574.hdr.57",-0.0003295
"574","ran574.hdr.58",-0.00050929
"574","ran574.hdr.59",-0.0013817
"574","ran574.hdr.6",-0.00039892
"574","ran574.hdr.60",0.0000964399999999997
"574","ran574.hdr.63",-0.000492100000000002
"574","ran574.hdr.64",-0.000162300000000001
"574","ran574.hdr.65",-0.00017452
"574","ran574.hdr.66",-0.000577100000000001
"574","ran574.hdr.67",-0.0011481
"574","ran574.hdr.68",-0.0003064
"574","ran574.hdr.69",-0.00024239
"574","ran574.hdr.7",-0.0005302
"574","ran574.hdr.70",-0.00039282
"574","ran574.hdr.71",-0.0000582000000000013
"574","ran574.hdr.72",-0.000681889999999999
"574","ran574.hdr.73",0.0000255200000000002
"574","ran574.hdr.74",-0.0009751
"574","ran574.hdr.75",-0.000281300000000002
"574","ran574.hdr.76",-0.0014673
"574","ran574.hdr.77",-0.0016949
"574","ran574.hdr.78",-0.000452500000000002
"574","ran574.hdr.8",0.00010593
"574","ran574.hdr.9",-0.000223299999999999
"575","ran575.hdr.1",-0.0024371
"575","ran575.hdr.10",-0.0040217
"575","ran575.hdr.11",-0.00039892
"575","ran575.hdr.12",-0.00071284
"575","ran575.hdr.13",-0.00021846
"575","ran575.hdr.14",NA
"575","ran575.hdr.15",-0.0000269299999999997
"575","ran575.hdr.16",-0.00066134
"575","ran575.hdr.17",-0.000675400000000003
"575","ran575.hdr.18",-0.00045021
"575","ran575.hdr.19",-0.0000342699999999994
"575","ran575.hdr.2",0.0007408
"575","ran575.hdr.20",-0.0000977999999999986
"575","ran575.hdr.21",-0.000799000000000001
"575","ran575.hdr.22",-0.0019612
"575","ran575.hdr.23",-0.000864889999999999
"575","ran575.hdr.24",-0.0013108
"575","ran575.hdr.25",-0.000184699999999999
"575","ran575.hdr.26",-0.0025625
"575","ran575.hdr.27",-0.0016952
"575","ran575.hdr.28",-0.0005666
"575","ran575.hdr.29",0.0000514499999999998
"575","ran575.hdr.3",-0.000239700000000001
"575","ran575.hdr.30",0.00041999
"575","ran575.hdr.31",-0.00010709
"575","ran575.hdr.32",-0.000507499999999999
"575","ran575.hdr.33",-0.00014131
"575","ran575.hdr.34",-0.0008652
"575","ran575.hdr.35",-0.0034133
"575","ran575.hdr.36",-0.0017763
"575","ran575.hdr.37",-0.0008564
"575","ran575.hdr.38",-0.000112999999999999
"575","ran575.hdr.39",-0.0018962
"575","ran575.hdr.4",-0.0016743
"575","ran575.hdr.40",0.0000920999999999995
"575","ran575.hdr.41",0.000361500000000001
"575","ran575.hdr.42",-0.001126
"575","ran575.hdr.43",-0.0000897299999999997
"575","ran575.hdr.44",-0.00016963
"575","ran575.hdr.45",-0.0000248000000000002
"575","ran575.hdr.46",-0.0002384
"575","ran575.hdr.47",-0.000644400000000002
"575","ran575.hdr.48",0.00030757
"575","ran575.hdr.49",-0.0017191
"575","ran575.hdr.5",-0.002115
"575","ran575.hdr.50",-0.0028342
"575","ran575.hdr.51",-0.0098876
"575","ran575.hdr.52",-0.000551100000000002
"575","ran575.hdr.53",-0.0022371
"575","ran575.hdr.54",0.000197900000000001
"575","ran575.hdr.55",-0.0005222
"575","ran575.hdr.56",-0.0010527
"575","ran575.hdr.57",-0.0004037
"575","ran575.hdr.58",-0.0011708
"575","ran575.hdr.59",-0.00000727000000000019
"575","ran575.hdr.6",-0.0003254
"575","ran575.hdr.60",0.0000281999999999999
"575","ran575.hdr.61",0.00005185
"575","ran575.hdr.62",-0.00011945
"575","ran575.hdr.63",0.00032364
"575","ran575.hdr.64",0.000155600000000001
"575","ran575.hdr.65",-0.0010749
"575","ran575.hdr.66",-0.000162800000000001
"575","ran575.hdr.67",-0.000990100000000001
"575","ran575.hdr.68",-0.0023928
"575","ran575.hdr.69",-0.0039875
"575","ran575.hdr.7",-0.0048415
"575","ran575.hdr.70",-0.0037006
"575","ran575.hdr.71",-0.000407100000000001
"575","ran575.hdr.72",-0.0007592
"575","ran575.hdr.73",-0.000428600000000001
"575","ran575.hdr.74",-0.00025328
"575","ran575.hdr.75",-0.0009037
"575","ran575.hdr.76",-0.0005033
"575","ran575.hdr.77",-0.00083164
"575","ran575.hdr.78",-0.000806600000000001
"575","ran575.hdr.8",-0.0030338
"575","ran575.hdr.9",-0.0041351
"576","ran576.hdr.1",-0.0002161
"576","ran576.hdr.10",-0.0109775
"576","ran576.hdr.11",-0.0044797
"576","ran576.hdr.12",-0.00039892
"576","ran576.hdr.13",-0.000229759999999999
"576","ran576.hdr.14",0.00000320000000000008
"576","ran576.hdr.15",-0.00093515
"576","ran576.hdr.16",0.0003181
"576","ran576.hdr.17",-0.000021199999999999
"576","ran576.hdr.18",-0.0002471
"576","ran576.hdr.19",-0.00037651
"576","ran576.hdr.2",-0.0001215
"576","ran576.hdr.20",-0.0001224
"576","ran576.hdr.21",-0.00047623
"576","ran576.hdr.22",-0.00008435
"576","ran576.hdr.23",-0.00036797
"576","ran576.hdr.24",-0.0032234
"576","ran576.hdr.25",-0.00049628
"576","ran576.hdr.26",-0.000136260000000001
"576","ran576.hdr.27",0.0002807
"576","ran576.hdr.28",-0.0005983
"576","ran576.hdr.29",-0.0015812
"576","ran576.hdr.3",-0.0020795
"576","ran576.hdr.30",0.0000514499999999998
"576","ran576.hdr.31",-0.000385699999999999
"576","ran576.hdr.32",-0.00031556
"576","ran576.hdr.33",-0.0010403
"576","ran576.hdr.34",-0.000383960000000001
"576","ran576.hdr.35",0.0001251
"576","ran576.hdr.36",0.0000743999999999988
"576","ran576.hdr.37",-0.0000663
"576","ran576.hdr.38",-0.0023372
"576","ran576.hdr.39",-0.0107692
"576","ran576.hdr.4",0.0000508000000000002
"576","ran576.hdr.40",0.000720500000000002
"576","ran576.hdr.41",-0.00198339
"576","ran576.hdr.42",-0.000488699999999998
"576","ran576.hdr.43",-0.0005558
"576","ran576.hdr.44",-0.000235339999999999
"576","ran576.hdr.45",-0.0005509
"576","ran576.hdr.46",-0.000340940000000001
"576","ran576.hdr.47",-0.0002132
"576","ran576.hdr.48",-0.00018774
"576","ran576.hdr.49",-0.000114999999999999
"576","ran576.hdr.5",-0.0007992
"576","ran576.hdr.50",-0.0000328000000000004
"576","ran576.hdr.51",-0.000749
"576","ran576.hdr.52",-0.00010923
"576","ran576.hdr.53",-0.00003125
"576","ran576.hdr.54",0.00016363
"576","ran576.hdr.55",-0.000175700000000001
"576","ran576.hdr.56",-0.0002815
"576","ran576.hdr.57",-0.0040008
"576","ran576.hdr.58",-0.000293069999999999
"576","ran576.hdr.6",-0.0002056
"576","ran576.hdr.60",-0.000934999999999998
"576","ran576.hdr.61",-0.00095777
"576","ran576.hdr.62",-0.000534000000000001
"576","ran576.hdr.63",-0.01590295
"576","ran576.hdr.64",-0.003391
"576","ran576.hdr.65",-0.000150300000000001
"576","ran576.hdr.66",-0.0003709
"576","ran576.hdr.67",-0.0000573999999999991
"576","ran576.hdr.68",-0.001085
"576","ran576.hdr.69",-0.00029
"576","ran576.hdr.7",-0.00120107
"576","ran576.hdr.70",-0.0023812
"576","ran576.hdr.71",NA
"576","ran576.hdr.72",0.0001127
"576","ran576.hdr.73",-0.000389500000000001
"576","ran576.hdr.74",0.000210120000000001
"576","ran576.hdr.75",-0.000579
"576","ran576.hdr.76",-0.0017455
"576","ran576.hdr.77",0.000779200000000001
"576","ran576.hdr.78",-0.0003826
"576","ran576.hdr.8",-0.000614400000000001
"576","ran576.hdr.9",-0.0013747
"577","ran577.hdr.1",-0.0018301
"577","ran577.hdr.10",-0.000315299999999999
"577","ran577.hdr.11",-0.0003155
"577","ran577.hdr.12",-0.00042711
"577","ran577.hdr.13",-0.00025135
"577","ran577.hdr.14",-0.00017436
"577","ran577.hdr.15",-0.00023018
"577","ran577.hdr.16",-0.000506029999999999
"577","ran577.hdr.17",-0.00102123
"577","ran577.hdr.18",-0.000651099999999998
"577","ran577.hdr.19",-0.000727600000000002
"577","ran577.hdr.2",-0.000296900000000001
"577","ran577.hdr.20",-0.0001735
"577","ran577.hdr.21",0.0002261
"577","ran577.hdr.22",0.00004944
"577","ran577.hdr.23",-0.000458800000000001
"577","ran577.hdr.24",-0.00024889
"577","ran577.hdr.25",-0.000292629999999999
"577","ran577.hdr.26",-0.00044142
"577","ran577.hdr.27",-0.00037474
"577","ran577.hdr.28",-0.00023069
"577","ran577.hdr.29",-0.000726999999999998
"577","ran577.hdr.3",-0.0007133
"577","ran577.hdr.30",0.000353800000000001
"577","ran577.hdr.31",-0.000359199999999999
"577","ran577.hdr.32",0.000159400000000001
"577","ran577.hdr.33",-0.000171499999999998
"577","ran577.hdr.34",-0.0012202
"577","ran577.hdr.35",-0.0015268
"577","ran577.hdr.36",0.0001668
"577","ran577.hdr.37",-0.000152899999999999
"577","ran577.hdr.38",-0.0012954
"577","ran577.hdr.39",-0.0012739
"577","ran577.hdr.4",0.0004727
"577","ran577.hdr.40",-0.0000784999999999987
"577","ran577.hdr.41",-0.000306899999999999
"577","ran577.hdr.42",-0.0016134
"577","ran577.hdr.43",0.000017699999999999
"577","ran577.hdr.44",-0.00011267
"577","ran577.hdr.45",-0.0017799
"577","ran577.hdr.46",-0.0004434
"577","ran577.hdr.47",-0.000358599999999999
"577","ran577.hdr.48",-0.00029094
"577","ran577.hdr.49",-0.0000118100000000001
"577","ran577.hdr.5",-0.000831800000000001
"577","ran577.hdr.50",-0.00077464
"577","ran577.hdr.51",-0.0000134699999999998
"577","ran577.hdr.52",-0.00111662
"577","ran577.hdr.53",-0.0010723
"577","ran577.hdr.54",-0.00048754
"577","ran577.hdr.55",0.00008457
"577","ran577.hdr.56",-0.000410299999999999
"577","ran577.hdr.58",-0.00016591
"577","ran577.hdr.59",-0.000363600000000002
"577","ran577.hdr.6",0.000147
"577","ran577.hdr.60",-0.0004492
"577","ran577.hdr.61",-0.0002377
"577","ran577.hdr.62",0.000760469999999999
"577","ran577.hdr.63",-0.001278
"577","ran577.hdr.64",-0.000404369999999999
"577","ran577.hdr.65",-0.000320829999999999
"577","ran577.hdr.66",0.0000613000000000002
"577","ran577.hdr.67",-0.000836699999999999
"577","ran577.hdr.68",-0.0005187
"577","ran577.hdr.69",-0.0000736999999999995
"577","ran577.hdr.7",-0.00039892
"577","ran577.hdr.70",-0.0003865
"577","ran577.hdr.71",-0.000889800000000001
"577","ran577.hdr.72",-0.000949499999999999
"577","ran577.hdr.73",-0.0004732
"577","ran577.hdr.74",-0.000107400000000001
"577","ran577.hdr.75",0.0011267
"577","ran577.hdr.76",0.00011249
"577","ran577.hdr.77",-0.0022821
"577","ran577.hdr.78",-0.000218699999999999
"577","ran577.hdr.8",-0.00062661
"577","ran577.hdr.9",0.000160479999999999
"578","ran578.hdr.1",-0.0003084
"578","ran578.hdr.10",-0.00032649
"578","ran578.hdr.11",-0.000175700000000001
"578","ran578.hdr.12",-0.0002419
"578","ran578.hdr.13",-0.0000801099999999996
"578","ran578.hdr.14",-0.000414400000000001
"578","ran578.hdr.15",0.00007186
"578","ran578.hdr.16",-0.000351200000000001
"578","ran578.hdr.17",-0.000151500000000001
"578","ran578.hdr.18",NA
"578","ran578.hdr.19",-0.000130699999999999
"578","ran578.hdr.2",-0.000739499999999999
"578","ran578.hdr.20",-0.000228800000000001
"578","ran578.hdr.21",-0.0011619
"578","ran578.hdr.22",-0.0017312
"578","ran578.hdr.23",-0.001862
"578","ran578.hdr.24",-0.00043339
"578","ran578.hdr.25",0.0003146
"578","ran578.hdr.26",-0.0000718499999999996
"578","ran578.hdr.27",-0.0004388
"578","ran578.hdr.28",-0.000212320000000001
"578","ran578.hdr.29",-0.00016391
"578","ran578.hdr.3",0.000177399999999999
"578","ran578.hdr.30",-0.0000640999999999992
"578","ran578.hdr.31",0.00037395
"578","ran578.hdr.32",-0.000297
"578","ran578.hdr.33",-0.0000624000000000006
"578","ran578.hdr.34",-0.00025136
"578","ran578.hdr.35",0.0000324999999999995
"578","ran578.hdr.36",-0.0005059
"578","ran578.hdr.37",-0.00020889
"578","ran578.hdr.38",0.000207600000000002
"578","ran578.hdr.39",-0.000870699999999999
"578","ran578.hdr.4",-0.00449763
"578","ran578.hdr.40",-0.00034381
"578","ran578.hdr.41",0.000151699999999999
"578","ran578.hdr.42",-0.001739
"578","ran578.hdr.43",-0.0010008
"578","ran578.hdr.44",0.0004708
"578","ran578.hdr.45",-0.0000649399999999994
"578","ran578.hdr.46",-0.0012528
"578","ran578.hdr.47",0.00003232
"578","ran578.hdr.48",-0.0000747000000000005
"578","ran578.hdr.49",0.0000948000000000008
"578","ran578.hdr.5",-0.0019788
"578","ran578.hdr.50",-0.0010598
"578","ran578.hdr.51",-0.00021607
"578","ran578.hdr.52",0.00029917
"578","ran578.hdr.53",-0.0000283000000000002
"578","ran578.hdr.54",-0.000652820000000001
"578","ran578.hdr.55",-0.000618499999999999
"578","ran578.hdr.56",-0.000934999999999998
"578","ran578.hdr.57",-0.00095777
"578","ran578.hdr.58",-0.0011481
"578","ran578.hdr.59",-0.0012721
"578","ran578.hdr.6",-0.002115
"578","ran578.hdr.60",-0.000190900000000001
"578","ran578.hdr.61",-0.000164600000000001
"578","ran578.hdr.62",0.000272909999999999
"578","ran578.hdr.63",-0.0016847
"578","ran578.hdr.64",0.000066034
"578","ran578.hdr.65",-0.0010828
"578","ran578.hdr.66",-0.0000108999999999977
"578","ran578.hdr.67",-0.0000736999999999995
"578","ran578.hdr.68",-0.000692700000000001
"578","ran578.hdr.69",0.0000832999999999997
"578","ran578.hdr.7",-0.00034287
"578","ran578.hdr.70",-0.0003698
"578","ran578.hdr.71",-0.000870200000000002
"578","ran578.hdr.72",-0.000420299999999998
"578","ran578.hdr.73",0.00011249
"578","ran578.hdr.74",-0.00033439
"578","ran578.hdr.75",-0.0000459999999999992
"578","ran578.hdr.76",-0.0016949
"578","ran578.hdr.77",-0.00021593
"578","ran578.hdr.78",-0.0015052
"578","ran578.hdr.8",-0.0031082
"578","ran578.hdr.9",-0.0051096
"579","ran579.hdr.1",-0.0010315
"579","ran579.hdr.10",-0.000205999999999998
"579","ran579.hdr.11",-0.0003155
"579","ran579.hdr.12",-0.000417799999999999
"579","ran579.hdr.13",-0.000300809999999999
"579","ran579.hdr.14",-0.0005673
"579","ran579.hdr.15",-0.000409099999999999
"579","ran579.hdr.16",-0.00050998
"579","ran579.hdr.17",-0.000527999999999999
"579","ran579.hdr.18",-0.0005968
"579","ran579.hdr.19",-0.000348220000000002
"579","ran579.hdr.2",0.000273800000000001
"579","ran579.hdr.20",-0.00043519
"579","ran579.hdr.21",-0.000397499999999999
"579","ran579.hdr.22",-0.0005983
"579","ran579.hdr.23",-0.0010563
"579","ran579.hdr.24",-0.0011163
"579","ran579.hdr.25",-0.00021033
"579","ran579.hdr.26",-0.0045505
"579","ran579.hdr.27",-0.000327499999999998
"579","ran579.hdr.28",-0.0001771
"579","ran579.hdr.29",-0.00018017
"579","ran579.hdr.3",0.00026852
"579","ran579.hdr.30",-0.00029017
"579","ran579.hdr.31",-0.000258899999999999
"579","ran579.hdr.32",-0.000541900000000001
"579","ran579.hdr.33",-0.000310299999999999
"579","ran579.hdr.34",-0.0013929
"579","ran579.hdr.35",-0.0002664
"579","ran579.hdr.36",-0.0000865999999999992
"579","ran579.hdr.37",-0.0001159
"579","ran579.hdr.38",-0.0030608
"579","ran579.hdr.39",-0.00045297
"579","ran579.hdr.4",-0.0056027
"579","ran579.hdr.40",-0.000487100000000001
"579","ran579.hdr.41",-0.00015807
"579","ran579.hdr.42",0.000276050000000002
"579","ran579.hdr.43",-0.0010094
"579","ran579.hdr.44",-0.000307
"579","ran579.hdr.45",-0.000575500000000001
"579","ran579.hdr.46",-0.000643399999999999
"579","ran579.hdr.47",-0.0023505
"579","ran579.hdr.48",-0.0001496
"579","ran579.hdr.49",-0.0000886700000000001
"579","ran579.hdr.5",0.0002886
"579","ran579.hdr.50",-0.0009237
"579","ran579.hdr.51",0.0000540300000000001
"579","ran579.hdr.52",-0.000372400000000002
"579","ran579.hdr.53",-0.000562699999999999
"579","ran579.hdr.54",-0.0006164
"579","ran579.hdr.55",-0.000294639999999999
"579","ran579.hdr.56",-0.000299799999999999
"579","ran579.hdr.57",-0.0016606
"579","ran579.hdr.58",-0.0014392
"579","ran579.hdr.59",-0.0004831
"579","ran579.hdr.6",-0.000063007
"579","ran579.hdr.60",-0.00018122
"579","ran579.hdr.61",0.0000556099999999993
"579","ran579.hdr.63",-0.0020265
"579","ran579.hdr.64",-0.000268600000000001
"579","ran579.hdr.65",-0.000577100000000001
"579","ran579.hdr.66",0.000166699999999999
"579","ran579.hdr.67",-0.0044594
"579","ran579.hdr.68",-0.0004568
"579","ran579.hdr.69",-0.000164200000000001
"579","ran579.hdr.7",-0.0002272
"579","ran579.hdr.70",0.000152599999999999
"579","ran579.hdr.71",-0.000949499999999999
"579","ran579.hdr.72",-0.000039273
"579","ran579.hdr.73",-0.0013154
"579","ran579.hdr.74",-0.00096858
"579","ran579.hdr.75",-0.0010666
"579","ran579.hdr.76",-0.00028371
"579","ran579.hdr.77",-0.0016399
"579","ran579.hdr.78",-0.000802599999999999
"579","ran579.hdr.8",0.0000578000000000002
"579","ran579.hdr.9",-0.000309469999999999
"580","ran580.hdr.1",0.00045877
"580","ran580.hdr.10",-0.00035258
"580","ran580.hdr.11",-0.000204939999999999
"580","ran580.hdr.12",0.000299799999999999
"580","ran580.hdr.13",-0.00032312
"580","ran580.hdr.14",-0.00013079
"580","ran580.hdr.15",-0.00036797
"580","ran580.hdr.16",-0.0004314
"580","ran580.hdr.17",-0.0007074
"580","ran580.hdr.18",NA
"580","ran580.hdr.19",-0.0011853
"580","ran580.hdr.2",-0.0014426
"580","ran580.hdr.20",-0.000578999999999998
"580","ran580.hdr.21",-0.0000814000000000006
"580","ran580.hdr.22",-0.0003903
"580","ran580.hdr.23",0.000666629999999999
"580","ran580.hdr.24",-0.0072815
"580","ran580.hdr.25",-0.0017024
"580","ran580.hdr.26",-0.0015104
"580","ran580.hdr.27",0.0000934000000000004
"580","ran580.hdr.28",0.000150900000000001
"580","ran580.hdr.29",-0.000831499999999999
"580","ran580.hdr.3",-0.0036577
"580","ran580.hdr.30",-0.0003861
"580","ran580.hdr.31",0.00004732
"580","ran580.hdr.32",0.0004154
"580","ran580.hdr.33",-0.0000782999999999999
"580","ran580.hdr.34",-0.000975
"580","ran580.hdr.35",-0.000104
"580","ran580.hdr.36",-0.0009637
"580","ran580.hdr.37",0.0000050100000000006
"580","ran580.hdr.38",-0.0002232
"580","ran580.hdr.39",0.0002524
"580","ran580.hdr.4",0.0000508000000000002
"580","ran580.hdr.40",0.000414499999999998
"580","ran580.hdr.41",-0.0011545
"580","ran580.hdr.42",0.000171900000000003
"580","ran580.hdr.43",0.000376000000000001
"580","ran580.hdr.44",-0.0000371
"580","ran580.hdr.45",-0.0000828000000000009
"580","ran580.hdr.46",0.00015401
"580","ran580.hdr.47",0.000123519999999999
"580","ran580.hdr.48",-0.00026183
"580","ran580.hdr.49",-0.0010527
"580","ran580.hdr.5",-0.0000965999999999988
"580","ran580.hdr.50",-0.0009668
"580","ran580.hdr.51",-0.0000283000000000002
"580","ran580.hdr.52",0.000380699999999999
"580","ran580.hdr.53",-0.0040008
"580","ran580.hdr.54",0.0000941399999999995
"580","ran580.hdr.56",-0.0001829
"580","ran580.hdr.57",-0.00029748
"580","ran580.hdr.58",-0.000811599999999999
"580","ran580.hdr.59",-0.01281643
"580","ran580.hdr.6",0.000623700000000001
"580","ran580.hdr.60",-0.0001548
"580","ran580.hdr.61",0.0000854000000000028
"580","ran580.hdr.62",0.000959069999999999
"580","ran580.hdr.63",-0.00039282
"580","ran580.hdr.64",-0.0013776
"580","ran580.hdr.65",-0.0011074
"580","ran580.hdr.66",-0.0016847
"580","ran580.hdr.67",0.0000612000000000008
"580","ran580.hdr.68",-0.00056939
"580","ran580.hdr.69",-0.00045152
"580","ran580.hdr.7",0.0000257999999999994
"580","ran580.hdr.70",0.000107600000000003
"580","ran580.hdr.71",-0.0001385
"580","ran580.hdr.72",-0.0011299
"580","ran580.hdr.73",-0.0012556
"580","ran580.hdr.74",-0.00124621
"580","ran580.hdr.75",-0.0011679
"580","ran580.hdr.76",-0.0016673
"580","ran580.hdr.77",-0.0004913
"580","ran580.hdr.78",-0.0023484
"580","ran580.hdr.8",-0.00014609
"580","ran580.hdr.9",-0.000374649999999999
"581","ran581.hdr.1",-0.000676
"581","ran581.hdr.10",-0.00021777
"581","ran581.hdr.11",-0.000204939999999999
"581","ran581.hdr.12",-0.00045021
"581","ran581.hdr.13",-0.00042711
"581","ran581.hdr.14",-0.00019598
"581","ran581.hdr.15",-0.000385
"581","ran581.hdr.16",0.0000675200000000006
"581","ran581.hdr.17",-0.00061751
"581","ran581.hdr.18",-0.0004314
"581","ran581.hdr.19",-0.00034688
"581","ran581.hdr.2",-0.000739499999999999
"581","ran581.hdr.20",-0.0016942
"581","ran581.hdr.21",-0.0033496
"581","ran581.hdr.22",-0.0023332
"581","ran581.hdr.23",-0.0008182
"581","ran581.hdr.24",-0.0000569000000000021
"581","ran581.hdr.25",-0.000747600000000001
"581","ran581.hdr.26",0.0000328100000000012
"581","ran581.hdr.27",-0.0025984
"581","ran581.hdr.28",-0.0016281
"581","ran581.hdr.29",0.000313819999999999
"581","ran581.hdr.3",-0.00036043
"581","ran581.hdr.30",-0.001167
"581","ran581.hdr.31",-0.000413999999999999
"581","ran581.hdr.32",-0.00010012
"581","ran581.hdr.33",-0.0000701
"581","ran581.hdr.34",-0.000091800000000003
"581","ran581.hdr.35",0.000049999999999998
"581","ran581.hdr.36",-0.000125399999999999
"581","ran581.hdr.37",-0.000620599999999999
"581","ran581.hdr.38",-0.0010719
"581","ran581.hdr.39",-0.00014642
"581","ran581.hdr.4",-0.000149890000000001
"581","ran581.hdr.40",-0.0005707
"581","ran581.hdr.41",-0.000755800000000001
"581","ran581.hdr.42",0.0000336799999999999
"581","ran581.hdr.43",-0.0010777
"581","ran581.hdr.44",-0.000392
"581","ran581.hdr.45",0.000189099999999999
"581","ran581.hdr.46",-0.000464200000000001
"581","ran581.hdr.47",-0.0011337
"581","ran581.hdr.48",-0.00047324
"581","ran581.hdr.49",-0.000343609999999999
"581","ran581.hdr.5",-0.0004513
"581","ran581.hdr.50",-0.0001647
"581","ran581.hdr.51",0.0000742100000000001
"581","ran581.hdr.52",-0.0011708
"581","ran581.hdr.53",-0.000238039999999999
"581","ran581.hdr.55",-0.000137030000000001
"581","ran581.hdr.56",-0.000064100000000001
"581","ran581.hdr.57",-0.0000546999999999995
"581","ran581.hdr.58",-0.000448199999999999
"581","ran581.hdr.59",-0.000824100000000001
"581","ran581.hdr.6",-0.005219
"581","ran581.hdr.60",-0.0018888
"581","ran581.hdr.61",-0.0102309
"581","ran581.hdr.62",0.00011186
"581","ran581.hdr.63",0.000166699999999999
"581","ran581.hdr.64",0.0000303000000000005
"581","ran581.hdr.65",-0.0000829000000000003
"581","ran581.hdr.66",-0.0011783
"581","ran581.hdr.67",-0.000320829999999999
"581","ran581.hdr.68",-0.0016847
"581","ran581.hdr.69",-0.001507
"581","ran581.hdr.7",-0.00259746
"581","ran581.hdr.70",-0.000356599999999999
"581","ran581.hdr.71",-0.000825300000000001
"581","ran581.hdr.72",-0.001624
"581","ran581.hdr.73",-0.000586100000000003
"581","ran581.hdr.74",-0.0011035
"581","ran581.hdr.75",-0.000299900000000001
"581","ran581.hdr.76",-0.000456000000000002
"581","ran581.hdr.77",-0.0032753
"581","ran581.hdr.78",0.000584100000000001
"581","ran581.hdr.8",-0.0043666
"581","ran581.hdr.9",-0.000236699999999999
"582","ran582.hdr.1",-0.0004317
"582","ran582.hdr.10",-0.0008936
"582","ran582.hdr.11",-0.000315299999999999
"582","ran582.hdr.12",-0.0006642
"582","ran582.hdr.13",-0.000198540000000001
"582","ran582.hdr.14",-0.0000444600000000001
"582","ran582.hdr.15",-0.00032687
"582","ran582.hdr.16",-0.00023695
"582","ran582.hdr.17",-0.0012923
"582","ran582.hdr.18",-0.000516000000000001
"582","ran582.hdr.19",-0.0017649
"582","ran582.hdr.2",-0.0014413
"582","ran582.hdr.20",-0.00012089
"582","ran582.hdr.21",-0.0000383099999999997
"582","ran582.hdr.22",-0.002734
"582","ran582.hdr.23",-0.000369699999999999
"582","ran582.hdr.24",-0.0005322
"582","ran582.hdr.25",-0.000611500000000001
"582","ran582.hdr.26",-0.000509900000000001
"582","ran582.hdr.27",-0.000556399999999999
"582","ran582.hdr.28",-0.000598599999999998
"582","ran582.hdr.29",-0.0084394
"582","ran582.hdr.3",0.000555399999999998
"582","ran582.hdr.30",0.0000328100000000012
"582","ran582.hdr.31",-0.000079029999999999
"582","ran582.hdr.32",-0.00023674
"582","ran582.hdr.33",-0.000207189999999999
"582","ran582.hdr.34",-0.00175568
"582","ran582.hdr.35",-0.000397399999999999
"582","ran582.hdr.36",-0.00025349
"582","ran582.hdr.37",0.0000776300000000004
"582","ran582.hdr.38",0.00069544
"582","ran582.hdr.39",-0.0013637
"582","ran582.hdr.4",-0.00012473
"582","ran582.hdr.40",-0.0004562
"582","ran582.hdr.41",0.00000520000000000034
"582","ran582.hdr.42",-0.000138870000000001
"582","ran582.hdr.43",-0.000507200000000003
"582","ran582.hdr.44",-0.001126
"582","ran582.hdr.45",0.000022900000000001
"582","ran582.hdr.46",-0.0009637
"582","ran582.hdr.47",-0.00015451
"582","ran582.hdr.48",-0.001261
"582","ran582.hdr.49",-0.0002384
"582","ran582.hdr.5",-0.0007133
"582","ran582.hdr.50",-0.000644400000000002
"582","ran582.hdr.51",-0.0000371
"582","ran582.hdr.52",0.0001948
"582","ran582.hdr.53",0.00058626
"582","ran582.hdr.54",-0.000092715
"582","ran582.hdr.55",-0.0009605
"582","ran582.hdr.56",-0.0072374
"582","ran582.hdr.57",-0.00188647
"582","ran582.hdr.58",0.00026141
"582","ran582.hdr.59",-0.0011044
"582","ran582.hdr.6",-0.000422980000000001
"582","ran582.hdr.61",0.000136550000000001
"582","ran582.hdr.62",-0.0034825
"582","ran582.hdr.63",-0.0004576
"582","ran582.hdr.64",-0.0012684
"582","ran582.hdr.65",-0.000544600000000003
"582","ran582.hdr.66",-0.0013065
"582","ran582.hdr.67",-0.000190900000000001
"582","ran582.hdr.68",-0.0016152
"582","ran582.hdr.69",-0.000420499999999999
"582","ran582.hdr.7",0.00016477
"582","ran582.hdr.70",-0.0004037
"582","ran582.hdr.71",-0.0019411
"582","ran582.hdr.72",-0.0005082
"582","ran582.hdr.73",-0.00000230000000000022
"582","ran582.hdr.74",-0.001624
"582","ran582.hdr.75",-0.000639000000000001
"582","ran582.hdr.76",-0.0011554
"582","ran582.hdr.77",-0.0032753
"582","ran582.hdr.78",-0.0015017
"582","ran582.hdr.8",0.0000762699999999998
"582","ran582.hdr.9",-0.0003186
"583","ran583.hdr.1",-0.0011152
"583","ran583.hdr.10",-0.0051698
"583","ran583.hdr.11",0.0000905869999999999
"583","ran583.hdr.12",-0.00014609
"583","ran583.hdr.13",-0.000204939999999999
"583","ran583.hdr.14",-0.00016992
"583","ran583.hdr.15",-0.000414400000000001
"583","ran583.hdr.16",-0.00017451
"583","ran583.hdr.17",0.0000112099999999993
"583","ran583.hdr.18",-0.00029445
"583","ran583.hdr.19",-0.0003499
"583","ran583.hdr.2",-0.0011965
"583","ran583.hdr.20",-0.0000233000000000004
"583","ran583.hdr.21",-0.0008974
"583","ran583.hdr.22",-0.0004534
"583","ran583.hdr.23",-0.002734
"583","ran583.hdr.24",-0.000686199999999998
"583","ran583.hdr.25",-0.0011003
"583","ran583.hdr.26",-0.000997100000000001
"583","ran583.hdr.27",-0.001862
"583","ran583.hdr.28",-0.0012522
"583","ran583.hdr.29",-0.0000682000000000009
"583","ran583.hdr.3",-0.0025737
"583","ran583.hdr.30",-0.000890400000000001
"583","ran583.hdr.31",-0.000458800000000001
"583","ran583.hdr.32",-0.000347700000000001
"583","ran583.hdr.33",-0.000292629999999999
"583","ran583.hdr.34",-0.000359799999999999
"583","ran583.hdr.35",-0.00000790000000000166
"583","ran583.hdr.36",-0.0107692
"583","ran583.hdr.37",-0.0019854
"583","ran583.hdr.38",-0.000803359999999999
"583","ran583.hdr.39",-0.0000700600000000003
"583","ran583.hdr.4",-0.000119600000000001
"583","ran583.hdr.40",0.000166100000000001
"583","ran583.hdr.41",-0.000281700000000001
"583","ran583.hdr.42",-0.0019089
"583","ran583.hdr.43",-0.00000189999999999999
"583","ran583.hdr.44",-0.001986
"583","ran583.hdr.45",-0.0011277
"583","ran583.hdr.46",-0.0001461
"583","ran583.hdr.47",-0.000291899999999999
"583","ran583.hdr.48",-0.00018774
"583","ran583.hdr.49",-0.000298000000000001
"583","ran583.hdr.5",0.00049115
"583","ran583.hdr.50",-0.000408800000000001
"583","ran583.hdr.51",-0.000136669999999998
"583","ran583.hdr.52",0.0000580000000000008
"583","ran583.hdr.53",-0.0010598
"583","ran583.hdr.54",-0.01768098
"583","ran583.hdr.55",-0.0035095
"583","ran583.hdr.56",-0.0015158
"583","ran583.hdr.57",-0.0006619
"583","ran583.hdr.58",NA
"583","ran583.hdr.59",0.00016672
"583","ran583.hdr.6",-0.0019788
"583","ran583.hdr.60",-0.00155443
"583","ran583.hdr.61",0.000126360000000001
"583","ran583.hdr.62",-0.00050929
"583","ran583.hdr.63",-0.0000546999999999995
"583","ran583.hdr.64",-0.00017452
"583","ran583.hdr.65",-0.000337039999999999
"583","ran583.hdr.66",0.0000525999999999999
"583","ran583.hdr.67",-0.000546500000000002
"583","ran583.hdr.68",-0.0013776
"583","ran583.hdr.69",-0.000404369999999999
"583","ran583.hdr.7",0.0004718
"583","ran583.hdr.70",-0.0003709
"583","ran583.hdr.71",-0.000164539999999999
"583","ran583.hdr.72",-0.0000573999999999991
"583","ran583.hdr.73",-0.00203165
"583","ran583.hdr.74",-0.0018724
"583","ran583.hdr.75",-0.0011457
"583","ran583.hdr.76",-0.0003579
"583","ran583.hdr.77",-0.000496399999999999
"583","ran583.hdr.78",-0.0025593
"583","ran583.hdr.8",-0.0049685
"583","ran583.hdr.9",-0.0030938
"584","ran584.hdr.1",-0.0004633
"584","ran584.hdr.10",-0.00042711
"584","ran584.hdr.11",-0.000419360000000001
"584","ran584.hdr.12",-0.00006411
"584","ran584.hdr.13",-0.00129969
"584","ran584.hdr.14",-0.000130699999999999
"584","ran584.hdr.15",-0.0000643999999999992
"584","ran584.hdr.16",-0.0015418
"584","ran584.hdr.17",-0.0011619
"584","ran584.hdr.18",-0.0016862
"584","ran584.hdr.19",-0.000371099999999999
"584","ran584.hdr.2",0.0003348
"584","ran584.hdr.20",0.00017578
"584","ran584.hdr.21",0.00018949
"584","ran584.hdr.22",0.00044226
"584","ran584.hdr.23",-0.0001239
"584","ran584.hdr.24",0.0004971
"584","ran584.hdr.25",0.00030473
"584","ran584.hdr.26",-0.000292629999999999
"584","ran584.hdr.27",0.0000686800000000007
"584","ran584.hdr.28",0.0000141299999999994
"584","ran584.hdr.29",-0.000875799999999999
"584","ran584.hdr.3",-0.0022515
"584","ran584.hdr.30",-0.0019572
"584","ran584.hdr.31",-0.00073436
"584","ran584.hdr.32",-0.0001545
"584","ran584.hdr.33",-0.00046567
"584","ran584.hdr.34",-0.001022
"584","ran584.hdr.35",-0.0007758
"584","ran584.hdr.36",0.0006535
"584","ran584.hdr.37",-0.000247789999999999
"584","ran584.hdr.38",-0.000307
"584","ran584.hdr.39",-0.00048092
"584","ran584.hdr.4",-0.002115
"584","ran584.hdr.40",-0.000584600000000001
"584","ran584.hdr.41",0.000375199999999999
"584","ran584.hdr.42",-0.000372400000000002
"584","ran584.hdr.43",-0.0002384
"584","ran584.hdr.44",-0.000733699999999999
"584","ran584.hdr.45",-0.00011256
"584","ran584.hdr.46",-0.000218300000000001
"584","ran584.hdr.47",0.0000991000000000013
"584","ran584.hdr.48",-0.004512
"584","ran584.hdr.49",-0.0000697999999999983
"584","ran584.hdr.5",-0.0035328
"584","ran584.hdr.50",-0.000837099999999999
"584","ran584.hdr.51",-0.0001647
"584","ran584.hdr.52",-0.0016044
"584","ran584.hdr.53",-0.0011044
"584","ran584.hdr.54",-0.000000799999999999586
"584","ran584.hdr.55",-0.00025987
"584","ran584.hdr.57",-0.00012652
"584","ran584.hdr.58",-0.00038507
"584","ran584.hdr.59",-0.00685775
"584","ran584.hdr.6",-0.0003003
"584","ran584.hdr.60",-0.011466
"584","ran584.hdr.61",-0.0003461
"584","ran584.hdr.62",-0.000477
"584","ran584.hdr.63",-0.000959399999999999
"584","ran584.hdr.64",-0.000320829999999999
"584","ran584.hdr.65",-0.00031509
"584","ran584.hdr.66",-0.0002646
"584","ran584.hdr.67",-0.000607500000000002
"584","ran584.hdr.68",-0.0033564
"584","ran584.hdr.69",0.0000759199999999993
"584","ran584.hdr.7",-0.00066134
"584","ran584.hdr.70",-0.000949499999999999
"584","ran584.hdr.71",-0.000955899999999999
"584","ran584.hdr.72",-0.0002731
"584","ran584.hdr.73",-0.0018724
"584","ran584.hdr.74",-0.000630200000000001
"584","ran584.hdr.75",-0.000590700000000003
"584","ran584.hdr.76",-0.0016285
"584","ran584.hdr.77",-0.0013547
"584","ran584.hdr.78",-0.000748700000000001
"584","ran584.hdr.8",-0.0004986
"584","ran584.hdr.9",-0.0002419
"585","ran585.hdr.1",-0.000373100000000001
"585","ran585.hdr.10",-0.000571100000000001
"585","ran585.hdr.11",-0.00024783
"585","ran585.hdr.12",0.000234499999999999
"585","ran585.hdr.13",0.00058855
"585","ran585.hdr.14",-0.00039314
"585","ran585.hdr.15",-0.0000342699999999994
"585","ran585.hdr.16",-0.0003137
"585","ran585.hdr.17",-0.000168399999999999
"585","ran585.hdr.18",-0.000527999999999999
"585","ran585.hdr.19",-0.000732
"585","ran585.hdr.2",-0.0023043
"585","ran585.hdr.20",0.00000759999999999997
"585","ran585.hdr.21",0.0002807
"585","ran585.hdr.22",-0.0005983
"585","ran585.hdr.23",NA
"585","ran585.hdr.24",-0.000248100000000001
"585","ran585.hdr.25",-0.0000569000000000021
"585","ran585.hdr.26",-0.000454400000000001
"585","ran585.hdr.27",-0.0014492
"585","ran585.hdr.28",-0.00034293
"585","ran585.hdr.29",0.000303999999999999
"585","ran585.hdr.3",-0.0020013
"585","ran585.hdr.30",0.000431030000000001
"585","ran585.hdr.31",-0.000445719999999999
"585","ran585.hdr.32",-0.00023674
"585","ran585.hdr.33",-0.000026615
"585","ran585.hdr.34",-0.0000262999999999999
"585","ran585.hdr.35",0.000177500000000001
"585","ran585.hdr.36",-0.000420199999999999
"585","ran585.hdr.37",0.000114
"585","ran585.hdr.38",-0.0003347
"585","ran585.hdr.39",-0.000831499999999999
"585","ran585.hdr.4",-0.00041678
"585","ran585.hdr.40",-0.00015702
"585","ran585.hdr.41",-0.00018951
"585","ran585.hdr.42",-0.0000657999999999995
"585","ran585.hdr.43",-0.000617899999999998
"585","ran585.hdr.44",0.0000757000000000015
"585","ran585.hdr.45",0.0000553400000000001
"585","ran585.hdr.46",-0.000491499999999999
"585","ran585.hdr.47",-0.0033085
"585","ran585.hdr.48",0.000353300000000001
"585","ran585.hdr.49",-0.0071472
"585","ran585.hdr.5",-0.0000395000000000013
"585","ran585.hdr.50",-0.0000633000000000005
"585","ran585.hdr.51",-0.0002202
"585","ran585.hdr.52",0.000012144
"585","ran585.hdr.53",0.0000767600000000004
"585","ran585.hdr.54",-0.00016597
"585","ran585.hdr.55",0.000027885
"585","ran585.hdr.56",-0.00384145
"585","ran585.hdr.57",-0.0000584000000000001
"585","ran585.hdr.58",-0.0010767
"585","ran585.hdr.59",0.00006295
"585","ran585.hdr.6",-0.0027476
"585","ran585.hdr.61",-0.0004014
"585","ran585.hdr.62",-0.0000914999999999996
"585","ran585.hdr.63",0.00041589
"585","ran585.hdr.64",-0.0000146999999999994
"585","ran585.hdr.65",-0.000967699999999998
"585","ran585.hdr.66",-0.0015743
"585","ran585.hdr.67",0.000166699999999999
"585","ran585.hdr.68",0.0000879000000000001
"585","ran585.hdr.69",-0.000334099999999999
"585","ran585.hdr.7",-0.0066937
"585","ran585.hdr.70",-0.000841700000000001
"585","ran585.hdr.71",-0.000113210000000001
"585","ran585.hdr.72",-0.000794200000000002
"585","ran585.hdr.73",-0.000233199999999999
"585","ran585.hdr.74",-0.0001271
"585","ran585.hdr.75",0.00027773
"585","ran585.hdr.76",-0.000894099999999998
"585","ran585.hdr.77",-0.0018567
"585","ran585.hdr.78",-0.0001402
"585","ran585.hdr.8",-0.0013722
"585","ran585.hdr.9",-0.0000302099999999993
"586","ran586.hdr.1",-0.000195000000000001
"586","ran586.hdr.10",-0.0004966
"586","ran586.hdr.11",-0.0002307
"586","ran586.hdr.12",0.00000960000000000023
"586","ran586.hdr.13",-0.000399699999999999
"586","ran586.hdr.14",-0.000409099999999999
"586","ran586.hdr.15",-0.0008815
"586","ran586.hdr.16",-0.00071959
"586","ran586.hdr.17",-0.0000712300000000003
"586","ran586.hdr.18",-0.000935750000000001
"586","ran586.hdr.19",-0.000187900000000001
"586","ran586.hdr.2",-0.00036043
"586","ran586.hdr.20",-0.0000643999999999992
"586","ran586.hdr.21",-0.000184699999999999
"586","ran586.hdr.22",-0.000611500000000001
"586","ran586.hdr.23",-0.0000985999999999973
"586","ran586.hdr.24",0.000813399999999999
"586","ran586.hdr.25",-0.0012522
"586","ran586.hdr.26",-0.0001248
"586","ran586.hdr.27",-0.002999
"586","ran586.hdr.28",-0.000284299999999998
"586","ran586.hdr.29",-0.0016027
"586","ran586.hdr.3",-0.000637000000000002
"586","ran586.hdr.30",-0.002522
"586","ran586.hdr.31",-0.0001764
"586","ran586.hdr.32",-0.000149719999999999
"586","ran586.hdr.33",-0.00024082
"586","ran586.hdr.34",-0.0018137
"586","ran586.hdr.35",-0.00180704
"586","ran586.hdr.36",-0.0023193
"586","ran586.hdr.37",-0.00045297
"586","ran586.hdr.38",-0.0000286000000000002
"586","ran586.hdr.39",-0.0001115
"586","ran586.hdr.4",-0.0007518
"586","ran586.hdr.40",-0.000332000000000001
"586","ran586.hdr.41",-0.000423400000000001
"586","ran586.hdr.42",-0.000617899999999998
"586","ran586.hdr.43",-0.0000756000000000003
"586","ran586.hdr.44",-0.001127
"586","ran586.hdr.45",-0.0005929
"586","ran586.hdr.46",-0.00071791
"586","ran586.hdr.47",-0.0003459
"586","ran586.hdr.48",0.0008258
"586","ran586.hdr.49",0.000117100000000002
"586","ran586.hdr.5",-0.0032486
"586","ran586.hdr.50",-0.0001431
"586","ran586.hdr.51",-0.0011486
"586","ran586.hdr.52",-0.000000799999999999586
"586","ran586.hdr.53",0.0001629
"586","ran586.hdr.54",-0.00016094
"586","ran586.hdr.56",-0.0002454
"586","ran586.hdr.57",-0.00017959
"586","ran586.hdr.58",-0.00039517
"586","ran586.hdr.59",-0.000163490000000001
"586","ran586.hdr.6",-0.0005222
"586","ran586.hdr.60",-0.000737700000000001
"586","ran586.hdr.61",NA
"586","ran586.hdr.62",-0.011466
"586","ran586.hdr.63",-0.0006847
"586","ran586.hdr.64",-0.00574057
"586","ran586.hdr.65",-0.000312099999999999
"586","ran586.hdr.66",0.000845199999999999
"586","ran586.hdr.67",-0.0005679
"586","ran586.hdr.68",-0.000331100000000001
"586","ran586.hdr.69",-0.0005187
"586","ran586.hdr.7",0.00000320000000000008
"586","ran586.hdr.70",-0.0068051
"586","ran586.hdr.71",-0.0000143999999999995
"586","ran586.hdr.72",-0.0096339
"586","ran586.hdr.73",-0.0012283
"586","ran586.hdr.74",-0.0010284
"586","ran586.hdr.75",-0.000347499999999997
"586","ran586.hdr.76",-0.000427900000000002
"586","ran586.hdr.77",-0.0010465
"586","ran586.hdr.78",-0.0035566
"586","ran586.hdr.8",-0.0000411000000000005
"586","ran586.hdr.9",-0.00062661
"587","ran587.hdr.1",-0.000220599999999998
"587","ran587.hdr.10",-0.00045021
"587","ran587.hdr.11",0.00052682
"587","ran587.hdr.12",-0.00039314
"587","ran587.hdr.13",-0.000539240000000002
"587","ran587.hdr.14",-0.0000542299999999997
"587","ran587.hdr.15",-0.00047623
"587","ran587.hdr.16",-0.0008751
"587","ran587.hdr.17",-0.0000116999999999999
"587","ran587.hdr.18",0.00013788
"587","ran587.hdr.19",-0.0039813
"587","ran587.hdr.2",-0.0016743
"587","ran587.hdr.20",-0.00158129
"587","ran587.hdr.21",-0.0113291
"587","ran587.hdr.22",-0.00107892
"587","ran587.hdr.23",-0.000429799999999999
"587","ran587.hdr.24",-0.0005678
"587","ran587.hdr.25",-0.00014131
"587","ran587.hdr.26",0.000503739999999999
"587","ran587.hdr.27",-0.0035614
"587","ran587.hdr.28",-0.0011946
"587","ran587.hdr.29",-0.0019854
"587","ran587.hdr.3",-0.0005346
"587","ran587.hdr.30",-0.0004972
"587","ran587.hdr.31",-0.0015325
"587","ran587.hdr.32",-0.000394099999999998
"587","ran587.hdr.33",-0.000399060000000001
"587","ran587.hdr.34",-0.000627829999999999
"587","ran587.hdr.35",-0.000214700000000002
"587","ran587.hdr.36",0.000527199999999999
"587","ran587.hdr.37",-0.0025436
"587","ran587.hdr.38",-0.0006733
"587","ran587.hdr.39",0.0000195999999999998
"587","ran587.hdr.4",-0.00120107
"587","ran587.hdr.40",-0.000023311
"587","ran587.hdr.41",-0.0012169
"587","ran587.hdr.42",-0.000940400000000001
"587","ran587.hdr.43",-0.000713800000000001
"587","ran587.hdr.44",0.00000739999999999942
"587","ran587.hdr.45",-0.000842700000000002
"587","ran587.hdr.46",0.0000742100000000001
"587","ran587.hdr.47",0.00011252
"587","ran587.hdr.48",-0.00003125
"587","ran587.hdr.49",-0.0000678899999999993
"587","ran587.hdr.5",-0.00013959
"587","ran587.hdr.50",-0.00026482
"587","ran587.hdr.51",-0.00047522
"587","ran587.hdr.52",-0.00016505
"587","ran587.hdr.56",-0.0004551
"587","ran587.hdr.57",0.0006873
"587","ran587.hdr.58",0.000161000000000001
"587","ran587.hdr.59",-0.0004576
"587","ran587.hdr.6",-0.00038711
"587","ran587.hdr.60",-0.000191400000000001
"587","ran587.hdr.61",-0.0004244
"587","ran587.hdr.62",0.000452299999999999
"587","ran587.hdr.63",-0.000556319999999999
"587","ran587.hdr.64",-0.00039282
"587","ran587.hdr.65",-0.0001636
"587","ran587.hdr.66",-0.0012643
"587","ran587.hdr.67",-0.0006637
"587","ran587.hdr.68",0.0000759199999999993
"587","ran587.hdr.69",-0.00163488
"587","ran587.hdr.7",-0.0000013393
"587","ran587.hdr.70",-0.000121900000000001
"587","ran587.hdr.71",-0.00059999
"587","ran587.hdr.72",-0.00032338
"587","ran587.hdr.73",-0.000313999999999998
"587","ran587.hdr.74",-0.0005561
"587","ran587.hdr.75",0.00002271
"587","ran587.hdr.76",-0.0007951
"587","ran587.hdr.77",-0.0016911
"587","ran587.hdr.78",-0.0015886
"587","ran587.hdr.8",-0.000701999999999999
"587","ran587.hdr.9",-0.00038213
"588","ran588.hdr.1",-0.000279100000000001
"588","ran588.hdr.10",-0.00030618
"588","ran588.hdr.11",-0.00036387
"588","ran588.hdr.12",0.00000119999999999981
"588","ran588.hdr.13",0.00000845800000000001
"588","ran588.hdr.14",0.00028077
"588","ran588.hdr.15",-0.000477
"588","ran588.hdr.16",-0.0008974
"588","ran588.hdr.17",-0.000473100000000001
"588","ran588.hdr.18",-0.000287399999999998
"588","ran588.hdr.19",-0.0016942
"588","ran588.hdr.2",0.000021011
"588","ran588.hdr.20",-0.000184699999999999
"588","ran588.hdr.21",0.0000066000000000007
"588","ran588.hdr.22",-0.000556399999999999
"588","ran588.hdr.23",-0.000771500000000001
"588","ran588.hdr.24",-0.000110299999999999
"588","ran588.hdr.25",-0.0045505
"588","ran588.hdr.26",0.000147099999999999
"588","ran588.hdr.27",-0.00035699
"588","ran588.hdr.28",-0.0005877
"588","ran588.hdr.29",-0.000281300000000002
"588","ran588.hdr.3",-0.0008068
"588","ran588.hdr.30",-0.00025136
"588","ran588.hdr.31",-0.001142
"588","ran588.hdr.32",0.00009041
"588","ran588.hdr.33",-0.0013621
"588","ran588.hdr.34",-0.0011599
"588","ran588.hdr.35",0.000357900000000001
"588","ran588.hdr.36",-0.000291899999999999
"588","ran588.hdr.37",0.000217800000000001
"588","ran588.hdr.38",-0.0006164
"588","ran588.hdr.39",-0.000255799999999999
"588","ran588.hdr.4",0.000534730000000001
"588","ran588.hdr.40",0.0003897
"588","ran588.hdr.41",-0.000670899999999999
"588","ran588.hdr.42",-0.000799499999999998
"588","ran588.hdr.43",-0.000207300000000001
"588","ran588.hdr.44",-0.00057312
"588","ran588.hdr.45",-0.00041977
"588","ran588.hdr.46",0.000143500000000001
"588","ran588.hdr.47",-0.00077464
"588","ran588.hdr.48",-0.000434999999999998
"588","ran588.hdr.49",0.000058589999999999
"588","ran588.hdr.5",-0.000175700000000001
"588","ran588.hdr.50",0.0002728
"588","ran588.hdr.51",-0.000119059999999999
"588","ran588.hdr.52",-0.0000525100000000004
"588","ran588.hdr.53",-0.00016094
"588","ran588.hdr.54",0.00025031
"588","ran588.hdr.55",-0.000737700000000001
"588","ran588.hdr.56",-0.0011885
"588","ran588.hdr.57",-0.01281643
"588","ran588.hdr.58",-0.0013065
"588","ran588.hdr.59",0.000127700000000001
"588","ran588.hdr.6",-0.000429499999999999
"588","ran588.hdr.60",-0.000781200000000003
"588","ran588.hdr.61",-0.000256870000000001
"588","ran588.hdr.62",0.0000734000000000012
"588","ran588.hdr.63",-0.001084
"588","ran588.hdr.64",-0.0005082
"588","ran588.hdr.65",-0.0014372
"588","ran588.hdr.66",-0.0043812
"588","ran588.hdr.67",-0.000771000000000001
"588","ran588.hdr.68",-0.0013697
"588","ran588.hdr.69",-0.00038061
"588","ran588.hdr.7",-0.000066394
"588","ran588.hdr.70",-0.00023437
"588","ran588.hdr.71",-0.000428600000000001
"588","ran588.hdr.72",-0.000147399999999999
"588","ran588.hdr.73",-0.0044168
"588","ran588.hdr.74",-0.000688999999999999
"588","ran588.hdr.75",-0.000806600000000001
"588","ran588.hdr.76",-0.0010537
"588","ran588.hdr.77",-0.0007764
"588","ran588.hdr.78",-0.000733480000000001
"588","ran588.hdr.8",-0.00037472
"588","ran588.hdr.9",-0.000602800000000001
"589","ran589.hdr.1",-0.0000760899999999991
"589","ran589.hdr.10",-0.0013379
"589","ran589.hdr.11",-0.0035262
"589","ran589.hdr.12",-0.0001604
"589","ran589.hdr.13",0.000579970000000001
"589","ran589.hdr.14",-0.000401799999999999
"589","ran589.hdr.15",-0.00042711
"589","ran589.hdr.16",-0.0000204900000000002
"589","ran589.hdr.17",-0.0005673
"589","ran589.hdr.18",-0.0003499
"589","ran589.hdr.19",-0.0013508
"589","ran589.hdr.2",-0.000573799999999999
"589","ran589.hdr.20",-0.000291369999999999
"589","ran589.hdr.21",0.0003301
"589","ran589.hdr.22",-0.000710000000000002
"589","ran589.hdr.23",-0.0000169000000000002
"589","ran589.hdr.24",-0.000551599999999999
"589","ran589.hdr.25",-0.0006546
"589","ran589.hdr.26",0.0000699099999999999
"589","ran589.hdr.27",-0.00019075
"589","ran589.hdr.28",-0.0000800499999999999
"589","ran589.hdr.29",-0.00081971
"589","ran589.hdr.3",-0.0002056
"589","ran589.hdr.30",-0.000115799999999999
"589","ran589.hdr.31",-0.00034168
"589","ran589.hdr.32",-0.0011115
"589","ran589.hdr.33",-0.0001432
"589","ran589.hdr.34",-0.0005789
"589","ran589.hdr.35",0.00013226
"589","ran589.hdr.36",-0.0004983
"589","ran589.hdr.37",-0.0005929
"589","ran589.hdr.38",-0.00011267
"589","ran589.hdr.39",-0.0011215
"589","ran589.hdr.4",-0.0033457
"589","ran589.hdr.40",-0.0015911
"589","ran589.hdr.41",0.0001095
"589","ran589.hdr.42",-0.00015647
"589","ran589.hdr.43",-0.000749
"589","ran589.hdr.44",-0.0016606
"589","ran589.hdr.45",-0.01768098
"589","ran589.hdr.46",0.000190800000000001
"589","ran589.hdr.47",-0.00037772
"589","ran589.hdr.48",-0.00022893
"589","ran589.hdr.49",-0.0004598
"589","ran589.hdr.5",-0.001681
"589","ran589.hdr.50",-0.0010313
"589","ran589.hdr.52",-0.0005941
"589","ran589.hdr.53",-0.0013104
"589","ran589.hdr.54",-0.0010508
"589","ran589.hdr.55",-0.000778600000000001
"589","ran589.hdr.56",-0.0009154
"589","ran589.hdr.57",-0.0003826
"589","ran589.hdr.58",-0.0047173
"589","ran589.hdr.59",-0.0002054
"589","ran589.hdr.6",-0.0028401
"589","ran589.hdr.60",-0.0014755
"589","ran589.hdr.61",-0.00039282
"589","ran589.hdr.62",-0.000604199999999999
"589","ran589.hdr.63",-0.00056939
"589","ran589.hdr.64",-0.000233199999999999
"589","ran589.hdr.65",-0.000356599999999999
"589","ran589.hdr.66",-0.0037906
"589","ran589.hdr.67",-0.0096339
"589","ran589.hdr.68",0.000150899999999999
"589","ran589.hdr.69",-0.0013312
"589","ran589.hdr.7",-0.0037929
"589","ran589.hdr.70",0.000398200000000001
"589","ran589.hdr.71",-0.00059999
"589","ran589.hdr.72",-0.0000835999999999996
"589","ran589.hdr.73",-0.0011457
"589","ran589.hdr.74",-0.0021902
"589","ran589.hdr.75",-0.000578
"589","ran589.hdr.76",-0.0015886
"589","ran589.hdr.77",-0.0013154
"589","ran589.hdr.78",-0.000372200000000001
"589","ran589.hdr.8",-0.0109775
"589","ran589.hdr.9",-0.0038288
"590","ran590.hdr.1",-0.0032872
"590","ran590.hdr.10",NA
"590","ran590.hdr.11",0.0000567700000000011
"590","ran590.hdr.12",-0.0003795
"590","ran590.hdr.13",0.0002535
"590","ran590.hdr.14",-0.0008879
"590","ran590.hdr.15",-0.0000165299999999998
"590","ran590.hdr.16",-0.000408459999999999
"590","ran590.hdr.17",-0.0011143
"590","ran590.hdr.18",-0.00026025
"590","ran590.hdr.19",-0.000457879999999999
"590","ran590.hdr.2",-0.00009361
"590","ran590.hdr.20",-0.00041587
"590","ran590.hdr.21",-0.0011619
"590","ran590.hdr.22",-0.0009639
"590","ran590.hdr.23",-0.0039813
"590","ran590.hdr.24",-0.0023662
"590","ran590.hdr.25",-0.0000739799999999995
"590","ran590.hdr.26",-0.0001248
"590","ran590.hdr.27",-0.0006806
"590","ran590.hdr.28",-0.0000783900000000002
"590","ran590.hdr.29",0.000140700000000001
"590","ran590.hdr.3",-0.000443959999999998
"590","ran590.hdr.30",0.0000487999999999999
"590","ran590.hdr.31",-0.00084943
"590","ran590.hdr.32",-0.00018774
"590","ran590.hdr.33",0.0001584
"590","ran590.hdr.34",-0.00044134
"590","ran590.hdr.35",-0.000297
"590","ran590.hdr.36",-0.0032627
"590","ran590.hdr.37",-0.0017763
"590","ran590.hdr.38",-0.0002611
"590","ran590.hdr.39",-0.0015268
"590","ran590.hdr.4",-0.0000321599999999998
"590","ran590.hdr.40",-0.00015777
"590","ran590.hdr.41",0.000277359999999999
"590","ran590.hdr.42",-0.000266000000000002
"590","ran590.hdr.43",-0.0023505
"590","ran590.hdr.44",0.0007597
"590","ran590.hdr.45",-0.000207300000000001
"590","ran590.hdr.46",-0.0013244
"590","ran590.hdr.47",-0.000571099999999998
"590","ran590.hdr.48",-0.000569900000000002
"590","ran590.hdr.49",-0.0000258999999999988
"590","ran590.hdr.5",-0.0021526
"590","ran590.hdr.50",0.00002906
"590","ran590.hdr.51",-0.000924000000000001
"590","ran590.hdr.52",-0.000294639999999999
"590","ran590.hdr.53",0.000258599999999999
"590","ran590.hdr.54",-0.00004207
"590","ran590.hdr.55",-0.000343609999999999
"590","ran590.hdr.56",-0.000282899999999999
"590","ran590.hdr.57",-0.0004831
"590","ran590.hdr.58",-0.000103599999999999
"590","ran590.hdr.59",-0.00017588
"590","ran590.hdr.6",-0.01685291
"590","ran590.hdr.60",-0.000381660000000001
"590","ran590.hdr.61",-0.000268079999999999
"590","ran590.hdr.62",-0.000297500000000001
"590","ran590.hdr.63",0.000165
"590","ran590.hdr.64",-0.000763170000000001
"590","ran590.hdr.65",-0.01078825
"590","ran590.hdr.66",0.0000727999999999996
"590","ran590.hdr.67",-0.000293999999999999
"590","ran590.hdr.68",-0.000959399999999999
"590","ran590.hdr.69",-0.000164200000000001
"590","ran590.hdr.7",0.000230070000000001
"590","ran590.hdr.70",-0.000889800000000001
"590","ran590.hdr.71",-0.0016673
"590","ran590.hdr.72",-0.000282660000000001
"590","ran590.hdr.73",-0.000639000000000001
"590","ran590.hdr.74",-0.0022069
"590","ran590.hdr.75",-0.001383
"590","ran590.hdr.76",-0.0057067
"590","ran590.hdr.77",-0.0003035
"590","ran590.hdr.78",-0.0010028
"590","ran590.hdr.8",-0.0000423400000000001
"590","ran590.hdr.9",-0.0004419
"591","ran591.hdr.1",-0.000481700000000002
"591","ran591.hdr.10",-0.000602800000000001
"591","ran591.hdr.11",-0.00031262
"591","ran591.hdr.12",0.00010952
"591","ran591.hdr.13",-0.0001706
"591","ran591.hdr.14",0.000256000000000001
"591","ran591.hdr.15",-0.00029445
"591","ran591.hdr.16",-0.000554099999999998
"591","ran591.hdr.17",-0.0000390000000000008
"591","ran591.hdr.18",-0.0005968
"591","ran591.hdr.19",-0.000657
"591","ran591.hdr.2",-0.000325500000000003
"591","ran591.hdr.20",-0.0004314
"591","ran591.hdr.21",-0.000253800000000002
"591","ran591.hdr.22",-0.000184699999999999
"591","ran591.hdr.23",-0.0003961
"591","ran591.hdr.24",-0.0002906
"591","ran591.hdr.25",-0.000747600000000001
"591","ran591.hdr.26",-0.0000858199999999995
"591","ran591.hdr.27",-0.000759340000000001
"591","ran591.hdr.28",-0.0011926
"591","ran591.hdr.29",-0.0001453
"591","ran591.hdr.3",-0.0001058
"591","ran591.hdr.30",0.0000686800000000007
"591","ran591.hdr.31",-0.00044142
"591","ran591.hdr.32",-0.00010012
"591","ran591.hdr.33",0.000316899999999998
"591","ran591.hdr.34",-0.0019572
"591","ran591.hdr.35",-0.000533599999999999
"591","ran591.hdr.36",0.00004498
"591","ran591.hdr.37",-0.000478900000000001
"591","ran591.hdr.38",-0.0017336
"591","ran591.hdr.39",0.000361500000000001
"591","ran591.hdr.4",-0.0001004
"591","ran591.hdr.40",0.0000184400000000002
"591","ran591.hdr.41",-0.00048092
"591","ran591.hdr.42",-0.0023505
"591","ran591.hdr.43",-0.0021208
"591","ran591.hdr.44",0.000017699999999999
"591","ran591.hdr.45",-0.000735400000000001
"591","ran591.hdr.46",0.00027974
"591","ran591.hdr.47",-0.000436799999999998
"591","ran591.hdr.48",-0.00047324
"591","ran591.hdr.49",-0.00045368
"591","ran591.hdr.5",0.0004867
"591","ran591.hdr.50",-0.0011511
"591","ran591.hdr.51",-0.00111662
"591","ran591.hdr.52",0.0000789999999999992
"591","ran591.hdr.54",-0.0000174000000000007
"591","ran591.hdr.55",-0.000999000000000003
"591","ran591.hdr.56",-0.000263810000000001
"591","ran591.hdr.57",0.0002398
"591","ran591.hdr.58",-0.0018888
"591","ran591.hdr.59",-0.0015428
"591","ran591.hdr.6",-0.00227271
"591","ran591.hdr.60",-0.00133806
"591","ran591.hdr.61",-0.0012438
"591","ran591.hdr.62",-0.00084326
"591","ran591.hdr.63",-0.0011481
"591","ran591.hdr.64",-0.0073105
"591","ran591.hdr.65",-0.01281643
"591","ran591.hdr.66",-0.0011268
"591","ran591.hdr.67",0.000274400000000001
"591","ran591.hdr.68",-0.00019203
"591","ran591.hdr.69",-0.000348800000000002
"591","ran591.hdr.7",-0.0033804
"591","ran591.hdr.70",-0.001084
"591","ran591.hdr.71",-0.000448899999999999
"591","ran591.hdr.72",-0.000233199999999999
"591","ran591.hdr.73",-0.0017699
"591","ran591.hdr.74",0.000100399999999999
"591","ran591.hdr.75",-0.0010843
"591","ran591.hdr.76",-0.000639000000000001
"591","ran591.hdr.77",-0.0007951
"591","ran591.hdr.78",-0.0023484
"591","ran591.hdr.8",-0.000409400000000001
"591","ran591.hdr.9",-0.00037472
"592","ran592.hdr.1",0.000507800000000001
"592","ran592.hdr.10",-0.00093515
"592","ran592.hdr.11",-0.0004419
"592","ran592.hdr.12",-0.000602800000000001
"592","ran592.hdr.13",-0.00021846
"592","ran592.hdr.14",-0.0015386
"592","ran592.hdr.15",-0.000534900000000001
"592","ran592.hdr.16",-0.00038553
"592","ran592.hdr.17",-0.001162
"592","ran592.hdr.18",-0.0001343
"592","ran592.hdr.19",-0.000107836
"592","ran592.hdr.2",-0.000103800000000001
"592","ran592.hdr.20",-0.0004534
"592","ran592.hdr.21",-0.00014701
"592","ran592.hdr.22",-0.0009231
"592","ran592.hdr.23",0.0000107000000000006
"592","ran592.hdr.24",-0.000446100000000001
"592","ran592.hdr.25",-0.000771500000000001
"592","ran592.hdr.26",-0.00007594
"592","ran592.hdr.27",-0.0001248
"592","ran592.hdr.28",-0.000246100000000003
"592","ran592.hdr.29",-0.00029545
"592","ran592.hdr.3",-0.0025737
"592","ran592.hdr.30",-0.000189700000000001
"592","ran592.hdr.31",-0.00029017
"592","ran592.hdr.32",-0.000143009999999999
"592","ran592.hdr.33",-0.0004084
"592","ran592.hdr.34",-0.00014131
"592","ran592.hdr.35",-0.000297
"592","ran592.hdr.36",-0.0044356
"592","ran592.hdr.37",-0.0010024
"592","ran592.hdr.38",0.000311510000000001
"592","ran592.hdr.39",-0.00029141
"592","ran592.hdr.4",-0.004515
"592","ran592.hdr.40",-0.0006306
"592","ran592.hdr.41",-0.0000392999999999991
"592","ran592.hdr.42",-0.000763300000000001
"592","ran592.hdr.43",-0.001126
"592","ran592.hdr.44",-0.0008168
"592","ran592.hdr.45",-0.000627829999999999
"592","ran592.hdr.46",-0.000104
"592","ran592.hdr.47",-0.00082841
"592","ran592.hdr.48",0.00013226
"592","ran592.hdr.49",-0.000643399999999999
"592","ran592.hdr.5",-0.000892799999999999
"592","ran592.hdr.50",-0.0000572999999999997
"592","ran592.hdr.51",-0.000315939999999999
"592","ran592.hdr.52",-0.0000781000000000011
"592","ran592.hdr.53",-0.000162499999999999
"592","ran592.hdr.54",0.0001256
"592","ran592.hdr.55",-0.0135865
"592","ran592.hdr.56",-0.0000283000000000002
"592","ran592.hdr.57",-0.0000501999999999994
"592","ran592.hdr.6",-0.0061766
"592","ran592.hdr.60",-0.000162300000000001
"592","ran592.hdr.61",-0.000290100000000001
"592","ran592.hdr.62",-0.000746799999999999
"592","ran592.hdr.63",-0.0068252
"592","ran592.hdr.64",-0.0000438000000000001
"592","ran592.hdr.65",-0.0001288
"592","ran592.hdr.66",0.000324999999999999
"592","ran592.hdr.67",0.000361220000000001
"592","ran592.hdr.68",-0.0011783
"592","ran592.hdr.69",0.00010192
"592","ran592.hdr.7",0.000156300000000002
"592","ran592.hdr.70",-0.0027675
"592","ran592.hdr.71",0.0005287
"592","ran592.hdr.72",-0.0068051
"592","ran592.hdr.73",-0.00163488
"592","ran592.hdr.74",-0.000388300000000001
"592","ran592.hdr.75",-0.0012699
"592","ran592.hdr.76",-0.00118788
"592","ran592.hdr.77",-0.000600899999999998
"592","ran592.hdr.78",-0.000548699999999999
"592","ran592.hdr.8",-0.000063007
"592","ran592.hdr.9",-0.000248699999999999
"593","ran593.hdr.1",-0.00000299999999999953
"593","ran593.hdr.10",-0.0000389920000000001
"593","ran593.hdr.11",-0.0015955
"593","ran593.hdr.12",-0.00029445
"593","ran593.hdr.13",-0.0003458
"593","ran593.hdr.14",0.000209899999999999
"593","ran593.hdr.15",-0.0010596
"593","ran593.hdr.16",-0.00010295
"593","ran593.hdr.17",0.000241600000000002
"593","ran593.hdr.18",-0.00035301
"593","ran593.hdr.19",0.0001478
"593","ran593.hdr.2",0.00002592
"593","ran593.hdr.20",-0.0000387000000000009
"593","ran593.hdr.21",-0.0025625
"593","ran593.hdr.22",-0.0007775
"593","ran593.hdr.23",-0.0039813
"593","ran593.hdr.24",-0.000142999999999997
"593","ran593.hdr.25",-0.000718199999999999
"593","ran593.hdr.26",-0.0000987999999999996
"593","ran593.hdr.27",-0.0002773
"593","ran593.hdr.28",-0.00029545
"593","ran593.hdr.29",-0.0006335
"593","ran593.hdr.3",-0.000184100000000001
"593","ran593.hdr.30",-0.00044142
"593","ran593.hdr.31",-0.000453249999999999
"593","ran593.hdr.32",-0.0023372
"593","ran593.hdr.33",-0.000166799999999998
"593","ran593.hdr.34",-0.01414423
"593","ran593.hdr.35",0.00069544
"593","ran593.hdr.36",-0.0000333999999999994
"593","ran593.hdr.37",-0.0015516
"593","ran593.hdr.38",-0.0019854
"593","ran593.hdr.39",-0.000962000000000001
"593","ran593.hdr.4",0.00000720000000000061
"593","ran593.hdr.40",-0.0017371
"593","ran593.hdr.41",-0.0015268
"593","ran593.hdr.42",-0.0000747000000000005
"593","ran593.hdr.43",-0.000480400000000001
"593","ran593.hdr.44",-0.0011052
"593","ran593.hdr.45",0.00013226
"593","ran593.hdr.46",-0.0012954
"593","ran593.hdr.47",-0.0009237
"593","ran593.hdr.48",-0.00057255
"593","ran593.hdr.49",-0.0005929
"593","ran593.hdr.5",-0.00163709
"593","ran593.hdr.50",-0.00011256
"593","ran593.hdr.51",-0.000107300000000001
"593","ran593.hdr.52",0.0001321
"593","ran593.hdr.53",-0.01768098
"593","ran593.hdr.54",-0.0115458
"593","ran593.hdr.55",-0.0000509000000000013
"593","ran593.hdr.56",-0.00018941
"593","ran593.hdr.57",-0.00043349
"593","ran593.hdr.58",-0.0010844
"593","ran593.hdr.59",-0.0000834000000000008
"593","ran593.hdr.6",-0.00039892
"593","ran593.hdr.60",-0.000658
"593","ran593.hdr.61",-0.0013718
"593","ran593.hdr.62",-0.0011268
"593","ran593.hdr.63",-0.0001422
"593","ran593.hdr.64",-0.0011457
"593","ran593.hdr.65",-0.0013065
"593","ran593.hdr.66",0.000119899999999999
"593","ran593.hdr.67",0.000649299999999998
"593","ran593.hdr.68",-0.000727199999999997
"593","ran593.hdr.69",-0.000850799999999999
"593","ran593.hdr.7",0.000133980000000001
"593","ran593.hdr.70",-0.0001876
"593","ran593.hdr.71",-0.000836699999999999
"593","ran593.hdr.72",-0.0010828
"593","ran593.hdr.73",-0.0000134000000000002
"593","ran593.hdr.74",0.00018988
"593","ran593.hdr.75",-0.0044168
"593","ran593.hdr.76",-0.0000832999999999997
"593","ran593.hdr.77",-0.000694699999999999
"593","ran593.hdr.78",-0.0005872
"593","ran593.hdr.8",-0.000429499999999999
"593","ran593.hdr.9",-0.00013863
"594","ran594.hdr.1",-0.0001004
"594","ran594.hdr.10",-0.00036517
"594","ran594.hdr.11",-0.0000582479999999999
"594","ran594.hdr.12",-0.00037651
"594","ran594.hdr.13",-0.000409099999999999
"594","ran594.hdr.14",-0.000359400000000001
"594","ran594.hdr.15",-0.000181939999999999
"594","ran594.hdr.16",-0.000911199999999997
"594","ran594.hdr.17",-0.000581499999999999
"594","ran594.hdr.18",-0.000551599999999999
"594","ran594.hdr.19",-0.00032336
"594","ran594.hdr.2",-0.0021506
"594","ran594.hdr.20",-0.0000960500000000003
"594","ran594.hdr.21",0.00013487
"594","ran594.hdr.22",-0.00022216
"594","ran594.hdr.23",-0.00053928
"594","ran594.hdr.24",-0.0000185999999999999
"594","ran594.hdr.25",0.000155250000000001
"594","ran594.hdr.26",0.0005477
"594","ran594.hdr.27",-0.000106800000000001
"594","ran594.hdr.28",-0.0014222
"594","ran594.hdr.29",-0.0013637
"594","ran594.hdr.3",-0.0028486
"594","ran594.hdr.30",-0.0014502
"594","ran594.hdr.31",-0.00000899999999999859
"594","ran594.hdr.32",-0.0005219
"594","ran594.hdr.33",-0.000478900000000001
"594","ran594.hdr.34",0.000156699999999999
"594","ran594.hdr.35",-0.0013695
"594","ran594.hdr.36",-0.0003937
"594","ran594.hdr.37",-0.0010094
"594","ran594.hdr.38",-0.000152899999999999
"594","ran594.hdr.39",-0.0021188
"594","ran594.hdr.4",-0.000461899999999998
"594","ran594.hdr.40",-0.000491499999999999
"594","ran594.hdr.41",0.000237399999999999
"594","ran594.hdr.42",-0.000366700000000001
"594","ran594.hdr.43",-0.0001709
"594","ran594.hdr.44",0.0005892
"594","ran594.hdr.45",-0.00011267
"594","ran594.hdr.46",-0.0000280999999999997
"594","ran594.hdr.47",0.000542899999999999
"594","ran594.hdr.48",-0.00077238
"594","ran594.hdr.49",-0.000136669999999998
"594","ran594.hdr.5",0.0000915600000000001
"594","ran594.hdr.50",-0.00041977
"594","ran594.hdr.51",-0.000092715
"594","ran594.hdr.52",-0.0013907
"594","ran594.hdr.53",-0.0011486
"594","ran594.hdr.54",-0.00055
"594","ran594.hdr.55",-0.0001172
"594","ran594.hdr.56",-0.000313299999999999
"594","ran594.hdr.57",-0.0001838
"594","ran594.hdr.58",-0.000624599999999999
"594","ran594.hdr.59",0.00021
"594","ran594.hdr.6",-0.00021115
"594","ran594.hdr.60",-0.000270299999999998
"594","ran594.hdr.61",-0.000663200000000001
"594","ran594.hdr.62",-0.001971
"594","ran594.hdr.63",0.000342199999999999
"594","ran594.hdr.64",-0.0003231
"594","ran594.hdr.65",-0.000959399999999999
"594","ran594.hdr.66",-0.00015663
"594","ran594.hdr.67",-0.000315199999999998
"594","ran594.hdr.68",-0.0046377
"594","ran594.hdr.69",-0.00203165
"594","ran594.hdr.7",-0.0000559100000000002
"594","ran594.hdr.70",-0.00124621
"594","ran594.hdr.71",-0.0012665
"594","ran594.hdr.72",-0.000890599999999998
"594","ran594.hdr.73",0.000151800000000001
"594","ran594.hdr.74",-0.0009751
"594","ran594.hdr.75",-0.0018724
"594","ran594.hdr.76",-0.0003368
"594","ran594.hdr.77",-0.0007951
"594","ran594.hdr.78",-0.0001983
"594","ran594.hdr.8",-0.000262799999999999
"594","ran594.hdr.9",-0.00016992
"595","ran595.hdr.1",-0.000637000000000002
"595","ran595.hdr.10",-0.00032687
"595","ran595.hdr.11",-0.0008751
"595","ran595.hdr.12",-0.0000692999999999996
"595","ran595.hdr.13",0.000101899999999999
"595","ran595.hdr.14",-0.0013508
"595","ran595.hdr.15",-0.00008435
"595","ran595.hdr.16",-0.0010439
"595","ran595.hdr.17",-0.000380700000000001
"595","ran595.hdr.18",-0.0012838
"595","ran595.hdr.19",-0.0003961
"595","ran595.hdr.2",-0.000617699999999999
"595","ran595.hdr.20",-0.000454400000000001
"595","ran595.hdr.21",-0.000167799999999999
"595","ran595.hdr.22",0.000476809999999999
"595","ran595.hdr.23",-0.0014725
"595","ran595.hdr.24",-0.000112000000000001
"595","ran595.hdr.25",-0.00104913
"595","ran595.hdr.26",-0.00141581
"595","ran595.hdr.27",-0.000383960000000001
"595","ran595.hdr.28",0.000232270000000001
"595","ran595.hdr.29",-0.000420199999999999
"595","ran595.hdr.3",-0.000831800000000001
"595","ran595.hdr.30",0.000035033
"595","ran595.hdr.31",-0.000531400000000001
"595","ran595.hdr.32",-0.0010452
"595","ran595.hdr.33",-0.0015104
"595","ran595.hdr.34",-0.0042481
"595","ran595.hdr.35",-0.0000584799999999996
"595","ran595.hdr.36",-0.0009803
"595","ran595.hdr.37",0.0002611
"595","ran595.hdr.38",-0.001022
"595","ran595.hdr.39",0.000278530000000001
"595","ran595.hdr.4",-0.0037584
"595","ran595.hdr.40",0.0000184400000000002
"595","ran595.hdr.41",-0.000627829999999999
"595","ran595.hdr.42",-0.0007461
"595","ran595.hdr.43",-0.0000946000000000002
"595","ran595.hdr.44",0.0000239999999999997
"595","ran595.hdr.45",-0.0004983
"595","ran595.hdr.46",-0.000499899999999998
"595","ran595.hdr.47",0.000175599999999998
"595","ran595.hdr.48",-0.000831100000000001
"595","ran595.hdr.49",0.000076200000000002
"595","ran595.hdr.5",-0.000480399999999999
"595","ran595.hdr.50",-0.0003908
"595","ran595.hdr.51",-0.0015987
"595","ran595.hdr.52",-0.000026974
"595","ran595.hdr.53",0.0000920999999999995
"595","ran595.hdr.54",-0.000924000000000001
"595","ran595.hdr.55",-0.0000747000000000005
"595","ran595.hdr.56",-0.00088741
"595","ran595.hdr.57",-0.0031055
"595","ran595.hdr.58",-0.0013068
"595","ran595.hdr.59",0.000058589999999999
"595","ran595.hdr.6",-0.0002307
"595","ran595.hdr.60",0.0000692499999999999
"595","ran595.hdr.62",-0.000270299999999998
"595","ran595.hdr.63",-0.000336400000000001
"595","ran595.hdr.64",-0.000604200000000001
"595","ran595.hdr.65",-0.001222
"595","ran595.hdr.66",-0.0009154
"595","ran595.hdr.67",0.000569800000000001
"595","ran595.hdr.68",0.000959069999999999
"595","ran595.hdr.69",-0.001224
"595","ran595.hdr.7",0.0002904
"595","ran595.hdr.70",0.000199399999999999
"595","ran595.hdr.71",-0.0023424
"595","ran595.hdr.72",-0.0009818
"595","ran595.hdr.73",-0.000870200000000002
"595","ran595.hdr.74",-0.0001329
"595","ran595.hdr.75",-0.000890599999999998
"595","ran595.hdr.76",-0.0007229
"595","ran595.hdr.77",-0.000586100000000003
"595","ran595.hdr.78",0.00023438
"595","ran595.hdr.8",-0.000598200000000001
"595","ran595.hdr.9",-0.0002471
"596","ran596.hdr.1",-0.000740699999999999
"596","ran596.hdr.10",-0.000232599999999999
"596","ran596.hdr.11",-0.0000950400000000011
"596","ran596.hdr.12",-0.0008751
"596","ran596.hdr.13",-0.0002021
"596","ran596.hdr.14",-0.0013508
"596","ran596.hdr.15",-0.0000649700000000001
"596","ran596.hdr.16",-0.000994360000000001
"596","ran596.hdr.17",-0.0032234
"596","ran596.hdr.18",-0.00034688
"596","ran596.hdr.19",-0.000111799999999999
"596","ran596.hdr.2",-0.0000463000000000026
"596","ran596.hdr.20",-0.00041587
"596","ran596.hdr.21",-0.00020244
"596","ran596.hdr.22",-0.0010779
"596","ran596.hdr.23",-0.000379400000000002
"596","ran596.hdr.24",0.00003841
"596","ran596.hdr.25",-0.0026503
"596","ran596.hdr.26",-0.0010155
"596","ran596.hdr.27",-0.0045505
"596","ran596.hdr.28",0.00018248
"596","ran596.hdr.29",-0.000287099999999998
"596","ran596.hdr.3",-0.0021506
"596","ran596.hdr.30",-0.0008652
"596","ran596.hdr.31",-0.00510713
"596","ran596.hdr.32",-0.0009332
"596","ran596.hdr.33",-0.0034946
"596","ran596.hdr.34",-0.00007864
"596","ran596.hdr.35",-0.000184700000000001
"596","ran596.hdr.36",-0.000653770000000001
"596","ran596.hdr.37",-0.000423400000000001
"596","ran596.hdr.38",0.0000429200000000001
"596","ran596.hdr.39",-0.000145300000000001
"596","ran596.hdr.4",-0.000614400000000001
"596","ran596.hdr.40",-0.000137
"596","ran596.hdr.41",-0.00013712
"596","ran596.hdr.42",-0.0000151000000000005
"596","ran596.hdr.43",0.000440697
"596","ran596.hdr.44",0.0001598
"596","ran596.hdr.45",-0.004276
"596","ran596.hdr.46",-0.000924000000000001
"596","ran596.hdr.47",-0.0000856099999999999
"596","ran596.hdr.48",-0.000560139999999999
"596","ran596.hdr.49",-0.00029767
"596","ran596.hdr.5",-0.0048653
"596","ran596.hdr.50",0.000374129999999999
"596","ran596.hdr.51",-0.00029094
"596","ran596.hdr.52",-0.0030547
"596","ran596.hdr.53",-0.000945399999999999
"596","ran596.hdr.54",-0.00029187
"596","ran596.hdr.55",-0.0010723
"596","ran596.hdr.56",-0.00020368
"596","ran596.hdr.57",0.000161400000000003
"596","ran596.hdr.58",0.000194639999999999
"596","ran596.hdr.59",-0.0015112
"596","ran596.hdr.6",-0.0053473
"596","ran596.hdr.60",0.00049233
"596","ran596.hdr.61",0.00013222
"596","ran596.hdr.62",-0.0043602
"596","ran596.hdr.63",-0.00194603
"596","ran596.hdr.64",-0.0044594
"596","ran596.hdr.65",0.000010099999999999
"596","ran596.hdr.66",-0.0016152
"596","ran596.hdr.67",-0.000420499999999999
"596","ran596.hdr.68",0.0000855000000000022
"596","ran596.hdr.69",-0.0001385
"596","ran596.hdr.7",-0.00168994
"596","ran596.hdr.70",-0.0016673
"596","ran596.hdr.71",0.000132810000000001
"596","ran596.hdr.72",-0.00032338
"596","ran596.hdr.73",-0.000788199999999999
"596","ran596.hdr.74",-0.0003368
"596","ran596.hdr.75",-0.000496399999999999
"596","ran596.hdr.76",0.0000163999999999997
"596","ran596.hdr.77",-0.0005872
"596","ran596.hdr.78",-0.0002331
"596","ran596.hdr.8",0.0001957
"596","ran596.hdr.9",-0.00045021
"597","ran597.hdr.1",-0.0014785
"597","ran597.hdr.10",-0.0051698
"597","ran597.hdr.11",-0.0000888
"597","ran597.hdr.12",-0.00014609
"597","ran597.hdr.13",0.000371399999999999
"597","ran597.hdr.14",-0.000701999999999999
"597","ran597.hdr.15",-0.000300809999999999
"597","ran597.hdr.16",0.0000260300000000002
"597","ran597.hdr.17",-0.000434459999999999
"597","ran597.hdr.18",-0.000554099999999998
"597","ran597.hdr.19",-0.000408459999999999
"597","ran597.hdr.2",-0.000451700000000001
"597","ran597.hdr.20",-0.00050998
"597","ran597.hdr.21",-0.000799000000000001
"597","ran597.hdr.22",-0.0018782
"597","ran597.hdr.23",NA
"597","ran597.hdr.24",-0.0012838
"597","ran597.hdr.25",-0.0014586
"597","ran597.hdr.26",-0.0000858199999999995
"597","ran597.hdr.27",-0.000376700000000001
"597","ran597.hdr.28",0.000035033
"597","ran597.hdr.29",0.0002477
"597","ran597.hdr.3",-0.0000554800000000001
"597","ran597.hdr.30",-0.0107692
"597","ran597.hdr.31",-0.0012989
"597","ran597.hdr.32",-0.00510713
"597","ran597.hdr.33",-0.000804199999999998
"597","ran597.hdr.34",-0.0018523
"597","ran597.hdr.35",-0.00018951
"597","ran597.hdr.36",-0.001022
"597","ran597.hdr.37",-0.0008168
"597","ran597.hdr.38",0.0001668
"597","ran597.hdr.39",-0.0002522
"597","ran597.hdr.4",-0.00036043
"597","ran597.hdr.40",-0.001986
"597","ran597.hdr.41",-0.0003076
"597","ran597.hdr.42",-0.000114399999999999
"597","ran597.hdr.43",-0.0000261999999999971
"597","ran597.hdr.44",-0.000034158
"597","ran597.hdr.45",-0.0000979000000000015
"597","ran597.hdr.46",0.000121899999999999
"597","ran597.hdr.47",-0.000473700000000001
"597","ran597.hdr.48",0.000449880000000001
"597","ran597.hdr.49",-0.00188647
"597","ran597.hdr.5",0.000000199999999998812
"597","ran597.hdr.50",-0.0005042
"597","ran597.hdr.51",-0.00019336
"597","ran597.hdr.52",-0.00003794
"597","ran597.hdr.53",0.0003353
"597","ran597.hdr.54",-0.0015112
"597","ran597.hdr.55",-0.0019575
"597","ran597.hdr.56",-0.0011481
"597","ran597.hdr.57",0.00024384
"597","ran597.hdr.58",-0.000556319999999999
"597","ran597.hdr.59",0.000119899999999999
"597","ran597.hdr.6",-0.0054532
"597","ran597.hdr.60",-0.000404369999999999
"597","ran597.hdr.61",-0.000103800000000001
"597","ran597.hdr.62",-0.000164200000000001
"597","ran597.hdr.63",0.0003354
"597","ran597.hdr.64",-0.00000230000000000022
"597","ran597.hdr.65",-0.0015712
"597","ran597.hdr.66",-0.0011431
"597","ran597.hdr.67",-0.000407100000000001
"597","ran597.hdr.68",0.00044513
"597","ran597.hdr.69",-0.0023812
"597","ran597.hdr.7",0.00000720000000000061
"597","ran597.hdr.70",NA
"597","ran597.hdr.71",-0.000347499999999997
"597","ran597.hdr.72",-0.0003324
"597","ran597.hdr.73",-0.000630200000000001
"597","ran597.hdr.74",0.00002271
"597","ran597.hdr.75",-0.0035566
"597","ran597.hdr.76",-0.004726
"597","ran597.hdr.77",-0.0010666
"597","ran597.hdr.78",-0.0025593
"597","ran597.hdr.8",-0.00195907
"597","ran597.hdr.9",-0.0026706
"598","ran598.hdr.1",-0.000905800000000002
"598","ran598.hdr.10",-0.000437670000000001
"598","ran598.hdr.11",-0.0015953
"598","ran598.hdr.12",-0.0000787700000000001
"598","ran598.hdr.13",-0.000387700000000001
"598","ran598.hdr.14",-0.0023044
"598","ran598.hdr.15",-0.0002828
"598","ran598.hdr.16",-0.000824699999999999
"598","ran598.hdr.17",-0.0004673
"598","ran598.hdr.18",0.0000675200000000006
"598","ran598.hdr.19",-0.000657
"598","ran598.hdr.2",-0.0012185
"598","ran598.hdr.20",-0.0000923199999999999
"598","ran598.hdr.21",-0.000727600000000002
"598","ran598.hdr.22",-0.0033496
"598","ran598.hdr.23",-0.000646799999999999
"598","ran598.hdr.24",-0.000298699999999999
"598","ran598.hdr.25",-0.000515720000000001
"598","ran598.hdr.26",-0.000311800000000001
"598","ran598.hdr.27",0.00000545000000000016
"598","ran598.hdr.28",-0.0006158
"598","ran598.hdr.29",-0.00130484
"598","ran598.hdr.3",-0.0014413
"598","ran598.hdr.30",0.0000498999999999999
"598","ran598.hdr.31",-0.0028943
"598","ran598.hdr.32",-0.000784
"598","ran598.hdr.33",-0.0000245000000000002
"598","ran598.hdr.34",-0.0000624000000000006
"598","ran598.hdr.35",0.0000833000000000014
"598","ran598.hdr.36",0.000272029999999999
"598","ran598.hdr.37",0.000121800000000002
"598","ran598.hdr.38",-0.0023716
"598","ran598.hdr.39",-0.000908200000000001
"598","ran598.hdr.4",-0.000833500000000001
"598","ran598.hdr.40",-0.000973700000000001
"598","ran598.hdr.41",-0.000379500000000001
"598","ran598.hdr.42",-0.000717699999999998
"598","ran598.hdr.43",-0.000819799999999999
"598","ran598.hdr.44",-0.0010777
"598","ran598.hdr.45",-0.00010706
"598","ran598.hdr.46",-0.000246700000000001
"598","ran598.hdr.47",-0.0014471
"598","ran598.hdr.48",0.00025203
"598","ran598.hdr.49",-0.000092715
"598","ran598.hdr.5",-0.0019788
"598","ran598.hdr.50",NA
"598","ran598.hdr.51",-0.0023898
"598","ran598.hdr.52",-0.0047786
"598","ran598.hdr.53",0.0000010642
"598","ran598.hdr.54",0.00010445
"598","ran598.hdr.55",-0.0003331
"598","ran598.hdr.56",-0.000293069999999999
"598","ran598.hdr.58",-0.000907400000000001
"598","ran598.hdr.59",-0.0011067
"598","ran598.hdr.6",NA
"598","ran598.hdr.60",-0.0006847
"598","ran598.hdr.61",-0.0013065
"598","ran598.hdr.62",-0.000540200000000001
"598","ran598.hdr.63",0.000206099999999999
"598","ran598.hdr.64",-0.0016152
"598","ran598.hdr.65",-0.000164200000000001
"598","ran598.hdr.66",0.000122430000000001
"598","ran598.hdr.67",-0.000794200000000002
"598","ran598.hdr.68",-0.0011658
"598","ran598.hdr.69",-0.0024046
"598","ran598.hdr.7",-0.0028275
"598","ran598.hdr.70",-0.0000303999999999999
"598","ran598.hdr.71",-0.0005544
"598","ran598.hdr.72",0.0000663
"598","ran598.hdr.73",-0.0001492
"598","ran598.hdr.74",-0.0007697
"598","ran598.hdr.75",-0.0014277
"598","ran598.hdr.76",-0.000161699999999999
"598","ran598.hdr.77",-0.0000459999999999992
"598","ran598.hdr.78",-0.0014426
"598","ran598.hdr.8",0.000186599999999999
"598","ran598.hdr.9",-0.00062661
"599","ran599.hdr.1",-0.000119600000000001
"599","ran599.hdr.10",0.000584499999999998
"599","ran599.hdr.11",-0.0011481
"599","ran599.hdr.12",-0.00029445
"599","ran599.hdr.13",-0.0004673
"599","ran599.hdr.14",-0.0007302
"599","ran599.hdr.15",-0.000934500000000001
"599","ran599.hdr.16",-0.000840899999999999
"599","ran599.hdr.17",0.000135
"599","ran599.hdr.18",-0.0012188
"599","ran599.hdr.19",-0.0011619
"599","ran599.hdr.2",-0.0019788
"599","ran599.hdr.20",-0.0011853
"599","ran599.hdr.21",-0.0010804
"599","ran599.hdr.22",-0.0000786399999999996
"599","ran599.hdr.23",-0.00039436
"599","ran599.hdr.24",-0.000336700000000001
"599","ran599.hdr.25",0.0000383999999999992
"599","ran599.hdr.26",-0.000284
"599","ran599.hdr.27",-0.0025053
"599","ran599.hdr.28",-0.0000660000000000001
"599","ran599.hdr.29",-0.000428899999999999
"599","ran599.hdr.3",-0.000942399999999999
"599","ran599.hdr.30",-0.000176700000000002
"599","ran599.hdr.31",-0.0010877
"599","ran599.hdr.32",0.000364899999999998
"599","ran599.hdr.33",-0.0034946
"599","ran599.hdr.34",-0.00036563
"599","ran599.hdr.35",-0.00023755
"599","ran599.hdr.36",-0.000287379999999999
"599","ran599.hdr.37",-0.00015038
"599","ran599.hdr.38",-0.0011052
"599","ran599.hdr.39",-0.00035637
"599","ran599.hdr.4",-0.0037929
"599","ran599.hdr.40",0.0000303999999999999
"599","ran599.hdr.41",-0.000643399999999999
"599","ran599.hdr.42",0.0000540300000000001
"599","ran599.hdr.43",0.0000753000000000004
"599","ran599.hdr.44",-0.000207300000000001
"599","ran599.hdr.45",-0.00000561000000000008
"599","ran599.hdr.46",NA
"599","ran599.hdr.47",-0.000982500000000001
"599","ran599.hdr.48",0.000279399999999999
"599","ran599.hdr.49",-0.000315939999999999
"599","ran599.hdr.5",-0.00000749999999999883
"599","ran599.hdr.50",0.000156099999999999
"599","ran599.hdr.51",-0.000343609999999999
"599","ran599.hdr.52",-0.0009668
"599","ran599.hdr.53",NA
"599","ran599.hdr.54",0.0001158
"599","ran599.hdr.55",-0.0000283000000000002
"599","ran599.hdr.56",0.000158940000000001
"599","ran599.hdr.57",0.000139
"599","ran599.hdr.58",-0.00021542
"599","ran599.hdr.59",-0.000217699999999999
"599","ran599.hdr.6",0.00000320000000000008
"599","ran599.hdr.60",-0.0010844
"599","ran599.hdr.61",-0.0010508
"599","ran599.hdr.62",-0.000455400000000002
"599","ran599.hdr.63",-0.00194603
"599","ran599.hdr.64",-0.00274956
"599","ran599.hdr.65",-0.0004131
"599","ran599.hdr.66",-0.000674876
"599","ran599.hdr.67",-0.000112899999999999
"599","ran599.hdr.68",0.00029028
"599","ran599.hdr.69",-0.0000591999999999988
"599","ran599.hdr.7",-0.00058509
"599","ran599.hdr.70",-0.0000212000000000007
"599","ran599.hdr.71",-0.00073928
"599","ran599.hdr.72",-0.0013741
"599","ran599.hdr.73",-0.0014309
"599","ran599.hdr.74",-0.0016949
"599","ran599.hdr.75",-0.0007366
"599","ran599.hdr.76",-0.0014428
"599","ran599.hdr.77",-0.000275039999999999
"599","ran599.hdr.78",-0.000776900000000001
"599","ran599.hdr.8",-0.00066134
"599","ran599.hdr.9",-0.000417799999999999
"600","ran600.hdr.1",-0.0001598
"600","ran600.hdr.10",-0.0034399
"600","ran600.hdr.11",-0.00019136
"600","ran600.hdr.12",-0.000405638
"600","ran600.hdr.13",-0.00018447
"600","ran600.hdr.14",-0.000679800000000001
"600","ran600.hdr.15",-0.0005524
"600","ran600.hdr.16",-0.00047623
"600","ran600.hdr.17",-0.0000160999999999998
"600","ran600.hdr.18",-0.0000854700000000007
"600","ran600.hdr.19",-0.0008164
"600","ran600.hdr.2",-0.000870900000000001
"600","ran600.hdr.20",-0.0004534
"600","ran600.hdr.21",-0.0013108
"600","ran600.hdr.22",-0.0035352
"600","ran600.hdr.23",-0.0003757
"600","ran600.hdr.24",-0.0015342
"600","ran600.hdr.25",-0.00031687
"600","ran600.hdr.26",-0.0000610900000000002
"600","ran600.hdr.27",-0.0025984
"600","ran600.hdr.28",0.00014525
"600","ran600.hdr.29",-0.002134
"600","ran600.hdr.3",-0.000220599999999998
"600","ran600.hdr.30",-0.0023372
"600","ran600.hdr.31",0.0006037
"600","ran600.hdr.32",-0.0010452
"600","ran600.hdr.33",-0.0012202
"600","ran600.hdr.34",-0.00033054
"600","ran600.hdr.35",0.000166100000000001
"600","ran600.hdr.36",0.000210500000000001
"600","ran600.hdr.37",-0.0005269
"600","ran600.hdr.38",-0.000104
"600","ran600.hdr.39",-0.0006228
"600","ran600.hdr.4",-0.0000914000000000002
"600","ran600.hdr.40",-0.0002538
"600","ran600.hdr.41",-0.000942499999999999
"600","ran600.hdr.42",0.000206599999999999
"600","ran600.hdr.43",-0.000638400000000001
"600","ran600.hdr.44",-0.0002167
"600","ran600.hdr.45",0.0002331
"600","ran600.hdr.46",0.000161399999999999
"600","ran600.hdr.47",-0.0076935
"600","ran600.hdr.48",-0.000153199999999999
"600","ran600.hdr.49",-0.000034158
"600","ran600.hdr.5",-0.000849200000000001
"600","ran600.hdr.50",-0.0002202
"600","ran600.hdr.51",0.00015401
"600","ran600.hdr.52",-0.000133000000000001
"600","ran600.hdr.53",-0.00018672
"600","ran600.hdr.54",-0.0011044
"600","ran600.hdr.55",-0.00020627
"600","ran600.hdr.56",0.0000555099999999999
"600","ran600.hdr.57",-0.00011424
"600","ran600.hdr.58",0.0003353
"600","ran600.hdr.6",-0.000171609999999999
"600","ran600.hdr.60",-0.0005766
"600","ran600.hdr.61",-0.0013104
"600","ran600.hdr.62",-0.0004576
"600","ran600.hdr.63",-0.0008126
"600","ran600.hdr.64",-0.00084326
"600","ran600.hdr.65",-0.000324099999999999
"600","ran600.hdr.66",-0.000850799999999999
"600","ran600.hdr.67",-0.0011074
"600","ran600.hdr.68",-0.0003435
"600","ran600.hdr.69",-0.0068051
"600","ran600.hdr.7",-0.000160799999999999
"600","ran600.hdr.70",-0.0016696
"600","ran600.hdr.71",0.0000348000000000015
"600","ran600.hdr.72",0.000151800000000001
"600","ran600.hdr.73",-0.000559999999999998
"600","ran600.hdr.74",-0.0009751
"600","ran600.hdr.75",-0.0000214000000000013
"600","ran600.hdr.76",-0.00096858
"600","ran600.hdr.77",-0.0004031
"600","ran600.hdr.78",-0.000776900000000001
"600","ran600.hdr.8",-0.001681
"600","ran600.hdr.9",-0.000614400000000001
"601","ran601.hdr.1",0.00000460000000000044
"601","ran601.hdr.10",-0.000130499999999999
"601","ran601.hdr.11",-0.000429499999999999
"601","ran601.hdr.12",-0.0023044
"601","ran601.hdr.13",-0.000401799999999999
"601","ran601.hdr.14",-0.0011382
"601","ran601.hdr.15",0.000020684
"601","ran601.hdr.16",-0.0004673
"601","ran601.hdr.17",-0.0002021
"601","ran601.hdr.18",-0.00071959
"601","ran601.hdr.19",-0.0000508999999999996
"601","ran601.hdr.2",-0.000149890000000001
"601","ran601.hdr.20",-0.000789400000000003
"601","ran601.hdr.21",-0.0008602
"601","ran601.hdr.22",-0.000727600000000002
"601","ran601.hdr.23",-0.000184699999999999
"601","ran601.hdr.24",-0.0075695
"601","ran601.hdr.25",-0.001862
"601","ran601.hdr.26",-0.00043339
"601","ran601.hdr.27",-0.000612299999999998
"601","ran601.hdr.28",-0.000595100000000001
"601","ran601.hdr.29",-0.000352700000000001
"601","ran601.hdr.3",0.000357100000000001
"601","ran601.hdr.30",-0.0001443
"601","ran601.hdr.31",-0.0024132
"601","ran601.hdr.32",-0.0005942
"601","ran601.hdr.33",-0.000311800000000001
"601","ran601.hdr.34",-0.00084943
"601","ran601.hdr.35",0.000435100000000001
"601","ran601.hdr.36",-0.00044142
"601","ran601.hdr.37",-0.00035023
"601","ran601.hdr.38",-0.00028711
"601","ran601.hdr.39",0.0000498999999999999
"601","ran601.hdr.4",-0.0012446
"601","ran601.hdr.40",-0.000287099999999998
"601","ran601.hdr.41",0.000369429999999999
"601","ran601.hdr.42",-0.0107692
"601","ran601.hdr.43",0.000159400000000001
"601","ran601.hdr.44",-0.0006427
"601","ran601.hdr.45",-0.0002611
"601","ran601.hdr.46",-0.0003333
"601","ran601.hdr.47",-0.000152599999999999
"601","ran601.hdr.48",-0.000623100000000001
"601","ran601.hdr.49",-0.0001828
"601","ran601.hdr.5",-0.0005346
"601","ran601.hdr.50",-0.0008168
"601","ran601.hdr.51",-0.000332000000000001
"601","ran601.hdr.52",-0.0009972
"601","ran601.hdr.53",-0.0021188
"601","ran601.hdr.54",-0.000787299999999999
"601","ran601.hdr.55",0.000237399999999999
"601","ran601.hdr.56",0.0002524
"601","ran601.hdr.57",-0.001384
"601","ran601.hdr.58",-0.00073805
"601","ran601.hdr.6",-0.0000253999999999983
"601","ran601.hdr.60",0.000165
"601","ran601.hdr.61",-0.0000546999999999995
"601","ran601.hdr.62",0.0000446000000000005
"601","ran601.hdr.63",-0.000602269999999999
"601","ran601.hdr.64",-0.001153
"601","ran601.hdr.65",-0.000849699999999998
"601","ran601.hdr.66",0.000449379999999999
"601","ran601.hdr.67",-0.000194100000000003
"601","ran601.hdr.68",-0.0012643
"601","ran601.hdr.69",-0.000168699999999999
"601","ran601.hdr.7",-0.0054872
"601","ran601.hdr.70",-0.000316540000000001
"601","ran601.hdr.71",-0.000219
"601","ran601.hdr.72",-0.000265999999999999
"601","ran601.hdr.73",-0.0017992
"601","ran601.hdr.74",-0.0011035
"601","ran601.hdr.75",-0.0003706
"601","ran601.hdr.76",-0.0007951
"601","ran601.hdr.77",-0.002875
"601","ran601.hdr.78",-0.0023497
"601","ran601.hdr.8",-0.00163709
"601","ran601.hdr.9",-0.000653600000000001
"602","ran602.hdr.1",-0.0014426
"602","ran602.hdr.10",-0.0006119
"602","ran602.hdr.11",-0.000232400000000001
"602","ran602.hdr.12",-0.000679800000000001
"602","ran602.hdr.13",-0.00065658
"602","ran602.hdr.14",-0.0006719
"602","ran602.hdr.15",-0.0002322
"602","ran602.hdr.16",-0.000785500000000001
"602","ran602.hdr.17",-0.0005968
"602","ran602.hdr.18",0.0000168399999999997
"602","ran602.hdr.19",-0.00061751
"602","ran602.hdr.2",-0.0019788
"602","ran602.hdr.20",-0.0011183
"602","ran602.hdr.21",-0.0011163
"602","ran602.hdr.22",0.0004049
"602","ran602.hdr.23",0.0000514499999999998
"602","ran602.hdr.24",-0.002999
"602","ran602.hdr.25",0.000511099999999999
"602","ran602.hdr.26",0.00035241
"602","ran602.hdr.27",-0.000541900000000001
"602","ran602.hdr.28",-0.000382
"602","ran602.hdr.29",0.0000578999999999996
"602","ran602.hdr.3",0.0000508000000000002
"602","ran602.hdr.30",-0.0005219
"602","ran602.hdr.31",-0.000521599999999999
"602","ran602.hdr.32",0.000033677
"602","ran602.hdr.33",-0.0001543
"602","ran602.hdr.34",-0.00087888
"602","ran602.hdr.35",-0.000202600000000001
"602","ran602.hdr.36",-0.0000248000000000002
"602","ran602.hdr.37",-0.000154469999999999
"602","ran602.hdr.38",-0.0026491
"602","ran602.hdr.39",-0.000181300000000001
"602","ran602.hdr.4",-0.000640700000000001
"602","ran602.hdr.40",-0.0022477
"602","ran602.hdr.41",0.0000184916
"602","ran602.hdr.42",-0.0011914
"602","ran602.hdr.43",-0.0016596
"602","ran602.hdr.44",-0.0007551
"602","ran602.hdr.45",-0.000596599999999999
"602","ran602.hdr.46",-0.000982500000000001
"602","ran602.hdr.47",-0.000280989999999999
"602","ran602.hdr.48",-0.00047324
"602","ran602.hdr.49",-0.00035604
"602","ran602.hdr.5",-0.000233200000000003
"602","ran602.hdr.50",-0.0000151600000000002
"602","ran602.hdr.51",-0.00050305
"602","ran602.hdr.52",-0.0010723
"602","ran602.hdr.53",-0.000381660000000001
"602","ran602.hdr.54",-0.0010313
"602","ran602.hdr.55",-0.0002815
"602","ran602.hdr.56",-0.000268079999999999
"602","ran602.hdr.57",-0.000578199999999999
"602","ran602.hdr.58",-0.0020265
"602","ran602.hdr.59",0.000119899999999999
"602","ran602.hdr.6",-0.00017145
"602","ran602.hdr.60",0.0007124
"602","ran602.hdr.61",-0.0013776
"602","ran602.hdr.62",-0.000110100000000002
"602","ran602.hdr.63",-0.001224
"602","ran602.hdr.64",-0.0001876
"602","ran602.hdr.65",-0.000164200000000001
"602","ran602.hdr.66",-0.0003861
"602","ran602.hdr.67",-0.000607500000000002
"602","ran602.hdr.68",-0.000112899999999999
"602","ran602.hdr.69",-0.000256100000000002
"602","ran602.hdr.7",NA
"602","ran602.hdr.70",-0.0009037
"602","ran602.hdr.71",-0.0014277
"602","ran602.hdr.72",-0.000198200000000001
"602","ran602.hdr.73",-0.000427900000000002
"602","ran602.hdr.74",-0.000482799999999999
"602","ran602.hdr.75",-0.00096858
"602","ran602.hdr.76",-0.0001402
"602","ran602.hdr.77",-0.000490000000000001
"602","ran602.hdr.78",-0.000547499999999999
"602","ran602.hdr.8",-0.000635699999999999
"602","ran602.hdr.9",-0.00025102
"603","ran603.hdr.1",-0.0026949
"603","ran603.hdr.10",-0.00013863
"603","ran603.hdr.11",-0.0006677
"603","ran603.hdr.12",-0.0002267
"603","ran603.hdr.13",-0.0013508
"603","ran603.hdr.14",-0.000431160000000002
"603","ran603.hdr.15",-0.000840899999999999
"603","ran603.hdr.16",-0.000291369999999999
"603","ran603.hdr.17",-0.0000643999999999992
"603","ran603.hdr.18",-0.000432999999999999
"603","ran603.hdr.19",-0.0017674
"603","ran603.hdr.2",-0.0000461999999999997
"603","ran603.hdr.20",0.000213399999999999
"603","ran603.hdr.21",-0.0000838999999999996
"603","ran603.hdr.22",-0.000498100000000001
"603","ran603.hdr.23",-0.00031687
"603","ran603.hdr.24",-0.0014492
"603","ran603.hdr.25",-0.0001948
"603","ran603.hdr.26",-0.0001248
"603","ran603.hdr.27",-0.000616499999999999
"603","ran603.hdr.28",-0.00020663
"603","ran603.hdr.29",-0.00026931
"603","ran603.hdr.3",-0.00021753
"603","ran603.hdr.30",-0.00018017
"603","ran603.hdr.31",-0.00069205
"603","ran603.hdr.32",0.0000948100000000007
"603","ran603.hdr.33",0.000165800000000001
"603","ran603.hdr.34",-0.000250599999999998
"603","ran603.hdr.35",-0.000412499999999998
"603","ran603.hdr.36",-0.0030608
"603","ran603.hdr.37",0.0002028
"603","ran603.hdr.38",0.0000184400000000002
"603","ran603.hdr.39",-0.000390949999999999
"603","ran603.hdr.4",-0.0061766
"603","ran603.hdr.40",-0.0011052
"603","ran603.hdr.41",-0.000291899999999999
"603","ran603.hdr.42",-0.000291899999999999
"603","ran603.hdr.43",-0.000569200000000002
"603","ran603.hdr.44",-0.000819799999999999
"603","ran603.hdr.45",-0.000735400000000001
"603","ran603.hdr.46",-0.000514700000000002
"603","ran603.hdr.47",0.0000833999999999991
"603","ran603.hdr.48",-0.000837099999999999
"603","ran603.hdr.49",-0.00038213
"603","ran603.hdr.5",-0.0054452
"603","ran603.hdr.50",-0.0000151600000000002
"603","ran603.hdr.51",-0.0000134699999999998
"603","ran603.hdr.53",0.000570899999999999
"603","ran603.hdr.54",0.00000550000000000203
"603","ran603.hdr.55",0.000129292
"603","ran603.hdr.56",-0.00084326
"603","ran603.hdr.57",0.000166699999999999
"603","ran603.hdr.58",-0.0003064
"603","ran603.hdr.59",-0.000663200000000001
"603","ran603.hdr.6",-0.0109775
"603","ran603.hdr.60",-0.00274956
"603","ran603.hdr.61",-0.0012721
"603","ran603.hdr.62",-0.0005504
"603","ran603.hdr.63",-0.000794200000000002
"603","ran603.hdr.64",-0.0008821
"603","ran603.hdr.65",-0.0012283
"603","ran603.hdr.66",-0.0005272
"603","ran603.hdr.67",-0.00000323999999999984
"603","ran603.hdr.68",0.000100399999999999
"603","ran603.hdr.69",0.0000262700000000001
"603","ran603.hdr.7",-0.000461899999999998
"603","ran603.hdr.70",-0.0011988
"603","ran603.hdr.71",0.00002271
"603","ran603.hdr.72",-0.0011974
"603","ran603.hdr.73",-0.0023484
"603","ran603.hdr.74",-0.000806600000000001
"603","ran603.hdr.75",-0.0018348
"603","ran603.hdr.76",-0.0014027
"603","ran603.hdr.77",-0.0006976
"603","ran603.hdr.78",-0.0003225
"603","ran603.hdr.8",-0.000063007
"603","ran603.hdr.9",-0.0006642
"604","ran604.hdr.1",-0.000224699999999998
"604","ran604.hdr.10",0.000160479999999999
"604","ran604.hdr.11",-0.00021846
"604","ran604.hdr.12",-0.000454599999999999
"604","ran604.hdr.13",-0.00038213
"604","ran604.hdr.14",0.0000170000000000014
"604","ran604.hdr.15",-0.00036517
"604","ran604.hdr.16",-0.000217070000000001
"604","ran604.hdr.17",-0.00023309
"604","ran604.hdr.18",-0.00011379
"604","ran604.hdr.19",0.0000505499999999999
"604","ran604.hdr.2",0.000220700000000001
"604","ran604.hdr.20",0.00007186
"604","ran604.hdr.21",0.0002302
"604","ran604.hdr.22",-0.000457879999999999
"604","ran604.hdr.23",-0.000732
"604","ran604.hdr.24",0.000681399999999999
"604","ran604.hdr.25",-0.0000566999999999998
"604","ran604.hdr.26",-0.0001248
"604","ran604.hdr.27",-0.000385699999999999
"604","ran604.hdr.28",0.00041999
"604","ran604.hdr.29",0.00025468
"604","ran604.hdr.3",-0.0011071
"604","ran604.hdr.30",-0.0002773
"604","ran604.hdr.31",-0.00039436
"604","ran604.hdr.32",-0.000413999999999999
"604","ran604.hdr.33",-0.000385700000000001
"604","ran604.hdr.34",-0.0058339
"604","ran604.hdr.35",-0.000875799999999999
"604","ran604.hdr.36",0.000316899999999998
"604","ran604.hdr.37",-0.0020208
"604","ran604.hdr.38",-0.0049962
"604","ran604.hdr.39",-0.0004972
"604","ran604.hdr.4",-0.0021506
"604","ran604.hdr.40",-0.000287379999999999
"604","ran604.hdr.41",-0.00016097
"604","ran604.hdr.42",-0.0011115
"604","ran604.hdr.43",0.000381299999999999
"604","ran604.hdr.44",-0.001986
"604","ran604.hdr.45",-0.0013621
"604","ran604.hdr.46",-0.000791500000000001
"604","ran604.hdr.47",-0.000285400000000002
"604","ran604.hdr.48",-0.0006
"604","ran604.hdr.49",-0.00209034
"604","ran604.hdr.5",-0.0041174
"604","ran604.hdr.50",-0.0017191
"604","ran604.hdr.51",-0.0000261999999999971
"604","ran604.hdr.52",-0.000233399999999998
"604","ran604.hdr.53",-0.000288699999999999
"604","ran604.hdr.54",0.0000449999999999999
"604","ran604.hdr.55",0.0003506
"604","ran604.hdr.56",-0.00021661
"604","ran604.hdr.57",-0.0015804
"604","ran604.hdr.58",-0.000299799999999999
"604","ran604.hdr.59",-0.0004037
"604","ran604.hdr.6",-0.0030667
"604","ran604.hdr.60",0.00030316
"604","ran604.hdr.61",-0.00029272
"604","ran604.hdr.62",-0.000313299999999999
"604","ran604.hdr.64",-0.00023275
"604","ran604.hdr.65",-0.0017637
"604","ran604.hdr.66",-0.0015743
"604","ran604.hdr.67",0.0000675999999999993
"604","ran604.hdr.68",-0.0003058
"604","ran604.hdr.69",-0.0037906
"604","ran604.hdr.7",-0.00044199
"604","ran604.hdr.70",-0.0000952000000000001
"604","ran604.hdr.71",-0.0007215
"604","ran604.hdr.72",-0.0006
"604","ran604.hdr.73",0.000268500000000001
"604","ran604.hdr.74",0.00002271
"604","ran604.hdr.75",-0.0022821
"604","ran604.hdr.76",-0.000806600000000001
"604","ran604.hdr.77",-0.000676700000000002
"604","ran604.hdr.78",-0.000221059999999999
"604","ran604.hdr.8",-0.00042476
"604","ran604.hdr.9",-0.00062661
"605","ran605.hdr.1",-0.0000473399999999999
"605","ran605.hdr.10",0.000241600000000002
"605","ran605.hdr.11",-0.000789400000000003
"605","ran605.hdr.12",-0.000220930000000001
"605","ran605.hdr.13",-0.000339599999999999
"605","ran605.hdr.14",-0.0017312
"605","ran605.hdr.15",-0.0039813
"605","ran605.hdr.16",-0.0003961
"605","ran605.hdr.17",0.0000853599999999996
"605","ran605.hdr.18",-0.00026379
"605","ran605.hdr.19",-0.000243729999999999
"605","ran605.hdr.2",-0.000290729999999999
"605","ran605.hdr.20",-0.000383960000000001
"605","ran605.hdr.21",0.000619580000000001
"605","ran605.hdr.22",-0.00010227
"605","ran605.hdr.23",-0.00031339
"605","ran605.hdr.24",-0.000450470000000001
"605","ran605.hdr.25",-0.000177999999999998
"605","ran605.hdr.26",-0.0011573
"605","ran605.hdr.27",-0.0010093
"605","ran605.hdr.28",-0.000735299999999998
"605","ran605.hdr.29",-0.0000245000000000002
"605","ran605.hdr.3",-0.0003254
"605","ran605.hdr.30",-0.000630099999999998
"605","ran605.hdr.31",-0.0006827
"605","ran605.hdr.32",0.0000670599999999999
"605","ran605.hdr.33",-0.000687
"605","ran605.hdr.34",-0.000250999999999999
"605","ran605.hdr.35",-0.0016634
"605","ran605.hdr.36",-0.00019346
"605","ran605.hdr.37",-0.000023311
"605","ran605.hdr.38",-0.0076935
"605","ran605.hdr.39",-0.0073875
"605","ran605.hdr.4",-0.00041678
"605","ran605.hdr.40",-0.000246700000000001
"605","ran605.hdr.41",-0.000576500000000001
"605","ran605.hdr.42",-0.0000371
"605","ran605.hdr.43",-0.002897
"605","ran605.hdr.44",-0.00005857
"605","ran605.hdr.45",-0.000390110000000001
"605","ran605.hdr.46",0.0000833999999999991
"605","ran605.hdr.47",-0.0135865
"605","ran605.hdr.48",-0.0011486
"605","ran605.hdr.49",-0.0004831
"605","ran605.hdr.5",-0.0044797
"605","ran605.hdr.50",-0.00037772
"605","ran605.hdr.51",-0.00024603
"605","ran605.hdr.52",-0.000106240000000001
"605","ran605.hdr.53",0.00013157
"605","ran605.hdr.54",0.00008457
"605","ran605.hdr.55",-0.0003833
"605","ran605.hdr.57",-0.000492100000000002
"605","ran605.hdr.58",-0.0000770000000000007
"605","ran605.hdr.59",-0.00039517
"605","ran605.hdr.6",-0.000571100000000001
"605","ran605.hdr.60",-0.0003231
"605","ran605.hdr.61",0.0000683000000000003
"605","ran605.hdr.62",-0.0005761
"605","ran605.hdr.63",-0.001085
"605","ran605.hdr.64",0.0000443000000000006
"605","ran605.hdr.65",-0.00093906
"605","ran605.hdr.66",0.0000524000000000011
"605","ran605.hdr.67",-0.0037745
"605","ran605.hdr.68",-0.000559999999999998
"605","ran605.hdr.69",0.000381340000000001
"605","ran605.hdr.7",-0.0000013393
"605","ran605.hdr.70",0.00011249
"605","ran605.hdr.71",-0.000680200000000001
"605","ran605.hdr.72",-0.0027169
"605","ran605.hdr.73",-0.000694699999999999
"605","ran605.hdr.74",-0.0010139
"605","ran605.hdr.75",-0.000894099999999998
"605","ran605.hdr.76",-0.0017455
"605","ran605.hdr.77",-0.000314699999999999
"605","ran605.hdr.78",-0.000678990000000001
"605","ran605.hdr.8",-0.0000901399999999998
"605","ran605.hdr.9",-0.0005673
"606","ran606.hdr.1",-0.0000535799999999993
"606","ran606.hdr.10",NA
"606","ran606.hdr.11",-0.0000013393
"606","ran606.hdr.12",-0.0023044
"606","ran606.hdr.13",-0.00018564
"606","ran606.hdr.14",-0.000549999999999998
"606","ran606.hdr.15",-0.000598200000000001
"606","ran606.hdr.16",0.00015839
"606","ran606.hdr.17",-0.0002471
"606","ran606.hdr.18",-0.0012188
"606","ran606.hdr.19",-0.0015342
"606","ran606.hdr.2",-0.00040682
"606","ran606.hdr.20",-0.000435399999999999
"606","ran606.hdr.21",-0.00019286
"606","ran606.hdr.22",-0.0006201
"606","ran606.hdr.23",-0.000327499999999998
"606","ran606.hdr.24",0.00014082
"606","ran606.hdr.25",-0.002522
"606","ran606.hdr.26",0.000223299999999999
"606","ran606.hdr.27",-0.0006008
"606","ran606.hdr.28",-0.0006335
"606","ran606.hdr.29",-0.000714700000000002
"606","ran606.hdr.3",0.0001826
"606","ran606.hdr.30",-0.0002538
"606","ran606.hdr.31",-0.000875799999999999
"606","ran606.hdr.32",-0.001677
"606","ran606.hdr.33",-0.000654399999999999
"606","ran606.hdr.34",-0.0001826
"606","ran606.hdr.35",-0.00015807
"606","ran606.hdr.36",-0.0010094
"606","ran606.hdr.37",-0.0008489
"606","ran606.hdr.38",-0.00011267
"606","ran606.hdr.39",0.000255200000000001
"606","ran606.hdr.4",-0.000149890000000001
"606","ran606.hdr.40",-0.0027946
"606","ran606.hdr.41",-0.0000328000000000004
"606","ran606.hdr.42",0.000121899999999999
"606","ran606.hdr.43",-0.00062953
"606","ran606.hdr.44",-0.0070655
"606","ran606.hdr.45",-0.000846700000000001
"606","ran606.hdr.46",-0.0011486
"606","ran606.hdr.47",-0.0034143
"606","ran606.hdr.48",0.000169599999999999
"606","ran606.hdr.49",-0.0000283000000000002
"606","ran606.hdr.5",-0.00260634
"606","ran606.hdr.50",-0.000456100000000001
"606","ran606.hdr.51",0.000207799999999998
"606","ran606.hdr.52",-0.00048754
"606","ran606.hdr.53",-0.00047522
"606","ran606.hdr.54",-0.000146299999999999
"606","ran606.hdr.57",0.0000932000000000016
"606","ran606.hdr.58",0.00025644
"606","ran606.hdr.59",-0.0018172
"606","ran606.hdr.6",-0.0004437
"606","ran606.hdr.60",-0.001278
"606","ran606.hdr.61",-0.0035597
"606","ran606.hdr.62",-0.0010849
"606","ran606.hdr.63",-0.000361200000000001
"606","ran606.hdr.64",-0.0000736999999999995
"606","ran606.hdr.65",-0.0037906
"606","ran606.hdr.66",-0.0096339
"606","ran606.hdr.67",-0.0014372
"606","ran606.hdr.68",-0.0030059
"606","ran606.hdr.69",-0.0007215
"606","ran606.hdr.7",-0.000229759999999999
"606","ran606.hdr.70",-0.000168699999999999
"606","ran606.hdr.71",-0.000267199999999999
"606","ran606.hdr.72",-0.000949499999999999
"606","ran606.hdr.73",-0.000388300000000001
"606","ran606.hdr.74",-0.0011097
"606","ran606.hdr.75",-0.001624
"606","ran606.hdr.76",-0.0007229
"606","ran606.hdr.77",-0.0032639
"606","ran606.hdr.78",-0.000384199999999999
"606","ran606.hdr.8",-0.0003186
"606","ran606.hdr.9",0.0000905869999999999
"607","ran607.hdr.1",-0.000195000000000001
"607","ran607.hdr.10",-0.0000870999999999997
"607","ran607.hdr.11",-0.0002471
"607","ran607.hdr.12",-0.00029621
"607","ran607.hdr.13",0.000770360000000001
"607","ran607.hdr.14",-0.000351200000000001
"607","ran607.hdr.15",-0.0008751
"607","ran607.hdr.16",-0.0005171
"607","ran607.hdr.17",-0.0000736000000000001
"607","ran607.hdr.18",-0.0002961
"607","ran607.hdr.19",-0.0005968
"607","ran607.hdr.2",0.000177399999999999
"607","ran607.hdr.20",-0.00047309
"607","ran607.hdr.21",-0.0010476
"607","ran607.hdr.22",-0.000257799999999999
"607","ran607.hdr.23",-0.001596
"607","ran607.hdr.24",-0.0002103
"607","ran607.hdr.25",-0.000385699999999999
"607","ran607.hdr.26",-0.00035699
"607","ran607.hdr.27",-0.0000828099999999991
"607","ran607.hdr.28",0.0001251
"607","ran607.hdr.29",-0.000217149999999999
"607","ran607.hdr.3",0.0004017
"607","ran607.hdr.30",-0.0003193
"607","ran607.hdr.31",0.000673600000000002
"607","ran607.hdr.32",-0.001677
"607","ran607.hdr.33",-0.002439
"607","ran607.hdr.34",-0.000607699999999999
"607","ran607.hdr.35",-0.00510713
"607","ran607.hdr.36",-0.00046567
"607","ran607.hdr.37",0.0000463000000000009
"607","ran607.hdr.38",0.0000377199999999998
"607","ran607.hdr.39",-0.0000631999999999994
"607","ran607.hdr.4",-0.0109775
"607","ran607.hdr.40",-0.000332000000000001
"607","ran607.hdr.41",0.000222661
"607","ran607.hdr.42",-0.0001203
"607","ran607.hdr.43",-0.00102067
"607","ran607.hdr.44",-0.0016634
"607","ran607.hdr.45",-0.0002504
"607","ran607.hdr.46",-0.00034381
"607","ran607.hdr.47",-0.0018642
"607","ran607.hdr.48",-0.0070307
"607","ran607.hdr.49",0.0004924
"607","ran607.hdr.5",0.000186599999999999
"607","ran607.hdr.50",-0.0001431
"607","ran607.hdr.51",-0.00328849
"607","ran607.hdr.52",-0.0011486
"607","ran607.hdr.53",-0.00031891
"607","ran607.hdr.54",-0.00037772
"607","ran607.hdr.55",-0.0000678899999999993
"607","ran607.hdr.56",-0.0000509000000000013
"607","ran607.hdr.57",-0.0010297
"607","ran607.hdr.58",-0.000268079999999999
"607","ran607.hdr.59",0.000360830000000001
"607","ran607.hdr.6",-0.0002831
"607","ran607.hdr.60",0.000174000000000001
"607","ran607.hdr.61",-0.0102309
"607","ran607.hdr.62",-0.000556319999999999
"607","ran607.hdr.63",-0.0011085
"607","ran607.hdr.64",-0.000420900000000002
"607","ran607.hdr.65",-0.0011074
"607","ran607.hdr.66",-0.000164200000000001
"607","ran607.hdr.67",-0.00031509
"607","ran607.hdr.68",-0.00000323999999999984
"607","ran607.hdr.69",0.00049861
"607","ran607.hdr.7",0.00000364000000000007
"607","ran607.hdr.70",-0.0023089
"607","ran607.hdr.71",-0.0000000799999999995249
"607","ran607.hdr.72",-0.000283
"607","ran607.hdr.73",-0.001624
"607","ran607.hdr.74",-0.000481099999999998
"607","ran607.hdr.75",-0.000766199999999998
"607","ran607.hdr.76",-0.0032753
"607","ran607.hdr.77",-0.0013901
"607","ran607.hdr.78",-0.000880000000000002
"607","ran607.hdr.8",-0.00013863
"607","ran607.hdr.9",-0.00042711
"608","ran608.hdr.1",-0.0004317
"608","ran608.hdr.10",-0.000145270000000001
"608","ran608.hdr.11",-0.0023044
"608","ran608.hdr.12",0.0000170000000000014
"608","ran608.hdr.13",-0.00038553
"608","ran608.hdr.14",-0.00032687
"608","ran608.hdr.15",-0.00085353
"608","ran608.hdr.16",0.00047357
"608","ran608.hdr.17",-0.0011143
"608","ran608.hdr.18",0.000321200000000001
"608","ran608.hdr.19",-0.0000983000000000008
"608","ran608.hdr.2",0.000021011
"608","ran608.hdr.20",-0.0017655
"608","ran608.hdr.21",-0.000506100000000002
"608","ran608.hdr.22",-0.0007122
"608","ran608.hdr.23",-0.000498100000000001
"608","ran608.hdr.24",0.0002964
"608","ran608.hdr.25",-0.0002137
"608","ran608.hdr.26",-0.00130484
"608","ran608.hdr.27",-0.00011854
"608","ran608.hdr.28",-0.000453249999999999
"608","ran608.hdr.29",-0.000359799999999999
"608","ran608.hdr.3",-0.0006856
"608","ran608.hdr.30",-0.01715588
"608","ran608.hdr.31",-0.000106800000000001
"608","ran608.hdr.32",-0.000514199999999999
"608","ran608.hdr.33",-0.000765399999999999
"608","ran608.hdr.34",0.0000702000000000012
"608","ran608.hdr.35",-0.0003333
"608","ran608.hdr.36",-0.0030608
"608","ran608.hdr.37",0.0000324999999999995
"608","ran608.hdr.38",-0.001022
"608","ran608.hdr.39",-0.00015807
"608","ran608.hdr.4",-0.0003254
"608","ran608.hdr.40",-0.0008168
"608","ran608.hdr.41",-0.000638400000000001
"608","ran608.hdr.42",0.000213999999999999
"608","ran608.hdr.43",0.0000050100000000006
"608","ran608.hdr.44",-0.0004983
"608","ran608.hdr.45",-0.0018642
"608","ran608.hdr.46",-0.000023311
"608","ran608.hdr.47",-0.0011215
"608","ran608.hdr.48",-0.000514700000000002
"608","ran608.hdr.49",0.0005877
"608","ran608.hdr.5",-0.00163709
"608","ran608.hdr.50",-0.00077238
"608","ran608.hdr.51",-0.00074314
"608","ran608.hdr.52",-0.00017032
"608","ran608.hdr.53",-0.0003721
"608","ran608.hdr.54",-0.000971
"608","ran608.hdr.55",-0.0000869000000000009
"608","ran608.hdr.56",-0.00022462
"608","ran608.hdr.57",-0.0010313
"608","ran608.hdr.58",-0.00018941
"608","ran608.hdr.59",-0.000217699999999999
"608","ran608.hdr.6",-0.003143
"608","ran608.hdr.60",-0.00000449999999999995
"608","ran608.hdr.61",0.0000505000000000002
"608","ran608.hdr.64",-0.00023275
"608","ran608.hdr.65",-0.000694199999999999
"608","ran608.hdr.66",-0.000486500000000001
"608","ran608.hdr.67",-0.0011376
"608","ran608.hdr.68",-0.0180869
"608","ran608.hdr.69",-0.0011581
"608","ran608.hdr.7",-0.0059011
"608","ran608.hdr.70",0.0004837
"608","ran608.hdr.71",-0.000345399999999999
"608","ran608.hdr.72",-0.00124621
"608","ran608.hdr.73",-0.00029
"608","ran608.hdr.74",-0.000230299999999999
"608","ran608.hdr.75",-0.0004873
"608","ran608.hdr.76",-0.0011035
"608","ran608.hdr.77",-0.002875
"608","ran608.hdr.78",-0.0005872
"608","ran608.hdr.8",-0.0051096
"608","ran608.hdr.9",-0.000154600000000001
"609","ran609.hdr.1",-0.0014413
"609","ran609.hdr.10",-0.000309469999999999
"609","ran609.hdr.11",-0.0001895
"609","ran609.hdr.12",-0.000456600000000001
"609","ran609.hdr.13",-0.00038213
"609","ran609.hdr.14",-0.00039314
"609","ran609.hdr.15",-0.0000108700000000005
"609","ran609.hdr.16",0.000148899999999999
"609","ran609.hdr.17",-0.000824699999999999
"609","ran609.hdr.18",-0.0000692999999999996
"609","ran609.hdr.19",-0.000840899999999999
"609","ran609.hdr.2",-0.000272339999999999
"609","ran609.hdr.20",-0.0017649
"609","ran609.hdr.21",-0.00026376
"609","ran609.hdr.22",-0.0000643999999999992
"609","ran609.hdr.23",-0.0012188
"609","ran609.hdr.24",-0.0016952
"609","ran609.hdr.25",-0.0003756
"609","ran609.hdr.26",-0.000518899999999999
"609","ran609.hdr.27",0.000184710000000001
"609","ran609.hdr.28",-0.00007594
"609","ran609.hdr.29",-0.0006201
"609","ran609.hdr.3",-0.000831800000000001
"609","ran609.hdr.30",-0.0002773
"609","ran609.hdr.31",-0.000576
"609","ran609.hdr.32",-0.0000640999999999992
"609","ran609.hdr.33",-0.0000993900000000004
"609","ran609.hdr.34",-0.000143009999999999
"609","ran609.hdr.35",-0.000450470000000001
"609","ran609.hdr.36",-0.002439
"609","ran609.hdr.37",-0.000962000000000001
"609","ran609.hdr.38",-0.00510713
"609","ran609.hdr.39",-0.000968999999999999
"609","ran609.hdr.4",-0.0017255
"609","ran609.hdr.40",-0.00045297
"609","ran609.hdr.41",-0.001022
"609","ran609.hdr.42",-0.0003861
"609","ran609.hdr.43",-0.0009637
"609","ran609.hdr.44",-0.0014027
"609","ran609.hdr.45",0.00018497
"609","ran609.hdr.46",-0.0009972
"609","ran609.hdr.47",-0.0000784999999999987
"609","ran609.hdr.48",0.00020773
"609","ran609.hdr.49",0.0002539
"609","ran609.hdr.5",-0.00589385
"609","ran609.hdr.50",-0.000241100000000001
"609","ran609.hdr.51",-0.000692699999999999
"609","ran609.hdr.52",-0.000023311
"609","ran609.hdr.53",-0.00057312
"609","ran609.hdr.54",0.000156099999999999
"609","ran609.hdr.55",-0.0009494
"609","ran609.hdr.56",-0.0023898
"609","ran609.hdr.57",0.0000010642
"609","ran609.hdr.58",-0.0005042
"609","ran609.hdr.59",-0.0000134699999999998
"609","ran609.hdr.6",-0.0040521
"609","ran609.hdr.64",0.0001087
"609","ran609.hdr.65",-0.0180869
"609","ran609.hdr.66",-0.0000438000000000001
"609","ran609.hdr.67",-0.0013065
"609","ran609.hdr.68",0.000324999999999999
"609","ran609.hdr.69",-0.0007712
"609","ran609.hdr.7",0.0000789059999999999
"609","ran609.hdr.70",-0.0027675
"609","ran609.hdr.71",-0.0000186000000000006
"609","ran609.hdr.72",-0.00015663
"609","ran609.hdr.73",-0.000356599999999999
"609","ran609.hdr.74",-0.0015712
"609","ran609.hdr.75",-0.0007215
"609","ran609.hdr.76",0.0000255200000000002
"609","ran609.hdr.77",-0.0020758
"609","ran609.hdr.78",-0.000457200000000001
"609","ran609.hdr.8",0.000160479999999999
"609","ran609.hdr.9",-0.0002307
"610","ran610.hdr.1",-0.00020446
"610","ran610.hdr.10",-0.000679800000000001
"610","ran610.hdr.11",-0.00024315
"610","ran610.hdr.12",-0.000351200000000001
"610","ran610.hdr.13",-0.0000854700000000007
"610","ran610.hdr.14",-0.00036797
"610","ran610.hdr.15",0.000416100000000003
"610","ran610.hdr.16",-0.0016942
"610","ran610.hdr.17",0.00000735000000000015
"610","ran610.hdr.18",0.000017600000000003
"610","ran610.hdr.19",-0.000611500000000001
"610","ran610.hdr.2",-0.000384699999999998
"610","ran610.hdr.20",-0.0000984000000000002
"610","ran610.hdr.21",0.0003146
"610","ran610.hdr.22",0.00029856
"610","ran610.hdr.23",-0.00068852
"610","ran610.hdr.24",-0.000420199999999999
"610","ran610.hdr.25",0.000205500000000001
"610","ran610.hdr.26",-0.0038148
"610","ran610.hdr.27",-0.0017024
"610","ran610.hdr.28",-0.0004601
"610","ran610.hdr.29",-0.0009803
"610","ran610.hdr.3",-0.00034287
"610","ran610.hdr.30",-0.0030608
"610","ran610.hdr.31",0.0000378299999999991
"610","ran610.hdr.32",-0.0011052
"610","ran610.hdr.33",NA
"610","ran610.hdr.34",0.00023099
"610","ran610.hdr.35",-0.0015749
"610","ran610.hdr.36",-0.0012739
"610","ran610.hdr.37",-0.00102067
"610","ran610.hdr.38",-0.000488300000000001
"610","ran610.hdr.39",-0.000114100000000002
"610","ran610.hdr.4",-0.0056035
"610","ran610.hdr.40",-0.0010202
"610","ran610.hdr.41",0.000161399999999999
"610","ran610.hdr.42",0.0000195999999999998
"610","ran610.hdr.43",0.00042818
"610","ran610.hdr.44",-0.000464200000000001
"610","ran610.hdr.45",-0.0024639
"610","ran610.hdr.46",-0.000940400000000001
"610","ran610.hdr.47",-0.00017032
"610","ran610.hdr.48",-0.00020646
"610","ran610.hdr.49",-0.000231500000000003
"610","ran610.hdr.5",-0.0044934
"610","ran610.hdr.50",0.00001661
"610","ran610.hdr.51",-0.0000584000000000001
"610","ran610.hdr.52",-0.0011511
"610","ran610.hdr.53",0.00016363
"610","ran610.hdr.54",0.000032840000000001
"610","ran610.hdr.55",-0.0020934
"610","ran610.hdr.56",-0.000290100000000001
"610","ran610.hdr.57",-0.0040338
"610","ran610.hdr.58",-0.000221499999999999
"610","ran610.hdr.59",-0.00274956
"610","ran610.hdr.6",-0.0036986
"610","ran610.hdr.60",-0.000546500000000002
"610","ran610.hdr.61",0.000228300000000001
"610","ran610.hdr.62",-0.000836699999999999
"610","ran610.hdr.63",-0.0019411
"610","ran610.hdr.64",0.00000899999999999859
"610","ran610.hdr.65",-0.000093939999999999
"610","ran610.hdr.66",-0.0011431
"610","ran610.hdr.67",-0.00024505
"610","ran610.hdr.68",-0.000293000000000002
"610","ran610.hdr.69",-0.00059999
"610","ran610.hdr.7",-0.001546
"610","ran610.hdr.70",-0.000420299999999998
"610","ran610.hdr.71",-0.0014327
"610","ran610.hdr.72",-0.0006817
"610","ran610.hdr.73",0.00011249
"610","ran610.hdr.74",-0.0021382
"610","ran610.hdr.75",-0.0000870000000000003
"610","ran610.hdr.76",-0.0032639
"610","ran610.hdr.77",-0.00288578
"610","ran610.hdr.78",-0.000738050000000001
"610","ran610.hdr.8",-0.000229759999999999
"610","ran610.hdr.9",-0.000401799999999999
"611","ran611.hdr.1",-0.0009493
"611","ran611.hdr.10",-0.0036308
"611","ran611.hdr.11",-0.000105399999999999
"611","ran611.hdr.12",-0.00033059
"611","ran611.hdr.13",-0.0000297000000000006
"611","ran611.hdr.14",-0.000399699999999999
"611","ran611.hdr.15",0.000286099999999997
"611","ran611.hdr.16",-0.000506029999999999
"611","ran611.hdr.17",0.000731219999999999
"611","ran611.hdr.18",0.0005311
"611","ran611.hdr.19",-0.000477
"611","ran611.hdr.2",-0.000115250000000001
"611","ran611.hdr.20",-0.0018782
"611","ran611.hdr.21",-0.000130699999999999
"611","ran611.hdr.22",-0.0016942
"611","ran611.hdr.23",-0.00007594
"611","ran611.hdr.24",-0.0010873
"611","ran611.hdr.25",-0.0003788
"611","ran611.hdr.26",-0.00055319
"611","ran611.hdr.27",0.00017261
"611","ran611.hdr.28",-0.00175568
"611","ran611.hdr.29",-0.000453249999999999
"611","ran611.hdr.3",-0.0026658
"611","ran611.hdr.30",-0.0012418
"611","ran611.hdr.31",-0.000962000000000001
"611","ran611.hdr.32",-0.00510713
"611","ran611.hdr.33",0.0001362
"611","ran611.hdr.34",0.00014649
"611","ran611.hdr.35",-0.0011807
"611","ran611.hdr.36",0.0000378299999999991
"611","ran611.hdr.37",-0.000023421
"611","ran611.hdr.38",-0.000152599999999999
"611","ran611.hdr.39",0.00011855
"611","ran611.hdr.4",-0.000549999999999998
"611","ran611.hdr.40",-0.0009499
"611","ran611.hdr.41",0.0000467000000000002
"611","ran611.hdr.42",-0.00025843
"611","ran611.hdr.43",-0.000499899999999998
"611","ran611.hdr.44",-0.00081
"611","ran611.hdr.45",-0.00019346
"611","ran611.hdr.46",-0.0011337
"611","ran611.hdr.47",0.000121899999999999
"611","ran611.hdr.48",-0.0012528
"611","ran611.hdr.49",0.00003232
"611","ran611.hdr.5",0.000534730000000001
"611","ran611.hdr.50",-0.0001724
"611","ran611.hdr.51",-0.00018992
"611","ran611.hdr.52",-0.000137489
"611","ran611.hdr.53",0.0000010642
"611","ran611.hdr.54",-0.000164299999999999
"611","ran611.hdr.56",-0.000263810000000001
"611","ran611.hdr.57",-0.0011885
"611","ran611.hdr.58",-0.0043602
"611","ran611.hdr.59",-0.000350800000000002
"611","ran611.hdr.6",-0.0000253999999999983
"611","ran611.hdr.60",-0.0000517999999999977
"611","ran611.hdr.61",-0.0000015000000000015
"611","ran611.hdr.62",-0.000331100000000001
"611","ran611.hdr.63",-0.000854299999999999
"611","ran611.hdr.64",-0.000157899999999999
"611","ran611.hdr.65",-0.000692700000000001
"611","ran611.hdr.66",-0.000112899999999999
"611","ran611.hdr.67",-0.000345399999999999
"611","ran611.hdr.68",-0.000889800000000001
"611","ran611.hdr.69",-0.00093906
"611","ran611.hdr.7",-0.000333
"611","ran611.hdr.70",-0.00059999
"611","ran611.hdr.71",-0.000230299999999999
"611","ran611.hdr.72",-0.0006817
"611","ran611.hdr.73",-0.000283
"611","ran611.hdr.74",-0.001624
"611","ran611.hdr.75",-0.0002612
"611","ran611.hdr.76",-0.0046933
"611","ran611.hdr.77",-0.0025593
"611","ran611.hdr.78",-0.000318599999999999
"611","ran611.hdr.8",-0.0050893
"611","ran611.hdr.9",-0.0066937
"612","ran612.hdr.1",-0.000740699999999999
"612","ran612.hdr.10",-0.0037976
"612","ran612.hdr.11",-0.0054452
"612","ran612.hdr.12",-0.0044797
"612","ran612.hdr.13",-0.00017739
"612","ran612.hdr.14",-0.000979900000000001
"612","ran612.hdr.15",-0.00056426
"612","ran612.hdr.16",-0.000223299999999999
"612","ran612.hdr.17",-0.0001136
"612","ran612.hdr.18",0.000283200000000001
"612","ran612.hdr.19",-0.0004828
"612","ran612.hdr.2",-0.0004317
"612","ran612.hdr.20",-0.0003259
"612","ran612.hdr.21",-0.000217070000000001
"612","ran612.hdr.22",-0.000713499999999999
"612","ran612.hdr.23",-0.00000805999999999984
"612","ran612.hdr.24",-0.000189089999999999
"612","ran612.hdr.25",-0.00015777
"612","ran612.hdr.26",-0.0005983
"612","ran612.hdr.27",NA
"612","ran612.hdr.28",-0.001862
"612","ran612.hdr.29",-0.000581499999999999
"612","ran612.hdr.3",-0.000637000000000002
"612","ran612.hdr.30",-0.000595100000000001
"612","ran612.hdr.31",-0.0000984000000000002
"612","ran612.hdr.32",-0.0004899
"612","ran612.hdr.33",-0.00015683
"612","ran612.hdr.34",-0.0010804
"612","ran612.hdr.35",-0.0010873
"612","ran612.hdr.36",-0.00068852
"612","ran612.hdr.37",-0.000464099999999999
"612","ran612.hdr.38",-0.00060842
"612","ran612.hdr.39",-0.000292799999999999
"612","ran612.hdr.4",-0.000637099999999998
"612","ran612.hdr.40",-0.0019854
"612","ran612.hdr.41",0.000277359999999999
"612","ran612.hdr.42",-0.000975
"612","ran612.hdr.43",-0.0010094
"612","ran612.hdr.44",-0.000152899999999999
"612","ran612.hdr.45",-0.0002132
"612","ran612.hdr.46",-0.0012859
"612","ran612.hdr.47",0.000609780000000001
"612","ran612.hdr.48",0.0003341
"612","ran612.hdr.49",NA
"612","ran612.hdr.5",-0.0000461999999999997
"612","ran612.hdr.50",-0.0015836
"612","ran612.hdr.51",0.0000662000000000006
"612","ran612.hdr.52",-0.00026183
"612","ran612.hdr.53",-0.0000649599999999993
"612","ran612.hdr.54",-0.00062953
"612","ran612.hdr.55",-0.00013903
"612","ran612.hdr.56",-0.0011173
"612","ran612.hdr.57",-0.0023898
"612","ran612.hdr.58",-0.01768098
"612","ran612.hdr.59",0.0000326900000000001
"612","ran612.hdr.6",-0.0018301
"612","ran612.hdr.60",-0.000568100000000002
"612","ran612.hdr.61",0.0000491800000000011
"612","ran612.hdr.62",-0.000381660000000001
"612","ran612.hdr.63",0.00018271
"612","ran612.hdr.65",-0.000580600000000001
"612","ran612.hdr.66",-0.000737700000000001
"612","ran612.hdr.67",0.0000107000000000006
"612","ran612.hdr.68",-0.0011402
"612","ran612.hdr.69",-0.00222635
"612","ran612.hdr.7",0.0002001
"612","ran612.hdr.70",0.0003354
"612","ran612.hdr.71",-0.000361200000000001
"612","ran612.hdr.72",-0.0000736999999999995
"612","ran612.hdr.73",-0.0001385
"612","ran612.hdr.74",-0.0001209
"612","ran612.hdr.75",0.00018988
"612","ran612.hdr.76",-0.0005561
"612","ran612.hdr.77",-0.0002862
"612","ran612.hdr.78",-0.000600899999999998
"612","ran612.hdr.8",-0.0027476
"612","ran612.hdr.9",-0.00120107
"613","ran613.hdr.1",-0.0011092
"613","ran613.hdr.10",-0.0035262
"613","ran613.hdr.11",0.0003046
"613","ran613.hdr.12",0.0000184
"613","ran613.hdr.13",0.000160479999999999
"613","ran613.hdr.14",-0.00038711
"613","ran613.hdr.15",-0.0000149
"613","ran613.hdr.16",-0.000011800000000001
"613","ran613.hdr.17",-0.0004673
"613","ran613.hdr.18",-0.000911199999999997
"613","ran613.hdr.19",0.000380700000000001
"613","ran613.hdr.2",-0.000591300000000003
"613","ran613.hdr.20",-0.0023332
"613","ran613.hdr.21",-0.0003757
"613","ran613.hdr.22",-0.000556399999999999
"613","ran613.hdr.23",-0.0003237
"613","ran613.hdr.24",-0.000232900000000001
"613","ran613.hdr.25",0.00035241
"613","ran613.hdr.26",0.0000788999999999998
"613","ran613.hdr.27",-0.000177999999999998
"613","ran613.hdr.28",-0.000348000000000001
"613","ran613.hdr.29",-0.00620406
"613","ran613.hdr.3",-0.000723700000000001
"613","ran613.hdr.30",0.00039719
"613","ran613.hdr.31",-0.000548
"613","ran613.hdr.32",0.0003162
"613","ran613.hdr.33",-0.0000899999999999998
"613","ran613.hdr.34",0.0001668
"613","ran613.hdr.35",-0.000174199999999999
"613","ran613.hdr.36",-0.0010636
"613","ran613.hdr.37",-0.0008214
"613","ran613.hdr.38",-0.0000431900000000002
"613","ran613.hdr.39",0.000161699999999999
"613","ran613.hdr.4",-0.0036577
"613","ran613.hdr.40",0.00042818
"613","ran613.hdr.41",0.0000872000000000008
"613","ran613.hdr.42",-0.0000828000000000009
"613","ran613.hdr.43",-0.0011337
"613","ran613.hdr.44",0.0000662000000000006
"613","ran613.hdr.45",-0.0003459
"613","ran613.hdr.46",-0.0000118100000000001
"613","ran613.hdr.47",0.0000010642
"613","ran613.hdr.48",NA
"613","ran613.hdr.49",-0.00048754
"613","ran613.hdr.5",-0.0053867
"613","ran613.hdr.50",-0.00047522
"613","ran613.hdr.55",-0.000411700000000001
"613","ran613.hdr.56",-0.0000116999999999999
"613","ran613.hdr.57",-0.0015743
"613","ran613.hdr.58",-0.0004258
"613","ran613.hdr.59",-0.0041063
"613","ran613.hdr.6",-0.000443959999999998
"613","ran613.hdr.60",-0.012746
"613","ran613.hdr.61",-0.00104738
"613","ran613.hdr.62",-0.0005504
"613","ran613.hdr.63",-0.0003435
"613","ran613.hdr.64",0.0000888
"613","ran613.hdr.65",-0.000681889999999999
"613","ran613.hdr.66",-0.0013204
"613","ran613.hdr.67",-0.0037006
"613","ran613.hdr.68",-0.000589600000000003
"613","ran613.hdr.69",-0.000754080000000001
"613","ran613.hdr.7",-0.01541877
"613","ran613.hdr.70",0.000100399999999999
"613","ran613.hdr.71",-0.00059999
"613","ran613.hdr.72",-0.000347499999999997
"613","ran613.hdr.73",-0.0001492
"613","ran613.hdr.74",-0.000708799999999999
"613","ran613.hdr.75",-0.000107400000000001
"613","ran613.hdr.76",-0.0013232
"613","ran613.hdr.77",-0.0006976
"613","ran613.hdr.78",-0.00030704
"613","ran613.hdr.8",-0.000154600000000001
"613","ran613.hdr.9",-0.00039892
"614","ran614.hdr.1",-0.00000992000000000007
"614","ran614.hdr.10",-0.000063007
"614","ran614.hdr.11",0.000160479999999999
"614","ran614.hdr.12",-0.000458999999999999
"614","ran614.hdr.13",0.00099089
"614","ran614.hdr.14",-0.0002828
"614","ran614.hdr.15",-0.000539240000000002
"614","ran614.hdr.16",-0.000554099999999998
"614","ran614.hdr.17",-0.0010596
"614","ran614.hdr.18",-0.0002013
"614","ran614.hdr.19",-0.000779799999999999
"614","ran614.hdr.2",0.000472200000000002
"614","ran614.hdr.20",-0.0002232
"614","ran614.hdr.21",-0.0011619
"614","ran614.hdr.22",-0.00041356
"614","ran614.hdr.23",-0.000576
"614","ran614.hdr.24",-0.000258899999999999
"614","ran614.hdr.25",-0.00010012
"614","ran614.hdr.26",-0.00022523
"614","ran614.hdr.27",-0.000572599999999999
"614","ran614.hdr.28",-0.01715588
"614","ran614.hdr.29",-0.001677
"614","ran614.hdr.3",0.0011247
"614","ran614.hdr.30",-0.0010452
"614","ran614.hdr.31",-0.00019887
"614","ran614.hdr.32",-0.000394099999999998
"614","ran614.hdr.33",-0.000583
"614","ran614.hdr.34",-0.000692499999999999
"614","ran614.hdr.35",0.00011855
"614","ran614.hdr.36",-0.0002167
"614","ran614.hdr.37",-0.00015451
"614","ran614.hdr.38",-0.000752999999999998
"614","ran614.hdr.39",0.000377580000000001
"614","ran614.hdr.4",-0.0026658
"614","ran614.hdr.40",-0.0016596
"614","ran614.hdr.41",-0.02102894
"614","ran614.hdr.42",0.0000839000000000013
"614","ran614.hdr.43",-0.000691199999999999
"614","ran614.hdr.44",0.00025886
"614","ran614.hdr.45",-0.000435700000000001
"614","ran614.hdr.46",-0.0047786
"614","ran614.hdr.47",-0.0004831
"614","ran614.hdr.48",-0.000643990000000001
"614","ran614.hdr.49",-0.0000363999999999989
"614","ran614.hdr.5",-0.0022515
"614","ran614.hdr.50",0.0000771000000000001
"614","ran614.hdr.51",-0.0011511
"614","ran614.hdr.53",-0.00133806
"614","ran614.hdr.54",-0.000737700000000001
"614","ran614.hdr.55",-0.0010234
"614","ran614.hdr.56",-0.01072144
"614","ran614.hdr.57",-0.000296940000000001
"614","ran614.hdr.58",0.0011488
"614","ran614.hdr.59",-0.000350800000000002
"614","ran614.hdr.6",-0.0003713
"614","ran614.hdr.60",-0.0011074
"614","ran614.hdr.61",-0.000266830000000001
"614","ran614.hdr.62",-0.000604199999999999
"614","ran614.hdr.63",-0.0011581
"614","ran614.hdr.64",-0.0005631
"614","ran614.hdr.65",-0.0000940999999999997
"614","ran614.hdr.66",-0.000870200000000002
"614","ran614.hdr.67",-0.0028168
"614","ran614.hdr.68",-0.000407100000000001
"614","ran614.hdr.69",-0.0003493
"614","ran614.hdr.7",-0.000233200000000003
"614","ran614.hdr.70",NA
"614","ran614.hdr.71",-0.00038061
"614","ran614.hdr.72",-0.0000461999999999997
"614","ran614.hdr.73",-0.0002731
"614","ran614.hdr.74",-0.000389500000000001
"614","ran614.hdr.75",0.000326549999999999
"614","ran614.hdr.76",-0.00119554
"614","ran614.hdr.77",-0.0016759
"614","ran614.hdr.78",-0.0023497
"614","ran614.hdr.8",-0.0031082
"614","ran614.hdr.9",-0.01685291
"615","ran615.hdr.1",-0.000224699999999998
"615","ran615.hdr.10",-0.000675400000000003
"615","ran615.hdr.11",-0.00137783
"615","ran615.hdr.12",-0.000434459999999999
"615","ran615.hdr.13",-0.0000977999999999986
"615","ran615.hdr.14",-0.000126800000000002
"615","ran615.hdr.15",-0.00161496
"615","ran615.hdr.16",-0.00036797
"615","ran615.hdr.17",-0.0032234
"615","ran615.hdr.18",-0.0008164
"615","ran615.hdr.19",0.000254799999999999
"615","ran615.hdr.2",-0.000908900000000001
"615","ran615.hdr.20",-0.00034462
"615","ran615.hdr.21",-0.0035352
"615","ran615.hdr.22",-0.0010372
"615","ran615.hdr.23",-0.0000960500000000003
"615","ran615.hdr.24",-0.00107892
"615","ran615.hdr.25",0.0001134
"615","ran615.hdr.26",0.0000481300000000004
"615","ran615.hdr.27",-0.00068852
"615","ran615.hdr.28",-0.000397000000000002
"615","ran615.hdr.29",-0.000541900000000001
"615","ran615.hdr.3",-0.000481700000000002
"615","ran615.hdr.30",-0.000453249999999999
"615","ran615.hdr.31",-0.0000663
"615","ran615.hdr.32",-0.000175300000000001
"615","ran615.hdr.33",-0.0012418
"615","ran615.hdr.34",-0.000712399999999998
"615","ran615.hdr.35",0.000720500000000002
"615","ran615.hdr.36",-0.00087039
"615","ran615.hdr.37",-0.000548
"615","ran615.hdr.38",-0.000412499999999998
"615","ran615.hdr.39",0.0000578999999999996
"615","ran615.hdr.4",-0.00109022
"615","ran615.hdr.40",0.0000982999999999999
"615","ran615.hdr.41",-0.0000862999999999975
"615","ran615.hdr.42",0.00036283
"615","ran615.hdr.43",0.0003162
"615","ran615.hdr.44",-0.00023078
"615","ran615.hdr.45",0.00003286
"615","ran615.hdr.46",-0.000329799999999998
"615","ran615.hdr.47",-0.0014016
"615","ran615.hdr.48",-0.0000261999999999971
"615","ran615.hdr.49",-0.0003389
"615","ran615.hdr.5",0.000186599999999999
"615","ran615.hdr.50",0.0000683999999999997
"615","ran615.hdr.51",-0.0024639
"615","ran615.hdr.52",-0.0006887
"615","ran615.hdr.53",0.00024011
"615","ran615.hdr.54",0.0000849800000000001
"615","ran615.hdr.55",-0.0010527
"615","ran615.hdr.56",-0.000162499999999999
"615","ran615.hdr.57",-0.0135865
"615","ran615.hdr.58",-0.0006619
"615","ran615.hdr.59",-0.00030034
"615","ran615.hdr.6",-0.00015088
"615","ran615.hdr.60",0.00008887
"615","ran615.hdr.61",-0.000421599999999999
"615","ran615.hdr.62",0.0000948199999999998
"615","ran615.hdr.64",-0.000392199999999999
"615","ran615.hdr.65",-0.000737700000000001
"615","ran615.hdr.66",-0.0093999
"615","ran615.hdr.67",-0.00024239
"615","ran615.hdr.68",-0.0047173
"615","ran615.hdr.69",-0.0008071
"615","ran615.hdr.7",-0.00020486
"615","ran615.hdr.70",-0.0003359
"615","ran615.hdr.71",-0.000949499999999999
"615","ran615.hdr.72",-0.000386900000000003
"615","ran615.hdr.73",-0.0011679
"615","ran615.hdr.74",-0.001624
"615","ran615.hdr.75",-0.000794900000000001
"615","ran615.hdr.76",-0.0006096
"615","ran615.hdr.77",-0.0010666
"615","ran615.hdr.78",-0.000275039999999999
"615","ran615.hdr.8",-0.0003795
"615","ran615.hdr.9",-0.0015386
"616","ran616.hdr.1",-0.0003459
"616","ran616.hdr.10",0.000151199999999999
"616","ran616.hdr.11",0.00000364000000000007
"616","ran616.hdr.12",-0.000405638
"616","ran616.hdr.13",-0.0000297000000000006
"616","ran616.hdr.14",-0.000808199999999999
"616","ran616.hdr.15",-0.000320599999999999
"616","ran616.hdr.16",-0.000416400000000001
"616","ran616.hdr.17",-0.000168399999999999
"616","ran616.hdr.18",0.00056367
"616","ran616.hdr.19",-0.000288199999999999
"616","ran616.hdr.2",-0.000543500000000002
"616","ran616.hdr.20",-0.000997100000000001
"616","ran616.hdr.21",-0.00158129
"616","ran616.hdr.22",-0.000578999999999998
"616","ran616.hdr.23",-0.000167799999999999
"616","ran616.hdr.24",-0.0001443
"616","ran616.hdr.25",-0.0012417
"616","ran616.hdr.26",-0.0014492
"616","ran616.hdr.27",-0.00107892
"616","ran616.hdr.28",-0.00000923999999999999
"616","ran616.hdr.29",-0.00084943
"616","ran616.hdr.3",-0.0014413
"616","ran616.hdr.30",-0.000207189999999999
"616","ran616.hdr.31",-0.0000373999999999999
"616","ran616.hdr.32",0.0000498999999999999
"616","ran616.hdr.33",-0.00018725
"616","ran616.hdr.34",-0.0044356
"616","ran616.hdr.35",0.000725899999999998
"616","ran616.hdr.36",-0.0006427
"616","ran616.hdr.37",-0.0001434
"616","ran616.hdr.38",0.0000578999999999996
"616","ran616.hdr.39",-0.0004212
"616","ran616.hdr.4",-0.0053867
"616","ran616.hdr.40",-0.000487100000000001
"616","ran616.hdr.41",-0.000480400000000001
"616","ran616.hdr.42",-0.000423400000000001
"616","ran616.hdr.43",-0.0004679
"616","ran616.hdr.44",-0.00013712
"616","ran616.hdr.45",-0.000976300000000001
"616","ran616.hdr.46",-0.0010884
"616","ran616.hdr.47",-0.00034381
"616","ran616.hdr.48",-0.0010611
"616","ran616.hdr.49",-0.0011887
"616","ran616.hdr.5",0.0000445999999999988
"616","ran616.hdr.50",-0.0010777
"616","ran616.hdr.51",-0.0010009
"616","ran616.hdr.52",-0.002897
"616","ran616.hdr.53",-0.000749
"616","ran616.hdr.54",-0.0035095
"616","ran616.hdr.55",-0.00015901
"616","ran616.hdr.56",-0.0004037
"616","ran616.hdr.57",0.000133553
"616","ran616.hdr.58",-0.000137699999999999
"616","ran616.hdr.6",-0.00017145
"616","ran616.hdr.61",-0.0007846
"616","ran616.hdr.62",-0.0013104
"616","ran616.hdr.63",-0.0000748000000000016
"616","ran616.hdr.64",-0.00038507
"616","ran616.hdr.65",-0.00039517
"616","ran616.hdr.66",-0.0003359
"616","ran616.hdr.67",-0.0016226
"616","ran616.hdr.68",-0.0004568
"616","ran616.hdr.69",-0.000674876
"616","ran616.hdr.7",-0.01685291
"616","ran616.hdr.70",-0.0046587
"616","ran616.hdr.71",-0.0043812
"616","ran616.hdr.72",-0.0004019
"616","ran616.hdr.73",-0.000949499999999999
"616","ran616.hdr.74",-0.000389599999999999
"616","ran616.hdr.75",-0.0014327
"616","ran616.hdr.76",-0.0003368
"616","ran616.hdr.77",-0.00089669
"616","ran616.hdr.78",-0.0016978
"616","ran616.hdr.8",-0.0052846
"616","ran616.hdr.9",0.000044213
"617","ran617.hdr.1",-0.000451700000000001
"617","ran617.hdr.10",-0.00013425
"617","ran617.hdr.11",0.0000613000000000002
"617","ran617.hdr.12",-0.000507199999999999
"617","ran617.hdr.13",0.00016704
"617","ran617.hdr.14",-0.0000232874
"617","ran617.hdr.15",-0.00053636
"617","ran617.hdr.16",-0.000414400000000001
"617","ran617.hdr.17",-0.00006532
"617","ran617.hdr.18",-0.0000977999999999986
"617","ran617.hdr.19",0.000257
"617","ran617.hdr.2",-0.000115250000000001
"617","ran617.hdr.20",-0.000333099999999999
"617","ran617.hdr.21",-0.0019612
"617","ran617.hdr.22",-0.00102123
"617","ran617.hdr.23",-0.00049628
"617","ran617.hdr.24",-0.000881099999999999
"617","ran617.hdr.25",-0.0000169600000000003
"617","ran617.hdr.26",-0.0007122
"617","ran617.hdr.27",-0.000257800000000001
"617","ran617.hdr.28",-0.000551599999999999
"617","ran617.hdr.29",-0.0014725
"617","ran617.hdr.3",-0.000637000000000002
"617","ran617.hdr.30",-0.0019493
"617","ran617.hdr.31",-0.00053928
"617","ran617.hdr.32",-0.000714700000000002
"617","ran617.hdr.33",-0.002134
"617","ran617.hdr.34",-0.0011074
"617","ran617.hdr.35",-0.0076907
"617","ran617.hdr.36",-0.0031592
"617","ran617.hdr.37",-0.0018392
"617","ran617.hdr.38",-0.0000245000000000002
"617","ran617.hdr.39",-0.000804199999999998
"617","ran617.hdr.4",-0.0004119
"617","ran617.hdr.40",-0.0034946
"617","ran617.hdr.41",0.0000742600000000005
"617","ran617.hdr.42",-0.00046567
"617","ran617.hdr.43",-0.00011024
"617","ran617.hdr.44",-0.0003937
"617","ran617.hdr.45",-0.0010275
"617","ran617.hdr.46",-0.0014925
"617","ran617.hdr.47",-0.0011545
"617","ran617.hdr.48",-0.0030178
"617","ran617.hdr.49",-0.00019346
"617","ran617.hdr.5",-0.00449763
"617","ran617.hdr.50",-0.000717699999999998
"617","ran617.hdr.51",0.0001598
"617","ran617.hdr.52",-0.0010009
"617","ran617.hdr.53",-0.000207299999999999
"617","ran617.hdr.54",-0.000879130000000001
"617","ran617.hdr.55",-0.0072374
"617","ran617.hdr.56",-0.000369599999999999
"617","ran617.hdr.57",-0.000000799999999999586
"617","ran617.hdr.58",-0.000381660000000001
"617","ran617.hdr.59",0.000447100000000001
"617","ran617.hdr.6",-0.0002056
"617","ran617.hdr.60",-0.0010767
"617","ran617.hdr.62",0.000324999999999999
"617","ran617.hdr.63",-0.0029365
"617","ran617.hdr.64",-0.0004147
"617","ran617.hdr.65",-0.0011074
"617","ran617.hdr.66",-0.000792399999999999
"617","ran617.hdr.67",-0.0010828
"617","ran617.hdr.68",-0.000157000000000001
"617","ran617.hdr.69",-0.000290670000000001
"617","ran617.hdr.7",-0.0028486
"617","ran617.hdr.70",-0.0043812
"617","ran617.hdr.71",0.00049861
"617","ran617.hdr.72",0.0003259
"617","ran617.hdr.73",-0.0013792
"617","ran617.hdr.74",-0.0007448
"617","ran617.hdr.75",-0.0011554
"617","ran617.hdr.76",0.0000553299999999993
"617","ran617.hdr.77",-0.0020513
"617","ran617.hdr.78",-0.0012143
"617","ran617.hdr.8",-0.002932
"617","ran617.hdr.9",-0.00259746
"618","ran618.hdr.1",0.000174899999999999
"618","ran618.hdr.10",-0.000482460000000001
"618","ran618.hdr.11",-0.0000817999999999999
"618","ran618.hdr.12",-0.0008879
"618","ran618.hdr.13",-0.0001177
"618","ran618.hdr.14",-0.0019612
"618","ran618.hdr.15",-0.000779799999999999
"618","ran618.hdr.16",-0.0000983000000000008
"618","ran618.hdr.17",-0.0012188
"618","ran618.hdr.18",-0.0075695
"618","ran618.hdr.19",NA
"618","ran618.hdr.2",-0.0025737
"618","ran618.hdr.20",0.0000920000000000001
"618","ran618.hdr.21",-0.0003961
"618","ran618.hdr.22",-0.0011163
"618","ran618.hdr.23",-0.000796499999999999
"618","ran618.hdr.24",-0.00007594
"618","ran618.hdr.25",-0.0003788
"618","ran618.hdr.26",-0.000468900000000001
"618","ran618.hdr.27",-0.0005877
"618","ran618.hdr.28",0.00021165
"618","ran618.hdr.29",0.000000920000000000174
"618","ran618.hdr.3",-0.0002085
"618","ran618.hdr.30",-0.00014131
"618","ran618.hdr.31",0.000180019999999999
"618","ran618.hdr.32",-0.0058339
"618","ran618.hdr.33",-0.0014222
"618","ran618.hdr.34",0.000505200000000001
"618","ran618.hdr.35",-0.000823900000000002
"618","ran618.hdr.36",-0.0002611
"618","ran618.hdr.37",-0.0000071997
"618","ran618.hdr.38",0.0001042
"618","ran618.hdr.39",0.000521899999999999
"618","ran618.hdr.4",-0.000511400000000002
"618","ran618.hdr.40",-0.00102067
"618","ran618.hdr.41",-0.0015782
"618","ran618.hdr.42",-0.0014925
"618","ran618.hdr.43",0.0002524
"618","ran618.hdr.44",-0.00071704
"618","ran618.hdr.45",-0.0022477
"618","ran618.hdr.46",-0.0000150000000000011
"618","ran618.hdr.47",-0.0010777
"618","ran618.hdr.48",-0.000982500000000001
"618","ran618.hdr.49",-0.00077238
"618","ran618.hdr.5",-0.0036814
"618","ran618.hdr.50",-0.000336299999999999
"618","ran618.hdr.51",-0.0008558
"618","ran618.hdr.52",-0.0000856099999999999
"618","ran618.hdr.53",-0.0018136
"618","ran618.hdr.54",-0.0030547
"618","ran618.hdr.55",-0.0010636
"618","ran618.hdr.56",-0.00037772
"618","ran618.hdr.57",-0.00047522
"618","ran618.hdr.58",0.0000555099999999999
"618","ran618.hdr.59",-0.00000449999999999995
"618","ran618.hdr.6",-0.005769
"618","ran618.hdr.61",-0.0000586999999999983
"618","ran618.hdr.62",-0.0013724
"618","ran618.hdr.63",-0.0001286
"618","ran618.hdr.64",-0.000221499999999999
"618","ran618.hdr.65",-0.0006961
"618","ran618.hdr.66",-0.000546500000000002
"618","ran618.hdr.67",0.0000194084
"618","ran618.hdr.68",-0.000328449999999999
"618","ran618.hdr.69",-0.0010828
"618","ran618.hdr.7",-0.0045035
"618","ran618.hdr.70",-0.0015557
"618","ran618.hdr.71",-0.0036094
"618","ran618.hdr.72",-0.0010023
"618","ran618.hdr.73",-0.0035232
"618","ran618.hdr.74",-0.0000695000000000001
"618","ran618.hdr.75",-0.00093906
"618","ran618.hdr.76",-0.0009704
"618","ran618.hdr.77",-0.0013741
"618","ran618.hdr.78",-0.0002393
"618","ran618.hdr.8",-0.0000293999999999989
"618","ran618.hdr.9",0.00058855
"619","ran619.hdr.1",0.000371
"619","ran619.hdr.10",-0.000807199999999999
"619","ran619.hdr.11",-0.000446700000000001
"619","ran619.hdr.12",-0.00019689
"619","ran619.hdr.13",-0.0001542
"619","ran619.hdr.14",-0.000527999999999999
"619","ran619.hdr.15",-0.0134706
"619","ran619.hdr.16",-0.00026376
"619","ran619.hdr.17",-0.0010439
"619","ran619.hdr.18",-0.000997100000000001
"619","ran619.hdr.19",-0.0014586
"619","ran619.hdr.2",0.000273800000000001
"619","ran619.hdr.20",-0.00031687
"619","ran619.hdr.21",-0.0010873
"619","ran619.hdr.22",-0.00033013
"619","ran619.hdr.23",-0.0016027
"619","ran619.hdr.24",-0.00141581
"619","ran619.hdr.25",-0.0000800499999999999
"619","ran619.hdr.26",-0.000541900000000001
"619","ran619.hdr.27",-0.01715588
"619","ran619.hdr.28",-0.0049962
"619","ran619.hdr.29",-0.000250599999999998
"619","ran619.hdr.3",-0.0000253999999999983
"619","ran619.hdr.30",-0.0023487
"619","ran619.hdr.31",0.000271899999999999
"619","ran619.hdr.32",-0.0024974
"619","ran619.hdr.33",-0.0018805
"619","ran619.hdr.34",-0.00082841
"619","ran619.hdr.35",-0.000844599999999997
"619","ran619.hdr.36",-0.0014027
"619","ran619.hdr.37",0.00013226
"619","ran619.hdr.38",-0.0002538
"619","ran619.hdr.39",-0.000218399999999999
"619","ran619.hdr.4",-0.000653600000000001
"619","ran619.hdr.40",-0.0000572999999999997
"619","ran619.hdr.41",-0.0003823
"619","ran619.hdr.42",-0.000298000000000001
"619","ran619.hdr.43",-0.0033085
"619","ran619.hdr.44",-0.000743199999999999
"619","ran619.hdr.45",-0.00022498
"619","ran619.hdr.46",-0.000551949999999999
"619","ran619.hdr.47",-0.000764300000000002
"619","ran619.hdr.48",-0.00010923
"619","ran619.hdr.49",-0.000381660000000001
"619","ran619.hdr.5",-0.0109775
"619","ran619.hdr.50",-0.00015833
"619","ran619.hdr.51",-0.000253400000000001
"619","ran619.hdr.52",-0.0010844
"619","ran619.hdr.54",0.000351000000000001
"619","ran619.hdr.55",-0.0010347
"619","ran619.hdr.56",-0.0011376
"619","ran619.hdr.57",-0.000301200000000001
"619","ran619.hdr.58",0.000314700000000001
"619","ran619.hdr.59",0.0005845
"619","ran619.hdr.6",-0.0051096
"619","ran619.hdr.60",-0.0011268
"619","ran619.hdr.61",-0.00005667
"619","ran619.hdr.62",-0.0006961
"619","ran619.hdr.63",-0.000540200000000001
"619","ran619.hdr.64",-0.000323500000000001
"619","ran619.hdr.65",-0.0039875
"619","ran619.hdr.66",-0.0004743
"619","ran619.hdr.67",-0.0007215
"619","ran619.hdr.68",-0.0013792
"619","ran619.hdr.69",-0.0011245
"619","ran619.hdr.7",-0.0039147
"619","ran619.hdr.70",0.0003271
"619","ran619.hdr.71",-0.000432600000000002
"619","ran619.hdr.72",-0.000137399999999999
"619","ran619.hdr.73",-0.0007229
"619","ran619.hdr.74",-0.000610599999999999
"619","ran619.hdr.75",-0.0003706
"619","ran619.hdr.76",-0.0008547
"619","ran619.hdr.77",-0.0011631
"619","ran619.hdr.78",0.00013512
"619","ran619.hdr.8",-0.000215165
"619","ran619.hdr.9",-0.00038213
"620","ran620.hdr.1",-0.0014785
"620","ran620.hdr.10",-0.00126458
"620","ran620.hdr.11",-0.0000281999999999991
"620","ran620.hdr.12",-0.0011382
"620","ran620.hdr.13",-0.0000108700000000005
"620","ran620.hdr.14",-0.0008751
"620","ran620.hdr.15",-0.00026025
"620","ran620.hdr.16",-0.000168399999999999
"620","ran620.hdr.17",-0.00010295
"620","ran620.hdr.18",-0.000874099999999999
"620","ran620.hdr.19",-0.0001814
"620","ran620.hdr.2",-0.000319699999999999
"620","ran620.hdr.20",-0.00032336
"620","ran620.hdr.21",-0.000174299999999999
"620","ran620.hdr.22",-0.0000960500000000003
"620","ran620.hdr.23",-0.0000794999999999997
"620","ran620.hdr.24",-0.0045505
"620","ran620.hdr.25",0.000386200000000001
"620","ran620.hdr.26",-0.0002118
"620","ran620.hdr.27",-0.000277900000000001
"620","ran620.hdr.28",-0.00055601
"620","ran620.hdr.29",-0.0009832
"620","ran620.hdr.3",-0.00124593
"620","ran620.hdr.30",-0.00018774
"620","ran620.hdr.31",-0.00023903
"620","ran620.hdr.32",-0.000292629999999999
"620","ran620.hdr.33",0.0000461000000000003
"620","ran620.hdr.34",-0.000310299999999999
"620","ran620.hdr.35",-0.0014853
"620","ran620.hdr.36",-0.000531400000000001
"620","ran620.hdr.37",-0.0051598
"620","ran620.hdr.38",-0.000944
"620","ran620.hdr.39",-0.00053977
"620","ran620.hdr.4",-0.000171609999999999
"620","ran620.hdr.40",-0.000666099999999999
"620","ran620.hdr.41",-0.000419800000000001
"620","ran620.hdr.42",-0.000583800000000001
"620","ran620.hdr.43",0.0000144999999999989
"620","ran620.hdr.44",0.000522999999999999
"620","ran620.hdr.45",-0.0001145
"620","ran620.hdr.46",-0.0021208
"620","ran620.hdr.47",-0.0022656
"620","ran620.hdr.48",-0.000023311
"620","ran620.hdr.49",0.0014528
"620","ran620.hdr.5",-0.000381399999999999
"620","ran620.hdr.50",-0.004276
"620","ran620.hdr.51",-0.0002994
"620","ran620.hdr.52",-0.0011337
"620","ran620.hdr.53",0.000012144
"620","ran620.hdr.54",-0.000971
"620","ran620.hdr.55",0.0000568604
"620","ran620.hdr.56",-0.000586400000000001
"620","ran620.hdr.57",-0.0002933
"620","ran620.hdr.58",-0.001074
"620","ran620.hdr.6",0.000162209999999999
"620","ran620.hdr.60",0.000090208
"620","ran620.hdr.61",-0.0007846
"620","ran620.hdr.62",-0.0007711
"620","ran620.hdr.63",-0.000849699999999998
"620","ran620.hdr.64",-0.0010529
"620","ran620.hdr.65",-0.00483893
"620","ran620.hdr.66",-0.0025664
"620","ran620.hdr.67",-0.0005504
"620","ran620.hdr.68",-0.0011581
"620","ran620.hdr.69",0.0000613000000000002
"620","ran620.hdr.7",-0.0002272
"620","ran620.hdr.70",0.000253999999999999
"620","ran620.hdr.71",0.000150899999999999
"620","ran620.hdr.72",0.00049861
"620","ran620.hdr.73",0.0000390000000000008
"620","ran620.hdr.74",-0.000871399999999998
"620","ran620.hdr.75",-0.0003579
"620","ran620.hdr.76",-0.000179259999999999
"620","ran620.hdr.77",-0.00096858
"620","ran620.hdr.78",-0.0011704
"620","ran620.hdr.8",-0.00021846
"620","ran620.hdr.9",-0.000507199999999999
"621","ran621.hdr.1",-0.00131489
"621","ran621.hdr.10",-0.00039314
"621","ran621.hdr.11",-0.000713499999999999
"621","ran621.hdr.12",-0.0013508
"621","ran621.hdr.13",-0.0000351500000000012
"621","ran621.hdr.14",-0.0002775
"621","ran621.hdr.15",-0.000881099999999999
"621","ran621.hdr.16",-0.0000169600000000003
"621","ran621.hdr.17",-0.0003277
"621","ran621.hdr.18",-0.00045882
"621","ran621.hdr.19",-0.000379400000000002
"621","ran621.hdr.2",-0.0006856
"621","ran621.hdr.20",-0.0010873
"621","ran621.hdr.21",-0.0001239
"621","ran621.hdr.22",-0.0002137
"621","ran621.hdr.23",-0.00175568
"621","ran621.hdr.24",-0.0001338
"621","ran621.hdr.25",-0.000258899999999999
"621","ran621.hdr.26",0.00037101
"621","ran621.hdr.27",-0.00069205
"621","ran621.hdr.28",0.0006037
"621","ran621.hdr.29",-0.0006427
"621","ran621.hdr.3",-0.000617699999999999
"621","ran621.hdr.30",-0.00620406
"621","ran621.hdr.31",-0.00510713
"621","ran621.hdr.32",0.0001362
"621","ran621.hdr.33",-0.0004002
"621","ran621.hdr.34",-0.0011807
"621","ran621.hdr.35",-0.000883700000000001
"621","ran621.hdr.36",0.000000420200000000003
"621","ran621.hdr.37",0.0000324999999999995
"621","ran621.hdr.38",-0.0011115
"621","ran621.hdr.39",-0.0002279
"621","ran621.hdr.4",-0.0046226
"621","ran621.hdr.40",0.0002079
"621","ran621.hdr.41",-0.000402600000000001
"621","ran621.hdr.42",-0.000752999999999998
"621","ran621.hdr.43",-0.0003823
"621","ran621.hdr.44",-0.001384
"621","ran621.hdr.45",0.000121899999999999
"621","ran621.hdr.46",0.000258599999999999
"621","ran621.hdr.47",-0.0023048
"621","ran621.hdr.48",-0.000837099999999999
"621","ran621.hdr.49",-0.0000747000000000005
"621","ran621.hdr.5",-0.0023
"621","ran621.hdr.50",0.00016459
"621","ran621.hdr.51",-0.00384145
"621","ran621.hdr.52",-0.0000584000000000001
"621","ran621.hdr.53",-0.0001172
"621","ran621.hdr.54",-0.0021164
"621","ran621.hdr.55",0.00026023
"621","ran621.hdr.56",0.00008457
"621","ran621.hdr.57",0.000898600000000003
"621","ran621.hdr.58",-0.0000923
"621","ran621.hdr.59",-0.000455400000000002
"621","ran621.hdr.6",-0.0043162
"621","ran621.hdr.60",0.000452299999999999
"621","ran621.hdr.61",-0.0000578999999999996
"621","ran621.hdr.62",-0.00000239999999999962
"621","ran621.hdr.63",-0.0044594
"621","ran621.hdr.64",0.000010099999999999
"621","ran621.hdr.65",-0.000266830000000001
"621","ran621.hdr.66",0.000272909999999999
"621","ran621.hdr.67",-0.000113210000000001
"621","ran621.hdr.68",-0.0009818
"621","ran621.hdr.69",-0.0008331
"621","ran621.hdr.7",-0.00032649
"621","ran621.hdr.70",-0.0000461999999999997
"621","ran621.hdr.71",-0.0006002
"621","ran621.hdr.72",-0.0005561
"621","ran621.hdr.73",-0.0011035
"621","ran621.hdr.74",-0.000299900000000001
"621","ran621.hdr.75",-0.000220500000000002
"621","ran621.hdr.76",-0.0057067
"621","ran621.hdr.77",-0.0003604
"621","ran621.hdr.78",-0.0016978
"621","ran621.hdr.8",-0.00030618
"621","ran621.hdr.9",-0.0000870999999999997
"622","ran622.hdr.1",-0.00020446
"622","ran622.hdr.10",-0.0002307
"622","ran622.hdr.11",-0.0011382
"622","ran622.hdr.12",-0.001162
"622","ran622.hdr.13",-0.0004586
"622","ran622.hdr.14",0.000254799999999999
"622","ran622.hdr.15",-0.0017655
"622","ran622.hdr.16",-0.00180345
"622","ran622.hdr.17",-0.000206
"622","ran622.hdr.18",-0.00158129
"622","ran622.hdr.19",0.00017578
"622","ran622.hdr.2",-0.000366200000000001
"622","ran622.hdr.20",-0.0025867
"622","ran622.hdr.21",-0.000747600000000001
"622","ran622.hdr.22",0.00004039
"622","ran622.hdr.23",0.0000328100000000012
"622","ran622.hdr.24",0.0001549743
"622","ran622.hdr.25",-0.000154699999999999
"622","ran622.hdr.26",0.000460299999999999
"622","ran622.hdr.27",-0.0016027
"622","ran622.hdr.28",-0.0016281
"622","ran622.hdr.29",0.00006777
"622","ran622.hdr.3",-0.0013435
"622","ran622.hdr.30",-0.00039436
"622","ran622.hdr.31",0.0003322
"622","ran622.hdr.32",-0.00018809
"622","ran622.hdr.33",-0.000155240000000001
"622","ran622.hdr.34",-0.000113400000000001
"622","ran622.hdr.35",-0.00023007
"622","ran622.hdr.36",-0.01414423
"622","ran622.hdr.37",-0.000112999999999999
"622","ran622.hdr.38",-0.00023755
"622","ran622.hdr.39",-0.000507200000000003
"622","ran622.hdr.4",0.000220700000000001
"622","ran622.hdr.40",-0.0001543
"622","ran622.hdr.41",-0.000247559999999999
"622","ran622.hdr.42",-0.000472420000000001
"622","ran622.hdr.43",-0.0002614
"622","ran622.hdr.44",-0.0013621
"622","ran622.hdr.45",-0.000773600000000003
"622","ran622.hdr.46",-0.000291899999999999
"622","ran622.hdr.47",-0.00043989
"622","ran622.hdr.48",-0.000752999999999998
"622","ran622.hdr.49",-0.000973700000000001
"622","ran622.hdr.5",0.0000546000000000001
"622","ran622.hdr.50",-0.00081
"622","ran622.hdr.51",-0.0002392
"622","ran622.hdr.52",-0.0000151000000000005
"622","ran622.hdr.53",-0.00034381
"622","ran622.hdr.54",-0.000113099999999998
"622","ran622.hdr.55",-0.00011256
"622","ran622.hdr.56",-0.0022656
"622","ran622.hdr.57",-0.000514700000000002
"622","ran622.hdr.58",-0.000512499999999999
"622","ran622.hdr.59",-0.000122300000000001
"622","ran622.hdr.6",-0.0001004
"622","ran622.hdr.60",-0.0013068
"622","ran622.hdr.61",-0.00011027
"622","ran622.hdr.62",-0.000934999999999998
"622","ran622.hdr.63",-0.0000202999999999991
"622","ran622.hdr.64",-0.000262800000000001
"622","ran622.hdr.65",-0.00015495
"622","ran622.hdr.66",-0.0004244
"622","ran622.hdr.67",-0.000580600000000001
"622","ran622.hdr.68",-0.0003826
"622","ran622.hdr.69",-0.0021686
"622","ran622.hdr.7",-0.000160850000000001
"622","ran622.hdr.70",-0.0003058
"622","ran622.hdr.71",-0.0005082
"622","ran622.hdr.72",-0.0000338000000000005
"622","ran622.hdr.73",-0.0000917999999999995
"622","ran622.hdr.74",-0.00059999
"622","ran622.hdr.75",-0.00033557
"622","ran622.hdr.76",-0.00062796
"622","ran622.hdr.77",-0.0022866
"622","ran622.hdr.78",-0.0005723
"622","ran622.hdr.8",-0.0048415
"622","ran622.hdr.9",NA
"623","ran623.hdr.1",-0.000366200000000001
"623","ran623.hdr.10",-0.0004673
"623","ran623.hdr.11",0.0000675200000000006
"623","ran623.hdr.12",-0.000452899999999999
"623","ran623.hdr.13",-0.0003148
"623","ran623.hdr.14",-0.0039813
"623","ran623.hdr.15",-0.0010563
"623","ran623.hdr.16",-0.000611500000000001
"623","ran623.hdr.17",-0.0015342
"623","ran623.hdr.18",-0.0113291
"623","ran623.hdr.19",-0.0003097
"623","ran623.hdr.2",-0.0024371
"623","ran623.hdr.20",-0.00016391
"623","ran623.hdr.21",0.0000134599999999999
"623","ran623.hdr.22",0.000107599999999999
"623","ran623.hdr.23",0.0000141299999999994
"623","ran623.hdr.24",-0.000118700000000001
"623","ran623.hdr.25",0.0005539
"623","ran623.hdr.26",-0.00018085
"623","ran623.hdr.27",-0.0018962
"623","ran623.hdr.28",-0.000865600000000001
"623","ran623.hdr.29",-0.0000523299999999997
"623","ran623.hdr.3",-0.0011965
"623","ran623.hdr.30",-0.000803359999999999
"623","ran623.hdr.31",-0.000687
"623","ran623.hdr.32",-0.000145300000000001
"623","ran623.hdr.33",0.00053199
"623","ran623.hdr.34",-0.0011914
"623","ran623.hdr.35",-0.001739
"623","ran623.hdr.36",NA
"623","ran623.hdr.37",0.0000297000000000006
"623","ran623.hdr.38",-0.0041082
"623","ran623.hdr.39",-0.00119342
"623","ran623.hdr.4",0.000189399999999999
"623","ran623.hdr.40",0.0000767600000000004
"623","ran623.hdr.41",-0.000162499999999999
"623","ran623.hdr.42",-0.0047786
"623","ran623.hdr.43",0.0000742100000000001
"623","ran623.hdr.44",-0.00057659
"623","ran623.hdr.45",-0.000366499999999999
"623","ran623.hdr.46",-0.00018122
"623","ran623.hdr.47",-0.00047522
"623","ran623.hdr.48",-0.00025195
"623","ran623.hdr.49",-0.000268079999999999
"623","ran623.hdr.5",-0.0011761
"623","ran623.hdr.50",-0.000411700000000001
"623","ran623.hdr.51",-0.000064100000000001
"623","ran623.hdr.52",-0.000477600000000002
"623","ran623.hdr.53",-0.000618499999999999
"623","ran623.hdr.54",-0.000602269999999999
"623","ran623.hdr.55",-0.000999000000000003
"623","ran623.hdr.56",-0.000967699999999998
"623","ran623.hdr.57",-0.000263810000000001
"623","ran623.hdr.58",0.000632799999999999
"623","ran623.hdr.59",-0.0180869
"623","ran623.hdr.6",-0.0031082
"623","ran623.hdr.60",-0.000746799999999999
"623","ran623.hdr.61",0.0000100400000000002
"623","ran623.hdr.62",-0.0038969
"623","ran623.hdr.63",-0.0001288
"623","ran623.hdr.64",-0.0012643
"623","ran623.hdr.65",-0.00001256
"623","ran623.hdr.66",-0.000420499999999999
"623","ran623.hdr.67",-0.000418799999999999
"623","ran623.hdr.68",-0.0028671
"623","ran623.hdr.69",-0.0046587
"623","ran623.hdr.7",-0.000197699999999999
"623","ran623.hdr.70",0.000305700000000001
"623","ran623.hdr.71",0.0000155000000000016
"623","ran623.hdr.72",-0.0010769
"623","ran623.hdr.73",-0.0007697
"623","ran623.hdr.74",-0.000825300000000001
"623","ran623.hdr.75",-0.0006286
"623","ran623.hdr.76",-0.0011974
"623","ran623.hdr.77",-0.00444969
"623","ran623.hdr.78",-0.000692410000000001
"623","ran623.hdr.8",-0.000808199999999999
"623","ran623.hdr.9",-0.0002877
"624","ran624.hdr.1",-0.000739499999999999
"624","ran624.hdr.10",-0.00021846
"624","ran624.hdr.11",-0.000681099999999999
"624","ran624.hdr.12",-0.000701999999999999
"624","ran624.hdr.13",-0.000534900000000001
"624","ran624.hdr.14",-0.000539240000000002
"624","ran624.hdr.15",-0.0015955
"624","ran624.hdr.16",-0.0000977999999999986
"624","ran624.hdr.17",-0.0004673
"624","ran624.hdr.18",-0.00082745
"624","ran624.hdr.19",-0.0011929
"624","ran624.hdr.2",-0.000366200000000001
"624","ran624.hdr.20",0.0001695
"624","ran624.hdr.21",-0.000130699999999999
"624","ran624.hdr.22",-0.0033496
"624","ran624.hdr.23",-0.000999699999999999
"624","ran624.hdr.24",-0.00041356
"624","ran624.hdr.25",0.000618399999999998
"624","ran624.hdr.26",-0.000554499999999999
"624","ran624.hdr.27",-0.000747600000000001
"624","ran624.hdr.28",-0.0016281
"624","ran624.hdr.29",0.0000353899999999997
"624","ran624.hdr.3",-0.000224699999999998
"624","ran624.hdr.30",-0.00068852
"624","ran624.hdr.31",-0.0000855700000000001
"624","ran624.hdr.32",-0.00035699
"624","ran624.hdr.33",-0.00016391
"624","ran624.hdr.34",-0.0001311
"624","ran624.hdr.35",-0.00031339
"624","ran624.hdr.36",-0.00023007
"624","ran624.hdr.37",-0.0025825
"624","ran624.hdr.38",-0.0006306
"624","ran624.hdr.39",-0.0000747000000000005
"624","ran624.hdr.4",-0.00012473
"624","ran624.hdr.40",0.0000377199999999998
"624","ran624.hdr.41",-0.000152899999999999
"624","ran624.hdr.42",-0.0013621
"624","ran624.hdr.43",-0.0023505
"624","ran624.hdr.44",-0.000638400000000001
"624","ran624.hdr.45",-0.000402600000000001
"624","ran624.hdr.46",-0.000831100000000001
"624","ran624.hdr.47",0.000414499999999998
"624","ran624.hdr.48",0.000131700000000002
"624","ran624.hdr.49",-0.000576500000000001
"624","ran624.hdr.5",-0.0008533
"624","ran624.hdr.50",-0.00026183
"624","ran624.hdr.51",0.0000306500000000001
"624","ran624.hdr.52",-0.000749
"624","ran624.hdr.53",-0.000209999999999998
"624","ran624.hdr.54",-0.0000869000000000009
"624","ran624.hdr.55",-0.000643990000000001
"624","ran624.hdr.56",0.0000281999999999999
"624","ran624.hdr.57",-0.00017588
"624","ran624.hdr.58",-0.00073559
"624","ran624.hdr.6",-0.0066937
"624","ran624.hdr.61",-0.000141199999999999
"624","ran624.hdr.62",0.000125799999999999
"624","ran624.hdr.63",-0.0072658
"624","ran624.hdr.64",0.000524999999999999
"624","ran624.hdr.65",-0.0013065
"624","ran624.hdr.66",0.000313330000000001
"624","ran624.hdr.67",0.0007972
"624","ran624.hdr.68",-0.0003231
"624","ran624.hdr.69",-0.000256870000000001
"624","ran624.hdr.7",-0.0037929
"624","ran624.hdr.70",0.0000683000000000003
"624","ran624.hdr.71",-0.0006633
"624","ran624.hdr.72",-0.000890599999999998
"624","ran624.hdr.73",-0.0038792
"624","ran624.hdr.74",-0.0019338
"624","ran624.hdr.75",-0.0005033
"624","ran624.hdr.76",-0.0011873
"624","ran624.hdr.77",-0.0028785
"624","ran624.hdr.78",-0.000548699999999999
"624","ran624.hdr.8",-0.0030448
"624","ran624.hdr.9",-0.0003059
"625","ran625.hdr.1",-0.000220599999999998
"625","ran625.hdr.10",-0.000309469999999999
"625","ran625.hdr.11",-0.00011717
"625","ran625.hdr.12",0.000140100000000001
"625","ran625.hdr.13",-0.0008879
"625","ran625.hdr.14",-0.0000776100000000001
"625","ran625.hdr.15",-0.0003397
"625","ran625.hdr.16",-0.0003061
"625","ran625.hdr.17",-0.0000387000000000009
"625","ran625.hdr.18",-0.0010173
"625","ran625.hdr.19",-0.000230500000000002
"625","ran625.hdr.2",-0.0000461999999999997
"625","ran625.hdr.20",-0.0001248
"625","ran625.hdr.21",-0.0000276999999999986
"625","ran625.hdr.22",-0.0000174699999999986
"625","ran625.hdr.23",-0.0003097
"625","ran625.hdr.24",-0.000572599999999999
"625","ran625.hdr.25",-0.0028967
"625","ran625.hdr.26",-0.0017024
"625","ran625.hdr.27",-0.001081
"625","ran625.hdr.28",0.0000982999999999999
"625","ran625.hdr.29",-0.0000700600000000003
"625","ran625.hdr.3",0.0000281399999999994
"625","ran625.hdr.30",0.00016341
"625","ran625.hdr.31",0.00011464
"625","ran625.hdr.32",-0.000247900000000001
"625","ran625.hdr.33",-0.002021
"625","ran625.hdr.34",-0.000788499999999999
"625","ran625.hdr.35",-0.000666099999999999
"625","ran625.hdr.36",-0.0012893
"625","ran625.hdr.37",-0.00112666
"625","ran625.hdr.38",0.0000184916
"625","ran625.hdr.39",-0.0011914
"625","ran625.hdr.4",-0.000617699999999999
"625","ran625.hdr.40",-0.0015911
"625","ran625.hdr.41",0.0000683999999999997
"625","ran625.hdr.42",-0.0020349
"625","ran625.hdr.43",0.0000892000000000011
"625","ran625.hdr.44",-0.00124632
"625","ran625.hdr.45",-0.0023439
"625","ran625.hdr.46",-0.0012793
"625","ran625.hdr.47",-0.0000869000000000009
"625","ran625.hdr.48",-0.0004831
"625","ran625.hdr.49",0.00028793
"625","ran625.hdr.5",-0.0008533
"625","ran625.hdr.50",0.00005185
"625","ran625.hdr.51",-0.00022893
"625","ran625.hdr.52",-0.00050929
"625","ran625.hdr.53",-0.00000773000000000006
"625","ran625.hdr.55",-0.0004014
"625","ran625.hdr.56",-0.0000994599999999991
"625","ran625.hdr.57",-0.000137030000000001
"625","ran625.hdr.58",-0.000203699999999999
"625","ran625.hdr.59",-0.0000495000000000009
"625","ran625.hdr.6",-0.0042194
"625","ran625.hdr.60",-0.000769199999999998
"625","ran625.hdr.61",0.000166699999999999
"625","ran625.hdr.62",0.0000522999999999999
"625","ran625.hdr.63",-0.00274956
"625","ran625.hdr.64",-0.0013776
"625","ran625.hdr.65",-0.0044594
"625","ran625.hdr.66",-0.0016847
"625","ran625.hdr.67",-0.000106800000000001
"625","ran625.hdr.68",-0.0028671
"625","ran625.hdr.69",-0.0068051
"625","ran625.hdr.7",-0.00044229
"625","ran625.hdr.70",-0.0008768
"625","ran625.hdr.71",-0.000698500000000001
"625","ran625.hdr.72",0.000100399999999999
"625","ran625.hdr.73",-0.0014277
"625","ran625.hdr.74",-0.000482799999999999
"625","ran625.hdr.75",-0.0000447299999999998
"625","ran625.hdr.76",-0.000908300000000001
"625","ran625.hdr.77",-0.0030586
"625","ran625.hdr.78",-0.0018567
"625","ran625.hdr.8",0.0000789059999999999
"625","ran625.hdr.9",-0.000282399999999999
"626","ran626.hdr.1",-0.000617699999999999
"626","ran626.hdr.10",-0.0000293799999999999
"626","ran626.hdr.11",-0.0011382
"626","ran626.hdr.12",-0.00065658
"626","ran626.hdr.13",-0.0003499
"626","ran626.hdr.14",-0.0000177399999999987
"626","ran626.hdr.15",-0.0000885999999999977
"626","ran626.hdr.16",-0.0006555
"626","ran626.hdr.17",-0.0032234
"626","ran626.hdr.18",-0.000136260000000001
"626","ran626.hdr.19",-0.0006668
"626","ran626.hdr.2",0.0000445999999999988
"626","ran626.hdr.20",-0.0016211
"626","ran626.hdr.21",-0.0010173
"626","ran626.hdr.22",-0.0008757
"626","ran626.hdr.23",-0.0004899
"626","ran626.hdr.24",-0.000616499999999999
"626","ran626.hdr.25",-0.0007746
"626","ran626.hdr.26",-0.0008389
"626","ran626.hdr.27",0.0000946499999999999
"626","ran626.hdr.28",-0.00033013
"626","ran626.hdr.29",-0.000303699999999999
"626","ran626.hdr.3",-0.0039147
"626","ran626.hdr.30",-0.001167
"626","ran626.hdr.31",-0.00010144
"626","ran626.hdr.32",0.0000242300000000001
"626","ran626.hdr.33",-0.0023372
"626","ran626.hdr.34",-0.000962000000000001
"626","ran626.hdr.35",-0.000803500000000002
"626","ran626.hdr.36",-0.0004601
"626","ran626.hdr.37",-0.000306899999999999
"626","ran626.hdr.38",-0.0011836
"626","ran626.hdr.39",-0.0022477
"626","ran626.hdr.4",-0.000585499999999999
"626","ran626.hdr.40",0.000267400000000001
"626","ran626.hdr.41",-0.000408800000000001
"626","ran626.hdr.42",-0.0015836
"626","ran626.hdr.43",-0.000334300000000001
"626","ran626.hdr.44",-0.0009494
"626","ran626.hdr.45",-0.000842700000000002
"626","ran626.hdr.46",-0.00384145
"626","ran626.hdr.47",-0.00038213
"626","ran626.hdr.48",-0.000238039999999999
"626","ran626.hdr.49",0.0000281999999999999
"626","ran626.hdr.5",-0.000130499999999999
"626","ran626.hdr.50",-0.0013645
"626","ran626.hdr.51",0.00026023
"626","ran626.hdr.52",-0.000381660000000001
"626","ran626.hdr.53",0.00018271
"626","ran626.hdr.54",0.000126360000000001
"626","ran626.hdr.55",-0.0010767
"626","ran626.hdr.57",0.000491400000000001
"626","ran626.hdr.58",-0.00029748
"626","ran626.hdr.59",-0.0003757
"626","ran626.hdr.6",-0.00040897
"626","ran626.hdr.60",0.0004971
"626","ran626.hdr.61",-0.0010605
"626","ran626.hdr.62",-0.0011481
"626","ran626.hdr.63",-0.0040338
"626","ran626.hdr.64",0.0011609
"626","ran626.hdr.65",-0.0010749
"626","ran626.hdr.66",-0.000727199999999997
"626","ran626.hdr.67",-0.0017699
"626","ran626.hdr.68",-0.000268999999999998
"626","ran626.hdr.69",0.000150899999999999
"626","ran626.hdr.7",-0.0011219
"626","ran626.hdr.70",-0.0015712
"626","ran626.hdr.71",-0.0004732
"626","ran626.hdr.72",NA
"626","ran626.hdr.73",-0.00059999
"626","ran626.hdr.74",-0.000347499999999997
"626","ran626.hdr.75",-0.0018724
"626","ran626.hdr.76",-0.000528400000000002
"626","ran626.hdr.77",-0.0010666
"626","ran626.hdr.78",-0.0018567
"626","ran626.hdr.8",-0.0000787700000000001
"626","ran626.hdr.9",-0.000183900000000001
"627","ran627.hdr.1",-0.0018301
"627","ran627.hdr.10",-0.000872700000000001
"627","ran627.hdr.11",-0.0007122
"627","ran627.hdr.12",-0.0005906
"627","ran627.hdr.13",-0.0045505
"627","ran627.hdr.14",-0.0000855700000000001
"627","ran627.hdr.15",-0.000207189999999999
"627","ran627.hdr.16",-0.000285000000000001
"627","ran627.hdr.17",0.0004131
"627","ran627.hdr.18",0.0000228799999999994
"627","ran627.hdr.19",-0.0000994700000000008
"627","ran627.hdr.2",-0.0000302099999999993
"627","ran627.hdr.20",-0.0018031
"627","ran627.hdr.21",-0.000784
"627","ran627.hdr.22",-0.0018392
"627","ran627.hdr.23",-0.0001545
"627","ran627.hdr.24",-0.0002734
"627","ran627.hdr.25",0.0000670599999999999
"627","ran627.hdr.26",0.0000184400000000002
"627","ran627.hdr.27",-0.000399060000000001
"627","ran627.hdr.28",-0.000390949999999999
"627","ran627.hdr.29",-0.0007726
"627","ran627.hdr.3",-0.00053636
"627","ran627.hdr.30",-0.000429500000000003
"627","ran627.hdr.31",-0.002021
"627","ran627.hdr.32",-0.0008745
"627","ran627.hdr.33",-0.000202600000000001
"627","ran627.hdr.34",-0.0011277
"627","ran627.hdr.35",-0.0000248000000000002
"627","ran627.hdr.36",-0.000402600000000001
"627","ran627.hdr.37",-0.000306899999999999
"627","ran627.hdr.38",-0.0016063
"627","ran627.hdr.39",0.000441799999999999
"627","ran627.hdr.4",-0.00023309
"627","ran627.hdr.40",-0.0011215
"627","ran627.hdr.41",-0.000435700000000001
"627","ran627.hdr.42",-0.0019361
"627","ran627.hdr.43",-0.0112283
"627","ran627.hdr.44",0.00010536
"627","ran627.hdr.45",-0.00037772
"627","ran627.hdr.46",0.0000263799999999995
"627","ran627.hdr.47",-0.0001315
"627","ran627.hdr.48",-0.00025195
"627","ran627.hdr.49",-0.00016505
"627","ran627.hdr.5",-0.000515700000000001
"627","ran627.hdr.50",-0.0000994599999999991
"627","ran627.hdr.51",-0.0013104
"627","ran627.hdr.52",-0.000331
"627","ran627.hdr.53",0.000247799999999999
"627","ran627.hdr.54",-0.00023539
"627","ran627.hdr.55",-0.000737700000000001
"627","ran627.hdr.56",0.0004391
"627","ran627.hdr.57",0.0000100400000000002
"627","ran627.hdr.58",0.0000525999999999999
"627","ran627.hdr.59",-0.0001464
"627","ran627.hdr.6",0.000254799999999999
"627","ran627.hdr.60",-0.0025664
"627","ran627.hdr.61",-0.000252200000000001
"627","ran627.hdr.62",-0.0016226
"627","ran627.hdr.63",0.0000387999999999986
"627","ran627.hdr.64",-0.000328449999999999
"627","ran627.hdr.65",-0.001084
"627","ran627.hdr.66",-0.0010828
"627","ran627.hdr.67",-0.000674876
"627","ran627.hdr.68",-0.0019665
"627","ran627.hdr.69",0.0000255200000000002
"627","ran627.hdr.7",-0.0009639
"627","ran627.hdr.70",-0.00124621
"627","ran627.hdr.71",0.0000233799999999999
"627","ran627.hdr.72",-0.0016673
"627","ran627.hdr.73",-0.001624
"627","ran627.hdr.74",-0.000794900000000001
"627","ran627.hdr.75",-0.000325500000000001
"627","ran627.hdr.76",-0.0057067
"627","ran627.hdr.77",-0.0007595
"627","ran627.hdr.78",-0.000222699999999999
"627","ran627.hdr.8",-0.0016211
"627","ran627.hdr.9",-0.0010122
"628","ran628.hdr.1",-0.00131489
"628","ran628.hdr.10",-0.000250199999999999
"628","ran628.hdr.11",-0.0011143
"628","ran628.hdr.12",-0.000242599999999999
"628","ran628.hdr.13",-0.00026025
"628","ran628.hdr.14",0.0003335
"628","ran628.hdr.15",-0.000911199999999997
"628","ran628.hdr.16",-0.0000756000000000003
"628","ran628.hdr.17",-0.0000255200000000002
"628","ran628.hdr.18",-0.000789400000000003
"628","ran628.hdr.19",-0.0016769
"628","ran628.hdr.2",-0.0004513
"628","ran628.hdr.20",-0.000551599999999999
"628","ran628.hdr.21",-0.000303699999999999
"628","ran628.hdr.22",0.0001919
"628","ran628.hdr.23",-0.00023362
"628","ran628.hdr.24",-0.000507499999999999
"628","ran628.hdr.25",-0.00010227
"628","ran628.hdr.26",-0.0000202099999999997
"628","ran628.hdr.27",-0.000149719999999999
"628","ran628.hdr.28",-0.0028198
"628","ran628.hdr.29",-0.000875799999999999
"628","ran628.hdr.3",-0.0023043
"628","ran628.hdr.30",-0.0025053
"628","ran628.hdr.31",-0.0004002
"628","ran628.hdr.32",-0.000295699999999999
"628","ran628.hdr.33",-0.00045297
"628","ran628.hdr.34",-0.000613500000000001
"628","ran628.hdr.35",0.0000324999999999995
"628","ran628.hdr.36",-0.0000663499999999997
"628","ran628.hdr.37",-0.000653770000000001
"628","ran628.hdr.38",0.0000501000000000008
"628","ran628.hdr.39",-0.000627829999999999
"628","ran628.hdr.4",-0.0036449
"628","ran628.hdr.40",-0.000942499999999999
"628","ran628.hdr.41",-0.0008214
"628","ran628.hdr.42",-0.0011836
"628","ran628.hdr.43",-0.0029633
"628","ran628.hdr.44",-0.001739
"628","ran628.hdr.45",-0.0000446000000000005
"628","ran628.hdr.46",-0.0021068
"628","ran628.hdr.47",0.000121899999999999
"628","ran628.hdr.48",-0.0070655
"628","ran628.hdr.49",-0.005927
"628","ran628.hdr.5",-0.0002307
"628","ran628.hdr.50",-0.000643990000000001
"628","ran628.hdr.51",-0.0004577
"628","ran628.hdr.52",0.000000529999999999888
"628","ran628.hdr.53",0.000544349999999999
"628","ran628.hdr.54",-0.000253400000000001
"628","ran628.hdr.56",-0.0000834000000000008
"628","ran628.hdr.57",0.000165
"628","ran628.hdr.58",-0.000602269999999999
"628","ran628.hdr.59",-0.000967699999999998
"628","ran628.hdr.6",-0.000401799999999999
"628","ran628.hdr.60",-0.00015495
"628","ran628.hdr.61",-0.00133806
"628","ran628.hdr.62",0.00000862399999999999
"628","ran628.hdr.63",0.0000727999999999996
"628","ran628.hdr.64",0.0000854000000000028
"628","ran628.hdr.65",-0.000373099999999998
"628","ran628.hdr.66",-0.0012091
"628","ran628.hdr.67",-0.0016152
"628","ran628.hdr.68",-0.0023928
"628","ran628.hdr.69",-0.000768900000000003
"628","ran628.hdr.7",-0.0011382
"628","ran628.hdr.70",-0.000870200000000002
"628","ran628.hdr.71",-0.000853100000000002
"628","ran628.hdr.72",0.000301900000000001
"628","ran628.hdr.73",-0.0004414
"628","ran628.hdr.74",0.000700399999999999
"628","ran628.hdr.75",-0.00057689
"628","ran628.hdr.76",-0.000806600000000001
"628","ran628.hdr.77",-0.0011873
"628","ran628.hdr.78",0.0000916000000000007
"628","ran628.hdr.8",-0.000198540000000001
"628","ran628.hdr.9",-0.0006677
"629","ran629.hdr.1",-0.00131489
"629","ran629.hdr.10",-0.000301300000000001
"629","ran629.hdr.11",-0.0000622000000000001
"629","ran629.hdr.12",-0.00012599
"629","ran629.hdr.13",-0.00013877
"629","ran629.hdr.14",-0.000457879999999999
"629","ran629.hdr.15",-0.00036797
"629","ran629.hdr.16",-0.00047309
"629","ran629.hdr.17",-0.000779799999999999
"629","ran629.hdr.18",-0.000410499999999999
"629","ran629.hdr.19",-0.0000383099999999997
"629","ran629.hdr.2",-0.000149890000000001
"629","ran629.hdr.20",-0.000397499999999999
"629","ran629.hdr.21",-0.000872700000000001
"629","ran629.hdr.22",-0.0003961
"629","ran629.hdr.23",-0.0004364
"629","ran629.hdr.24",0.000135099999999999
"629","ran629.hdr.25",-0.0003788
"629","ran629.hdr.26",0.0000475000000000007
"629","ran629.hdr.27",-0.00019075
"629","ran629.hdr.28",-0.00037474
"629","ran629.hdr.29",-0.000507499999999999
"629","ran629.hdr.3",-0.0020795
"629","ran629.hdr.30",-0.000292799999999999
"629","ran629.hdr.31",-0.000119399999999999
"629","ran629.hdr.32",-0.000177999999999998
"629","ran629.hdr.33",-0.0035614
"629","ran629.hdr.34",-0.0004522
"629","ran629.hdr.35",-0.0011807
"629","ran629.hdr.36",-0.0018523
"629","ran629.hdr.37",0.000049999999999998
"629","ran629.hdr.38",0.000294800000000001
"629","ran629.hdr.39",-0.0000657999999999995
"629","ran629.hdr.4",-0.0019788
"629","ran629.hdr.40",-0.00082841
"629","ran629.hdr.41",-0.000574999999999999
"629","ran629.hdr.42",-0.000291899999999999
"629","ran629.hdr.43",-0.000755800000000001
"629","ran629.hdr.44",-0.000189699999999999
"629","ran629.hdr.45",-0.0003459
"629","ran629.hdr.46",0.00004863
"629","ran629.hdr.47",-0.00003691
"629","ran629.hdr.48",-0.000814100000000002
"629","ran629.hdr.49",-0.0000955000000000001
"629","ran629.hdr.5",-0.000443959999999998
"629","ran629.hdr.50",-0.00022462
"629","ran629.hdr.51",-0.00003125
"629","ran629.hdr.52",0.000126360000000001
"629","ran629.hdr.53",0.0003333
"629","ran629.hdr.54",-0.000253400000000001
"629","ran629.hdr.55",-0.0010844
"629","ran629.hdr.57",-0.000297500000000001
"629","ran629.hdr.58",-0.000448199999999999
"629","ran629.hdr.59",-0.0004576
"629","ran629.hdr.6",-0.000713199999999999
"629","ran629.hdr.60",-0.00114221
"629","ran629.hdr.61",-0.000737700000000001
"629","ran629.hdr.62",0.000314700000000001
"629","ran629.hdr.63",-0.0003461
"629","ran629.hdr.64",-0.0014307
"629","ran629.hdr.65",-0.000320829999999999
"629","ran629.hdr.66",-0.0012091
"629","ran629.hdr.67",-0.001831
"629","ran629.hdr.68",-0.0015557
"629","ran629.hdr.69",-0.0023424
"629","ran629.hdr.7",-0.0049685
"629","ran629.hdr.70",0.000343
"629","ran629.hdr.71",-0.000501400000000003
"629","ran629.hdr.72",-0.0012556
"629","ran629.hdr.73",-0.000436499999999999
"629","ran629.hdr.74",-0.0009932
"629","ran629.hdr.75",-0.00038061
"629","ran629.hdr.76",-0.00033557
"629","ran629.hdr.77",-0.0014673
"629","ran629.hdr.78",-0.00089669
"629","ran629.hdr.8",-0.0037447
"629","ran629.hdr.9",-0.0043162
"630","ran630.hdr.1",0.0000845999999999989
"630","ran630.hdr.10",-0.0000888
"630","ran630.hdr.11",-0.0000302099999999993
"630","ran630.hdr.12",-0.000236699999999999
"630","ran630.hdr.13",-0.000197699999999999
"630","ran630.hdr.14",-0.0004419
"630","ran630.hdr.15",-0.000223299999999999
"630","ran630.hdr.16",0.000283200000000001
"630","ran630.hdr.17",0.00034144
"630","ran630.hdr.18",-0.0005371
"630","ran630.hdr.19",-0.000399699999999999
"630","ran630.hdr.2",-0.000591300000000003
"630","ran630.hdr.20",-0.00038553
"630","ran630.hdr.21",0.000209899999999999
"630","ran630.hdr.22",0.0000421999999999992
"630","ran630.hdr.23",-0.0002725
"630","ran630.hdr.24",0.000297199999999999
"630","ran630.hdr.25",-0.000163999999999999
"630","ran630.hdr.26",-0.0010439
"630","ran630.hdr.27",0.000846410000000001
"630","ran630.hdr.28",-0.00020939
"630","ran630.hdr.29",-0.000846699999999999
"630","ran630.hdr.3",-0.0008068
"630","ran630.hdr.30",0.00004944
"630","ran630.hdr.31",-0.000385699999999999
"630","ran630.hdr.32",-0.000297
"630","ran630.hdr.33",-0.00096386
"630","ran630.hdr.34",0.0000934000000000004
"630","ran630.hdr.35",-0.000600399999999997
"630","ran630.hdr.36",-0.0013224
"630","ran630.hdr.37",-0.000757799999999999
"630","ran630.hdr.38",-0.00028523
"630","ran630.hdr.39",-0.000480400000000001
"630","ran630.hdr.4",-0.000892799999999999
"630","ran630.hdr.40",-0.0005404
"630","ran630.hdr.41",-0.00025843
"630","ran630.hdr.42",-0.0007807
"630","ran630.hdr.43",-0.0000572999999999997
"630","ran630.hdr.44",0.0000045761
"630","ran630.hdr.45",-0.000917999999999999
"630","ran630.hdr.46",-0.000988299999999998
"630","ran630.hdr.47",-0.000313399999999998
"630","ran630.hdr.48",-0.0000371
"630","ran630.hdr.49",0.000279399999999999
"630","ran630.hdr.5",-0.0021526
"630","ran630.hdr.50",-0.0012895
"630","ran630.hdr.51",-0.0024639
"630","ran630.hdr.52",-0.0012528
"630","ran630.hdr.53",0.00096951
"630","ran630.hdr.54",0.0000328399999999993
"630","ran630.hdr.55",-0.000971
"630","ran630.hdr.56",-0.00003125
"630","ran630.hdr.57",-0.000227100000000001
"630","ran630.hdr.58",-0.00021542
"630","ran630.hdr.59",-0.00025195
"630","ran630.hdr.6",-0.000942399999999999
"630","ran630.hdr.60",-0.000118309
"630","ran630.hdr.61",-0.000313409999999999
"630","ran630.hdr.62",-0.0013724
"630","ran630.hdr.63",-0.000326900000000001
"630","ran630.hdr.64",-0.000811599999999999
"630","ran630.hdr.65",-0.00133806
"630","ran630.hdr.66",-0.0041063
"630","ran630.hdr.67",0.000524999999999999
"630","ran630.hdr.68",-0.0008071
"630","ran630.hdr.69",-0.0014755
"630","ran630.hdr.7",-0.0035328
"630","ran630.hdr.70",0.0000194084
"630","ran630.hdr.71",-0.000331100000000001
"630","ran630.hdr.72",-0.000356599999999999
"630","ran630.hdr.73",-0.0046587
"630","ran630.hdr.74",-0.002342
"630","ran630.hdr.75",-0.000121900000000001
"630","ran630.hdr.76",-0.00038061
"630","ran630.hdr.77",0.000315799999999998
"630","ran630.hdr.78",-0.0021902
"630","ran630.hdr.8",-0.0109775
"630","ran630.hdr.9",-0.0037603
"631","ran631.hdr.1",-0.000637099999999998
"631","ran631.hdr.10",-0.000387700000000001
"631","ran631.hdr.11",-0.001099
"631","ran631.hdr.12",-0.000198540000000001
"631","ran631.hdr.13",-0.0000976999999999992
"631","ran631.hdr.14",-0.000554099999999998
"631","ran631.hdr.15",-0.0008751
"631","ran631.hdr.16",0.0002302
"631","ran631.hdr.17",-0.00062684
"631","ran631.hdr.18",-0.0010596
"631","ran631.hdr.19",-0.000107836
"631","ran631.hdr.2",0.00002592
"631","ran631.hdr.20",-0.000516000000000001
"631","ran631.hdr.21",-0.000291369999999999
"631","ran631.hdr.22",-0.000253800000000002
"631","ran631.hdr.23",-0.0016942
"631","ran631.hdr.24",-0.0003277
"631","ran631.hdr.25",-0.000581499999999999
"631","ran631.hdr.26",-0.0013895
"631","ran631.hdr.27",-0.000771500000000001
"631","ran631.hdr.28",-0.000435399999999999
"631","ran631.hdr.29",-0.000108899999999999
"631","ran631.hdr.3",-0.0027476
"631","ran631.hdr.30",-0.00043048
"631","ran631.hdr.31",-0.000347700000000001
"631","ran631.hdr.32",0.0000737099999999994
"631","ran631.hdr.33",-0.00022865
"631","ran631.hdr.34",-0.00010227
"631","ran631.hdr.35",-0.0003079
"631","ran631.hdr.36",-0.0000891900000000003
"631","ran631.hdr.37",-0.000243200000000001
"631","ran631.hdr.38",-0.000023421
"631","ran631.hdr.39",-0.000281099999999999
"631","ran631.hdr.4",-0.0017379
"631","ran631.hdr.40",-0.000423400000000001
"631","ran631.hdr.41",-0.000505799999999999
"631","ran631.hdr.42",-0.0014594
"631","ran631.hdr.43",-0.0003076
"631","ran631.hdr.44",-0.0011
"631","ran631.hdr.45",-0.0002167
"631","ran631.hdr.46",-0.000306899999999999
"631","ran631.hdr.47",-0.0007499
"631","ran631.hdr.48",0.000369399999999999
"631","ran631.hdr.49",-0.00074314
"631","ran631.hdr.5",-0.0026706
"631","ran631.hdr.50",-0.00008964
"631","ran631.hdr.51",-0.000764300000000002
"631","ran631.hdr.52",-0.00015901
"631","ran631.hdr.53",0.000218600000000001
"631","ran631.hdr.54",-0.000175950000000001
"631","ran631.hdr.55",-0.0013817
"631","ran631.hdr.56",-0.000313409999999999
"631","ran631.hdr.57",0.0008486
"631","ran631.hdr.58",-0.0000195000000000004
"631","ran631.hdr.59",-0.000788199999999999
"631","ran631.hdr.6",-0.00168994
"631","ran631.hdr.60",-0.000556319999999999
"631","ran631.hdr.61",-0.000625800000000001
"631","ran631.hdr.62",-0.0016226
"631","ran631.hdr.63",-0.0010423
"631","ran631.hdr.64",-0.000323500000000001
"631","ran631.hdr.65",-0.000261
"631","ran631.hdr.66",-0.0015557
"631","ran631.hdr.67",-0.000607500000000002
"631","ran631.hdr.68",-0.0000952000000000001
"631","ran631.hdr.69",-0.0004414
"631","ran631.hdr.7",0.0000855000000000005
"631","ran631.hdr.70",-0.000559999999999998
"631","ran631.hdr.71",0.00028892
"631","ran631.hdr.72",-0.0011457
"631","ran631.hdr.73",-0.0012012
"631","ran631.hdr.74",-0.0011035
"631","ran631.hdr.75",-0.000578
"631","ran631.hdr.76",0.000202850000000001
"631","ran631.hdr.77",-0.0064447
"631","ran631.hdr.78",-0.000314699999999999
"631","ran631.hdr.8",-0.00038711
"631","ran631.hdr.9",-0.00047386
"632","ran632.hdr.1",0.00000133999999999985
"632","ran632.hdr.10",-0.0037447
"632","ran632.hdr.11",-0.0078616
"632","ran632.hdr.12",-0.0038016
"632","ran632.hdr.13",-0.0003134
"632","ran632.hdr.14",-0.0000541799999999996
"632","ran632.hdr.15",-0.0015953
"632","ran632.hdr.16",0.000283200000000001
"632","ran632.hdr.17",-0.000701999999999999
"632","ran632.hdr.18",-0.000534900000000001
"632","ran632.hdr.19",-0.00045021
"632","ran632.hdr.2",-0.0000463000000000026
"632","ran632.hdr.20",-0.00023309
"632","ran632.hdr.21",-0.00129969
"632","ran632.hdr.22",-0.00161496
"632","ran632.hdr.23",-0.0003742
"632","ran632.hdr.24",-0.0004066
"632","ran632.hdr.25",0.00002439
"632","ran632.hdr.26",-0.000911199999999997
"632","ran632.hdr.27",-0.0001177
"632","ran632.hdr.28",0.000343099999999999
"632","ran632.hdr.29",-0.0000983000000000008
"632","ran632.hdr.3",-0.000282899999999999
"632","ran632.hdr.30",-0.0000923199999999999
"632","ran632.hdr.31",-0.0017674
"632","ran632.hdr.32",-0.000415799999999997
"632","ran632.hdr.33",-0.0010736
"632","ran632.hdr.34",0.0002261
"632","ran632.hdr.35",0.00018949
"632","ran632.hdr.36",-0.0030857
"632","ran632.hdr.37",-0.0019493
"632","ran632.hdr.38",-0.000149499999999999
"632","ran632.hdr.39",-0.000148799999999999
"632","ran632.hdr.4",-0.0024371
"632","ran632.hdr.40",-0.0000828099999999991
"632","ran632.hdr.41",-0.00018725
"632","ran632.hdr.42",0.000354800000000001
"632","ran632.hdr.43",-0.0014853
"632","ran632.hdr.44",-0.001677
"632","ran632.hdr.45",-0.0013849
"632","ran632.hdr.46",-0.0000862000000000016
"632","ran632.hdr.47",-0.0034946
"632","ran632.hdr.48",0.0000184400000000002
"632","ran632.hdr.49",-0.0006558
"632","ran632.hdr.5",-0.000637000000000002
"632","ran632.hdr.50",-0.00013232
"632","ran632.hdr.51",0.00048249
"632","ran632.hdr.52",-0.0008214
"632","ran632.hdr.53",-0.0001811
"632","ran632.hdr.54",0.00003286
"632","ran632.hdr.55",-0.0011887
"632","ran632.hdr.56",-0.0017191
"632","ran632.hdr.57",-0.000218300000000001
"632","ran632.hdr.58",-0.00021698
"632","ran632.hdr.59",-0.0002678
"632","ran632.hdr.6",0.000152000000000003
"632","ran632.hdr.60",-0.0135865
"632","ran632.hdr.63",0.000435669999999999
"632","ran632.hdr.64",-0.0000748000000000016
"632","ran632.hdr.65",-0.000824100000000001
"632","ran632.hdr.66",-0.0010688
"632","ran632.hdr.67",0.000051197
"632","ran632.hdr.68",-0.000348800000000002
"632","ran632.hdr.69",-0.000320829999999999
"632","ran632.hdr.7",-0.0007992
"632","ran632.hdr.70",-0.0000348999999999992
"632","ran632.hdr.71",-0.0014372
"632","ran632.hdr.72",-0.0043812
"632","ran632.hdr.73",-0.000147399999999999
"632","ran632.hdr.74",-0.0015872
"632","ran632.hdr.75",-0.0006397
"632","ran632.hdr.76",-0.00444969
"632","ran632.hdr.77",-0.0010666
"632","ran632.hdr.78",-0.000318599999999999
"632","ran632.hdr.8",0.0003963
"632","ran632.hdr.9",-0.00107075
"633","ran633.hdr.1",-0.0026949
"633","ran633.hdr.10",0.00000119999999999981
"633","ran633.hdr.11",-0.00013863
"633","ran633.hdr.12",-0.0006677
"633","ran633.hdr.13",0.000104400000000001
"633","ran633.hdr.14",-0.00085353
"633","ran633.hdr.15",-0.0006719
"633","ran633.hdr.16",0.0007163
"633","ran633.hdr.17",-0.0032234
"633","ran633.hdr.18",-0.000136260000000001
"633","ran633.hdr.19",-0.0017312
"633","ran633.hdr.2",-0.000160850000000001
"633","ran633.hdr.20",-0.000352700000000001
"633","ran633.hdr.21",-0.000796499999999999
"633","ran633.hdr.22",-0.0045505
"633","ran633.hdr.23",-0.000013599999999999
"633","ran633.hdr.24",-0.0006008
"633","ran633.hdr.25",-0.00013267
"633","ran633.hdr.26",0.00051959
"633","ran633.hdr.27",-0.00069205
"633","ran633.hdr.28",-0.000531400000000001
"633","ran633.hdr.29",-0.0010877
"633","ran633.hdr.3",-0.0056785
"633","ran633.hdr.30",-0.0009332
"633","ran633.hdr.31",0.0000923999999999994
"633","ran633.hdr.32",-0.0030608
"633","ran633.hdr.33",0.00003065
"633","ran633.hdr.34",-0.0002734
"633","ran633.hdr.35",-0.000423400000000001
"633","ran633.hdr.36",-0.0000333
"633","ran633.hdr.37",0.000221300000000001
"633","ran633.hdr.38",-0.0004423
"633","ran633.hdr.39",0.000237399999999999
"633","ran633.hdr.4",-0.0009196
"633","ran633.hdr.40",-0.0001203
"633","ran633.hdr.41",-0.000522199999999999
"633","ran633.hdr.42",-0.002171
"633","ran633.hdr.43",-0.000569999999999999
"633","ran633.hdr.44",0.000440697
"633","ran633.hdr.45",0.000207200000000001
"633","ran633.hdr.46",-0.0000750999999999981
"633","ran633.hdr.47",0.000441799999999999
"633","ran633.hdr.48",-0.000846200000000002
"633","ran633.hdr.49",-0.0070307
"633","ran633.hdr.5",-0.00011089
"633","ran633.hdr.50",0.00042818
"633","ran633.hdr.51",-0.0002082
"633","ran633.hdr.52",-0.0008558
"633","ran633.hdr.53",-0.0015804
"633","ran633.hdr.54",-0.0004831
"633","ran633.hdr.55",-0.000510450000000001
"633","ran633.hdr.56",0.00029917
"633","ran633.hdr.57",-0.0004577
"633","ran633.hdr.58",-0.000106240000000001
"633","ran633.hdr.59",0.00008457
"633","ran633.hdr.6",-0.00037472
"633","ran633.hdr.60",-0.0003331
"633","ran633.hdr.61",-0.0013817
"633","ran633.hdr.64",-0.000972200000000003
"633","ran633.hdr.65",0.00000550000000000203
"633","ran633.hdr.66",-0.001061
"633","ran633.hdr.67",-0.0022371
"633","ran633.hdr.68",-0.000763170000000001
"633","ran633.hdr.69",-0.00034376
"633","ran633.hdr.7",-0.0002419
"633","ran633.hdr.70",-0.0003231
"633","ran633.hdr.71",-0.0011074
"633","ran633.hdr.72",-0.000112899999999999
"633","ran633.hdr.73",-0.0038792
"633","ran633.hdr.74",-0.0002559
"633","ran633.hdr.75",-0.0005535
"633","ran633.hdr.76",-0.000694699999999999
"633","ran633.hdr.77",-0.0002266
"633","ran633.hdr.78",-0.000289600000000001
"633","ran633.hdr.8",-0.00154022
"633","ran633.hdr.9",0.000140100000000001
"634","ran634.hdr.1",-0.000358239999999999
"634","ran634.hdr.10",-0.000413510000000001
"634","ran634.hdr.11",-0.000341899999999999
"634","ran634.hdr.12",-0.00032687
"634","ran634.hdr.13",-0.0005171
"634","ran634.hdr.14",-0.0000692999999999996
"634","ran634.hdr.15",-0.000262800000000001
"634","ran634.hdr.16",-0.000477200000000001
"634","ran634.hdr.17",-0.0004586
"634","ran634.hdr.18",-0.000732400000000001
"634","ran634.hdr.19",0.00015977
"634","ran634.hdr.2",-0.0000352299999999998
"634","ran634.hdr.20",-0.0012819
"634","ran634.hdr.21",-0.000710700000000002
"634","ran634.hdr.22",-0.0023662
"634","ran634.hdr.23",-0.0012838
"634","ran634.hdr.24",-0.00182421
"634","ran634.hdr.25",-0.000241700000000001
"634","ran634.hdr.26",-0.0010563
"634","ran634.hdr.27",-0.00034284
"634","ran634.hdr.28",-0.000890400000000001
"634","ran634.hdr.29",-0.0025725
"634","ran634.hdr.3",-0.0037976
"634","ran634.hdr.30",-0.00029554
"634","ran634.hdr.31",-0.0006335
"634","ran634.hdr.32",-0.000118700000000001
"634","ran634.hdr.33",0.0006791
"634","ran634.hdr.34",-0.0010093
"634","ran634.hdr.35",-0.000171499999999998
"634","ran634.hdr.36",-0.00510713
"634","ran634.hdr.37",-0.0013244
"634","ran634.hdr.38",-0.00016097
"634","ran634.hdr.39",-0.000583
"634","ran634.hdr.4",-0.0031043
"634","ran634.hdr.40",-0.0003937
"634","ran634.hdr.41",-0.00056584
"634","ran634.hdr.42",-0.000306899999999999
"634","ran634.hdr.43",-0.0015836
"634","ran634.hdr.44",-0.000298000000000001
"634","ran634.hdr.45",-0.0007551
"634","ran634.hdr.46",-0.000688599999999999
"634","ran634.hdr.47",-0.0010611
"634","ran634.hdr.48",-0.000452599999999999
"634","ran634.hdr.49",-0.0010009
"634","ran634.hdr.5",-0.0078616
"634","ran634.hdr.50",-0.000392
"634","ran634.hdr.51",0.000197900000000001
"634","ran634.hdr.52",-0.0014471
"634","ran634.hdr.53",-0.000032588
"634","ran634.hdr.54",-0.00270844
"634","ran634.hdr.55",0.0000576000000000014
"634","ran634.hdr.56",-0.0031055
"634","ran634.hdr.57",-0.0025824
"634","ran634.hdr.58",-0.0011708
"634","ran634.hdr.59",-0.000270960000000001
"634","ran634.hdr.6",0.00000320000000000008
"634","ran634.hdr.60",-0.000139299999999998
"634","ran634.hdr.61",0.000502859999999999
"634","ran634.hdr.62",-0.000477
"634","ran634.hdr.63",-0.0004037
"634","ran634.hdr.64",-0.0024046
"634","ran634.hdr.65",0.000127200000000001
"634","ran634.hdr.66",-0.0012699
"634","ran634.hdr.67",-0.0009751
"634","ran634.hdr.68",-0.00032338
"634","ran634.hdr.69",-0.0011974
"634","ran634.hdr.7",-0.00036891
"634","ran634.hdr.70",-0.0015872
"634","ran634.hdr.71",-0.0016911
"634","ran634.hdr.72",-0.0030263
"634","ran634.hdr.73",-0.0010139
"634","ran634.hdr.74",-0.0023497
"634","ran634.hdr.75",-0.000548699999999999
"634","ran634.hdr.76",-0.0006976
"634","ran634.hdr.77",-0.0003888
"634","ran634.hdr.78",0.00046618
"634","ran634.hdr.8",-0.0004419
"634","ran634.hdr.9",-0.000549999999999998
"635","ran635.hdr.1",-0.0003459
"635","ran635.hdr.10",-0.000374649999999999
"635","ran635.hdr.11",-0.000204939999999999
"635","ran635.hdr.12",-0.00010734
"635","ran635.hdr.13",-0.0000117999999999993
"635","ran635.hdr.14",-0.00029621
"635","ran635.hdr.15",0.0000112099999999993
"635","ran635.hdr.16",-0.000409099999999999
"635","ran635.hdr.17",-0.000320800000000001
"635","ran635.hdr.18",-0.00047623
"635","ran635.hdr.19",-0.000416400000000001
"635","ran635.hdr.2",-0.0000461999999999997
"635","ran635.hdr.20",-0.000151239999999999
"635","ran635.hdr.21",-0.0012923
"635","ran635.hdr.22",-0.0005983
"635","ran635.hdr.23",-0.0011163
"635","ran635.hdr.24",-0.0000739799999999995
"635","ran635.hdr.25",0.0000328100000000012
"635","ran635.hdr.26",-0.0000303999999999999
"635","ran635.hdr.27",-0.0000373999999999999
"635","ran635.hdr.28",0.000056719
"635","ran635.hdr.29",-0.0000914000000000002
"635","ran635.hdr.3",-0.0012446
"635","ran635.hdr.30",-0.0044356
"635","ran635.hdr.31",-0.0051598
"635","ran635.hdr.32",0.0000934000000000004
"635","ran635.hdr.33",-0.000287379999999999
"635","ran635.hdr.34",-0.000394099999999998
"635","ran635.hdr.35",-0.000390949999999999
"635","ran635.hdr.36",-0.0005632
"635","ran635.hdr.37",-0.0005707
"635","ran635.hdr.38",-0.0011277
"635","ran635.hdr.39",-0.000917300000000001
"635","ran635.hdr.4",-0.0025708
"635","ran635.hdr.40",-0.000463500000000002
"635","ran635.hdr.41",-0.00017032
"635","ran635.hdr.42",-0.0005222
"635","ran635.hdr.43",0.00004863
"635","ran635.hdr.44",0.0000767600000000004
"635","ran635.hdr.45",-0.0115458
"635","ran635.hdr.46",-0.00018672
"635","ran635.hdr.47",-0.000238039999999999
"635","ran635.hdr.48",-0.000270960000000001
"635","ran635.hdr.49",-0.00011945
"635","ran635.hdr.5",-0.0023191
"635","ran635.hdr.50",-0.00018941
"635","ran635.hdr.51",-0.0013817
"635","ran635.hdr.52",-0.000492100000000002
"635","ran635.hdr.53",-0.000753399999999998
"635","ran635.hdr.54",-0.0000596800000000012
"635","ran635.hdr.55",-0.0013724
"635","ran635.hdr.56",0.000165
"635","ran635.hdr.57",-0.0004533
"635","ran635.hdr.58",-0.000473900000000001
"635","ran635.hdr.59",-0.0011481
"635","ran635.hdr.6",-0.0000525000000000005
"635","ran635.hdr.60",0.0001358
"635","ran635.hdr.61",0.000449379999999999
"635","ran635.hdr.62",-0.0000829000000000003
"635","ran635.hdr.63",-0.0006961
"635","ran635.hdr.64",-0.00018716
"635","ran635.hdr.65",-0.0037006
"635","ran635.hdr.66",-0.0010706
"635","ran635.hdr.67",-0.0011431
"635","ran635.hdr.68",-0.0009932
"635","ran635.hdr.69",-0.00038061
"635","ran635.hdr.7",-0.0031082
"635","ran635.hdr.70",-0.000204899999999999
"635","ran635.hdr.71",-0.000819
"635","ran635.hdr.72",-0.0044168
"635","ran635.hdr.73",-0.003339
"635","ran635.hdr.74",-0.0012012
"635","ran635.hdr.75",-0.000471699999999999
"635","ran635.hdr.76",-0.000809499999999998
"635","ran635.hdr.77",-0.0018567
"635","ran635.hdr.78",-0.000498099999999998
"635","ran635.hdr.8",-0.0051096
"635","ran635.hdr.9",-0.00056552
"636","ran636.hdr.1",-0.000893399999999999
"636","ran636.hdr.10",-0.0008533
"636","ran636.hdr.11",-0.0052846
"636","ran636.hdr.12",-0.000537139999999999
"636","ran636.hdr.13",-0.0000708000000000011
"636","ran636.hdr.14",-0.00037472
"636","ran636.hdr.15",-0.0015953
"636","ran636.hdr.16",-0.00038213
"636","ran636.hdr.17",-0.000413510000000001
"636","ran636.hdr.18",-0.0000622000000000001
"636","ran636.hdr.19",-0.00029621
"636","ran636.hdr.2",-0.0005582
"636","ran636.hdr.20",-0.000359400000000001
"636","ran636.hdr.21",-0.000113727
"636","ran636.hdr.22",-0.00049628
"636","ran636.hdr.23",-0.0007074
"636","ran636.hdr.24",-0.0003257
"636","ran636.hdr.25",-0.0008182
"636","ran636.hdr.26",-0.000152100000000002
"636","ran636.hdr.27",-0.000435399999999999
"636","ran636.hdr.28",-0.00032068
"636","ran636.hdr.29",-0.000616499999999999
"636","ran636.hdr.3",-0.0010315
"636","ran636.hdr.30",-0.00029017
"636","ran636.hdr.31",-0.0000202099999999997
"636","ran636.hdr.32",0.0000141299999999994
"636","ran636.hdr.33",-0.0000914000000000002
"636","ran636.hdr.34",-0.000186000000000002
"636","ran636.hdr.35",0.0003871
"636","ran636.hdr.36",-0.00016097
"636","ran636.hdr.37",-0.000184700000000001
"636","ran636.hdr.38",-0.000468900000000001
"636","ran636.hdr.39",-0.0003937
"636","ran636.hdr.4",-0.000149890000000001
"636","ran636.hdr.40",-0.0011277
"636","ran636.hdr.41",-0.000735400000000001
"636","ran636.hdr.42",0.0001598
"636","ran636.hdr.43",-0.0034509
"636","ran636.hdr.44",-0.00606062
"636","ran636.hdr.45",-0.00068416
"636","ran636.hdr.46",-0.000313399999999998
"636","ran636.hdr.47",-0.0000990000000000001
"636","ran636.hdr.48",-0.000189900000000001
"636","ran636.hdr.49",-0.0021164
"636","ran636.hdr.5",-0.0023043
"636","ran636.hdr.50",-0.0000509000000000013
"636","ran636.hdr.51",-0.00025195
"636","ran636.hdr.52",-0.000313409999999999
"636","ran636.hdr.53",0.000032840000000001
"636","ran636.hdr.55",-0.0004014
"636","ran636.hdr.56",-0.00095777
"636","ran636.hdr.57",-0.00015495
"636","ran636.hdr.58",0.000223899999999999
"636","ran636.hdr.59",-0.0015428
"636","ran636.hdr.6",-0.00413338
"636","ran636.hdr.60",0.0003231
"636","ran636.hdr.61",-0.0010964
"636","ran636.hdr.62",-0.0002284
"636","ran636.hdr.63",-0.000838799999999997
"636","ran636.hdr.64",-0.001278
"636","ran636.hdr.65",-0.00056939
"636","ran636.hdr.66",-0.000261
"636","ran636.hdr.67",-0.0000130599999999996
"636","ran636.hdr.68",-0.000768900000000003
"636","ran636.hdr.69",-0.0003035
"636","ran636.hdr.7",-0.000061434
"636","ran636.hdr.70",-0.0044168
"636","ran636.hdr.71",0.000428399999999999
"636","ran636.hdr.72",-0.0009751
"636","ran636.hdr.73",-0.0015308
"636","ran636.hdr.74",-0.000871399999999998
"636","ran636.hdr.75",-0.0027169
"636","ran636.hdr.76",-0.000220500000000002
"636","ran636.hdr.77",-0.0005872
"636","ran636.hdr.78",-0.00021593
"636","ran636.hdr.8",-0.000171609999999999
"636","ran636.hdr.9",-0.000290820000000001
"637","ran637.hdr.1",-0.0005439
"637","ran637.hdr.10",NA
"637","ran637.hdr.11",-0.0000787700000000001
"637","ran637.hdr.12",0.0002942
"637","ran637.hdr.13",0.0000449828
"637","ran637.hdr.14",-0.00038553
"637","ran637.hdr.15",-0.000262800000000001
"637","ran637.hdr.16",-0.00026025
"637","ran637.hdr.17",-0.00125
"637","ran637.hdr.18",-0.0004066
"637","ran637.hdr.19",0.0002343
"637","ran637.hdr.2",-0.0000554800000000001
"637","ran637.hdr.20",-0.00035428
"637","ran637.hdr.21",-0.0008182
"637","ran637.hdr.22",-0.00158129
"637","ran637.hdr.23",-0.0025867
"637","ran637.hdr.24",-0.0000285499999999996
"637","ran637.hdr.25",-0.0006201
"637","ran637.hdr.26",-0.0000855700000000001
"637","ran637.hdr.27",-0.000281900000000001
"637","ran637.hdr.28",-0.000207189999999999
"637","ran637.hdr.29",-0.00021506
"637","ran637.hdr.3",-0.000637000000000002
"637","ran637.hdr.30",-0.0001311
"637","ran637.hdr.31",-0.00060842
"637","ran637.hdr.32",-0.000341280000000001
"637","ran637.hdr.33",-0.00013483
"637","ran637.hdr.34",0.0000498999999999999
"637","ran637.hdr.35",0.0000461000000000003
"637","ran637.hdr.36",-0.00031339
"637","ran637.hdr.37",-0.000420199999999999
"637","ran637.hdr.38",-0.0004522
"637","ran637.hdr.39",-0.0000137999999999978
"637","ran637.hdr.4",-0.000434299999999999
"637","ran637.hdr.40",-0.0004601
"637","ran637.hdr.41",-0.000409099999999999
"637","ran637.hdr.42",-0.000435399999999999
"637","ran637.hdr.43",-0.00034168
"637","ran637.hdr.44",-0.001126
"637","ran637.hdr.45",0.00000175000000000002
"637","ran637.hdr.46",-0.000307
"637","ran637.hdr.47",-0.000385200000000002
"637","ran637.hdr.48",-0.00056584
"637","ran637.hdr.49",-0.0000755699999999996
"637","ran637.hdr.5",0.0000146
"637","ran637.hdr.50",-0.000214199999999998
"637","ran637.hdr.51",-0.0011914
"637","ran637.hdr.52",-0.000216600000000001
"637","ran637.hdr.53",-0.0041082
"637","ran637.hdr.54",-0.0070307
"637","ran637.hdr.55",-0.0006887
"637","ran637.hdr.56",-0.00062953
"637","ran637.hdr.57",-0.0009494
"637","ran637.hdr.58",0.000344300000000001
"637","ran637.hdr.59",-0.0001578
"637","ran637.hdr.6",-0.000233200000000003
"637","ran637.hdr.60",-0.0000432200000000001
"637","ran637.hdr.61",-0.000227100000000001
"637","ran637.hdr.63",-0.000247399999999998
"637","ran637.hdr.64",-0.0000402400000000004
"637","ran637.hdr.65",-0.0020934
"637","ran637.hdr.66",-0.000301200000000001
"637","ran637.hdr.67",-0.000296940000000001
"637","ran637.hdr.68",-0.0011457
"637","ran637.hdr.69",-0.000103800000000001
"637","ran637.hdr.7",-0.0056035
"637","ran637.hdr.70",-0.0096339
"637","ran637.hdr.71",-0.0043812
"637","ran637.hdr.72",0.000248199999999999
"637","ran637.hdr.73",-0.000276200000000001
"637","ran637.hdr.74",0.00014573
"637","ran637.hdr.75",-0.000198200000000001
"637","ran637.hdr.76",-0.000372399999999998
"637","ran637.hdr.77",-0.0033654
"637","ran637.hdr.78",-0.004726
"637","ran637.hdr.8",-0.0000180000000000007
"637","ran637.hdr.9",-0.0015953
"638","ran638.hdr.1",-0.00021007
"638","ran638.hdr.10",-0.000571100000000001
"638","ran638.hdr.11",-0.0004828
"638","ran638.hdr.12",-0.000232599999999999
"638","ran638.hdr.13",-0.0000559799999999997
"638","ran638.hdr.14",-0.000935750000000001
"638","ran638.hdr.15",-0.00036797
"638","ran638.hdr.16",-0.000779799999999999
"638","ran638.hdr.17",-0.0033496
"638","ran638.hdr.18",-0.000382199999999999
"638","ran638.hdr.19",-0.000418709999999999
"638","ran638.hdr.2",-0.000739499999999999
"638","ran638.hdr.20",-0.0002137
"638","ran638.hdr.21",0.00051959
"638","ran638.hdr.22",0.000128130000000001
"638","ran638.hdr.23",0.00018807
"638","ran638.hdr.24",-0.0000683100000000002
"638","ran638.hdr.25",-0.000175300000000001
"638","ran638.hdr.26",0.000955600000000001
"638","ran638.hdr.27",-0.0017114
"638","ran638.hdr.28",-0.0000862000000000016
"638","ran638.hdr.29",-0.0018523
"638","ran638.hdr.3",-0.000272339999999999
"638","ran638.hdr.30",0.0000501000000000008
"638","ran638.hdr.31",-0.00020889
"638","ran638.hdr.32",-0.000277899999999998
"638","ran638.hdr.33",-0.00037394
"638","ran638.hdr.34",0.00011855
"638","ran638.hdr.35",0.0000540300000000001
"638","ran638.hdr.36",-0.00018774
"638","ran638.hdr.37",-0.00000561000000000008
"638","ran638.hdr.38",-0.0022477
"638","ran638.hdr.39",-0.000733699999999999
"638","ran638.hdr.4",-0.0014426
"638","ran638.hdr.40",-0.0006733
"638","ran638.hdr.41",0.000017147
"638","ran638.hdr.42",0.000296999999999999
"638","ran638.hdr.43",-0.000982800000000002
"638","ran638.hdr.44",-0.000107300000000001
"638","ran638.hdr.45",-0.00077238
"638","ran638.hdr.46",-0.000392399999999999
"638","ran638.hdr.47",-0.00017999
"638","ran638.hdr.48",-0.0011173
"638","ran638.hdr.49",-0.0011486
"638","ran638.hdr.5",-0.0023191
"638","ran638.hdr.50",-0.0005226
"638","ran638.hdr.51",-0.000971
"638","ran638.hdr.52",-0.0000869000000000009
"638","ran638.hdr.53",0.0000326900000000001
"638","ran638.hdr.54",-0.0004198
"638","ran638.hdr.55",-0.00025195
"638","ran638.hdr.56",-0.000217699999999999
"638","ran638.hdr.57",-0.0004014
"638","ran638.hdr.58",-0.000934999999999998
"638","ran638.hdr.59",-0.000540700000000002
"638","ran638.hdr.6",0.0000281399999999994
"638","ran638.hdr.60",-0.000473900000000001
"638","ran638.hdr.61",-0.000872
"638","ran638.hdr.62",-0.00017847
"638","ran638.hdr.63",-0.000334099999999999
"638","ran638.hdr.64",0.000120899999999999
"638","ran638.hdr.65",-0.000836699999999999
"638","ran638.hdr.66",-0.0013204
"638","ran638.hdr.67",-0.00039597
"638","ran638.hdr.68",-0.0028229
"638","ran638.hdr.69",-0.0009277
"638","ran638.hdr.7",-0.0028274
"638","ran638.hdr.70",0.00003549
"638","ran638.hdr.71",-0.000871399999999998
"638","ran638.hdr.72",-0.0009914
"638","ran638.hdr.73",-0.000424799999999999
"638","ran638.hdr.74",-0.0027169
"638","ran638.hdr.75",-0.0013547
"638","ran638.hdr.76",-0.0018348
"638","ran638.hdr.77",-0.00089669
"638","ran638.hdr.78",-0.000776900000000001
"638","ran638.hdr.8",-0.0041174
"638","ran638.hdr.9",-0.0044934
"639","ran639.hdr.1",0.0000496999999999997
"639","ran639.hdr.10",-0.00061467
"639","ran639.hdr.11",-0.000585499999999999
"639","ran639.hdr.12",-0.00015088
"639","ran639.hdr.13",-0.0003003
"639","ran639.hdr.14",-0.000480399999999999
"639","ran639.hdr.15",-0.00053636
"639","ran639.hdr.16",-0.0015955
"639","ran639.hdr.17",-0.000713499999999999
"639","ran639.hdr.18",-0.000934500000000001
"639","ran639.hdr.19",-0.0011929
"639","ran639.hdr.2",0.000555399999999998
"639","ran639.hdr.20",-0.0011619
"639","ran639.hdr.21",-0.000912500000000002
"639","ran639.hdr.22",-0.0035352
"639","ran639.hdr.23",-0.000551599999999999
"639","ran639.hdr.24",-0.00021087
"639","ran639.hdr.25",-0.0001443
"639","ran639.hdr.26",-0.000114
"639","ran639.hdr.27",0.0000222
"639","ran639.hdr.28",-0.000418709999999999
"639","ran639.hdr.29",-0.00036111
"639","ran639.hdr.3",-0.0032872
"639","ran639.hdr.30",0.00026163
"639","ran639.hdr.31",0.0000345999999999992
"639","ran639.hdr.32",0.0000242300000000001
"639","ran639.hdr.33",-0.00031339
"639","ran639.hdr.34",-0.0006023
"639","ran639.hdr.35",-0.000106800000000001
"639","ran639.hdr.36",-0.0107692
"639","ran639.hdr.37",-0.0017024
"639","ran639.hdr.38",-0.0010093
"639","ran639.hdr.39",-0.0000245000000000002
"639","ran639.hdr.4",0.000268699999999997
"639","ran639.hdr.40",0.0002266
"639","ran639.hdr.41",-0.0007116
"639","ran639.hdr.42",-0.001126
"639","ran639.hdr.43",-0.00015038
"639","ran639.hdr.44",-0.000340940000000001
"639","ran639.hdr.45",-0.000773600000000003
"639","ran639.hdr.46",-0.00018774
"639","ran639.hdr.47",-0.0000555999999999994
"639","ran639.hdr.48",-0.0005929
"639","ran639.hdr.49",-0.0010611
"639","ran639.hdr.5",-0.00449763
"639","ran639.hdr.50",0.00066033
"639","ran639.hdr.51",-0.02056806
"639","ran639.hdr.52",0.0000338700000000001
"639","ran639.hdr.53",-0.0000856099999999999
"639","ran639.hdr.54",-0.000180100000000001
"639","ran639.hdr.55",-0.000814100000000002
"639","ran639.hdr.56",-0.000584899999999999
"639","ran639.hdr.57",-0.000564
"639","ran639.hdr.58",-0.000137699999999999
"639","ran639.hdr.59",-0.0000781999999999988
"639","ran639.hdr.6",-0.004515
"639","ran639.hdr.60",-0.0013724
"639","ran639.hdr.61",0.000209000000000001
"639","ran639.hdr.62",-0.000972200000000003
"639","ran639.hdr.63",-0.0001876
"639","ran639.hdr.64",-0.000361200000000001
"639","ran639.hdr.65",-0.0006633
"639","ran639.hdr.66",-0.0004463
"639","ran639.hdr.67",-0.0000338000000000005
"639","ran639.hdr.68",-0.0023812
"639","ran639.hdr.69",-0.000754080000000001
"639","ran639.hdr.7",0.0000545999999999997
"639","ran639.hdr.70",-0.0038792
"639","ran639.hdr.71",-0.0006002
"639","ran639.hdr.72",-0.0000844099999999996
"639","ran639.hdr.73",0.000299700000000002
"639","ran639.hdr.74",-0.0020758
"639","ran639.hdr.75",-0.000809499999999998
"639","ran639.hdr.76",-0.0002331
"639","ran639.hdr.77",-0.000733480000000001
"639","ran639.hdr.78",-0.0016978
"639","ran639.hdr.8",0.00026852
"639","ran639.hdr.9",-0.0048415
"640","ran640.hdr.1",-0.000203000000000002
"640","ran640.hdr.10",-0.0002166
"640","ran640.hdr.11",0.000241600000000002
"640","ran640.hdr.12",-0.000881099999999999
"640","ran640.hdr.13",-0.0015418
"640","ran640.hdr.14",-0.00041587
"640","ran640.hdr.15",-0.0003148
"640","ran640.hdr.16",-0.0033496
"640","ran640.hdr.17",-0.0002144
"640","ran640.hdr.18",-0.000598599999999998
"640","ran640.hdr.19",-0.00017819
"640","ran640.hdr.2",-0.0004119
"640","ran640.hdr.20",-0.0019493
"640","ran640.hdr.21",-0.00018774
"640","ran640.hdr.22",-0.0000800499999999999
"640","ran640.hdr.23",-0.00041873
"640","ran640.hdr.24",-0.000106800000000001
"640","ran640.hdr.25",-0.0000914000000000002
"640","ran640.hdr.26",-0.00496838
"640","ran640.hdr.27",-0.000306500000000001
"640","ran640.hdr.28",-0.0035614
"640","ran640.hdr.29",-0.0010666
"640","ran640.hdr.3",-0.000333
"640","ran640.hdr.30",-0.00036563
"640","ran640.hdr.31",0.0000920999999999995
"640","ran640.hdr.32",-0.0000663499999999997
"640","ran640.hdr.33",0.000022900000000001
"640","ran640.hdr.34",-0.000627829999999999
"640","ran640.hdr.35",-0.0004718
"640","ran640.hdr.36",-0.0021188
"640","ran640.hdr.37",-0.0000146
"640","ran640.hdr.38",-0.0002167
"640","ran640.hdr.39",-0.000870699999999999
"640","ran640.hdr.4",-0.01685291
"640","ran640.hdr.40",-0.000241100000000001
"640","ran640.hdr.41",-0.000290139999999999
"640","ran640.hdr.42",-0.000569999999999999
"640","ran640.hdr.43",0.000296999999999999
"640","ran640.hdr.44",NA
"640","ran640.hdr.45",-0.000982800000000002
"640","ran640.hdr.46",0.0004291
"640","ran640.hdr.47",-0.0024639
"640","ran640.hdr.48",-0.0011337
"640","ran640.hdr.49",0.0000506700000000001
"640","ran640.hdr.5",-0.00013959
"640","ran640.hdr.50",-0.0011173
"640","ran640.hdr.51",-0.0015162
"640","ran640.hdr.52",-0.00045368
"640","ran640.hdr.53",-0.00022893
"640","ran640.hdr.56",-0.0001829
"640","ran640.hdr.57",-0.00011027
"640","ran640.hdr.58",-0.00003493
"640","ran640.hdr.59",-0.000694199999999999
"640","ran640.hdr.6",-0.000721199999999998
"640","ran640.hdr.60",-0.0004641
"640","ran640.hdr.61",-0.000639499999999998
"640","ran640.hdr.62",-0.000268299999999999
"640","ran640.hdr.63",-0.000184699999999999
"640","ran640.hdr.64",-0.0011885
"640","ran640.hdr.65",-0.0009154
"640","ran640.hdr.66",0.000845199999999999
"640","ran640.hdr.67",0.000247399999999998
"640","ran640.hdr.68",-0.0012643
"640","ran640.hdr.69",-0.000681889999999999
"640","ran640.hdr.7",-0.000320800000000001
"640","ran640.hdr.70",-0.000841399999999999
"640","ran640.hdr.71",-0.000201800000000002
"640","ran640.hdr.72",-0.000316540000000001
"640","ran640.hdr.73",0.000239400000000001
"640","ran640.hdr.74",-0.0014151
"640","ran640.hdr.75",-0.0006002
"640","ran640.hdr.76",-0.0011035
"640","ran640.hdr.77",-0.0025593
"640","ran640.hdr.78",-0.0016399
"640","ran640.hdr.8",-0.0000559799999999997
"640","ran640.hdr.9",-0.00000805999999999984
"641","ran641.hdr.1",-0.0001215
"641","ran641.hdr.10",-0.000598200000000001
"641","ran641.hdr.11",-0.0010879
"641","ran641.hdr.12",0.0000659100000000006
"641","ran641.hdr.13",-0.0011143
"641","ran641.hdr.14",-0.0013508
"641","ran641.hdr.15",-0.0012923
"641","ran641.hdr.16",-0.000934500000000001
"641","ran641.hdr.17",-0.000015900000000001
"641","ran641.hdr.18",-0.0004112
"641","ran641.hdr.19",-0.0008602
"641","ran641.hdr.2",-0.0027813
"641","ran641.hdr.20",-0.000727600000000002
"641","ran641.hdr.21",-0.000438299999999999
"641","ran641.hdr.22",-0.000243729999999999
"641","ran641.hdr.23",-0.000114
"641","ran641.hdr.24",-0.0025867
"641","ran641.hdr.25",-0.0012522
"641","ran641.hdr.26",-0.0006865
"641","ran641.hdr.27",-0.0003788
"641","ran641.hdr.28",-0.000064715
"641","ran641.hdr.29",-0.000341280000000001
"641","ran641.hdr.3",-0.00227271
"641","ran641.hdr.30",-0.0001554
"641","ran641.hdr.31",-0.0013333
"641","ran641.hdr.32",-0.00225613
"641","ran641.hdr.33",-0.0019854
"641","ran641.hdr.34",0.0005319
"641","ran641.hdr.35",-0.0005059
"641","ran641.hdr.36",-0.0023716
"641","ran641.hdr.37",-0.0012186
"641","ran641.hdr.38",-0.0014027
"641","ran641.hdr.39",-0.000316800000000001
"641","ran641.hdr.4",-0.0013379
"641","ran641.hdr.40",-0.0009972
"641","ran641.hdr.41",-0.00209034
"641","ran641.hdr.42",-0.000569200000000002
"641","ran641.hdr.43",-0.00065478
"641","ran641.hdr.44",-0.0005929
"641","ran641.hdr.45",-0.0022371
"641","ran641.hdr.46",0.000189099999999999
"641","ran641.hdr.47",-0.000294639999999999
"641","ran641.hdr.48",-0.000343609999999999
"641","ran641.hdr.49",0.000027885
"641","ran641.hdr.5",-0.000409400000000001
"641","ran641.hdr.50",-0.00035604
"641","ran641.hdr.51",-0.0010598
"641","ran641.hdr.52",-0.0007171
"641","ran641.hdr.53",-0.0013068
"641","ran641.hdr.54",0.0000555099999999999
"641","ran641.hdr.56",-0.0005941
"641","ran641.hdr.57",-0.0003339
"641","ran641.hdr.58",-0.0000835000000000002
"641","ran641.hdr.59",-0.0005755
"641","ran641.hdr.6",0.000234499999999999
"641","ran641.hdr.60",-0.0003126
"641","ran641.hdr.61",-0.0041063
"641","ran641.hdr.62",0.0000525999999999999
"641","ran641.hdr.63",-0.0003826
"641","ran641.hdr.64",-0.00039282
"641","ran641.hdr.65",-0.0000829000000000003
"641","ran641.hdr.66",0.000228300000000001
"641","ran641.hdr.67",0.000256500000000002
"641","ran641.hdr.68",-0.0032245
"641","ran641.hdr.69",-0.000768900000000003
"641","ran641.hdr.7",-0.00018433
"641","ran641.hdr.70",0.0000247000000000008
"641","ran641.hdr.71",NA
"641","ran641.hdr.72",0.0000442000000000012
"641","ran641.hdr.73",-0.000428600000000001
"641","ran641.hdr.74",-0.0011457
"641","ran641.hdr.75",-0.0022069
"641","ran641.hdr.76",-0.000590700000000003
"641","ran641.hdr.77",-0.000218699999999999
"641","ran641.hdr.78",0.0000916000000000007
"641","ran641.hdr.8",0.0001031
"641","ran641.hdr.9",-0.00010734
"642","ran642.hdr.1",-0.000166100000000002
"642","ran642.hdr.10",-0.000681099999999999
"642","ran642.hdr.11",-0.0006642
"642","ran642.hdr.12",-0.000507199999999999
"642","ran642.hdr.13",0.000032540000000001
"642","ran642.hdr.14",-0.0000204900000000002
"642","ran642.hdr.15",-0.000409099999999999
"642","ran642.hdr.16",-0.000359400000000001
"642","ran642.hdr.17",0.0000456699999999994
"642","ran642.hdr.18",-0.00014701
"642","ran642.hdr.19",-0.0004314
"642","ran642.hdr.2",-0.000366200000000001
"642","ran642.hdr.20",-0.0010439
"642","ran642.hdr.21",-0.00020936
"642","ran642.hdr.22",-0.0003148
"642","ran642.hdr.23",-0.0075695
"642","ran642.hdr.24",-0.000912500000000002
"642","ran642.hdr.25",-0.00043339
"642","ran642.hdr.26",-0.000152100000000002
"642","ran642.hdr.27",-0.0025867
"642","ran642.hdr.28",-0.0004121
"642","ran642.hdr.29",-0.000464099999999999
"642","ran642.hdr.3",0.000229999999999999
"642","ran642.hdr.30",-0.000292799999999999
"642","ran642.hdr.31",-0.00044134
"642","ran642.hdr.32",-0.0008652
"642","ran642.hdr.33",-0.000122000000000001
"642","ran642.hdr.34",-0.000140850000000001
"642","ran642.hdr.35",-0.0004601
"642","ran642.hdr.36",-0.000613500000000001
"642","ran642.hdr.37",-0.0011
"642","ran642.hdr.38",-0.00102067
"642","ran642.hdr.39",0.0000105999999999995
"642","ran642.hdr.4",-0.002115
"642","ran642.hdr.40",-0.000207300000000001
"642","ran642.hdr.41",-0.000707100000000002
"642","ran642.hdr.42",-0.00034381
"642","ran642.hdr.43",-0.000023311
"642","ran642.hdr.44",0.000512960000000001
"642","ran642.hdr.45",-0.000107300000000001
"642","ran642.hdr.46",-0.0015836
"642","ran642.hdr.47",-0.000294639999999999
"642","ran642.hdr.48",0.000012144
"642","ran642.hdr.49",-0.000473700000000001
"642","ran642.hdr.5",-0.00030613
"642","ran642.hdr.50",-0.00016562
"642","ran642.hdr.51",0.00005185
"642","ran642.hdr.52",-0.000697900000000001
"642","ran642.hdr.55",-0.000141199999999999
"642","ran642.hdr.56",-0.000694199999999999
"642","ran642.hdr.57",-0.0012684
"642","ran642.hdr.58",-0.0000541999999999973
"642","ran642.hdr.59",-0.00685775
"642","ran642.hdr.6",-0.000409400000000001
"642","ran642.hdr.60",-0.01078825
"642","ran642.hdr.61",0.0000107000000000006
"642","ran642.hdr.62",-0.000221499999999999
"642","ran642.hdr.63",-0.00574057
"642","ran642.hdr.64",-0.00104738
"642","ran642.hdr.65",0.0001554
"642","ran642.hdr.66",-0.00016
"642","ran642.hdr.67",-0.0016152
"642","ran642.hdr.68",-0.0027675
"642","ran642.hdr.69",-0.0039875
"642","ran642.hdr.7",0.0000855000000000005
"642","ran642.hdr.70",-0.00163488
"642","ran642.hdr.71",-0.00124621
"642","ran642.hdr.72",-0.000228699999999998
"642","ran642.hdr.73",-0.0001492
"642","ran642.hdr.74",-0.0014327
"642","ran642.hdr.75",-0.000794900000000001
"642","ran642.hdr.76",-0.0005535
"642","ran642.hdr.77",-0.0022335
"642","ran642.hdr.78",-0.000365799999999999
"642","ran642.hdr.8",-0.00062661
"642","ran642.hdr.9",-0.000223299999999999
"643","ran643.hdr.1",-0.0014785
"643","ran643.hdr.10",-0.00195907
"643","ran643.hdr.11",-0.0046226
"643","ran643.hdr.12",-0.0066937
"643","ran643.hdr.13",-0.0051096
"643","ran643.hdr.14",0.000186599999999999
"643","ran643.hdr.15",-0.00036891
"643","ran643.hdr.16",-0.0000713600000000003
"643","ran643.hdr.17",-0.00027193
"643","ran643.hdr.18",-0.0004092
"643","ran643.hdr.19",-0.00042711
"643","ran643.hdr.2",-0.000366200000000001
"643","ran643.hdr.20",-0.00019689
"643","ran643.hdr.21",-0.000434459999999999
"643","ran643.hdr.22",-0.000554099999999998
"643","ran643.hdr.23",0.000104400000000001
"643","ran643.hdr.24",0.000681399999999999
"643","ran643.hdr.25",-0.000911199999999997
"643","ran643.hdr.26",-0.000657
"643","ran643.hdr.27",0.000262399999999999
"643","ran643.hdr.28",-0.000710700000000002
"643","ran643.hdr.29",-0.000847199999999999
"643","ran643.hdr.3",0.000132
"643","ran643.hdr.30",-0.0015342
"643","ran643.hdr.31",-0.0089714
"643","ran643.hdr.32",-0.0002813
"643","ran643.hdr.33",-0.00031138
"643","ran643.hdr.34",0.0000525500000000002
"643","ran643.hdr.35",-0.00029017
"643","ran643.hdr.36",-0.000292629999999999
"643","ran643.hdr.37",-0.000420199999999999
"643","ran643.hdr.38",0.000144799999999999
"643","ran643.hdr.39",-0.000284
"643","ran643.hdr.4",-0.000239700000000001
"643","ran643.hdr.40",-0.0014853
"643","ran643.hdr.41",-0.000823900000000002
"643","ran643.hdr.42",-0.000126000000000001
"643","ran643.hdr.43",0.0000982999999999999
"643","ran643.hdr.44",-0.00015777
"643","ran643.hdr.45",-0.00033479
"643","ran643.hdr.46",-0.0003975
"643","ran643.hdr.47",-0.000574999999999999
"643","ran643.hdr.48",-0.0003076
"643","ran643.hdr.49",-0.0000485800000000003
"643","ran643.hdr.5",-0.000434299999999999
"643","ran643.hdr.50",-0.000846200000000002
"643","ran643.hdr.51",-0.000026974
"643","ran643.hdr.52",-0.0000328000000000004
"643","ran643.hdr.53",0.0000792999999999992
"643","ran643.hdr.54",-0.000764300000000002
"643","ran643.hdr.55",-0.00038213
"643","ran643.hdr.56",-0.0011044
"643","ran643.hdr.58",0.000666100000000001
"643","ran643.hdr.59",-0.0034825
"643","ran643.hdr.6",-0.000175199999999997
"643","ran643.hdr.60",-0.01281643
"643","ran643.hdr.61",0.00000862399999999999
"643","ran643.hdr.62",0.000244869999999999
"643","ran643.hdr.63",-0.000477
"643","ran643.hdr.64",-0.000546500000000002
"643","ran643.hdr.65",-0.000625800000000001
"643","ran643.hdr.66",-0.000933400000000001
"643","ran643.hdr.67",-0.0001876
"643","ran643.hdr.68",0.00013643
"643","ran643.hdr.69",0.000907999999999999
"643","ran643.hdr.7",-0.00012473
"643","ran643.hdr.70",-0.001831
"643","ran643.hdr.71",-0.0039875
"643","ran643.hdr.72",-0.000157000000000001
"643","ran643.hdr.73",0.0000832999999999997
"643","ran643.hdr.74",-0.000328200000000001
"643","ran643.hdr.75",-0.0000153999999999987
"643","ran643.hdr.76",-0.000825300000000001
"643","ran643.hdr.77",-0.000809499999999998
"643","ran643.hdr.78",0.00039
"643","ran643.hdr.8",-0.0027476
"643","ran643.hdr.9",-0.0033457
"644","ran644.hdr.1",-0.000675
"644","ran644.hdr.10",0.00000845800000000001
"644","ran644.hdr.11",-0.00065658
"644","ran644.hdr.12",-0.00012563
"644","ran644.hdr.13",-0.0000749899999999996
"644","ran644.hdr.14",0.00010476
"644","ran644.hdr.15",-0.000516000000000001
"644","ran644.hdr.16",-0.00049628
"644","ran644.hdr.17",0.000645400000000001
"644","ran644.hdr.18",-0.0016942
"644","ran644.hdr.19",-0.0010694
"644","ran644.hdr.2",-0.0004317
"644","ran644.hdr.20",-0.000533099999999998
"644","ran644.hdr.21",0.00000329999999999948
"644","ran644.hdr.22",0.0005967
"644","ran644.hdr.23",-0.0016027
"644","ran644.hdr.24",0.00037395
"644","ran644.hdr.25",-0.000258899999999999
"644","ran644.hdr.26",-0.000507499999999999
"644","ran644.hdr.27",0.0000383999999999992
"644","ran644.hdr.28",-0.0011573
"644","ran644.hdr.29",-0.000412499999999998
"644","ran644.hdr.3",-0.00000570800000000001
"644","ran644.hdr.30",-0.0018962
"644","ran644.hdr.31",-0.0005801
"644","ran644.hdr.32",-0.000613500000000001
"644","ran644.hdr.33",-0.00027737
"644","ran644.hdr.34",-0.0005509
"644","ran644.hdr.35",-0.000247900000000001
"644","ran644.hdr.36",-0.000412399999999999
"644","ran644.hdr.37",-0.0011599
"644","ran644.hdr.38",-0.000942499999999999
"644","ran644.hdr.39",-0.0011
"644","ran644.hdr.4",-0.0001323
"644","ran644.hdr.40",-0.0000755699999999996
"644","ran644.hdr.41",-0.000933099999999999
"644","ran644.hdr.42",-0.0011887
"644","ran644.hdr.43",-0.0017191
"644","ran644.hdr.44",-0.0041082
"644","ran644.hdr.45",-0.0071472
"644","ran644.hdr.46",-0.004276
"644","ran644.hdr.47",-0.0024639
"644","ran644.hdr.48",-0.000280989999999999
"644","ran644.hdr.49",0.00100596
"644","ran644.hdr.5",-0.0042194
"644","ran644.hdr.50",-0.00022498
"644","ran644.hdr.51",-0.0135865
"644","ran644.hdr.52",-0.0013068
"644","ran644.hdr.53",0.00000257936
"644","ran644.hdr.54",-0.0010723
"644","ran644.hdr.55",-0.000421599999999999
"644","ran644.hdr.56",-0.00025195
"644","ran644.hdr.57",-0.0040008
"644","ran644.hdr.6",-0.0038288
"644","ran644.hdr.61",-0.000448199999999999
"644","ran644.hdr.62",-0.000934999999999998
"644","ran644.hdr.63",-0.000602269999999999
"644","ran644.hdr.64",-0.000639499999999998
"644","ran644.hdr.65",-0.00017959
"644","ran644.hdr.66",-0.00685775
"644","ran644.hdr.67",-0.000229500000000001
"644","ran644.hdr.68",-0.0000438000000000001
"644","ran644.hdr.69",-0.00274956
"644","ran644.hdr.7",-0.0008936
"644","ran644.hdr.70",-0.0004568
"644","ran644.hdr.71",-0.000891099999999999
"644","ran644.hdr.72",-0.0010327
"644","ran644.hdr.73",-0.000674876
"644","ran644.hdr.74",-0.0037006
"644","ran644.hdr.75",0.0000390000000000008
"644","ran644.hdr.76",-0.000420299999999998
"644","ran644.hdr.77",-0.0013232
"644","ran644.hdr.78",-0.0032639
"644","ran644.hdr.8",-0.00013863
"644","ran644.hdr.9",0.0001158
"645","ran645.hdr.1",-0.0004513
"645","ran645.hdr.10",-0.000979900000000001
"645","ran645.hdr.11",-0.00030618
"645","ran645.hdr.12",-0.0007343
"645","ran645.hdr.13",0.00015803
"645","ran645.hdr.14",-0.000539240000000002
"645","ran645.hdr.15",-0.000183300000000001
"645","ran645.hdr.16",-0.00065658
"645","ran645.hdr.17",-0.000547299999999997
"645","ran645.hdr.18",-0.000911199999999997
"645","ran645.hdr.19",-0.000452899999999999
"645","ran645.hdr.2",-0.000833500000000001
"645","ran645.hdr.20",-0.00102123
"645","ran645.hdr.21",-0.0002249
"645","ran645.hdr.22",-0.0000923199999999999
"645","ran645.hdr.23",-0.0026503
"645","ran645.hdr.24",-0.0004364
"645","ran645.hdr.25",-0.0008389
"645","ran645.hdr.26",-0.000249299999999999
"645","ran645.hdr.27",0.000165219999999999
"645","ran645.hdr.28",-0.0000640999999999992
"645","ran645.hdr.29",-0.0000956499999999999
"645","ran645.hdr.3",-0.0022515
"645","ran645.hdr.30",0.000159400000000001
"645","ran645.hdr.31",-0.0004562
"645","ran645.hdr.32",-0.00033054
"645","ran645.hdr.33",-0.000184700000000001
"645","ran645.hdr.34",-0.0024974
"645","ran645.hdr.35",-0.00029242
"645","ran645.hdr.36",-0.000687
"645","ran645.hdr.37",-0.00112666
"645","ran645.hdr.38",-0.0002384
"645","ran645.hdr.39",-0.0022656
"645","ran645.hdr.4",-0.0008068
"645","ran645.hdr.40",0.000856300000000001
"645","ran645.hdr.41",0.0000920999999999995
"645","ran645.hdr.42",-0.001384
"645","ran645.hdr.43",-0.00074314
"645","ran645.hdr.44",0.0000662000000000006
"645","ran645.hdr.45",0.0000220355
"645","ran645.hdr.46",-0.00077464
"645","ran645.hdr.47",-0.000801899999999998
"645","ran645.hdr.48",0.00028793
"645","ran645.hdr.49",-0.0000134699999999998
"645","ran645.hdr.5",-0.000171609999999999
"645","ran645.hdr.50",-0.00073805
"645","ran645.hdr.51",-0.0013645
"645","ran645.hdr.52",-0.00155443
"645","ran645.hdr.53",-0.00035154
"645","ran645.hdr.54",-0.000125780000000001
"645","ran645.hdr.55",-0.001074
"645","ran645.hdr.58",-0.000811599999999999
"645","ran645.hdr.59",-0.000486500000000001
"645","ran645.hdr.6",-0.0054872
"645","ran645.hdr.60",-0.012746
"645","ran645.hdr.61",-0.0010749
"645","ran645.hdr.62",-0.0003382
"645","ran645.hdr.63",-0.000836699999999999
"645","ran645.hdr.64",-0.000566599999999999
"645","ran645.hdr.65",-0.000448899999999999
"645","ran645.hdr.66",0.00041339
"645","ran645.hdr.67",-0.0010706
"645","ran645.hdr.68",-0.00203165
"645","ran645.hdr.69",-0.000525600000000001
"645","ran645.hdr.7",-0.0031066
"645","ran645.hdr.70",-0.000047492
"645","ran645.hdr.71",0.000398200000000001
"645","ran645.hdr.72",-0.0000461999999999997
"645","ran645.hdr.73",-0.000432600000000002
"645","ran645.hdr.74",-0.0012827
"645","ran645.hdr.75",-0.000377499999999999
"645","ran645.hdr.76",-0.0023497
"645","ran645.hdr.77",-0.000498099999999998
"645","ran645.hdr.78",-0.0016978
"645","ran645.hdr.8",-0.00013425
"645","ran645.hdr.9",-0.00015088
"646","ran646.hdr.1",0.0000471159999999999
"646","ran646.hdr.10",-0.000232400000000001
"646","ran646.hdr.11",-0.0015953
"646","ran646.hdr.12",-0.000675400000000003
"646","ran646.hdr.13",-0.000549999999999998
"646","ran646.hdr.14",-0.000438800000000001
"646","ran646.hdr.15",-0.000413510000000001
"646","ran646.hdr.16",0.00000960000000000023
"646","ran646.hdr.17",-0.000140099999999999
"646","ran646.hdr.18",-0.00036672
"646","ran646.hdr.19",0.000209899999999999
"646","ran646.hdr.2",-0.0000103000000000013
"646","ran646.hdr.20",0.0000560999999999999
"646","ran646.hdr.21",-0.0032234
"646","ran646.hdr.22",-0.0013895
"646","ran646.hdr.23",-0.000598599999999998
"646","ran646.hdr.24",0.0000334200000000002
"646","ran646.hdr.25",0.0000913000000000008
"646","ran646.hdr.26",0.000095399999999999
"646","ran646.hdr.27",-0.00022216
"646","ran646.hdr.28",-0.0006546
"646","ran646.hdr.29",0.00017261
"646","ran646.hdr.3",-0.000290820000000001
"646","ran646.hdr.30",-0.00044142
"646","ran646.hdr.31",-0.00045688
"646","ran646.hdr.32",-0.0025053
"646","ran646.hdr.33",-0.0006427
"646","ran646.hdr.34",-0.000171499999999998
"646","ran646.hdr.35",-0.001081
"646","ran646.hdr.36",-0.000140850000000001
"646","ran646.hdr.37",0.000364899999999998
"646","ran646.hdr.38",-0.0009332
"646","ran646.hdr.39",-0.0000392999999999991
"646","ran646.hdr.4",0.0000256000000000006
"646","ran646.hdr.40",-0.0002968
"646","ran646.hdr.41",0.0000378299999999991
"646","ran646.hdr.42",-0.000281700000000001
"646","ran646.hdr.43",-0.001126
"646","ran646.hdr.44",-0.00015038
"646","ran646.hdr.45",-0.0014594
"646","ran646.hdr.46",0.0002524
"646","ran646.hdr.47",-0.00001509
"646","ran646.hdr.48",-0.000026974
"646","ran646.hdr.49",-0.000318949999999999
"646","ran646.hdr.5",-0.0008533
"646","ran646.hdr.50",0.0000792999999999992
"646","ran646.hdr.51",-0.000435700000000001
"646","ran646.hdr.52",-0.000137489
"646","ran646.hdr.53",-0.00013274
"646","ran646.hdr.54",-0.0010844
"646","ran646.hdr.55",-0.000658
"646","ran646.hdr.56",-0.0004551
"646","ran646.hdr.57",-0.0000770000000000007
"646","ran646.hdr.58",-0.000425699999999999
"646","ran646.hdr.59",-0.012746
"646","ran646.hdr.6",-0.00574258
"646","ran646.hdr.60",-0.0009154
"646","ran646.hdr.61",-0.0017932
"646","ran646.hdr.62",-0.0001636
"646","ran646.hdr.63",-0.000124800000000001
"646","ran646.hdr.64",-0.0027675
"646","ran646.hdr.65",0.000122430000000001
"646","ran646.hdr.66",-0.000328449999999999
"646","ran646.hdr.67",-0.000323500000000001
"646","ran646.hdr.68",-0.000822699999999999
"646","ran646.hdr.69",-0.0046587
"646","ran646.hdr.7",-0.0044797
"646","ran646.hdr.70",-0.0008768
"646","ran646.hdr.71",-0.00124621
"646","ran646.hdr.72",-0.0011679
"646","ran646.hdr.73",-0.000283
"646","ran646.hdr.74",-0.0014309
"646","ran646.hdr.75",-0.0011554
"646","ran646.hdr.76",-0.0020758
"646","ran646.hdr.77",-0.000231200000000001
"646","ran646.hdr.78",-0.0012143
"646","ran646.hdr.8",-0.0000717000000000009
"646","ran646.hdr.9",-0.00000749999999999883
"647","ran647.hdr.1",-0.000166100000000002
"647","ran647.hdr.10",-0.000461899999999998
"647","ran647.hdr.11",-0.0005302
"647","ran647.hdr.12",0.000230070000000001
"647","ran647.hdr.13",-0.0003795
"647","ran647.hdr.14",0.0003181
"647","ran647.hdr.15",-0.0000713600000000003
"647","ran647.hdr.16",0.000972900000000001
"647","ran647.hdr.17",-0.000339470000000001
"647","ran647.hdr.18",-0.0002961
"647","ran647.hdr.19",-0.000168399999999999
"647","ran647.hdr.2",-0.0004437
"647","ran647.hdr.20",-0.000600499999999999
"647","ran647.hdr.21",-0.0012819
"647","ran647.hdr.22",0.000380700000000001
"647","ran647.hdr.23",-0.0011853
"647","ran647.hdr.24",0.0000767700000000003
"647","ran647.hdr.25",-0.0002523
"647","ran647.hdr.26",-0.000207209999999999
"647","ran647.hdr.27",0.0000111
"647","ran647.hdr.28",NA
"647","ran647.hdr.29",-0.00019563
"647","ran647.hdr.3",-0.0005346
"647","ran647.hdr.30",-0.0000640999999999992
"647","ran647.hdr.31",0.000230600000000001
"647","ran647.hdr.32",-0.0000940999999999997
"647","ran647.hdr.33",-0.000255050000000001
"647","ran647.hdr.34",-0.0012418
"647","ran647.hdr.35",-0.00018725
"647","ran647.hdr.36",-0.0032627
"647","ran647.hdr.37",0.0000702000000000012
"647","ran647.hdr.38",-0.0000862000000000016
"647","ran647.hdr.39",-0.0002851
"647","ran647.hdr.4",-0.000160799999999999
"647","ran647.hdr.40",-0.0030608
"647","ran647.hdr.41",-0.00015702
"647","ran647.hdr.42",-0.0006827
"647","ran647.hdr.43",-0.0000071997
"647","ran647.hdr.44",0.0000757000000000015
"647","ran647.hdr.45",0.0000239999999999997
"647","ran647.hdr.46",-0.0041082
"647","ran647.hdr.47",-0.0071472
"647","ran647.hdr.48",-0.000026974
"647","ran647.hdr.49",-0.0011413
"647","ran647.hdr.5",-0.0049685
"647","ran647.hdr.50",-0.0000856099999999999
"647","ran647.hdr.51",-0.0001724
"647","ran647.hdr.52",-0.0000753999999999998
"647","ran647.hdr.53",NA
"647","ran647.hdr.54",-0.000248099999999999
"647","ran647.hdr.55",NA
"647","ran647.hdr.56",-0.0040008
"647","ran647.hdr.57",-0.00017852
"647","ran647.hdr.58",-0.00023275
"647","ran647.hdr.59",-0.000862700000000001
"647","ran647.hdr.6",-0.0012405
"647","ran647.hdr.60",-0.00015495
"647","ran647.hdr.61",-0.0007899
"647","ran647.hdr.62",-0.01281643
"647","ran647.hdr.63",-0.0003783
"647","ran647.hdr.64",0.0001358
"647","ran647.hdr.65",-0.000738799999999998
"647","ran647.hdr.66",-0.0003709
"647","ran647.hdr.67",-0.000792399999999999
"647","ran647.hdr.68",-0.000143899999999999
"647","ran647.hdr.69",0.0002048
"647","ran647.hdr.7",-0.001681
"647","ran647.hdr.70",-0.0068051
"647","ran647.hdr.71",-0.00039597
"647","ran647.hdr.72",-0.0022987
"647","ran647.hdr.73",-0.0003698
"647","ran647.hdr.74",0.0001677
"647","ran647.hdr.75",-0.0003493
"647","ran647.hdr.76",-0.0014151
"647","ran647.hdr.77",-0.0013547
"647","ran647.hdr.78",-0.0033926
"647","ran647.hdr.8",-0.0108949
"647","ran647.hdr.9",-0.00741674
"648","ran648.hdr.1",-0.0012185
"648","ran648.hdr.10",-0.0011219
"648","ran648.hdr.11",-0.0006642
"648","ran648.hdr.12",-0.0000801099999999996
"648","ran648.hdr.13",-0.0000475000000000007
"648","ran648.hdr.14",-0.0002166
"648","ran648.hdr.15",-0.000881099999999999
"648","ran648.hdr.16",-0.00000719999999999887
"648","ran648.hdr.17",-0.0000940000000000003
"648","ran648.hdr.18",-0.0011163
"648","ran648.hdr.19",0.000640900000000002
"648","ran648.hdr.2",-0.000481700000000002
"648","ran648.hdr.20",-0.0045505
"648","ran648.hdr.21",-0.00022216
"648","ran648.hdr.22",-0.0000276999999999986
"648","ran648.hdr.23",-0.00053928
"648","ran648.hdr.24",0.0000166000000000003
"648","ran648.hdr.25",0.0000383999999999992
"648","ran648.hdr.26",-0.000149719999999999
"648","ran648.hdr.27",-0.0000683100000000002
"648","ran648.hdr.28",-0.000359199999999999
"648","ran648.hdr.29",-0.0004002
"648","ran648.hdr.3",0.0003899
"648","ran648.hdr.30",-0.00036563
"648","ran648.hdr.31",-0.000287379999999999
"648","ran648.hdr.32",-0.0019089
"648","ran648.hdr.33",-0.0009201
"648","ran648.hdr.34",-0.000687
"648","ran648.hdr.35",-0.0007461
"648","ran648.hdr.36",0.0005211
"648","ran648.hdr.37",-0.000125500000000001
"648","ran648.hdr.38",-0.000402600000000001
"648","ran648.hdr.39",-0.0000151000000000005
"648","ran648.hdr.4",-0.0007133
"648","ran648.hdr.40",-0.0005363
"648","ran648.hdr.41",0.0000336799999999999
"648","ran648.hdr.42",0.000017147
"648","ran648.hdr.43",-0.0015911
"648","ran648.hdr.44",0.0003067
"648","ran648.hdr.45",-0.0024639
"648","ran648.hdr.46",-0.000392399999999999
"648","ran648.hdr.47",0.00010489
"648","ran648.hdr.48",-0.0000838999999999996
"648","ran648.hdr.49",-0.000431920000000001
"648","ran648.hdr.5",-0.0050893
"648","ran648.hdr.50",-0.0016606
"648","ran648.hdr.51",0.00000257936
"648","ran648.hdr.52",-0.0004598
"648","ran648.hdr.53",-0.00011945
"648","ran648.hdr.54",0.0000246199999999995
"648","ran648.hdr.55",-0.000787200000000002
"648","ran648.hdr.56",-0.0003833
"648","ran648.hdr.57",-0.00023275
"648","ran648.hdr.58",-0.000162300000000001
"648","ran648.hdr.59",-0.000137
"648","ran648.hdr.6",-0.0011336
"648","ran648.hdr.60",0.000107299999999999
"648","ran648.hdr.61",-0.001061
"648","ran648.hdr.62",0.000118699999999999
"648","ran648.hdr.63",-0.0011268
"648","ran648.hdr.64",-0.000278500000000001
"648","ran648.hdr.65",-0.0021629
"648","ran648.hdr.66",-0.000567400000000001
"648","ran648.hdr.67",0.000959069999999999
"648","ran648.hdr.68",-0.0000829000000000003
"648","ran648.hdr.69",-0.0003435
"648","ran648.hdr.7",-0.0043162
"648","ran648.hdr.70",-0.000681889999999999
"648","ran648.hdr.71",-0.0023429
"648","ran648.hdr.72",-0.000428600000000001
"648","ran648.hdr.73",-0.0014327
"648","ran648.hdr.74",0.00013301
"648","ran648.hdr.75",-0.000457200000000001
"648","ran648.hdr.76",-0.0016911
"648","ran648.hdr.77",-0.0014673
"648","ran648.hdr.78",-0.0004975
"648","ran648.hdr.8",-0.00013425
"648","ran648.hdr.9",-0.00046459
"649","ran649.hdr.1",-0.0003459
"649","ran649.hdr.10",-0.00093515
"649","ran649.hdr.11",-0.000223299999999999
"649","ran649.hdr.12",-0.00014609
"649","ran649.hdr.13",-0.000198540000000001
"649","ran649.hdr.14",0.0001972
"649","ran649.hdr.15",-0.000725689999999999
"649","ran649.hdr.16",-0.000988359999999999
"649","ran649.hdr.17",-0.0005968
"649","ran649.hdr.18",-0.000516000000000001
"649","ran649.hdr.19",-0.000864889999999999
"649","ran649.hdr.2",-0.0002678
"649","ran649.hdr.20",-0.0002775
"649","ran649.hdr.21",-0.000912500000000002
"649","ran649.hdr.22",0.00000329999999999948
"649","ran649.hdr.23",-0.000578999999999998
"649","ran649.hdr.24",-0.00032068
"649","ran649.hdr.25",-0.000385699999999999
"649","ran649.hdr.26",0.00000545000000000016
"649","ran649.hdr.27",0.00025468
"649","ran649.hdr.28",-0.00044142
"649","ran649.hdr.29",-0.0004084
"649","ran649.hdr.3",0.0000732000000000007
"649","ran649.hdr.30",-0.00033577
"649","ran649.hdr.31",-0.000875799999999999
"649","ran649.hdr.32",-0.0017763
"649","ran649.hdr.33",-0.0050666
"649","ran649.hdr.34",-0.0011573
"649","ran649.hdr.35",-0.000709920000000001
"649","ran649.hdr.36",-0.0011807
"649","ran649.hdr.37",-0.0010666
"649","ran649.hdr.38",-0.000382
"649","ran649.hdr.39",0.0000670599999999999
"649","ran649.hdr.4",0.0000220000000000012
"649","ran649.hdr.40",-0.000332000000000001
"649","ran649.hdr.41",0.00031298
"649","ran649.hdr.42",-0.0002614
"649","ran649.hdr.43",-0.0010636
"649","ran649.hdr.44",-0.000491499999999999
"649","ran649.hdr.45",-0.000773600000000003
"649","ran649.hdr.46",-0.0003823
"649","ran649.hdr.47",0.0001907
"649","ran649.hdr.48",-0.0098876
"649","ran649.hdr.49",-0.0010055
"649","ran649.hdr.5",-0.000609100000000001
"649","ran649.hdr.50",0.0000683999999999997
"649","ran649.hdr.51",-0.00047324
"649","ran649.hdr.52",0.000156099999999999
"649","ran649.hdr.53",-0.0000823899999999999
"649","ran649.hdr.54",-0.0023439
"649","ran649.hdr.55",-0.0046284
"649","ran649.hdr.56",-0.000381660000000001
"649","ran649.hdr.59",-0.0001829
"649","ran649.hdr.6",-0.000621999999999998
"649","ran649.hdr.60",-0.000247399999999998
"649","ran649.hdr.61",-0.0016226
"649","ran649.hdr.62",-0.0014307
"649","ran649.hdr.63",0.000052410000000001
"649","ran649.hdr.64",-0.000933400000000001
"649","ran649.hdr.65",-0.00015663
"649","ran649.hdr.66",-0.000794200000000002
"649","ran649.hdr.67",-0.0002389
"649","ran649.hdr.68",-0.0013312
"649","ran649.hdr.69",-0.000386900000000003
"649","ran649.hdr.7",-0.00120107
"649","ran649.hdr.70",0.000220900000000001
"649","ran649.hdr.71",-0.0001492
"649","ran649.hdr.72",-0.000579
"649","ran649.hdr.73",-0.000871300000000002
"649","ran649.hdr.74",-0.000126299999999999
"649","ran649.hdr.75",-0.002875
"649","ran649.hdr.76",-0.0013565
"649","ran649.hdr.77",-0.0015057
"649","ran649.hdr.78",0.0000916000000000007
"649","ran649.hdr.8",-0.000585499999999999
"649","ran649.hdr.9",-0.00014336
"650","ran650.hdr.1",-0.000486400000000001
"650","ran650.hdr.10",-0.000050249
"650","ran650.hdr.11",-0.000824500000000002
"650","ran650.hdr.12",0.0002006
"650","ran650.hdr.13",-0.00029445
"650","ran650.hdr.14",-0.00032312
"650","ran650.hdr.15",-0.0000712300000000003
"650","ran650.hdr.16",-0.000151500000000001
"650","ran650.hdr.17",-0.0000923199999999999
"650","ran650.hdr.18",-0.000352700000000001
"650","ran650.hdr.19",-0.000256040000000001
"650","ran650.hdr.2",-0.0000732900000000002
"650","ran650.hdr.20",-0.0001443
"650","ran650.hdr.21",-0.0004364
"650","ran650.hdr.22",-0.0000847999999999995
"650","ran650.hdr.23",0.000365939999999999
"650","ran650.hdr.24",-0.0000679999999999986
"650","ran650.hdr.25",NA
"650","ran650.hdr.26",-0.00084943
"650","ran650.hdr.27",-0.00044142
"650","ran650.hdr.28",-0.00081971
"650","ran650.hdr.29",0.0000383999999999992
"650","ran650.hdr.3",-0.0004119
"650","ran650.hdr.30",-0.000359799999999999
"650","ran650.hdr.31",-0.0008065
"650","ran650.hdr.32",-0.000777899999999998
"650","ran650.hdr.33",-0.0008652
"650","ran650.hdr.34",-0.0077298
"650","ran650.hdr.35",-0.0049962
"650","ran650.hdr.36",-0.0013244
"650","ran650.hdr.37",-0.000444799999999999
"650","ran650.hdr.38",-0.000630099999999998
"650","ran650.hdr.39",-0.0017292
"650","ran650.hdr.4",0.0002001
"650","ran650.hdr.40",-0.0006228
"650","ran650.hdr.41",-0.0001264
"650","ran650.hdr.42",-0.0017019
"650","ran650.hdr.43",-0.001261
"650","ran650.hdr.44",-0.0001607
"650","ran650.hdr.45",-0.000692699999999999
"650","ran650.hdr.46",-0.0041082
"650","ran650.hdr.47",-0.000917999999999999
"650","ran650.hdr.48",0.00066033
"650","ran650.hdr.49",0.0013582
"650","ran650.hdr.5",-0.0002675
"650","ran650.hdr.50",-0.00119342
"650","ran650.hdr.51",0.000012144
"650","ran650.hdr.52",-0.0046402
"650","ran650.hdr.53",0.0000010642
"650","ran650.hdr.54",-0.000421599999999999
"650","ran650.hdr.55",-0.000253400000000001
"650","ran650.hdr.56",-0.000578199999999999
"650","ran650.hdr.57",-0.000293069999999999
"650","ran650.hdr.59",0.000136550000000001
"650","ran650.hdr.6",-0.000184100000000001
"650","ran650.hdr.60",-0.00016504
"650","ran650.hdr.61",-0.00012652
"650","ran650.hdr.62",-0.0011885
"650","ran650.hdr.63",-0.0011376
"650","ran650.hdr.64",-0.0030293
"650","ran650.hdr.65",0.000625200000000001
"650","ran650.hdr.66",-0.0010621
"650","ran650.hdr.67",0.0003354
"650","ran650.hdr.68",-0.000331100000000001
"650","ran650.hdr.69",-0.000674876
"650","ran650.hdr.7",-0.00013959
"650","ran650.hdr.70",-0.0002646
"650","ran650.hdr.71",-0.0002389
"650","ran650.hdr.72",-0.0017699
"650","ran650.hdr.73",-0.000794900000000001
"650","ran650.hdr.74",-0.000348569999999999
"650","ran650.hdr.75",-0.000809499999999998
"650","ran650.hdr.76",-0.0023484
"650","ran650.hdr.77",-0.000676700000000002
"650","ran650.hdr.78",0.0000627000000000023
"650","ran650.hdr.8",-0.00025442
"650","ran650.hdr.9",-0.000979900000000001
"651","ran651.hdr.1",-0.00040682
"651","ran651.hdr.10",0.00000960000000000023
"651","ran651.hdr.11",-0.0000950400000000011
"651","ran651.hdr.12",-0.0005171
"651","ran651.hdr.13",-0.0010992
"651","ran651.hdr.14",-0.0032234
"651","ran651.hdr.15",-0.0010476
"651","ran651.hdr.16",-0.000732400000000001
"651","ran651.hdr.17",-0.0003277
"651","ran651.hdr.18",-0.000429799999999999
"651","ran651.hdr.19",0.00020485
"651","ran651.hdr.2",-0.0004119
"651","ran651.hdr.20",0.000227499999999999
"651","ran651.hdr.21",-0.00038817
"651","ran651.hdr.22",0.000281300000000002
"651","ran651.hdr.23",-0.0012418
"651","ran651.hdr.24",0.000035033
"651","ran651.hdr.25",0.0006037
"651","ran651.hdr.26",-0.0044356
"651","ran651.hdr.27",-0.0001799
"651","ran651.hdr.28",-0.0012202
"651","ran651.hdr.29",0.000049999999999998
"651","ran651.hdr.3",0.0000256000000000006
"651","ran651.hdr.30",-0.0005073
"651","ran651.hdr.31",-0.0005269
"651","ran651.hdr.32",-0.00048092
"651","ran651.hdr.33",-0.000266000000000002
"651","ran651.hdr.34",-0.0012154
"651","ran651.hdr.35",-0.000737000000000002
"651","ran651.hdr.36",-0.0010202
"651","ran651.hdr.37",-0.0041082
"651","ran651.hdr.38",-0.000258099999999999
"651","ran651.hdr.39",-0.0022371
"651","ran651.hdr.4",-0.00018325
"651","ran651.hdr.40",0.0000683999999999997
"651","ran651.hdr.41",-0.000924000000000001
"651","ran651.hdr.42",-0.0000856099999999999
"651","ran651.hdr.43",-0.0000673000000000028
"651","ran651.hdr.44",-0.0007677
"651","ran651.hdr.45",-0.0127222
"651","ran651.hdr.46",-0.000643990000000001
"651","ran651.hdr.47",-0.0005042
"651","ran651.hdr.48",0.0000692499999999999
"651","ran651.hdr.49",-0.00013051
"651","ran651.hdr.5",-0.000128
"651","ran651.hdr.50",-0.000381660000000001
"651","ran651.hdr.51",-0.00048754
"651","ran651.hdr.52",-0.000796399999999999
"651","ran651.hdr.53",-0.000697900000000001
"651","ran651.hdr.54",-0.00000449999999999995
"651","ran651.hdr.55",-0.000787200000000002
"651","ran651.hdr.56",-0.000137030000000001
"651","ran651.hdr.57",-0.0003362
"651","ran651.hdr.58",-0.000999000000000003
"651","ran651.hdr.59",-0.0018888
"651","ran651.hdr.6",-0.0023044
"651","ran651.hdr.60",-0.011466
"651","ran651.hdr.61",-0.00194603
"651","ran651.hdr.62",0.0000854000000000028
"651","ran651.hdr.63",-0.0007712
"651","ran651.hdr.64",-0.000409900000000001
"651","ran651.hdr.65",-0.00012416
"651","ran651.hdr.66",-0.0005631
"651","ran651.hdr.67",-0.000461900000000001
"651","ran651.hdr.68",-0.0015712
"651","ran651.hdr.69",-0.0001911
"651","ran651.hdr.7",-0.00154022
"651","ran651.hdr.70",-0.0000835999999999996
"651","ran651.hdr.71",0.00013489
"651","ran651.hdr.72",-0.000559999999999998
"651","ran651.hdr.73",-0.0005561
"651","ran651.hdr.74",-0.003339
"651","ran651.hdr.75",-0.000471699999999999
"651","ran651.hdr.76",-0.0005535
"651","ran651.hdr.77",-0.00096858
"651","ran651.hdr.78",-0.0004975
"651","ran651.hdr.8",-0.000549999999999998
"651","ran651.hdr.9",-0.00053636
"652","ran652.hdr.1",-0.00019184
"652","ran652.hdr.10",-0.0000232874
"652","ran652.hdr.11",-0.000539240000000002
"652","ran652.hdr.12",-0.000399699999999999
"652","ran652.hdr.13",-0.0001248
"652","ran652.hdr.14",-0.000864889999999999
"652","ran652.hdr.15",-0.00035301
"652","ran652.hdr.16",-0.0005983
"652","ran652.hdr.17",-0.000847199999999999
"652","ran652.hdr.18",-0.00186
"652","ran652.hdr.19",-0.000288400000000001
"652","ran652.hdr.2",-0.0015948
"652","ran652.hdr.20",-0.0005906
"652","ran652.hdr.21",0.000476809999999999
"652","ran652.hdr.22",0.0000487999999999999
"652","ran652.hdr.23",-0.0006335
"652","ran652.hdr.24",-0.00018774
"652","ran652.hdr.25",-0.00130484
"652","ran652.hdr.26",-0.000359799999999999
"652","ran652.hdr.27",-0.0001782
"652","ran652.hdr.28",-0.0017024
"652","ran652.hdr.29",-0.000730600000000001
"652","ran652.hdr.3",-0.000184100000000001
"652","ran652.hdr.30",-0.0000392999999999991
"652","ran652.hdr.31",-0.0009803
"652","ran652.hdr.32",-0.000344299999999999
"652","ran652.hdr.33",-0.0000486999999999987
"652","ran652.hdr.34",-0.00073436
"652","ran652.hdr.35",-0.000435399999999999
"652","ran652.hdr.36",-0.0002094
"652","ran652.hdr.37",0.000262999999999999
"652","ran652.hdr.38",-0.0011836
"652","ran652.hdr.39",0.0000583000000000007
"652","ran652.hdr.4",-0.00059801
"652","ran652.hdr.40",-0.0007551
"652","ran652.hdr.41",-0.000216600000000001
"652","ran652.hdr.42",-0.000982500000000001
"652","ran652.hdr.43",0.00066033
"652","ran652.hdr.44",-0.0022371
"652","ran652.hdr.45",0.000446699999999998
"652","ran652.hdr.46",-0.000336299999999999
"652","ran652.hdr.47",-0.0005222
"652","ran652.hdr.48",-0.000129839
"652","ran652.hdr.49",-0.0012793
"652","ran652.hdr.5",-0.002932
"652","ran652.hdr.50",-0.0000584000000000001
"652","ran652.hdr.51",0.000060580000000001
"652","ran652.hdr.52",-0.000586400000000001
"652","ran652.hdr.53",-0.00048754
"652","ran652.hdr.54",-0.0002419
"652","ran652.hdr.55",-0.000102700000000001
"652","ran652.hdr.56",-0.00095777
"652","ran652.hdr.57",-0.000455400000000002
"652","ran652.hdr.58",0.000502859999999999
"652","ran652.hdr.59",-0.0001288
"652","ran652.hdr.6",-0.005866
"652","ran652.hdr.60",0.0001565
"652","ran652.hdr.61",0.0000194084
"652","ran652.hdr.62",-0.0015694
"652","ran652.hdr.63",-0.000792399999999999
"652","ran652.hdr.64",-0.000164200000000001
"652","ran652.hdr.65",-0.0013204
"652","ran652.hdr.66",-0.0005187
"652","ran652.hdr.67",0.000450900000000001
"652","ran652.hdr.68",-0.0046587
"652","ran652.hdr.69",-0.0011679
"652","ran652.hdr.7",0.0000674299999999994
"652","ran652.hdr.70",0.00022582
"652","ran652.hdr.71",0.00024885
"652","ran652.hdr.72",-0.0053353
"652","ran652.hdr.73",-0.000535300000000002
"652","ran652.hdr.74",-0.0000447299999999998
"652","ran652.hdr.75",-0.0015597
"652","ran652.hdr.76",-0.0008091
"652","ran652.hdr.77",-0.0010028
"652","ran652.hdr.78",-0.0005872
"652","ran652.hdr.8",-0.00023812
"652","ran652.hdr.9",-0.000681099999999999
"653","ran653.hdr.1",-0.00364684
"653","ran653.hdr.10",0.00011099
"653","ran653.hdr.11",-0.0000787700000000001
"653","ran653.hdr.12",-0.000681099999999999
"653","ran653.hdr.13",-0.0003821
"653","ran653.hdr.14",-0.00154022
"653","ran653.hdr.15",-0.000401799999999999
"653","ran653.hdr.16",-0.000808199999999999
"653","ran653.hdr.17",-0.00000392000000000014
"653","ran653.hdr.18",-0.00026025
"653","ran653.hdr.19",-0.0002249
"653","ran653.hdr.2",-0.000290820000000001
"653","ran653.hdr.20",-0.0011179
"653","ran653.hdr.21",-0.0017674
"653","ran653.hdr.22",-0.0000169600000000003
"653","ran653.hdr.23",-0.0009639
"653","ran653.hdr.24",-0.000369699999999999
"653","ran653.hdr.25",-0.0016862
"653","ran653.hdr.26",-0.0001654
"653","ran653.hdr.27",-0.0006
"653","ran653.hdr.28",0.000345999999999999
"653","ran653.hdr.29",-0.0001559
"653","ran653.hdr.3",-0.0002252
"653","ran653.hdr.30",-0.00026379
"653","ran653.hdr.31",-0.000383960000000001
"653","ran653.hdr.32",-0.00031339
"653","ran653.hdr.33",-0.000453249999999999
"653","ran653.hdr.34",-0.000177119999999999
"653","ran653.hdr.35",0.000119000000000001
"653","ran653.hdr.36",-0.0014904
"653","ran653.hdr.37",-0.0029827
"653","ran653.hdr.38",-0.0000805300000000005
"653","ran653.hdr.39",-0.0013637
"653","ran653.hdr.4",-0.0017379
"653","ran653.hdr.40",-0.0004601
"653","ran653.hdr.41",-0.0009332
"653","ran653.hdr.42",0.000353099999999999
"653","ran653.hdr.43",-0.000468900000000001
"653","ran653.hdr.44",-0.000803359999999999
"653","ran653.hdr.45",-0.000332000000000001
"653","ran653.hdr.46",-0.000620599999999999
"653","ran653.hdr.47",-0.000214700000000002
"653","ran653.hdr.48",-0.000491499999999999
"653","ran653.hdr.49",-0.000202600000000001
"653","ran653.hdr.5",-0.0032486
"653","ran653.hdr.50",0.0004075
"653","ran653.hdr.51",-0.00017526
"653","ran653.hdr.52",-0.00112666
"653","ran653.hdr.53",0.000530699999999999
"653","ran653.hdr.54",-0.000752999999999998
"653","ran653.hdr.55",-0.0022656
"653","ran653.hdr.56",-0.000246700000000001
"653","ran653.hdr.57",-0.000180100000000001
"653","ran653.hdr.58",-0.002475
"653","ran653.hdr.59",0.0000326900000000001
"653","ran653.hdr.6",-0.0061766
"653","ran653.hdr.60",-0.000395
"653","ran653.hdr.61",-0.00022893
"653","ran653.hdr.62",-0.0020265
"653","ran653.hdr.63",-0.0015112
"653","ran653.hdr.64",-0.0038969
"653","ran653.hdr.65",-0.0003134
"653","ran653.hdr.66",-0.000959399999999999
"653","ran653.hdr.67",-0.000404369999999999
"653","ran653.hdr.68",0.0000584999999999995
"653","ran653.hdr.69",0.0001478
"653","ran653.hdr.7",-0.0030274
"653","ran653.hdr.70",-0.000256870000000001
"653","ran653.hdr.71",-0.0012677
"653","ran653.hdr.72",-0.000201800000000002
"653","ran653.hdr.73",-0.0011988
"653","ran653.hdr.74",-0.0012116
"653","ran653.hdr.75",-0.000682200000000001
"653","ran653.hdr.76",-0.0023484
"653","ran653.hdr.77",-0.0013547
"653","ran653.hdr.78",-0.0010139
"653","ran653.hdr.8",-0.000585499999999999
"653","ran653.hdr.9",-0.001546
"654","ran654.hdr.1",0.000177399999999999
"654","ran654.hdr.10",-0.00026376
"654","ran654.hdr.11",0.0001478
"654","ran654.hdr.12",-0.0002947
"654","ran654.hdr.13",-0.000651099999999998
"654","ran654.hdr.14",-0.0011619
"654","ran654.hdr.15",0.000380700000000001
"654","ran654.hdr.16",-0.000533099999999998
"654","ran654.hdr.17",0.0000671000000000005
"654","ran654.hdr.18",-0.000256040000000001
"654","ran654.hdr.19",-0.000518899999999999
"654","ran654.hdr.2",0.00000589999999999966
"654","ran654.hdr.20",-0.0007817
"654","ran654.hdr.21",-0.000327499999999998
"654","ran654.hdr.22",-0.0013931
"654","ran654.hdr.23",-0.00029545
"654","ran654.hdr.24",-0.001167
"654","ran654.hdr.25",-0.00009449
"654","ran654.hdr.26",-0.00013319
"654","ran654.hdr.27",0.0000498999999999999
"654","ran654.hdr.28",-0.000297
"654","ran654.hdr.29",-0.00000790000000000166
"654","ran654.hdr.3",-0.000653600000000001
"654","ran654.hdr.30",-0.0028198
"654","ran654.hdr.31",-0.0000146999999999994
"654","ran654.hdr.32",-0.0017371
"654","ran654.hdr.33",-0.000382
"654","ran654.hdr.34",-0.000613500000000001
"654","ran654.hdr.35",-0.00015038
"654","ran654.hdr.36",-0.000332000000000001
"654","ran654.hdr.37",-0.0015552
"654","ran654.hdr.38",-0.002021
"654","ran654.hdr.39",-0.000543500000000001
"654","ran654.hdr.4",-0.000128
"654","ran654.hdr.40",-0.0001811
"654","ran654.hdr.41",0.0002524
"654","ran654.hdr.42",0.0000248600000000015
"654","ran654.hdr.43",-0.000940400000000001
"654","ran654.hdr.44",-0.0005872
"654","ran654.hdr.45",-0.0002696
"654","ran654.hdr.46",0.000118134
"654","ran654.hdr.47",0.00034466
"654","ran654.hdr.48",-0.000584899999999999
"654","ran654.hdr.49",-0.0010636
"654","ran654.hdr.5",-0.000675400000000003
"654","ran654.hdr.50",-0.0034143
"654","ran654.hdr.51",-0.0005042
"654","ran654.hdr.52",0.0000521000000000002
"654","ran654.hdr.53",-0.000245800000000001
"654","ran654.hdr.54",-0.0046284
"654","ran654.hdr.55",-0.00048754
"654","ran654.hdr.56",-0.000313299999999999
"654","ran654.hdr.57",-0.001074
"654","ran654.hdr.58",-0.0000586999999999983
"654","ran654.hdr.59",0.000111999999999999
"654","ran654.hdr.6",-0.00137783
"654","ran654.hdr.60",-0.000849699999999998
"654","ran654.hdr.61",-0.000268600000000001
"654","ran654.hdr.62",-0.00039517
"654","ran654.hdr.63",-0.000746799999999999
"654","ran654.hdr.64",0.0007899
"654","ran654.hdr.65",-0.0015961
"654","ran654.hdr.66",-0.000420499999999999
"654","ran654.hdr.67",-0.0028671
"654","ran654.hdr.68",-0.0010327
"654","ran654.hdr.69",-0.0000736999999999995
"654","ran654.hdr.7",-0.0002415
"654","ran654.hdr.70",0.000459899999999999
"654","ran654.hdr.71",-0.0043812
"654","ran654.hdr.72",-0.0010098
"654","ran654.hdr.73",-0.0008768
"654","ran654.hdr.74",-0.000386900000000003
"654","ran654.hdr.75",-0.0013232
"654","ran654.hdr.76",0.0002302
"654","ran654.hdr.77",-0.000413
"654","ran654.hdr.78",-0.0064447
"654","ran654.hdr.8",0.00000845800000000001
"654","ran654.hdr.9",-0.0001755
"655","ran655.hdr.1",-0.0011152
"655","ran655.hdr.10",-0.0005302
"655","ran655.hdr.11",-0.0009067
"655","ran655.hdr.12",-0.0004828
"655","ran655.hdr.13",-0.00042711
"655","ran655.hdr.14",-0.0002828
"655","ran655.hdr.15",-0.0000475000000000007
"655","ran655.hdr.16",-0.000954400000000001
"655","ran655.hdr.17",0.000213188
"655","ran655.hdr.18",0.000166899999999999
"655","ran655.hdr.19",-0.00010295
"655","ran655.hdr.2",0.000383700000000001
"655","ran655.hdr.20",-0.00034688
"655","ran655.hdr.21",-0.0010439
"655","ran655.hdr.22",-0.0001083
"655","ran655.hdr.23",-0.000977599999999999
"655","ran655.hdr.24",-0.0000462999999999991
"655","ran655.hdr.25",-0.0016792
"655","ran655.hdr.26",-0.000230500000000002
"655","ran655.hdr.27",-0.000288400000000001
"655","ran655.hdr.28",-0.000846699999999999
"655","ran655.hdr.29",-0.0004364
"655","ran655.hdr.3",0.000455900000000002
"655","ran655.hdr.30",-0.000747600000000001
"655","ran655.hdr.31",-0.0002915
"655","ran655.hdr.32",-0.00107892
"655","ran655.hdr.33",-0.000243760000000001
"655","ran655.hdr.34",0.0000383999999999992
"655","ran655.hdr.35",-0.002134
"655","ran655.hdr.36",-0.0014853
"655","ran655.hdr.37",-0.0017024
"655","ran655.hdr.38",0.00000750000000000056
"655","ran655.hdr.39",-0.0010024
"655","ran655.hdr.4",-0.000160850000000001
"655","ran655.hdr.40",-0.0004002
"655","ran655.hdr.41",-0.0000423999999999997
"655","ran655.hdr.42",-0.000617899999999998
"655","ran655.hdr.43",-0.000574999999999999
"655","ran655.hdr.44",0.000357900000000001
"655","ran655.hdr.45",-0.00209034
"655","ran655.hdr.46",-0.0007551
"655","ran655.hdr.47",0.000351199999999999
"655","ran655.hdr.48",0.0002582
"655","ran655.hdr.49",-0.0015836
"655","ran655.hdr.5",-0.0054872
"655","ran655.hdr.50",-0.00074314
"655","ran655.hdr.51",-0.0010527
"655","ran655.hdr.52",-0.0112283
"655","ran655.hdr.53",-0.00384145
"655","ran655.hdr.54",0.00014666
"655","ran655.hdr.55",-0.00022462
"655","ran655.hdr.56",-0.00022893
"655","ran655.hdr.6",0.00010741
"655","ran655.hdr.60",-0.000753399999999998
"655","ran655.hdr.61",-0.00017091
"655","ran655.hdr.62",-0.000296940000000001
"655","ran655.hdr.63",0.0011488
"655","ran655.hdr.64",-0.0006961
"655","ran655.hdr.65",-0.000738799999999998
"655","ran655.hdr.66",-0.0016847
"655","ran655.hdr.67",-0.000356599999999999
"655","ran655.hdr.68",-0.000345399999999999
"655","ran655.hdr.69",-0.000698500000000001
"655","ran655.hdr.7",-0.0061766
"655","ran655.hdr.70",-0.0006002
"655","ran655.hdr.71",-0.000369599999999999
"655","ran655.hdr.72",-0.0011097
"655","ran655.hdr.73",-0.000239000000000003
"655","ran655.hdr.74",-0.000167199999999999
"655","ran655.hdr.75",-0.00050556
"655","ran655.hdr.76",-0.0012143
"655","ran655.hdr.77",-0.0010028
"655","ran655.hdr.78",-0.00012937
"655","ran655.hdr.8",-0.0041351
"655","ran655.hdr.9",-0.0051698
"656","ran656.hdr.1",-0.000740699999999999
"656","ran656.hdr.10",-0.0051698
"656","ran656.hdr.11",-0.000154600000000001
"656","ran656.hdr.12",-0.000585499999999999
"656","ran656.hdr.13",-0.0000446999999999999
"656","ran656.hdr.14",-0.0003821
"656","ran656.hdr.15",-0.000183900000000001
"656","ran656.hdr.16",-0.0013661
"656","ran656.hdr.17",-0.0001174
"656","ran656.hdr.18",-0.0006719
"656","ran656.hdr.19",-0.000516000000000001
"656","ran656.hdr.2",-0.0054532
"656","ran656.hdr.20",-0.0017649
"656","ran656.hdr.21",-0.0001364
"656","ran656.hdr.22",-0.0012188
"656","ran656.hdr.23",-0.0017674
"656","ran656.hdr.24",-0.000710000000000002
"656","ran656.hdr.25",-0.000977599999999999
"656","ran656.hdr.26",-0.0011003
"656","ran656.hdr.27",0.000588000000000002
"656","ran656.hdr.28",-0.0005666
"656","ran656.hdr.29",-0.000473700000000001
"656","ran656.hdr.3",-0.000617699999999999
"656","ran656.hdr.30",-0.0007861
"656","ran656.hdr.31",0.000147099999999999
"656","ran656.hdr.32",-0.000582599999999999
"656","ran656.hdr.33",-0.000576
"656","ran656.hdr.34",-0.00035699
"656","ran656.hdr.35",-0.00020851
"656","ran656.hdr.36",-0.000714700000000002
"656","ran656.hdr.37",0.00008529
"656","ran656.hdr.38",-0.000143009999999999
"656","ran656.hdr.39",0.0000461000000000003
"656","ran656.hdr.4",0.0000743100000000002
"656","ran656.hdr.40",-0.00029141
"656","ran656.hdr.41",-0.000757799999999999
"656","ran656.hdr.42",-0.0000657999999999995
"656","ran656.hdr.43",-0.000480400000000001
"656","ran656.hdr.44",0.000173
"656","ran656.hdr.45",-0.000214700000000002
"656","ran656.hdr.46",-0.000429500000000003
"656","ran656.hdr.47",-0.0008214
"656","ran656.hdr.48",-0.000207300000000001
"656","ran656.hdr.49",0.000150899999999999
"656","ran656.hdr.5",-0.0017379
"656","ran656.hdr.50",-0.0033085
"656","ran656.hdr.51",0.000353300000000001
"656","ran656.hdr.52",-0.000452599999999999
"656","ran656.hdr.53",-0.0012135
"656","ran656.hdr.54",-0.02102894
"656","ran656.hdr.55",0.000696200000000001
"656","ran656.hdr.56",0.000108
"656","ran656.hdr.57",-0.0000482099999999999
"656","ran656.hdr.58",-0.00031891
"656","ran656.hdr.59",-0.0010723
"656","ran656.hdr.6",-0.005219
"656","ran656.hdr.60",-0.0010313
"656","ran656.hdr.61",-0.00017852
"656","ran656.hdr.62",-0.0000596800000000012
"656","ran656.hdr.63",-0.00016504
"656","ran656.hdr.64",-0.0003339
"656","ran656.hdr.65",-0.0004244
"656","ran656.hdr.66",-0.000268299999999999
"656","ran656.hdr.67",-0.000719200000000001
"656","ran656.hdr.68",-0.0093999
"656","ran656.hdr.69",-0.0000438000000000001
"656","ran656.hdr.7",-0.00204977
"656","ran656.hdr.70",-0.0006961
"656","ran656.hdr.71",-0.000727199999999997
"656","ran656.hdr.72",-0.000334099999999999
"656","ran656.hdr.73",-0.000323500000000001
"656","ran656.hdr.74",-0.0007443
"656","ran656.hdr.75",-0.000890599999999998
"656","ran656.hdr.76",-0.000871300000000002
"656","ran656.hdr.77",-0.0022821
"656","ran656.hdr.78",-0.0015052
"656","ran656.hdr.8",-0.0021665
"656","ran656.hdr.9",-0.0044797
"657","ran657.hdr.1",-0.0014426
"657","ran657.hdr.10",-0.00017451
"657","ran657.hdr.11",-0.0000692999999999996
"657","ran657.hdr.12",-0.0002961
"657","ran657.hdr.13",-0.000629900000000001
"657","ran657.hdr.14",-0.0011619
"657","ran657.hdr.15",-0.001862
"657","ran657.hdr.16",-0.0008757
"657","ran657.hdr.17",-0.0013895
"657","ran657.hdr.18",-0.000243729999999999
"657","ran657.hdr.19",-0.0000960500000000003
"657","ran657.hdr.2",-0.000201799999999999
"657","ran657.hdr.20",-0.0010873
"657","ran657.hdr.21",0.00000140000000000036
"657","ran657.hdr.22",0.00018248
"657","ran657.hdr.23",-0.0005678
"657","ran657.hdr.24",-0.0006335
"657","ran657.hdr.25",-0.0001311
"657","ran657.hdr.26",-0.000258899999999999
"657","ran657.hdr.27",-0.00035023
"657","ran657.hdr.28",0.0002477
"657","ran657.hdr.29",0.000361699999999998
"657","ran657.hdr.3",-0.0027813
"657","ran657.hdr.30",-0.000359199999999999
"657","ran657.hdr.31",-0.000300699999999999
"657","ran657.hdr.32",-0.000830900000000002
"657","ran657.hdr.33",-0.00510713
"657","ran657.hdr.34",-0.000883700000000001
"657","ran657.hdr.35",-0.00023093
"657","ran657.hdr.36",-0.00016097
"657","ran657.hdr.37",0.0000366999999999989
"657","ran657.hdr.38",-0.00015038
"657","ran657.hdr.39",-0.000583
"657","ran657.hdr.4",-0.000077743
"657","ran657.hdr.40",-0.00015098
"657","ran657.hdr.41",-0.0005632
"657","ran657.hdr.42",0.0000553400000000001
"657","ran657.hdr.43",-0.000773600000000003
"657","ran657.hdr.44",-0.0014927
"657","ran657.hdr.45",-0.000259000000000002
"657","ran657.hdr.46",-0.000569999999999999
"657","ran657.hdr.47",-0.0002267
"657","ran657.hdr.48",0.0000200999999999986
"657","ran657.hdr.49",-0.000080199999999999
"657","ran657.hdr.5",-0.0041174
"657","ran657.hdr.50",-0.0010009
"657","ran657.hdr.51",0.000113700000000001
"657","ran657.hdr.52",0.00073105
"657","ran657.hdr.53",-0.000280989999999999
"657","ran657.hdr.54",0.00045514
"657","ran657.hdr.55",-0.000299799999999999
"657","ran657.hdr.56",-0.0010598
"657","ran657.hdr.57",-0.0013068
"657","ran657.hdr.58",-0.00030034
"657","ran657.hdr.59",-0.000175950000000001
"657","ran657.hdr.6",-0.00013425
"657","ran657.hdr.60",-0.00073805
"657","ran657.hdr.61",-0.00003125
"657","ran657.hdr.62",NA
"657","ran657.hdr.63",-0.000253400000000001
"657","ran657.hdr.64",-0.000448199999999999
"657","ran657.hdr.65",-0.00095777
"657","ran657.hdr.66",-0.000513100000000002
"657","ran657.hdr.67",-0.0003826
"657","ran657.hdr.68",-0.0013065
"657","ran657.hdr.69",0.000190600000000003
"657","ran657.hdr.7",-0.0000648300000000001
"657","ran657.hdr.70",-0.0014307
"657","ran657.hdr.71",-0.000170999999999999
"657","ran657.hdr.72",-0.0007443
"657","ran657.hdr.73",-0.00086876
"657","ran657.hdr.74",-0.000443599999999999
"657","ran657.hdr.75",-0.0046933
"657","ran657.hdr.76",-0.0012143
"657","ran657.hdr.77",-0.000547499999999999
"657","ran657.hdr.78",-0.000776900000000001
"657","ran657.hdr.8",-0.000419360000000001
"657","ran657.hdr.9",-0.000414400000000001
"658","ran658.hdr.1",0.000329000000000003
"658","ran658.hdr.10",0.0002302
"658","ran658.hdr.11",-0.000385
"658","ran658.hdr.12",-0.000262800000000001
"658","ran658.hdr.13",-0.0010992
"658","ran658.hdr.14",-0.000184699999999999
"658","ran658.hdr.15",-0.0006205
"658","ran658.hdr.16",-0.0017312
"658","ran658.hdr.17",-0.00086432
"658","ran658.hdr.18",-0.0008182
"658","ran658.hdr.19",-0.0005666
"658","ran658.hdr.2",0.0003899
"658","ran658.hdr.20",0.000162000000000001
"658","ran658.hdr.21",-0.00043048
"658","ran658.hdr.22",-0.0000858199999999995
"658","ran658.hdr.23",-0.00130484
"658","ran658.hdr.24",-0.0001338
"658","ran658.hdr.25",-0.000341280000000001
"658","ran658.hdr.26",-0.000191240000000001
"658","ran658.hdr.27",-0.000292799999999999
"658","ran658.hdr.28",-0.00038817
"658","ran658.hdr.29",-0.000175300000000001
"658","ran658.hdr.3",0.000192080000000001
"658","ran658.hdr.30",-0.000712399999999998
"658","ran658.hdr.31",-0.0051598
"658","ran658.hdr.32",-0.000355399999999999
"658","ran658.hdr.33",-0.00073436
"658","ran658.hdr.34",-0.0018523
"658","ran658.hdr.35",-0.000757799999999999
"658","ran658.hdr.36",-0.00025217
"658","ran658.hdr.37",-0.000623100000000001
"658","ran658.hdr.38",-0.0012739
"658","ran658.hdr.39",-0.0010497
"658","ran658.hdr.4",NA
"658","ran658.hdr.40",-0.0000146
"658","ran658.hdr.41",-0.000041639999999999
"658","ran658.hdr.42",-0.001261
"658","ran658.hdr.43",-0.00129293
"658","ran658.hdr.44",-0.0004539
"658","ran658.hdr.45",-0.0033085
"658","ran658.hdr.46",-0.0021068
"658","ran658.hdr.47",-0.0000371
"658","ran658.hdr.48",-0.0030547
"658","ran658.hdr.49",-0.0072374
"658","ran658.hdr.5",-0.000229759999999999
"658","ran658.hdr.50",-0.0168073
"658","ran658.hdr.51",-0.000366499999999999
"658","ran658.hdr.52",-0.0013645
"658","ran658.hdr.53",-0.000932299999999999
"658","ran658.hdr.54",-0.00016505
"658","ran658.hdr.55",-0.0010297
"658","ran658.hdr.57",-0.0005941
"658","ran658.hdr.58",-0.000150500000000001
"658","ran658.hdr.59",-0.000706399999999999
"658","ran658.hdr.6",0.000230070000000001
"658","ran658.hdr.60",-0.000737700000000001
"658","ran658.hdr.61",-0.01281643
"658","ran658.hdr.62",-0.0001548
"658","ran658.hdr.63",0.000265019999999999
"658","ran658.hdr.64",-0.0009955
"658","ran658.hdr.65",-0.0007712
"658","ran658.hdr.66",0.0001323
"658","ran658.hdr.67",0.000401200000000001
"658","ran658.hdr.68",-0.0011581
"658","ran658.hdr.69",-0.001085
"658","ran658.hdr.7",0.0000801700000000001
"658","ran658.hdr.70",-0.0001367
"658","ran658.hdr.71",-0.00059999
"658","ran658.hdr.72",-0.0003088
"658","ran658.hdr.73",0.000132810000000001
"658","ran658.hdr.74",0.000197199999999998
"658","ran658.hdr.75",-0.000102635
"658","ran658.hdr.76",-0.00089669
"658","ran658.hdr.77",-0.000748700000000001
"658","ran658.hdr.78",-0.000802599999999999
"658","ran658.hdr.8",-0.000414400000000001
"658","ran658.hdr.9",-0.00038553
"659","ran659.hdr.1",0.000412699999999998
"659","ran659.hdr.10",-0.000348220000000002
"659","ran659.hdr.11",-0.000911199999999997
"659","ran659.hdr.12",-0.000350699999999999
"659","ran659.hdr.13",-0.0005983
"659","ran659.hdr.14",-0.0039813
"659","ran659.hdr.15",-0.000416699999999999
"659","ran659.hdr.16",0.00018949
"659","ran659.hdr.17",-0.00000579400000000005
"659","ran659.hdr.18",0.000501290000000001
"659","ran659.hdr.19",0.000159899999999999
"659","ran659.hdr.2",-0.0001004
"659","ran659.hdr.20",-0.000397000000000002
"659","ran659.hdr.21",-0.0023372
"659","ran659.hdr.22",-0.000709920000000001
"659","ran659.hdr.23",-0.0010452
"659","ran659.hdr.24",-0.0014502
"659","ran659.hdr.25",0.0004151
"659","ran659.hdr.26",-0.00045297
"659","ran659.hdr.27",-0.000390949999999999
"659","ran659.hdr.28",-0.0003076
"659","ran659.hdr.29",-0.00056584
"659","ran659.hdr.3",-0.0000253999999999983
"659","ran659.hdr.30",-0.0037192
"659","ran659.hdr.31",-0.0016634
"659","ran659.hdr.32",-0.000302500000000001
"659","ran659.hdr.33",-0.0016596
"659","ran659.hdr.34",-0.0030844
"659","ran659.hdr.35",-0.00017032
"659","ran659.hdr.36",0.000345
"659","ran659.hdr.37",-0.00008964
"659","ran659.hdr.38",-0.0015804
"659","ran659.hdr.39",-0.0115458
"659","ran659.hdr.4",-0.0041514
"659","ran659.hdr.40",-0.000640600000000002
"659","ran659.hdr.41",-0.000248099999999999
"659","ran659.hdr.42",-0.0004577
"659","ran659.hdr.43",-0.00018122
"659","ran659.hdr.44",0.0000982199999999996
"659","ran659.hdr.45",-0.000118309
"659","ran659.hdr.46",-0.0003331
"659","ran659.hdr.47",-0.00000773000000000006
"659","ran659.hdr.49",-0.000064100000000001
"659","ran659.hdr.5",-0.0034598
"659","ran659.hdr.50",-0.00023275
"659","ran659.hdr.51",-0.001153
"659","ran659.hdr.52",-0.0020934
"659","ran659.hdr.53",-0.000152700000000002
"659","ran659.hdr.54",0.00082023
"659","ran659.hdr.55",0.0001554
"659","ran659.hdr.56",-0.000420900000000002
"659","ran659.hdr.57",-0.0014307
"659","ran659.hdr.58",-0.000334099999999999
"659","ran659.hdr.59",-0.0016152
"659","ran659.hdr.6",-0.0009067
"659","ran659.hdr.60",-0.0005187
"659","ran659.hdr.61",-0.0046587
"659","ran659.hdr.62",-0.0008821
"659","ran659.hdr.63",-0.000345399999999999
"659","ran659.hdr.64",-0.000121900000000001
"659","ran659.hdr.65",0.000666999999999999
"659","ran659.hdr.66",-0.000369599999999999
"659","ran659.hdr.67",-0.000639000000000001
"659","ran659.hdr.68",-0.000333699999999999
"659","ran659.hdr.69",-0.0002559
"659","ran659.hdr.7",-0.000721199999999998
"659","ran659.hdr.70",-0.0012012
"659","ran659.hdr.71",-0.000175900000000001
"659","ran659.hdr.72",-0.000297700000000001
"659","ran659.hdr.73",-0.000535300000000002
"659","ran659.hdr.74",-0.0000953799999999999
"659","ran659.hdr.75",-0.0020513
"659","ran659.hdr.76",-0.000548699999999999
"659","ran659.hdr.77",-0.001318
"659","ran659.hdr.78",0.0000916000000000007
"659","ran659.hdr.8",-0.000434459999999999
"659","ran659.hdr.9",-0.000119060000000001
"660","ran660.hdr.1",-0.0014785
"660","ran660.hdr.10",-0.0000013393
"660","ran660.hdr.11",-0.0003821
"660","ran660.hdr.12",-0.0004092
"660","ran660.hdr.13",0.0000509400000000002
"660","ran660.hdr.14",-0.0000582479999999999
"660","ran660.hdr.15",0.000000899999999999859
"660","ran660.hdr.16",-0.000385
"660","ran660.hdr.17",-0.000911199999999997
"660","ran660.hdr.18",-0.000657
"660","ran660.hdr.19",-0.00035301
"660","ran660.hdr.2",0.0000848999999999989
"660","ran660.hdr.20",-0.000130699999999999
"660","ran660.hdr.21",-0.0016942
"660","ran660.hdr.22",0.00001738
"660","ran660.hdr.23",-0.0011619
"660","ran660.hdr.24",-0.000389500000000001
"660","ran660.hdr.25",-0.0010173
"660","ran660.hdr.26",-0.00032068
"660","ran660.hdr.27",-0.000810099999999998
"660","ran660.hdr.28",0.0000328100000000012
"660","ran660.hdr.29",-0.000163968
"660","ran660.hdr.3",-0.002469
"660","ran660.hdr.30",0.0000192000000000005
"660","ran660.hdr.31",-0.000582599999999999
"660","ran660.hdr.32",-0.0005678
"660","ran660.hdr.33",-0.00084943
"660","ran660.hdr.34",-0.00024082
"660","ran660.hdr.35",-0.000347699999999999
"660","ran660.hdr.36",-0.0051598
"660","ran660.hdr.37",-0.00620406
"660","ran660.hdr.38",-0.000757799999999999
"660","ran660.hdr.39",0.0001042
"660","ran660.hdr.4",0.0000146
"660","ran660.hdr.40",-0.0002538
"660","ran660.hdr.41",0.000208709999999999
"660","ran660.hdr.42",-0.0015247
"660","ran660.hdr.43",-0.0022477
"660","ran660.hdr.44",-0.0015836
"660","ran660.hdr.45",-0.000733699999999999
"660","ran660.hdr.46",-0.0005929
"660","ran660.hdr.47",-0.000230900000000003
"660","ran660.hdr.48",0.0000195999999999998
"660","ran660.hdr.49",-0.00684548
"660","ran660.hdr.5",-0.0041514
"660","ran660.hdr.50",-0.000743199999999999
"660","ran660.hdr.51",-0.00057312
"660","ran660.hdr.52",0.0000792999999999992
"660","ran660.hdr.53",-0.000879130000000001
"660","ran660.hdr.54",-0.00062953
"660","ran660.hdr.55",-0.000945399999999999
"660","ran660.hdr.56",-0.0031055
"660","ran660.hdr.57",0.0000674999999999999
"660","ran660.hdr.58",-0.0006619
"660","ran660.hdr.59",0.000114200000000002
"660","ran660.hdr.6",-0.0005302
"660","ran660.hdr.60",-0.000106240000000001
"660","ran660.hdr.61",-0.0046284
"660","ran660.hdr.62",-0.000249199999999998
"660","ran660.hdr.64",-0.0020265
"660","ran660.hdr.65",-0.0005393
"660","ran660.hdr.66",-0.000284700000000002
"660","ran660.hdr.67",-0.000262800000000001
"660","ran660.hdr.68",-0.0019575
"660","ran660.hdr.69",-0.000420499999999999
"660","ran660.hdr.7",-0.000422980000000001
"660","ran660.hdr.70",-0.00056939
"660","ran660.hdr.71",-0.000170999999999999
"660","ran660.hdr.72",-0.0076155
"660","ran660.hdr.73",-0.00060945
"660","ran660.hdr.74",-0.0007443
"660","ran660.hdr.75",-0.000316540000000001
"660","ran660.hdr.76",-0.000347499999999997
"660","ran660.hdr.77",-0.0011097
"660","ran660.hdr.78",-0.0002331
"660","ran660.hdr.8",-0.00038711
"660","ran660.hdr.9",-0.00014609
"661","ran661.hdr.1",0.000132149999999999
"661","ran661.hdr.10",-0.00053636
"661","ran661.hdr.11",-0.0000852000000000006
"661","ran661.hdr.12",-0.00036672
"661","ran661.hdr.13",-0.00129969
"661","ran661.hdr.14",-0.0002477
"661","ran661.hdr.15",-0.000339470000000001
"661","ran661.hdr.16",-0.000785500000000001
"661","ran661.hdr.17",-0.00032312
"661","ran661.hdr.18",-0.000518899999999999
"661","ran661.hdr.19",-0.0000983000000000008
"661","ran661.hdr.2",-0.0014426
"661","ran661.hdr.20",0.0001858
"661","ran661.hdr.21",-0.000710000000000002
"661","ran661.hdr.22",-0.00041356
"661","ran661.hdr.23",-0.000352700000000001
"661","ran661.hdr.24",-0.0013829
"661","ran661.hdr.25",-0.0001654
"661","ran661.hdr.26",-0.0006806
"661","ran661.hdr.27",-0.000418709999999999
"661","ran661.hdr.28",-0.0002542
"661","ran661.hdr.29",0.00026201
"661","ran661.hdr.3",-0.0027813
"661","ran661.hdr.30",0.0004131
"661","ran661.hdr.31",0.000177500000000001
"661","ran661.hdr.32",-0.00044134
"661","ran661.hdr.33",0.000353800000000001
"661","ran661.hdr.34",-0.0008652
"661","ran661.hdr.35",-0.0076907
"661","ran661.hdr.36",-0.000106800000000001
"661","ran661.hdr.37",-0.002242
"661","ran661.hdr.38",-0.000735299999999998
"661","ran661.hdr.39",-0.0005964
"661","ran661.hdr.4",-0.0008533
"661","ran661.hdr.40",-0.000435399999999999
"661","ran661.hdr.41",-0.000327900000000001
"661","ran661.hdr.42",-0.000399060000000001
"661","ran661.hdr.43",-0.0006558
"661","ran661.hdr.44",-0.0000756000000000003
"661","ran661.hdr.45",0.000207600000000002
"661","ran661.hdr.46",-0.000707100000000002
"661","ran661.hdr.47",-0.000569999999999999
"661","ran661.hdr.48",-0.000735400000000001
"661","ran661.hdr.49",0.00007131
"661","ran661.hdr.5",-0.003072
"661","ran661.hdr.50",-0.0098876
"661","ran661.hdr.51",0.000763799999999999
"661","ran661.hdr.52",-0.0021019
"661","ran661.hdr.53",0.000121899999999999
"661","ran661.hdr.54",-0.000879130000000001
"661","ran661.hdr.55",-0.00027166
"661","ran661.hdr.56",-0.000801899999999998
"661","ran661.hdr.57",-0.00074359
"661","ran661.hdr.58",-0.0034143
"661","ran661.hdr.59",-0.000261600000000001
"661","ran661.hdr.6",-0.0042194
"661","ran661.hdr.60",-0.0011044
"661","ran661.hdr.61",-0.0046284
"661","ran661.hdr.62",0.00026023
"661","ran661.hdr.63",-0.00000102000000000088
"661","ran661.hdr.64",-0.0000525100000000004
"661","ran661.hdr.65",-0.00020368
"661","ran661.hdr.68",-0.0000994599999999991
"661","ran661.hdr.69",-0.000270299999999998
"661","ran661.hdr.7",-0.000701999999999999
"661","ran661.hdr.70",-0.0012438
"661","ran661.hdr.71",-0.01078825
"661","ran661.hdr.72",-0.000324099999999999
"661","ran661.hdr.73",-0.001507
"661","ran661.hdr.74",0.0000888
"661","ran661.hdr.75",-0.0005761
"661","ran661.hdr.76",-0.0013697
"661","ran661.hdr.77",-0.000365799999999999
"661","ran661.hdr.78",-0.0001776
"661","ran661.hdr.8",-0.0001706
"661","ran661.hdr.9",-0.000598200000000001
"662","ran662.hdr.1",0.0000171999999999985
"662","ran662.hdr.10",-0.00013863
"662","ran662.hdr.11",-0.00032687
"662","ran662.hdr.12",-0.0008751
"662","ran662.hdr.13",-0.0005968
"662","ran662.hdr.14",-0.0004534
"662","ran662.hdr.15",-0.000136260000000001
"662","ran662.hdr.16",-0.0006205
"662","ran662.hdr.17",0.0002343
"662","ran662.hdr.18",-0.000397499999999999
"662","ran662.hdr.19",-0.0021765
"662","ran662.hdr.2",-0.00036043
"662","ran662.hdr.20",-0.000595100000000001
"662","ran662.hdr.21",-0.0003534
"662","ran662.hdr.22",-0.0010155
"662","ran662.hdr.23",0.0002092
"662","ran662.hdr.24",-0.000163968
"662","ran662.hdr.25",-0.0002915
"662","ran662.hdr.26",-0.0020678
"662","ran662.hdr.27",-0.0001559
"662","ran662.hdr.28",-0.0019493
"662","ran662.hdr.29",-0.00044142
"662","ran662.hdr.3",-0.0014413
"662","ran662.hdr.30",0.000056719
"662","ran662.hdr.31",0.000128130000000001
"662","ran662.hdr.32",-0.002134
"662","ran662.hdr.33",-0.0014222
"662","ran662.hdr.34",0.00077145
"662","ran662.hdr.35",-0.0014502
"662","ran662.hdr.36",0.000674600000000001
"662","ran662.hdr.37",-0.000140850000000001
"662","ran662.hdr.38",-0.0013244
"662","ran662.hdr.39",-0.00045297
"662","ran662.hdr.4",0.0000496999999999997
"662","ran662.hdr.40",-0.000803359999999999
"662","ran662.hdr.41",-0.0001828
"662","ran662.hdr.42",-0.0006558
"662","ran662.hdr.43",-0.00031338
"662","ran662.hdr.44",-0.0010504
"662","ran662.hdr.45",-0.000707100000000002
"662","ran662.hdr.46",-0.0016596
"662","ran662.hdr.47",0.000017147
"662","ran662.hdr.48",-0.0073875
"662","ran662.hdr.49",-0.0027946
"662","ran662.hdr.5",-0.0004513
"662","ran662.hdr.50",-0.000377499999999999
"662","ran662.hdr.51",-0.0001724
"662","ran662.hdr.52",-0.000212240000000001
"662","ran662.hdr.53",0.000001137
"662","ran662.hdr.54",0.000114
"662","ran662.hdr.55",-0.000381660000000001
"662","ran662.hdr.56",-0.00047522
"662","ran662.hdr.57",-0.000787200000000002
"662","ran662.hdr.58",-0.000064100000000001
"662","ran662.hdr.59",-0.000694199999999999
"662","ran662.hdr.6",-0.0033924
"662","ran662.hdr.60",-0.0004641
"662","ran662.hdr.61",0.000223899999999999
"662","ran662.hdr.62",-0.000150500000000001
"662","ran662.hdr.63",0.000191729999999999
"662","ran662.hdr.64",-0.000557700000000001
"662","ran662.hdr.65",-0.0003231
"662","ran662.hdr.66",-0.000194100000000003
"662","ran662.hdr.67",-0.0001259
"662","ran662.hdr.68",-0.00222635
"662","ran662.hdr.69",-0.0068051
"662","ran662.hdr.7",-0.00017739
"662","ran662.hdr.70",0.000253999999999999
"662","ran662.hdr.71",-0.0000695000000000001
"662","ran662.hdr.72",-0.000140899999999999
"662","ran662.hdr.73",-0.000698500000000001
"662","ran662.hdr.74",-0.000276200000000001
"662","ran662.hdr.75",-0.000746199999999999
"662","ran662.hdr.76",-0.000535499999999998
"662","ran662.hdr.77",-0.0008923
"662","ran662.hdr.78",0.00013512
"662","ran662.hdr.8",-0.0000787700000000001
"662","ran662.hdr.9",0.0000826000000000021
"663","ran663.hdr.1",-0.0004633
"663","ran663.hdr.10",-0.0000302099999999993
"663","ran663.hdr.11",0.00000759999999999997
"663","ran663.hdr.12",-0.000602800000000001
"663","ran663.hdr.13",-0.0000149
"663","ran663.hdr.14",-0.0000787700000000001
"663","ran663.hdr.15",-0.00024315
"663","ran663.hdr.16",-0.0001174
"663","ran663.hdr.17",0.00047357
"663","ran663.hdr.18",-0.0000977999999999986
"663","ran663.hdr.19",-0.0013508
"663","ran663.hdr.2",-0.0011152
"663","ran663.hdr.20",-0.000516000000000001
"663","ran663.hdr.21",-0.000397499999999999
"663","ran663.hdr.22",-0.000948300000000003
"663","ran663.hdr.23",-0.0017045
"663","ran663.hdr.24",0.00004039
"663","ran663.hdr.25",-0.0028616
"663","ran663.hdr.26",-0.000458800000000001
"663","ran663.hdr.27",-0.000347700000000001
"663","ran663.hdr.28",-0.0025984
"663","ran663.hdr.29",0.0000487999999999999
"663","ran663.hdr.3",-0.0012185
"663","ran663.hdr.30",-0.00022865
"663","ran663.hdr.31",-0.0010403
"663","ran663.hdr.32",-0.000464099999999999
"663","ran663.hdr.33",0.0000634299999999997
"663","ran663.hdr.34",-0.00031339
"663","ran663.hdr.35",-0.0023372
"663","ran663.hdr.36",0.000505200000000001
"663","ran663.hdr.37",-0.000306500000000001
"663","ran663.hdr.38",-0.0019572
"663","ran663.hdr.39",-0.0014502
"663","ran663.hdr.4",0.000021011
"663","ran663.hdr.40",-0.000287379999999999
"663","ran663.hdr.41",-0.00013584
"663","ran663.hdr.42",-0.0005509
"663","ran663.hdr.43",-0.0007461
"663","ran663.hdr.44",-0.0005707
"663","ran663.hdr.45",-0.000463499999999999
"663","ran663.hdr.46",0.0006888
"663","ran663.hdr.47",0.000357900000000001
"663","ran663.hdr.48",-0.0022116
"663","ran663.hdr.49",-0.000870699999999999
"663","ran663.hdr.5",-0.0004437
"663","ran663.hdr.50",-0.0022477
"663","ran663.hdr.51",-0.000988299999999998
"663","ran663.hdr.52",0.0000899300000000002
"663","ran663.hdr.53",0.000113700000000001
"663","ran663.hdr.54",0.0000226999999999988
"663","ran663.hdr.55",0.0000346000000000009
"663","ran663.hdr.56",-0.0001486
"663","ran663.hdr.57",0.0000474899999999999
"663","ran663.hdr.58",-0.002475
"663","ran663.hdr.59",-0.00061173
"663","ran663.hdr.6",-0.000708700000000001
"663","ran663.hdr.60",0.0000692499999999999
"663","ran663.hdr.61",-0.00019336
"663","ran663.hdr.62",-0.00048754
"663","ran663.hdr.63",-0.000119059999999999
"663","ran663.hdr.64",-0.00073559
"663","ran663.hdr.65",-0.000217699999999999
"663","ran663.hdr.66",-0.000247399999999998
"663","ran663.hdr.67",-0.0107924
"663","ran663.hdr.68",-0.00274956
"663","ran663.hdr.69",-0.0014755
"663","ran663.hdr.7",-0.0054532
"663","ran663.hdr.70",-0.00017358
"663","ran663.hdr.71",-0.0003709
"663","ran663.hdr.72",-0.000154400000000002
"663","ran663.hdr.73",-0.000328449999999999
"663","ran663.hdr.74",-0.000228699999999998
"663","ran663.hdr.75",-0.0000835999999999996
"663","ran663.hdr.76",-0.0014309
"663","ran663.hdr.77",-0.0002007
"663","ran663.hdr.78",-0.0064447
"663","ran663.hdr.8",-0.000704
"663","ran663.hdr.9",-0.0044797
"664","ran664.hdr.1",-0.00012473
"664","ran664.hdr.10",-0.00154022
"664","ran664.hdr.11",-0.000625899999999999
"664","ran664.hdr.12",-0.000189089999999999
"664","ran664.hdr.13",-0.0002725
"664","ran664.hdr.14",-0.000348220000000002
"664","ran664.hdr.15",-0.0004258
"664","ran664.hdr.16",-0.000727600000000002
"664","ran664.hdr.17",-0.0016769
"664","ran664.hdr.18",NA
"664","ran664.hdr.19",-0.00252268
"664","ran664.hdr.2",-0.00041678
"664","ran664.hdr.20",-0.000230500000000002
"664","ran664.hdr.21",-0.0002991
"664","ran664.hdr.22",0.00025468
"664","ran664.hdr.23",-0.002522
"664","ran664.hdr.24",-0.0006335
"664","ran664.hdr.25",-0.000118700000000001
"664","ran664.hdr.26",-0.0000960000000000023
"664","ran664.hdr.27",-0.01715588
"664","ran664.hdr.28",-0.001677
"664","ran664.hdr.29",-0.0023487
"664","ran664.hdr.3",-0.0011479
"664","ran664.hdr.30",-0.0004601
"664","ran664.hdr.31",0.00004498
"664","ran664.hdr.32",0.00004732
"664","ran664.hdr.33",-0.0013359
"664","ran664.hdr.34",-0.00017519
"664","ran664.hdr.35",-0.0011214
"664","ran664.hdr.36",-0.000499899999999998
"664","ran664.hdr.37",-0.0016134
"664","ran664.hdr.38",-0.0030178
"664","ran664.hdr.39",-0.000717699999999998
"664","ran664.hdr.4",-0.0018223
"664","ran664.hdr.40",0.00003286
"664","ran664.hdr.41",0.00066033
"664","ran664.hdr.42",-0.0003643
"664","ran664.hdr.43",-0.0023048
"664","ran664.hdr.44",-0.00022498
"664","ran664.hdr.45",-0.00074359
"664","ran664.hdr.46",-0.0047786
"664","ran664.hdr.47",-0.00037772
"664","ran664.hdr.48",0.00029917
"664","ran664.hdr.49",-0.00111662
"664","ran664.hdr.5",-0.00259746
"664","ran664.hdr.50",0.00000257936
"664","ran664.hdr.51",-0.000395
"664","ran664.hdr.53",-0.0001099
"664","ran664.hdr.54",-0.000448199999999999
"664","ran664.hdr.55",-0.000455400000000002
"664","ran664.hdr.56",0.0000100400000000002
"664","ran664.hdr.57",-0.000556319999999999
"664","ran664.hdr.58",-0.000485049999999999
"664","ran664.hdr.59",-0.000718800000000002
"664","ran664.hdr.6",-0.0051698
"664","ran664.hdr.60",0.0003024
"664","ran664.hdr.61",-0.000317599999999999
"664","ran664.hdr.62",-0.0004131
"664","ran664.hdr.63",-0.0016696
"664","ran664.hdr.64",-0.0023928
"664","ran664.hdr.65",-0.000607500000000002
"664","ran664.hdr.66",-0.002285
"664","ran664.hdr.67",-0.0030059
"664","ran664.hdr.68",0.000405529999999999
"664","ran664.hdr.69",-0.000589600000000003
"664","ran664.hdr.7",-0.0003003
"664","ran664.hdr.70",-0.000428600000000001
"664","ran664.hdr.71",-0.00025328
"664","ran664.hdr.72",0.000151800000000001
"664","ran664.hdr.73",-0.0010961
"664","ran664.hdr.74",-0.0002688
"664","ran664.hdr.75",-0.000424799999999999
"664","ran664.hdr.76",-0.000218699999999999
"664","ran664.hdr.77",-0.000908300000000001
"664","ran664.hdr.78",-0.0000185999999999988
"664","ran664.hdr.8",-0.00025
"664","ran664.hdr.9",0.000201669999999999
"665","ran665.hdr.1",-0.0001323
"665","ran665.hdr.10",-0.000808199999999999
"665","ran665.hdr.11",-0.00161496
"665","ran665.hdr.12",-0.0000712300000000003
"665","ran665.hdr.13",-0.0000234100000000002
"665","ran665.hdr.14",-0.000431160000000002
"665","ran665.hdr.15",-0.0004884
"665","ran665.hdr.16",-0.0002775
"665","ran665.hdr.17",-0.000651099999999998
"665","ran665.hdr.18",-0.000336800000000002
"665","ran665.hdr.19",-0.0007122
"665","ran665.hdr.2",-0.00041678
"665","ran665.hdr.20",0.0000334200000000002
"665","ran665.hdr.21",-0.0012522
"665","ran665.hdr.22",-0.0006865
"665","ran665.hdr.23",-0.00026931
"665","ran665.hdr.24",-0.0005678
"665","ran665.hdr.25",-0.00013267
"665","ran665.hdr.26",-0.00084943
"665","ran665.hdr.27",-0.00035699
"665","ran665.hdr.28",0.000144799999999999
"665","ran665.hdr.29",-0.000284
"665","ran665.hdr.3",-0.000160799999999999
"665","ran665.hdr.30",-0.000119399999999999
"665","ran665.hdr.31",-0.000681600000000001
"665","ran665.hdr.32",-0.0024831
"665","ran665.hdr.33",-0.0023193
"665","ran665.hdr.34",-0.001283
"665","ran665.hdr.35",-0.000287379999999999
"665","ran665.hdr.36",-0.0013695
"665","ran665.hdr.37",-0.000975
"665","ran665.hdr.38",-0.0009637
"665","ran665.hdr.39",-0.000450700000000002
"665","ran665.hdr.4",-0.000226799999999999
"665","ran665.hdr.40",-0.0001922
"665","ran665.hdr.41",-0.00112666
"665","ran665.hdr.42",-0.000720200000000001
"665","ran665.hdr.43",-0.000189699999999999
"665","ran665.hdr.44",-0.0013738
"665","ran665.hdr.45",0.000279400000000001
"665","ran665.hdr.46",-0.000735400000000001
"665","ran665.hdr.47",-0.000258099999999999
"665","ran665.hdr.48",-0.000104904
"665","ran665.hdr.49",-0.00057312
"665","ran665.hdr.5",-0.0049685
"665","ran665.hdr.50",-0.0072374
"665","ran665.hdr.51",-0.002475
"665","ran665.hdr.52",-0.0011486
"665","ran665.hdr.53",0.0000281999999999999
"665","ran665.hdr.54",-0.00003374
"665","ran665.hdr.56",0.000049829999999999
"665","ran665.hdr.57",-0.00029748
"665","ran665.hdr.58",-0.0001286
"665","ran665.hdr.59",0.00041589
"665","ran665.hdr.6",-0.00059801
"665","ran665.hdr.60",-0.000455400000000002
"665","ran665.hdr.61",-0.0093999
"665","ran665.hdr.62",-0.000675199999999997
"665","ran665.hdr.63",-0.0003359
"665","ran665.hdr.64",-0.00045068
"665","ran665.hdr.65",-0.00031509
"665","ran665.hdr.66",-0.0019411
"665","ran665.hdr.67",-0.0002646
"665","ran665.hdr.68",-0.0013312
"665","ran665.hdr.69",0.0007516
"665","ran665.hdr.7",-0.0109775
"665","ran665.hdr.70",-0.000386900000000003
"665","ran665.hdr.71",-0.000204899999999999
"665","ran665.hdr.72",-0.000228
"665","ran665.hdr.73",0.000325300000000001
"665","ran665.hdr.74",-0.0021382
"665","ran665.hdr.75",-0.0014855
"665","ran665.hdr.76",-0.0013969
"665","ran665.hdr.77",-0.000692399999999999
"665","ran665.hdr.78",-0.0007764
"665","ran665.hdr.8",-0.0041794
"665","ran665.hdr.9",-0.0015386
"666","ran666.hdr.1",-0.000272339999999999
"666","ran666.hdr.10",-0.0001755
"666","ran666.hdr.11",-0.000409099999999999
"666","ran666.hdr.12",-0.00034688
"666","ran666.hdr.13",-0.000651099999999998
"666","ran666.hdr.14",-0.000432999999999999
"666","ran666.hdr.15",-0.000612299999999998
"666","ran666.hdr.16",-0.0005906
"666","ran666.hdr.17",-0.00005407
"666","ran666.hdr.18",-0.0113291
"666","ran666.hdr.19",-0.00107892
"666","ran666.hdr.2",0.000364
"666","ran666.hdr.20",-0.000292799999999999
"666","ran666.hdr.21",-0.0000945300000000007
"666","ran666.hdr.22",-0.00069205
"666","ran666.hdr.23",-0.0023372
"666","ran666.hdr.24",-0.0000960000000000023
"666","ran666.hdr.25",-0.0076907
"666","ran666.hdr.26",-0.0019854
"666","ran666.hdr.27",-0.000803500000000002
"666","ran666.hdr.28",0.00045398
"666","ran666.hdr.29",-0.000154000000000001
"666","ran666.hdr.3",-0.0018301
"666","ran666.hdr.30",-0.000243200000000001
"666","ran666.hdr.31",-0.0034946
"666","ran666.hdr.32",-0.00025136
"666","ran666.hdr.33",-0.0000747000000000005
"666","ran666.hdr.34",-0.000247900000000001
"666","ran666.hdr.35",-0.000617899999999998
"666","ran666.hdr.36",-0.000105999999999999
"666","ran666.hdr.37",-0.0022116
"666","ran666.hdr.38",-0.000707100000000002
"666","ran666.hdr.39",-0.0003823
"666","ran666.hdr.4",-0.0037929
"666","ran666.hdr.40",-0.0011914
"666","ran666.hdr.41",-0.0011887
"666","ran666.hdr.42",0.0000297000000000006
"666","ran666.hdr.43",-0.02102894
"666","ran666.hdr.44",-0.0006887
"666","ran666.hdr.45",-0.0000649599999999993
"666","ran666.hdr.46",-0.00041977
"666","ran666.hdr.47",-0.0025824
"666","ran666.hdr.48",0.000358000000000001
"666","ran666.hdr.5",0.000151199999999999
"666","ran666.hdr.51",0.000402939999999999
"666","ran666.hdr.52",0.0001308
"666","ran666.hdr.53",-0.0007279
"666","ran666.hdr.54",-0.000964599999999999
"666","ran666.hdr.55",-0.0073105
"666","ran666.hdr.56",-0.000557700000000001
"666","ran666.hdr.57",-0.00039282
"666","ran666.hdr.58",-0.000735300000000001
"666","ran666.hdr.59",-0.0012721
"666","ran666.hdr.6",-0.0003003
"666","ran666.hdr.60",-0.0011892
"666","ran666.hdr.61",0.0000732000000000007
"666","ran666.hdr.62",-0.001084
"666","ran666.hdr.63",-0.000328200000000001
"666","ran666.hdr.64",-0.0043812
"666","ran666.hdr.65",0.0002582
"666","ran666.hdr.66",-0.0008768
"666","ran666.hdr.67",-0.000324100000000001
"666","ran666.hdr.68",-0.000348569999999999
"666","ran666.hdr.69",-0.000297700000000001
"666","ran666.hdr.7",-0.0001347
"666","ran666.hdr.70",-0.0027169
"666","ran666.hdr.71",-0.0015872
"666","ran666.hdr.72",-0.0013233
"666","ran666.hdr.73",-0.000792599999999999
"666","ran666.hdr.74",-0.000894099999999998
"666","ran666.hdr.75",-0.0033926
"666","ran666.hdr.76",-0.00028371
"666","ran666.hdr.77",-0.0005602
"666","ran666.hdr.78",-0.0003186
"666","ran666.hdr.8",-0.000300809999999999
"666","ran666.hdr.9",-0.00012599
"667","ran667.hdr.1",0.000192080000000001
"667","ran667.hdr.10",-0.000401799999999999
"667","ran667.hdr.11",-0.0006374
"667","ran667.hdr.12",0.00017944
"667","ran667.hdr.13",-0.000539240000000002
"667","ran667.hdr.14",-0.000355599999999999
"667","ran667.hdr.15",-0.000404499999999999
"667","ran667.hdr.16",-0.0003534
"667","ran667.hdr.17",-0.0001248
"667","ran667.hdr.18",0.000162000000000001
"667","ran667.hdr.19",0.0000222
"667","ran667.hdr.2",-0.000831800000000001
"667","ran667.hdr.20",-0.0002773
"667","ran667.hdr.21",0.000468939999999999
"667","ran667.hdr.22",-0.00017027
"667","ran667.hdr.23",-0.0002664
"667","ran667.hdr.24",0.0000948100000000007
"667","ran667.hdr.25",-0.0029271
"667","ran667.hdr.26",-0.0044356
"667","ran667.hdr.27",0.00069544
"667","ran667.hdr.28",-0.0000891900000000003
"667","ran667.hdr.29",-0.0019572
"667","ran667.hdr.3",-0.000233200000000003
"667","ran667.hdr.30",0.0000578999999999996
"667","ran667.hdr.31",-0.000844900000000001
"667","ran667.hdr.32",-0.00045297
"667","ran667.hdr.33",-0.0003861
"667","ran667.hdr.34",-0.000627829999999999
"667","ran667.hdr.35",-0.0003798
"667","ran667.hdr.36",-0.000505799999999999
"667","ran667.hdr.37",-0.0005632
"667","ran667.hdr.38",-0.000152899999999999
"667","ran667.hdr.39",-0.0014594
"667","ran667.hdr.4",-0.0066937
"667","ran667.hdr.40",-0.000584600000000001
"667","ran667.hdr.41",-0.0022116
"667","ran667.hdr.42",-0.0033085
"667","ran667.hdr.43",-0.0022656
"667","ran667.hdr.44",-0.00001509
"667","ran667.hdr.45",-0.0000261999999999971
"667","ran667.hdr.46",-0.001384
"667","ran667.hdr.47",-0.000450100000000002
"667","ran667.hdr.48",-0.00024031
"667","ran667.hdr.49",-0.0070655
"667","ran667.hdr.5",-0.0029382
"667","ran667.hdr.50",-0.0004037
"667","ran667.hdr.51",-0.00061173
"667","ran667.hdr.52",-0.0006896
"667","ran667.hdr.53",0.0000288600000000003
"667","ran667.hdr.56",-0.0007846
"667","ran667.hdr.57",-0.000658
"667","ran667.hdr.58",-0.00016504
"667","ran667.hdr.59",-0.0001206
"667","ran667.hdr.6",-0.00040897
"667","ran667.hdr.60",0.0000522999999999999
"667","ran667.hdr.61",-0.0038969
"667","ran667.hdr.62",0.000274400000000001
"667","ran667.hdr.63",-0.0003359
"667","ran667.hdr.64",-0.000735300000000001
"667","ran667.hdr.65",-0.000889800000000001
"667","ran667.hdr.66",-0.0000243000000000014
"667","ran667.hdr.67",-0.00056939
"667","ran667.hdr.68",-0.000134699999999998
"667","ran667.hdr.69",0.0001014
"667","ran667.hdr.7",-0.00018325
"667","ran667.hdr.70",0.0000255200000000002
"667","ran667.hdr.71",-0.0000222999999999994
"667","ran667.hdr.72",0.00013489
"667","ran667.hdr.73",-0.000907699999999997
"667","ran667.hdr.74",0.00002271
"667","ran667.hdr.75",-0.00089669
"667","ran667.hdr.76",-0.0003604
"667","ran667.hdr.77",0.000228859999999999
"667","ran667.hdr.78",-0.000802599999999999
"667","ran667.hdr.8",0.000249640000000001
"667","ran667.hdr.9",-0.0004828
"668","ran668.hdr.1",-0.000115200000000003
"668","ran668.hdr.10",-0.00037651
"668","ran668.hdr.11",-0.0011143
"668","ran668.hdr.12",-0.0004314
"668","ran668.hdr.13",-0.0001574
"668","ran668.hdr.14",-0.00034462
"668","ran668.hdr.15",-0.0010173
"668","ran668.hdr.16",-0.0010736
"668","ran668.hdr.17",-0.0016792
"668","ran668.hdr.18",-0.000140599999999999
"668","ran668.hdr.19",-0.0012417
"668","ran668.hdr.2",-0.00259746
"668","ran668.hdr.20",-0.000108899999999999
"668","ran668.hdr.21",0.00000603000000000062
"668","ran668.hdr.22",-0.000616499999999999
"668","ran668.hdr.23",0.00035611
"668","ran668.hdr.24",-0.0002137
"668","ran668.hdr.25",0.0000984100000000002
"668","ran668.hdr.26",-0.0012737
"668","ran668.hdr.27",-0.000823900000000002
"668","ran668.hdr.28",-0.000613500000000001
"668","ran668.hdr.29",0.0000366999999999989
"668","ran668.hdr.3",-0.00025102
"668","ran668.hdr.30",-0.001022
"668","ran668.hdr.31",0.0000670599999999999
"668","ran668.hdr.32",-0.0000253199999999997
"668","ran668.hdr.33",-0.00087888
"668","ran668.hdr.34",-0.000480400000000001
"668","ran668.hdr.35",-0.000016600000000002
"668","ran668.hdr.36",-0.000385200000000002
"668","ran668.hdr.37",0.000262999999999999
"668","ran668.hdr.38",-0.0022477
"668","ran668.hdr.39",-0.000452599999999999
"668","ran668.hdr.4",-0.00047386
"668","ran668.hdr.40",-0.0082206
"668","ran668.hdr.41",0.000223300000000001
"668","ran668.hdr.42",-0.000940400000000001
"668","ran668.hdr.43",0.000037646
"668","ran668.hdr.44",-0.000294639999999999
"668","ran668.hdr.45",0.0000662000000000006
"668","ran668.hdr.46",-0.0012528
"668","ran668.hdr.47",-0.000837099999999999
"668","ran668.hdr.48",-0.0070655
"668","ran668.hdr.49",-0.0018136
"668","ran668.hdr.5",-0.00024783
"668","ran668.hdr.50",-0.0010927
"668","ran668.hdr.51",-0.0023439
"668","ran668.hdr.52",-0.00061173
"668","ran668.hdr.53",-0.00010923
"668","ran668.hdr.54",-0.00000727000000000019
"668","ran668.hdr.55",0.0000331999999999989
"668","ran668.hdr.56",-0.00026482
"668","ran668.hdr.57",-0.0040008
"668","ran668.hdr.59",-0.000588982
"668","ran668.hdr.6",-0.00042711
"668","ran668.hdr.60",-0.0010508
"668","ran668.hdr.61",-0.00023539
"668","ran668.hdr.62",-0.000964599999999999
"668","ran668.hdr.63",-0.0000494999999999992
"668","ran668.hdr.64",0.0000897999999999993
"668","ran668.hdr.65",-0.00104738
"668","ran668.hdr.66",-0.0016152
"668","ran668.hdr.67",-0.001831
"668","ran668.hdr.68",-0.0010284
"668","ran668.hdr.69",-0.000140899999999999
"668","ran668.hdr.7",-0.000300809999999999
"668","ran668.hdr.70",-0.000955899999999999
"668","ran668.hdr.71",-0.000794900000000001
"668","ran668.hdr.72",-0.000471699999999999
"668","ran668.hdr.73",-0.0000953799999999999
"668","ran668.hdr.74",-0.0004913
"668","ran668.hdr.75",-0.0017455
"668","ran668.hdr.76",-0.0006976
"668","ran668.hdr.77",-0.0003888
"668","ran668.hdr.78",-0.0014428
"668","ran668.hdr.8",-0.0010879
"668","ran668.hdr.9",-0.000413510000000001
"669","ran669.hdr.1",-0.0012185
"669","ran669.hdr.10",-0.0007343
"669","ran669.hdr.11",-0.000549999999999998
"669","ran669.hdr.12",-0.00012599
"669","ran669.hdr.13",-0.000476399999999998
"669","ran669.hdr.14",-0.0011386
"669","ran669.hdr.15",-0.000102409999999999
"669","ran669.hdr.16",0.000244599999999999
"669","ran669.hdr.17",-0.0006719
"669","ran669.hdr.18",-0.000336900000000001
"669","ran669.hdr.19",0.0001413
"669","ran669.hdr.2",-0.0026658
"669","ran669.hdr.20",-0.0134706
"669","ran669.hdr.21",-0.0016769
"669","ran669.hdr.22",-0.0005906
"669","ran669.hdr.23",-0.000796499999999999
"669","ran669.hdr.24",-0.00019286
"669","ran669.hdr.25",-0.0000777700000000004
"669","ran669.hdr.26",-0.0000766700000000009
"669","ran669.hdr.27",-0.000336700000000001
"669","ran669.hdr.28",0.000159899999999999
"669","ran669.hdr.29",-0.000243729999999999
"669","ran669.hdr.3",-0.000571
"669","ran669.hdr.30",-0.0000985000000000014
"669","ran669.hdr.31",0.00015824
"669","ran669.hdr.32",0.000139149999999999
"669","ran669.hdr.33",-0.000292799999999999
"669","ran669.hdr.34",-0.0000245000000000002
"669","ran669.hdr.35",0.0000355000000000008
"669","ran669.hdr.36",0.00003065
"669","ran669.hdr.37",-0.000803359999999999
"669","ran669.hdr.38",0.0000463000000000009
"669","ran669.hdr.39",-0.0014594
"669","ran669.hdr.4",-0.0019788
"669","ran669.hdr.40",-0.0000710000000000016
"669","ran669.hdr.41",-0.0001203
"669","ran669.hdr.42",-0.0009237
"669","ran669.hdr.43",-0.00011533
"669","ran669.hdr.44",0.0000373000000000005
"669","ran669.hdr.45",-0.0016596
"669","ran669.hdr.46",-0.000452599999999999
"669","ran669.hdr.47",-0.0076935
"669","ran669.hdr.48",0.000279399999999999
"669","ran669.hdr.49",-0.000670899999999999
"669","ran669.hdr.5",-0.00259746
"669","ran669.hdr.50",-0.00000750000000000056
"669","ran669.hdr.51",-0.0019361
"669","ran669.hdr.52",-0.0023898
"669","ran669.hdr.53",-0.000212240000000001
"669","ran669.hdr.54",0.00016459
"669","ran669.hdr.55",-0.00384145
"669","ran669.hdr.56",-0.000510450000000001
"669","ran669.hdr.57",-0.00061173
"669","ran669.hdr.58",-0.00003125
"669","ran669.hdr.59",0.0000964399999999997
"669","ran669.hdr.6",-0.0043162
"669","ran669.hdr.61",-0.000618499999999999
"669","ran669.hdr.62",-0.000849699999999998
"669","ran669.hdr.63",-0.0011402
"669","ran669.hdr.64",-0.000838799999999997
"669","ran669.hdr.65",-0.000485049999999999
"669","ran669.hdr.66",0.0000964
"669","ran669.hdr.67",-0.000361200000000001
"669","ran669.hdr.68",-0.0014372
"669","ran669.hdr.69",-0.000168699999999999
"669","ran669.hdr.7",-0.00046459
"669","ran669.hdr.70",0.0007516
"669","ran669.hdr.71",-0.0002731
"669","ran669.hdr.72",-0.0000844099999999996
"669","ran669.hdr.73",-0.0015308
"669","ran669.hdr.74",-0.0008746
"669","ran669.hdr.75",-0.000299900000000001
"669","ran669.hdr.76",-0.000894099999999998
"669","ran669.hdr.77",-0.0002483
"669","ran669.hdr.78",-0.0016978
"669","ran669.hdr.8",-0.00093515
"669","ran669.hdr.9",-0.000392959999999999
"670","ran670.hdr.1",-0.000366200000000001
"670","ran670.hdr.10",-0.0036814
"670","ran670.hdr.11",-0.0035817
"670","ran670.hdr.12",0.0000136999999999984
"670","ran670.hdr.13",-0.000374649999999999
"670","ran670.hdr.14",-0.00058509
"670","ran670.hdr.15",-0.000392959999999999
"670","ran670.hdr.16",0.000032540000000001
"670","ran670.hdr.17",-0.000598200000000001
"670","ran670.hdr.18",-0.000753839999999999
"670","ran670.hdr.19",-0.0000269599999999999
"670","ran670.hdr.2",-0.00011916
"670","ran670.hdr.20",-0.0000712300000000003
"670","ran670.hdr.21",-0.00061751
"670","ran670.hdr.22",0.000152999999999999
"670","ran670.hdr.23",-0.0012188
"670","ran670.hdr.24",-0.00020936
"670","ran670.hdr.25",-0.0025625
"670","ran670.hdr.26",-0.0023332
"670","ran670.hdr.27",-0.0005322
"670","ran670.hdr.28",-0.0004364
"670","ran670.hdr.29",-0.0000783900000000002
"670","ran670.hdr.3",0.000132
"670","ran670.hdr.30",-0.0000786399999999996
"670","ran670.hdr.31",-0.0006201
"670","ran670.hdr.32",0.0001235
"670","ran670.hdr.33",0.0000946499999999999
"670","ran670.hdr.34",-0.000292399999999998
"670","ran670.hdr.35",-0.00029017
"670","ran670.hdr.36",-0.000258899999999999
"670","ran670.hdr.37",-0.000113400000000001
"670","ran670.hdr.38",-0.00034709
"670","ran670.hdr.39",0.0000242300000000001
"670","ran670.hdr.4",-0.000149890000000001
"670","ran670.hdr.40",-0.000453249999999999
"670","ran670.hdr.41",-0.0030193
"670","ran670.hdr.42",-0.0001545
"670","ran670.hdr.43",-0.0000142300000000005
"670","ran670.hdr.44",-0.0001828
"670","ran670.hdr.45",0.000294800000000001
"670","ran670.hdr.46",-0.0023716
"670","ran670.hdr.47",0.00020773
"670","ran670.hdr.48",-0.000206699999999999
"670","ran670.hdr.49",-0.000730900000000001
"670","ran670.hdr.5",-0.000119600000000001
"670","ran670.hdr.50",-0.0001466
"670","ran670.hdr.51",-0.0031407
"670","ran670.hdr.52",0.0000683999999999997
"670","ran670.hdr.53",-0.000228000000000001
"670","ran670.hdr.54",0.000374129999999999
"670","ran670.hdr.55",-0.0023048
"670","ran670.hdr.56",-0.0015804
"670","ran670.hdr.57",-0.0023439
"670","ran670.hdr.58",-0.0013068
"670","ran670.hdr.59",-0.00057659
"670","ran670.hdr.6",-0.004515
"670","ran670.hdr.60",-0.00030034
"670","ran670.hdr.61",-0.00155443
"670","ran670.hdr.62",-0.0046284
"670","ran670.hdr.63",-0.000118309
"670","ran670.hdr.64",-0.0000501999999999994
"670","ran670.hdr.65",-0.00002352
"670","ran670.hdr.66",-0.0000494999999999992
"670","ran670.hdr.67",-0.0011702
"670","ran670.hdr.68",-0.000404369999999999
"670","ran670.hdr.69",-0.000420499999999999
"670","ran670.hdr.7",-0.00012473
"670","ran670.hdr.70",0.0002021
"670","ran670.hdr.71",-0.0002583
"670","ran670.hdr.72",-0.000276200000000001
"670","ran670.hdr.73",-0.0003563
"670","ran670.hdr.74",-0.000586100000000003
"670","ran670.hdr.75",-0.0016759
"670","ran670.hdr.76",0.0004966
"670","ran670.hdr.77",-0.0005602
"670","ran670.hdr.78",-0.000318599999999999
"670","ran670.hdr.8",-0.0007992
"670","ran670.hdr.9",0.0000520999999999994
"671","ran671.hdr.1",-0.0014785
"671","ran671.hdr.10",-0.000217200000000001
"671","ran671.hdr.11",-0.0005673
"671","ran671.hdr.12",0.000321200000000001
"671","ran671.hdr.13",0.0000408000000000006
"671","ran671.hdr.14",-0.000151500000000001
"671","ran671.hdr.15",-0.0019612
"671","ran671.hdr.16",-0.00049628
"671","ran671.hdr.17",-0.000253800000000002
"671","ran671.hdr.18",-0.000377500000000001
"671","ran671.hdr.19",-0.000498100000000001
"671","ran671.hdr.2",-0.000282899999999999
"671","ran671.hdr.20",-0.0013895
"671","ran671.hdr.21",-0.000243729999999999
"671","ran671.hdr.22",-0.00032068
"671","ran671.hdr.23",-0.0010804
"671","ran671.hdr.24",-0.0016281
"671","ran671.hdr.25",-0.0002542
"671","ran671.hdr.26",-0.00022865
"671","ran671.hdr.27",-0.0000640999999999992
"671","ran671.hdr.28",-0.00175568
"671","ran671.hdr.29",-0.00028711
"671","ran671.hdr.3",-0.00449763
"671","ran671.hdr.30",-0.0008652
"671","ran671.hdr.31",-0.0009715
"671","ran671.hdr.32",-0.000281300000000002
"671","ran671.hdr.33",-0.000730600000000001
"671","ran671.hdr.34",-0.00087039
"671","ran671.hdr.35",-0.0011807
"671","ran671.hdr.36",-0.0005801
"671","ran671.hdr.37",0.0000463000000000009
"671","ran671.hdr.38",-0.0019089
"671","ran671.hdr.39",-0.000480400000000001
"671","ran671.hdr.4",-0.00041678
"671","ran671.hdr.40",-0.00026302
"671","ran671.hdr.41",-0.001986
"671","ran671.hdr.42",0.0000757000000000015
"671","ran671.hdr.43",-0.0016634
"671","ran671.hdr.44",-0.00081
"671","ran671.hdr.45",0.0000200999999999986
"671","ran671.hdr.46",-0.0076935
"671","ran671.hdr.47",-0.0011215
"671","ran671.hdr.48",-0.02102894
"671","ran671.hdr.49",0.0000833999999999991
"671","ran671.hdr.5",-0.0044797
"671","ran671.hdr.50",0.0000662000000000006
"671","ran671.hdr.51",0.00010489
"671","ran671.hdr.52",-0.0018136
"671","ran671.hdr.53",-0.000755800000000001
"671","ran671.hdr.54",0.000158940000000001
"671","ran671.hdr.56",-0.0002454
"671","ran671.hdr.57",-0.000694199999999999
"671","ran671.hdr.58",-0.00023987
"671","ran671.hdr.59",-0.0017637
"671","ran671.hdr.6",0.0000578000000000002
"671","ran671.hdr.60",-0.0011402
"671","ran671.hdr.61",-0.0011074
"671","ran671.hdr.62",-0.0000850799999999995
"671","ran671.hdr.63",0.000360950000000001
"671","ran671.hdr.64",-0.0027675
"671","ran671.hdr.65",-0.001831
"671","ran671.hdr.66",-0.0024046
"671","ran671.hdr.67",-0.00672884
"671","ran671.hdr.68",-0.0037906
"671","ran671.hdr.69",-0.00163488
"671","ran671.hdr.7",0.000234499999999999
"671","ran671.hdr.70",NA
"671","ran671.hdr.71",-0.000388300000000001
"671","ran671.hdr.72",-0.00032338
"671","ran671.hdr.73",-0.000239000000000003
"671","ran671.hdr.74",-0.000871399999999998
"671","ran671.hdr.75",-0.000586100000000003
"671","ran671.hdr.76",-0.0011554
"671","ran671.hdr.77",-0.000318599999999999
"671","ran671.hdr.78",-0.000733480000000001
"671","ran671.hdr.8",-0.0015386
"671","ran671.hdr.9",-0.0000117999999999993
"672","ran672.hdr.1",-0.000591300000000003
"672","ran672.hdr.10",-0.000142700000000001
"672","ran672.hdr.11",-0.000405638
"672","ran672.hdr.12",0.00000960000000000023
"672","ran672.hdr.13",-0.000046446
"672","ran672.hdr.14",-0.000625899999999999
"672","ran672.hdr.15",0.000923500000000001
"672","ran672.hdr.16",-0.0008164
"672","ran672.hdr.17",-0.0004534
"672","ran672.hdr.18",-0.000187900000000001
"672","ran672.hdr.19",-0.0001083
"672","ran672.hdr.2",0.0000546000000000001
"672","ran672.hdr.20",-0.0016211
"672","ran672.hdr.21",-0.0004364
"672","ran672.hdr.22",-0.0004445
"672","ran672.hdr.23",-0.0000960500000000003
"672","ran672.hdr.24",-0.0006865
"672","ran672.hdr.25",-0.0002915
"672","ran672.hdr.26",0.0000166000000000003
"672","ran672.hdr.27",-0.001167
"672","ran672.hdr.28",0.00026163
"672","ran672.hdr.29",0.000108
"672","ran672.hdr.3",-0.0014426
"672","ran672.hdr.30",-0.0003193
"672","ran672.hdr.31",-0.00665937
"672","ran672.hdr.32",-0.0000696199999999994
"672","ran672.hdr.33",-0.00198339
"672","ran672.hdr.34",0.0004151
"672","ran672.hdr.35",-0.0001159
"672","ran672.hdr.36",-0.0009803
"672","ran672.hdr.37",0.000049999999999998
"672","ran672.hdr.38",-0.0000631999999999994
"672","ran672.hdr.39",0.000264200000000001
"672","ran672.hdr.4",-0.0018301
"672","ran672.hdr.40",-0.0017019
"672","ran672.hdr.41",0.000208709999999999
"672","ran672.hdr.42",0.00028795
"672","ran672.hdr.43",-0.00112666
"672","ran672.hdr.44",-0.0013244
"672","ran672.hdr.45",-0.0010202
"672","ran672.hdr.46",NA
"672","ran672.hdr.47",0.000844299999999999
"672","ran672.hdr.48",-0.0010055
"672","ran672.hdr.49",-0.0010527
"672","ran672.hdr.5",-0.001544
"672","ran672.hdr.50",-0.000749
"672","ran672.hdr.51",-0.000175950000000001
"672","ran672.hdr.52",-0.00000727000000000019
"672","ran672.hdr.53",-0.0011511
"672","ran672.hdr.54",-0.000227100000000001
"672","ran672.hdr.55",-0.000796399999999999
"672","ran672.hdr.56",0.0000637999999999993
"672","ran672.hdr.57",-0.00029748
"672","ran672.hdr.58",-0.00023539
"672","ran672.hdr.59",-0.000737700000000001
"672","ran672.hdr.6",-0.0056785
"672","ran672.hdr.60",-0.01281643
"672","ran672.hdr.61",-0.0068252
"672","ran672.hdr.62",-0.000663200000000001
"672","ran672.hdr.63",-0.0001464
"672","ran672.hdr.64",-0.0021629
"672","ran672.hdr.65",-0.0013364
"672","ran672.hdr.66",-0.0013776
"672","ran672.hdr.67",-0.0016013
"672","ran672.hdr.68",-0.000407100000000001
"672","ran672.hdr.69",-0.000955899999999999
"672","ran672.hdr.7",-0.000154600000000001
"672","ran672.hdr.70",-0.000420299999999998
"672","ran672.hdr.71",-0.000454899999999998
"672","ran672.hdr.72",-0.0009037
"672","ran672.hdr.73",-0.000039273
"672","ran672.hdr.74",0.000358000000000001
"672","ran672.hdr.75",-0.000333699999999999
"672","ran672.hdr.76",-0.00050556
"672","ran672.hdr.77",-0.001383
"672","ran672.hdr.78",-0.00118788
"672","ran672.hdr.8",-0.0000556999999999988
"672","ran672.hdr.9",-0.0005302
"673","ran673.hdr.1",-0.000833500000000001
"673","ran673.hdr.10",-0.000341899999999999
"673","ran673.hdr.11",0.00030846
"673","ran673.hdr.12",-0.00071959
"673","ran673.hdr.13",-0.00102123
"673","ran673.hdr.14",-0.0017649
"673","ran673.hdr.15",-0.0012188
"673","ran673.hdr.16",-0.000977599999999999
"673","ran673.hdr.17",0.000483899999999999
"673","ran673.hdr.18",0.000129900000000001
"673","ran673.hdr.19",-0.0013895
"673","ran673.hdr.2",-0.0000849000000000006
"673","ran673.hdr.20",-0.0000984000000000002
"673","ran673.hdr.21",-0.000747600000000001
"673","ran673.hdr.22",-0.00019894
"673","ran673.hdr.23",-0.00055319
"673","ran673.hdr.24",-0.0000900000000000002
"673","ran673.hdr.25",-0.0000856099999999999
"673","ran673.hdr.26",-0.000297
"673","ran673.hdr.27",-0.0018137
"673","ran673.hdr.28",-0.000709920000000001
"673","ran673.hdr.29",-0.0015516
"673","ran673.hdr.3",0.00000320000000000008
"673","ran673.hdr.30",-0.00620406
"673","ran673.hdr.31",-0.0013224
"673","ran673.hdr.32",-0.0000631999999999994
"673","ran673.hdr.33",-0.000412399999999999
"673","ran673.hdr.34",-0.000942499999999999
"673","ran673.hdr.35",-0.0010067
"673","ran673.hdr.36",-0.0000729000000000007
"673","ran673.hdr.37",0.000521999999999998
"673","ran673.hdr.38",-0.0002267
"673","ran673.hdr.39",-0.0018642
"673","ran673.hdr.4",-0.000482460000000001
"673","ran673.hdr.40",-0.0071472
"673","ran673.hdr.41",-0.000464200000000001
"673","ran673.hdr.42",0.0000555999999999994
"673","ran673.hdr.43",-0.000814100000000002
"673","ran673.hdr.44",-0.000991599999999999
"673","ran673.hdr.45",-0.000456100000000001
"673","ran673.hdr.46",0.000117799999999998
"673","ran673.hdr.47",-0.0003331
"673","ran673.hdr.48",-0.0010297
"673","ran673.hdr.49",-0.00016094
"673","ran673.hdr.5",-0.00041618
"673","ran673.hdr.51",-0.0020265
"673","ran673.hdr.52",-0.000492100000000002
"673","ran673.hdr.53",-0.00023275
"673","ran673.hdr.54",-0.0000546999999999995
"673","ran673.hdr.55",0.000223899999999999
"673","ran673.hdr.56",-0.000268299999999999
"673","ran673.hdr.57",0.000366500000000001
"673","ran673.hdr.58",-0.000534000000000001
"673","ran673.hdr.59",-0.0015428
"673","ran673.hdr.6",-0.0003155
"673","ran673.hdr.60",-0.0008541
"673","ran673.hdr.61",0.000244869999999999
"673","ran673.hdr.62",-0.0007712
"673","ran673.hdr.63",0.0001554
"673","ran673.hdr.64",0.0000227000000000005
"673","ran673.hdr.65",-0.0025664
"673","ran673.hdr.66",-0.000727199999999997
"673","ran673.hdr.67",0.000120599999999998
"673","ran673.hdr.68",-0.0005504
"673","ran673.hdr.69",-0.0035597
"673","ran673.hdr.7",0.00021628
"673","ran673.hdr.70",0.0005287
"673","ran673.hdr.71",-0.00056939
"673","ran673.hdr.72",-0.0015557
"673","ran673.hdr.73",-0.000589600000000003
"673","ran673.hdr.74",0.000789380000000001
"673","ran673.hdr.75",-0.0014277
"673","ran673.hdr.76",-0.000559999999999998
"673","ran673.hdr.77",-0.000198200000000001
"673","ran673.hdr.78",-0.0005749
"673","ran673.hdr.8",-0.000198540000000001
"673","ran673.hdr.9",-0.0005673
"674","ran674.hdr.1",-0.000326900000000001
"674","ran674.hdr.10",-0.000349700000000001
"674","ran674.hdr.11",-0.000446700000000001
"674","ran674.hdr.12",-0.000539240000000002
"674","ran674.hdr.13",-0.0008751
"674","ran674.hdr.14",-0.00011623
"674","ran674.hdr.15",-0.000935750000000001
"674","ran674.hdr.16",-0.000511899999999999
"674","ran674.hdr.17",0.00000735000000000015
"674","ran674.hdr.18",-0.0017045
"674","ran674.hdr.19",-0.0001814
"674","ran674.hdr.2",-0.000279100000000001
"674","ran674.hdr.20",0.0000990000000000019
"674","ran674.hdr.21",-0.0053424
"674","ran674.hdr.22",-0.0006335
"674","ran674.hdr.23",-0.00130484
"674","ran674.hdr.24",-0.00034712
"674","ran674.hdr.25",-0.00045666
"674","ran674.hdr.26",-0.0012418
"674","ran674.hdr.27",0.000336900000000001
"674","ran674.hdr.28",-0.0050666
"674","ran674.hdr.29",-0.0009332
"674","ran674.hdr.3",-0.0032872
"674","ran674.hdr.30",-0.0000392999999999991
"674","ran674.hdr.31",-0.000478900000000001
"674","ran674.hdr.32",-0.00106
"674","ran674.hdr.33",-0.000435399999999999
"674","ran674.hdr.34",-0.000468900000000001
"674","ran674.hdr.35",-0.001022
"674","ran674.hdr.36",NA
"674","ran674.hdr.37",-0.0002538
"674","ran674.hdr.38",-0.00037394
"674","ran674.hdr.39",0.000150899999999999
"674","ran674.hdr.4",-0.0016743
"674","ran674.hdr.40",-0.00035147
"674","ran674.hdr.41",-0.0028342
"674","ran674.hdr.42",-0.000228000000000001
"674","ran674.hdr.43",-0.000270000000000001
"674","ran674.hdr.44",-0.00045368
"674","ran674.hdr.45",-0.0011708
"674","ran674.hdr.46",0.00012032
"674","ran674.hdr.47",-0.00022893
"674","ran674.hdr.48",-0.0006896
"674","ran674.hdr.49",-0.000164299999999999
"674","ran674.hdr.5",-0.002115
"674","ran674.hdr.51",-0.000137030000000001
"674","ran674.hdr.52",-0.000597800000000001
"674","ran674.hdr.53",-0.0010529
"674","ran674.hdr.54",-0.0005466
"674","ran674.hdr.55",-0.000324099999999999
"674","ran674.hdr.56",0.000498500000000002
"674","ran674.hdr.57",0.0000612000000000008
"674","ran674.hdr.58",-0.000376000000000001
"674","ran674.hdr.59",-0.000834999999999999
"674","ran674.hdr.6",-0.000443959999999998
"674","ran674.hdr.60",-0.0010444
"674","ran674.hdr.61",-0.000768900000000003
"674","ran674.hdr.62",-0.0007215
"674","ran674.hdr.63",-0.000700800000000001
"674","ran674.hdr.64",-0.0007443
"674","ran674.hdr.65",-0.000256100000000002
"674","ran674.hdr.66",-0.0000461999999999997
"674","ran674.hdr.67",-0.0002956
"674","ran674.hdr.68",-0.000559999999999998
"674","ran674.hdr.69",-0.0000844099999999996
"674","ran674.hdr.7",-0.000831800000000001
"674","ran674.hdr.70",-0.0012116
"674","ran674.hdr.71",-0.000590700000000003
"674","ran674.hdr.72",-0.00033557
"674","ran674.hdr.73",0.000299700000000002
"674","ran674.hdr.74",-0.000251100000000001
"674","ran674.hdr.75",-0.0016911
"674","ran674.hdr.76",-0.0007968
"674","ran674.hdr.77",-0.000427199999999999
"674","ran674.hdr.78",-0.0046933
"674","ran674.hdr.8",-0.00168994
"674","ran674.hdr.9",-0.0002307
"675","ran675.hdr.1",-0.0000923999999999994
"675","ran675.hdr.10",-0.00337548
"675","ran675.hdr.11",-0.000229759999999999
"675","ran675.hdr.12",0.000488500000000001
"675","ran675.hdr.13",-0.000128
"675","ran675.hdr.14",-0.000392959999999999
"675","ran675.hdr.15",-0.0008879
"675","ran675.hdr.16",0.000125799999999999
"675","ran675.hdr.17",-0.00016992
"675","ran675.hdr.18",-0.000547299999999997
"675","ran675.hdr.19",-0.0001224
"675","ran675.hdr.2",-0.0008068
"675","ran675.hdr.20",-0.0008815
"675","ran675.hdr.21",-0.0007302
"675","ran675.hdr.22",-0.00034462
"675","ran675.hdr.23",-0.000710000000000002
"675","ran675.hdr.24",0.00000735000000000015
"675","ran675.hdr.25",0.0001712
"675","ran675.hdr.26",-0.0015342
"675","ran675.hdr.27",-0.000771500000000001
"675","ran675.hdr.28",-0.000110299999999999
"675","ran675.hdr.29",-0.0016281
"675","ran675.hdr.3",-0.0027813
"675","ran675.hdr.30",-0.000267669999999999
"675","ran675.hdr.31",-0.0023372
"675","ran675.hdr.32",-0.0019613
"675","ran675.hdr.33",-0.000478900000000001
"675","ran675.hdr.34",-0.0018523
"675","ran675.hdr.35",-0.000968999999999999
"675","ran675.hdr.36",-0.0004972
"675","ran675.hdr.37",-0.000399060000000001
"675","ran675.hdr.38",-0.000340940000000001
"675","ran675.hdr.39",0.000290439999999999
"675","ran675.hdr.4",-0.0003713
"675","ran675.hdr.40",-0.0003076
"675","ran675.hdr.41",-0.001739
"675","ran675.hdr.42",-0.000080199999999999
"675","ran675.hdr.43",0.0000297000000000006
"675","ran675.hdr.44",-0.0028342
"675","ran675.hdr.45",-0.0017799
"675","ran675.hdr.46",-0.00074314
"675","ran675.hdr.47",0.00058626
"675","ran675.hdr.48",-0.000879130000000001
"675","ran675.hdr.49",0.000143500000000001
"675","ran675.hdr.5",-0.000617699999999999
"675","ran675.hdr.50",0.0001256
"675","ran675.hdr.51",-0.00061173
"675","ran675.hdr.52",-0.00013051
"675","ran675.hdr.53",-0.0010844
"675","ran675.hdr.57",-0.0007711
"675","ran675.hdr.58",-0.0004551
"675","ran675.hdr.59",-0.0000202999999999991
"675","ran675.hdr.6",-0.000511400000000002
"675","ran675.hdr.60",-0.0017637
"675","ran675.hdr.61",-0.00039517
"675","ran675.hdr.62",-0.000763170000000001
"675","ran675.hdr.63",-0.000746799999999999
"675","ran675.hdr.64",0.0007899
"675","ran675.hdr.65",-0.0014755
"675","ran675.hdr.66",-0.00016
"675","ran675.hdr.67",-0.0023928
"675","ran675.hdr.68",-0.0000303999999999999
"675","ran675.hdr.69",-0.000771000000000001
"675","ran675.hdr.7",-0.00163709
"675","ran675.hdr.70",-0.0007443
"675","ran675.hdr.71",-0.0001492
"675","ran675.hdr.72",-0.0038792
"675","ran675.hdr.73",-0.0011097
"675","ran675.hdr.74",-0.000057999999999999
"675","ran675.hdr.75",-0.000471699999999999
"675","ran675.hdr.76",-0.0021382
"675","ran675.hdr.77",-0.0014027
"675","ran675.hdr.78",-0.0030586
"675","ran675.hdr.8",NA
"675","ran675.hdr.9",-0.0041514
"676","ran676.hdr.1",-0.0004633
"676","ran676.hdr.10",-0.00024783
"676","ran676.hdr.11",0.000283200000000001
"676","ran676.hdr.12",0.000331389999999999
"676","ran676.hdr.13",-0.000534900000000001
"676","ran676.hdr.14",-0.00016992
"676","ran676.hdr.15",-0.000419360000000001
"676","ran676.hdr.16",0.000264149999999999
"676","ran676.hdr.17",-0.0005371
"676","ran676.hdr.18",-0.000217070000000001
"676","ran676.hdr.19",-0.000477
"676","ran676.hdr.2",-0.0003622
"676","ran676.hdr.20",-0.0000854700000000007
"676","ran676.hdr.21",-0.0000234100000000002
"676","ran676.hdr.22",-0.0012923
"676","ran676.hdr.23",-0.0018782
"676","ran676.hdr.24",-0.0011619
"676","ran676.hdr.25",-0.0005983
"676","ran676.hdr.26",-0.000167799999999999
"676","ran676.hdr.27",0.0006418
"676","ran676.hdr.28",-0.000334900000000003
"676","ran676.hdr.29",-0.000013599999999999
"676","ran676.hdr.3",-0.000220599999999998
"676","ran676.hdr.30",-0.000898699999999999
"676","ran676.hdr.31",0.0000737099999999994
"676","ran676.hdr.32",-0.000576
"676","ran676.hdr.33",-0.00029554
"676","ran676.hdr.34",0.0000141299999999994
"676","ran676.hdr.35",-0.00018725
"676","ran676.hdr.36",-0.000875799999999999
"676","ran676.hdr.37",-0.00110569
"676","ran676.hdr.38",-0.0034999
"676","ran676.hdr.39",-0.000359199999999999
"676","ran676.hdr.4",-0.000621999999999998
"676","ran676.hdr.40",-0.000295699999999999
"676","ran676.hdr.41",-0.0013695
"676","ran676.hdr.42",-0.00023078
"676","ran676.hdr.43",-0.00020889
"676","ran676.hdr.44",-0.000844599999999997
"676","ran676.hdr.45",-0.000429500000000003
"676","ran676.hdr.46",-0.0023505
"676","ran676.hdr.47",-0.000207300000000001
"676","ran676.hdr.48",-0.000522199999999999
"676","ran676.hdr.49",-0.0022371
"676","ran676.hdr.5",-0.0018023
"676","ran676.hdr.50",-0.000313399999999998
"676","ran676.hdr.51",0.00016297
"676","ran676.hdr.52",-0.00035604
"676","ran676.hdr.53",-0.00000727000000000019
"676","ran676.hdr.54",-0.00013051
"676","ran676.hdr.55",0.0000568604
"676","ran676.hdr.56",-0.00025195
"676","ran676.hdr.57",-0.0010844
"676","ran676.hdr.59",-0.000448199999999999
"676","ran676.hdr.6",-0.0000965999999999988
"676","ran676.hdr.60",-0.00015495
"676","ran676.hdr.61",-0.0010529
"676","ran676.hdr.62",-0.00685775
"676","ran676.hdr.63",0.000078700000000001
"676","ran676.hdr.64",-0.0002054
"676","ran676.hdr.65",-0.00000239999999999962
"676","ran676.hdr.66",-0.000781200000000003
"676","ran676.hdr.67",-0.0015961
"676","ran676.hdr.68",0.0001846
"676","ran676.hdr.69",-0.000140899999999999
"676","ran676.hdr.7",-0.0031124
"676","ran676.hdr.70",-0.00038061
"676","ran676.hdr.71",-0.0000205499999999994
"676","ran676.hdr.72",-0.0027704
"676","ran676.hdr.73",-0.001624
"676","ran676.hdr.74",-0.0013862
"676","ran676.hdr.75",-0.0011457
"676","ran676.hdr.76",-0.000584000000000001
"676","ran676.hdr.77",-0.000457200000000001
"676","ran676.hdr.78",-0.004726
"676","ran676.hdr.8",-0.0013379
"676","ran676.hdr.9",-0.00017375
"677","ran677.hdr.1",-0.0014858
"677","ran677.hdr.10",0.0000855000000000005
"677","ran677.hdr.11",0.0000170000000000014
"677","ran677.hdr.12",0.00022001
"677","ran677.hdr.13",-0.0011243
"677","ran677.hdr.14",-0.000506029999999999
"677","ran677.hdr.15",-0.0005171
"677","ran677.hdr.16",-0.0002021
"677","ran677.hdr.17",-0.0012923
"677","ran677.hdr.18",-0.000381349999999999
"677","ran677.hdr.19",-0.000130699999999999
"677","ran677.hdr.2",0.00069375
"677","ran677.hdr.20",-0.0017655
"677","ran677.hdr.21",-0.000438299999999999
"677","ran677.hdr.22",-0.0008182
"677","ran677.hdr.23",-0.0017045
"677","ran677.hdr.24",-0.000846699999999999
"677","ran677.hdr.25",-0.0084394
"677","ran677.hdr.26",-0.002999
"677","ran677.hdr.27",-0.000347700000000001
"677","ran677.hdr.28",0.0000686800000000007
"677","ran677.hdr.29",-0.00022523
"677","ran677.hdr.3",-0.0012446
"677","ran677.hdr.30",-0.000777899999999998
"677","ran677.hdr.31",-0.0010093
"677","ran677.hdr.32",0.00045398
"677","ran677.hdr.33",-0.00510713
"677","ran677.hdr.34",-0.0018392
"677","ran677.hdr.35",-0.0009332
"677","ran677.hdr.36",-0.000409099999999999
"677","ran677.hdr.37",-0.000281700000000001
"677","ran677.hdr.38",-0.00017519
"677","ran677.hdr.39",-0.000125399999999999
"677","ran677.hdr.4",NA
"677","ran677.hdr.40",0.000158699999999998
"677","ran677.hdr.41",-0.000472420000000001
"677","ran677.hdr.42",-0.000643399999999999
"677","ran677.hdr.43",-0.000908200000000001
"677","ran677.hdr.44",-0.0001861
"677","ran677.hdr.45",0.00012679
"677","ran677.hdr.46",0.000121899999999999
"677","ran677.hdr.47",0.0000530699999999997
"677","ran677.hdr.48",-0.000434999999999998
"677","ran677.hdr.49",-0.000551949999999999
"677","ran677.hdr.5",-0.0030588
"677","ran677.hdr.50",-0.0004831
"677","ran677.hdr.51",-0.0000584000000000001
"677","ran677.hdr.52",-0.00155443
"677","ran677.hdr.53",0.000032840000000001
"677","ran677.hdr.54",-0.0000622399999999999
"677","ran677.hdr.55",-0.00000773000000000006
"677","ran677.hdr.56",-0.00011027
"677","ran677.hdr.57",-0.000972200000000003
"677","ran677.hdr.58",0.000223899999999999
"677","ran677.hdr.59",-0.00040313
"677","ran677.hdr.6",-0.0028275
"677","ran677.hdr.60",-0.0003154
"677","ran677.hdr.61",-0.00274956
"677","ran677.hdr.62",-0.000557700000000001
"677","ran677.hdr.63",-0.00000239999999999962
"677","ran677.hdr.64",-0.0012548
"677","ran677.hdr.65",-0.0013509
"677","ran677.hdr.66",0.0011724
"677","ran677.hdr.67",-0.0003382
"677","ran677.hdr.68",0.0000502999999999997
"677","ran677.hdr.69",-0.0017742
"677","ran677.hdr.7",-0.0109775
"677","ran677.hdr.70",0.00029028
"677","ran677.hdr.71",-0.000955899999999999
"677","ran677.hdr.72",-0.0003088
"677","ran677.hdr.73",-0.0010769
"677","ran677.hdr.74",0.000132810000000001
"677","ran677.hdr.75",-0.0002688
"677","ran677.hdr.76",-0.0020758
"677","ran677.hdr.77",-0.0010666
"677","ran677.hdr.78",-0.0018567
"677","ran677.hdr.8",-0.0038016
"677","ran677.hdr.9",-0.000461899999999998
"678","ran678.hdr.1",0.00012849
"678","ran678.hdr.10",-0.0010879
"678","ran678.hdr.11",-0.00036517
"678","ran678.hdr.12",-0.000320599999999999
"678","ran678.hdr.13",-0.000554099999999998
"678","ran678.hdr.14",0.000354209999999999
"678","ran678.hdr.15",-0.000416400000000001
"678","ran678.hdr.16",-0.0004314
"678","ran678.hdr.17",-0.0001574
"678","ran678.hdr.18",-0.0025625
"678","ran678.hdr.19",-0.0016211
"678","ran678.hdr.2",0.000021011
"678","ran678.hdr.20",-0.0007279
"678","ran678.hdr.21",-0.000288400000000001
"678","ran678.hdr.22",-0.000288800000000001
"678","ran678.hdr.23",-0.00019801
"678","ran678.hdr.24",-0.0000960500000000003
"678","ran678.hdr.25",-0.000249299999999999
"678","ran678.hdr.26",-0.00046126
"678","ran678.hdr.27",0.000159899999999999
"678","ran678.hdr.28",0.0000141299999999994
"678","ran678.hdr.29",-0.0014576
"678","ran678.hdr.3",-0.00449763
"678","ran678.hdr.30",-0.0025053
"678","ran678.hdr.31",0.00010941
"678","ran678.hdr.32",-0.0000137999999999978
"678","ran678.hdr.33",0.0000193999999999993
"678","ran678.hdr.34",-0.0018962
"678","ran678.hdr.35",-0.0005558
"678","ran678.hdr.36",-0.00032408
"678","ran678.hdr.37",-0.000435399999999999
"678","ran678.hdr.38",0.000166100000000001
"678","ran678.hdr.39",-0.0007116
"678","ran678.hdr.4",-0.0019788
"678","ran678.hdr.40",-0.0014027
"678","ran678.hdr.41",-0.001986
"678","ran678.hdr.42",-0.000569900000000002
"678","ran678.hdr.43",0.000601300000000001
"678","ran678.hdr.44",-0.0010777
"678","ran678.hdr.45",-0.000692699999999999
"678","ran678.hdr.46",0.000189099999999999
"678","ran678.hdr.47",-0.000034158
"678","ran678.hdr.48",0.00015401
"678","ran678.hdr.49",-0.00004207
"678","ran678.hdr.5",-0.00017145
"678","ran678.hdr.50",-0.000133000000000001
"678","ran678.hdr.51",-0.000749
"678","ran678.hdr.52",0.000027885
"678","ran678.hdr.53",-0.00074359
"678","ran678.hdr.54",0.000102699999999999
"678","ran678.hdr.55",-0.00029187
"678","ran678.hdr.56",-0.000932299999999999
"678","ran678.hdr.57",-0.000189099999999999
"678","ran678.hdr.59",-0.0001829
"678","ran678.hdr.6",-0.0013659
"678","ran678.hdr.60",-0.00016504
"678","ran678.hdr.61",-0.00015495
"678","ran678.hdr.62",0.000575559999999999
"678","ran678.hdr.63",-0.001222
"678","ran678.hdr.64",-0.01281643
"678","ran678.hdr.65",0.000324999999999999
"678","ran678.hdr.66",-0.00017847
"678","ran678.hdr.67",-0.000508999999999999
"678","ran678.hdr.68",0.000199399999999999
"678","ran678.hdr.69",-0.000604199999999999
"678","ran678.hdr.7",-0.0000556999999999988
"678","ran678.hdr.70",-0.0013204
"678","ran678.hdr.71",-0.000674876
"678","ran678.hdr.72",-0.0023436
"678","ran678.hdr.73",-0.0000338000000000005
"678","ran678.hdr.74",-0.000112899999999999
"678","ran678.hdr.75",-0.000955899999999999
"678","ran678.hdr.76",-0.0003563
"678","ran678.hdr.77",-0.0001966
"678","ran678.hdr.78",0.000203477
"678","ran678.hdr.8",-0.0006119
"678","ran678.hdr.9",0.000283200000000001
"679","ran679.hdr.1",-0.0014785
"679","ran679.hdr.10",NA
"679","ran679.hdr.11",-0.000807199999999999
"679","ran679.hdr.12",0.00000845800000000001
"679","ran679.hdr.13",0.000087499999999999
"679","ran679.hdr.14",-0.000320800000000001
"679","ran679.hdr.15",-0.000118400000000001
"679","ran679.hdr.16",-0.000540199999999999
"679","ran679.hdr.17",-0.0008561
"679","ran679.hdr.18",-0.0000488000000000016
"679","ran679.hdr.19",-0.0018782
"679","ran679.hdr.2",0.000411469999999999
"679","ran679.hdr.20",0.0005317
"679","ran679.hdr.21",0.000494990000000001
"679","ran679.hdr.22",-0.000410499999999999
"679","ran679.hdr.23",0.0003044
"679","ran679.hdr.24",-0.000397499999999999
"679","ran679.hdr.25",-0.0010173
"679","ran679.hdr.26",-0.0007279
"679","ran679.hdr.27",-0.0010873
"679","ran679.hdr.28",-0.00019801
"679","ran679.hdr.29",-0.000327499999999998
"679","ran679.hdr.3",-0.0001899
"679","ran679.hdr.30",-0.000686299999999999
"679","ran679.hdr.31",-0.00044134
"679","ran679.hdr.32",-0.000450470000000001
"679","ran679.hdr.33",-0.00033577
"679","ran679.hdr.34",-0.000735299999999998
"679","ran679.hdr.35",-0.000435399999999999
"679","ran679.hdr.36",-0.00011024
"679","ran679.hdr.37",-0.000247559999999999
"679","ran679.hdr.38",-0.0013356
"679","ran679.hdr.39",0.0000173000000000013
"679","ran679.hdr.4",0.00015914
"679","ran679.hdr.40",-0.0010275
"679","ran679.hdr.41",-0.0037192
"679","ran679.hdr.42",-0.0070655
"679","ran679.hdr.43",-0.000180100000000001
"679","ran679.hdr.44",-0.0072374
"679","ran679.hdr.45",-0.0009668
"679","ran679.hdr.46",-0.00031891
"679","ran679.hdr.47",-0.000369599999999999
"679","ran679.hdr.48",-0.0013645
"679","ran679.hdr.49",0.0000982199999999996
"679","ran679.hdr.5",-0.0017379
"679","ran679.hdr.50",-0.00022118
"679","ran679.hdr.51",0.00006295
"679","ran679.hdr.52",-0.000244299999999999
"679","ran679.hdr.54",-0.000126399999999999
"679","ran679.hdr.55",-0.0005766
"679","ran679.hdr.56",-0.0000596800000000012
"679","ran679.hdr.57",-0.000270299999999998
"679","ran679.hdr.58",0.0000675999999999993
"679","ran679.hdr.59",-0.000737700000000001
"679","ran679.hdr.6",-0.005219
"679","ran679.hdr.60",-0.0011376
"679","ran679.hdr.61",0.0000525999999999999
"679","ran679.hdr.62",0.000170999999999999
"679","ran679.hdr.63",-0.0025664
"679","ran679.hdr.64",-0.0014307
"679","ran679.hdr.65",-0.0028671
"679","ran679.hdr.66",-0.0015557
"679","ran679.hdr.67",-0.000112899999999999
"679","ran679.hdr.68",-0.0012556
"679","ran679.hdr.69",-0.0008768
"679","ran679.hdr.7",-0.0013379
"679","ran679.hdr.70",-0.00093906
"679","ran679.hdr.71",0.00044424
"679","ran679.hdr.72",0.0002523
"679","ran679.hdr.73",-0.0024365
"679","ran679.hdr.74",-0.0005033
"679","ran679.hdr.75",0.00037328
"679","ran679.hdr.76",-0.0011097
"679","ran679.hdr.77",-0.0000844099999999996
"679","ran679.hdr.78",-0.000766199999999998
"679","ran679.hdr.8",-0.00056426
"679","ran679.hdr.9",-0.000437670000000001
"680","ran680.hdr.1",0.000331560000000002
"680","ran680.hdr.10",-0.0015955
"680","ran680.hdr.11",-0.0008815
"680","ran680.hdr.12",-0.000988359999999999
"680","ran680.hdr.13",-0.00026025
"680","ran680.hdr.14",-0.0000269599999999999
"680","ran680.hdr.15",-0.0002725
"680","ran680.hdr.16",-0.0002249
"680","ran680.hdr.17",-0.0013228
"680","ran680.hdr.18",-0.0016952
"680","ran680.hdr.19",-0.001862
"680","ran680.hdr.2",0.0000508000000000002
"680","ran680.hdr.20",-0.0002991
"680","ran680.hdr.21",-0.0008389
"680","ran680.hdr.22",-0.0004084
"680","ran680.hdr.23",-0.000310299999999999
"680","ran680.hdr.24",-0.0012418
"680","ran680.hdr.25",-0.0058339
"680","ran680.hdr.26",-0.000803359999999999
"680","ran680.hdr.27",-0.000844900000000001
"680","ran680.hdr.28",-0.0018962
"680","ran680.hdr.29",-0.0004212
"680","ran680.hdr.3",-0.00163709
"680","ran680.hdr.30",-0.00073436
"680","ran680.hdr.31",-0.000316499999999999
"680","ran680.hdr.32",-0.0000700600000000003
"680","ran680.hdr.33",-0.0019144
"680","ran680.hdr.34",-0.0023716
"680","ran680.hdr.35",0.00018497
"680","ran680.hdr.36",-0.000499899999999998
"680","ran680.hdr.37",0.000217800000000001
"680","ran680.hdr.38",-0.0005363
"680","ran680.hdr.39",-0.000113099999999998
"680","ran680.hdr.4",-0.00246744
"680","ran680.hdr.40",-0.0018642
"680","ran680.hdr.41",-0.000218300000000001
"680","ran680.hdr.42",-0.0076935
"680","ran680.hdr.43",-0.000153199999999999
"680","ran680.hdr.44",0.0005877
"680","ran680.hdr.45",0.0000832000000000003
"680","ran680.hdr.46",0.000188299999999999
"680","ran680.hdr.47",-0.00017032
"680","ran680.hdr.48",-0.000226
"680","ran680.hdr.49",-0.0000128000000000003
"680","ran680.hdr.5",-0.0044797
"680","ran680.hdr.50",0.00025886
"680","ran680.hdr.51",-0.0019361
"680","ran680.hdr.52",-0.000551949999999999
"680","ran680.hdr.53",-0.000764300000000002
"680","ran680.hdr.54",-0.000643990000000001
"680","ran680.hdr.55",-0.00003125
"680","ran680.hdr.56",-0.000586400000000001
"680","ran680.hdr.57",0.00023036
"680","ran680.hdr.59",-0.0008126
"680","ran680.hdr.6",0.0000797799999999998
"680","ran680.hdr.60",-0.0068252
"680","ran680.hdr.61",-0.0011402
"680","ran680.hdr.62",-0.0014755
"680","ran680.hdr.63",-0.00018396
"680","ran680.hdr.64",-0.00018716
"680","ran680.hdr.65",-0.000959399999999999
"680","ran680.hdr.66",0.0005287
"680","ran680.hdr.67",-0.0013204
"680","ran680.hdr.68",-0.0005187
"680","ran680.hdr.69",-0.000794200000000002
"680","ran680.hdr.7",-0.00039892
"680","ran680.hdr.70",-0.001831
"680","ran680.hdr.71",-0.000949499999999999
"680","ran680.hdr.72",-0.000428600000000001
"680","ran680.hdr.73",-0.0013232
"680","ran680.hdr.74",-0.0003579
"680","ran680.hdr.75",-0.0000447299999999998
"680","ran680.hdr.76",-0.0046933
"680","ran680.hdr.77",-0.0010546
"680","ran680.hdr.78",-0.000802599999999999
"680","ran680.hdr.8",0.0000789059999999999
"680","ran680.hdr.9",-0.000681099999999999
"681","ran681.hdr.1",-0.0000923999999999994
"681","ran681.hdr.10",-0.001482
"681","ran681.hdr.11",-0.00061751
"681","ran681.hdr.12",-0.0012819
"681","ran681.hdr.13",-0.0007122
"681","ran681.hdr.14",-0.000612299999999998
"681","ran681.hdr.15",-0.000288400000000001
"681","ran681.hdr.16",-0.0003155
"681","ran681.hdr.17",-0.0004364
"681","ran681.hdr.18",-0.0007746
"681","ran681.hdr.19",-0.0000786399999999996
"681","ran681.hdr.2",-0.000511400000000002
"681","ran681.hdr.20",0.000779200000000001
"681","ran681.hdr.21",-0.000112000000000001
"681","ran681.hdr.22",-0.0000610900000000002
"681","ran681.hdr.23",-0.0113291
"681","ran681.hdr.24",-0.0004084
"681","ran681.hdr.25",-0.00019777
"681","ran681.hdr.26",-0.000310299999999999
"681","ran681.hdr.27",-0.000420199999999999
"681","ran681.hdr.28",-0.0000865999999999992
"681","ran681.hdr.29",-0.000468900000000001
"681","ran681.hdr.3",-0.003143
"681","ran681.hdr.30",-0.0001543
"681","ran681.hdr.31",0.0002343
"681","ran681.hdr.32",-0.00015038
"681","ran681.hdr.33",-0.00020328
"681","ran681.hdr.34",-0.0001264
"681","ran681.hdr.35",-0.0013621
"681","ran681.hdr.36",-0.000692499999999999
"681","ran681.hdr.37",0.0000149199999999999
"681","ran681.hdr.38",-0.000306899999999999
"681","ran681.hdr.39",-0.000206699999999999
"681","ran681.hdr.4",-0.0030667
"681","ran681.hdr.40",-0.0033085
"681","ran681.hdr.41",-0.0018642
"681","ran681.hdr.42",0.000256899999999999
"681","ran681.hdr.43",-0.000452599999999999
"681","ran681.hdr.44",0.000286600000000001
"681","ran681.hdr.45",0.0001598
"681","ran681.hdr.46",-0.000507800000000001
"681","ran681.hdr.47",-0.0076935
"681","ran681.hdr.48",-0.000392
"681","ran681.hdr.49",-0.00015647
"681","ran681.hdr.5",0.000151199999999999
"681","ran681.hdr.50",-0.00011554
"681","ran681.hdr.51",-0.0046284
"681","ran681.hdr.52",-0.0000566400000000002
"681","ran681.hdr.53",0.0003446
"681","ran681.hdr.55",-0.00095777
"681","ran681.hdr.56",0.0000455999999999998
"681","ran681.hdr.57",-0.0000835000000000002
"681","ran681.hdr.58",-0.00133806
"681","ran681.hdr.59",-0.000905110000000001
"681","ran681.hdr.6",-0.0002419
"681","ran681.hdr.60",-0.000487900000000003
"681","ran681.hdr.61",-0.0002284
"681","ran681.hdr.62",-0.0013776
"681","ran681.hdr.63",-0.000727199999999997
"681","ran681.hdr.64",-0.0005504
"681","ran681.hdr.65",-0.00045068
"681","ran681.hdr.66",-0.000445299999999999
"681","ran681.hdr.67",-0.0004418
"681","ran681.hdr.68",-0.00024505
"681","ran681.hdr.69",-0.0013792
"681","ran681.hdr.7",0.000157600000000001
"681","ran681.hdr.70",-0.000890599999999998
"681","ran681.hdr.71",-0.0007592
"681","ran681.hdr.72",-0.000121600000000001
"681","ran681.hdr.73",-0.0000157000000000004
"681","ran681.hdr.74",-0.000424799999999999
"681","ran681.hdr.75",-0.000818700000000002
"681","ran681.hdr.76",-0.000607819999999999
"681","ran681.hdr.77",0.00023438
"681","ran681.hdr.78",-0.00028371
"681","ran681.hdr.8",-0.0006719
"681","ran681.hdr.9",-0.000911199999999997
"682","ran682.hdr.1",-0.000905800000000002
"682","ran682.hdr.10",-0.0000622000000000001
"682","ran682.hdr.11",-0.0000506599999999992
"682","ran682.hdr.12",0.0000675200000000006
"682","ran682.hdr.13",-0.00049628
"682","ran682.hdr.14",-0.0024928
"682","ran682.hdr.15",-0.0007861
"682","ran682.hdr.16",-0.000413999999999999
"682","ran682.hdr.17",-0.000253900000000001
"682","ran682.hdr.18",-0.00219838
"682","ran682.hdr.19",-0.0036419
"682","ran682.hdr.2",-0.000739499999999999
"682","ran682.hdr.20",-0.0001434
"682","ran682.hdr.21",-0.0001826
"682","ran682.hdr.22",-0.000968999999999999
"682","ran682.hdr.23",0.00020067
"682","ran682.hdr.24",-0.00046567
"682","ran682.hdr.25",-0.000507200000000003
"682","ran682.hdr.26",-0.0000862999999999975
"682","ran682.hdr.27",-0.000768999999999999
"682","ran682.hdr.28",-0.0005269
"682","ran682.hdr.29",NA
"682","ran682.hdr.3",-0.0004317
"682","ran682.hdr.30",-0.000392100000000001
"682","ran682.hdr.31",-0.0014463
"682","ran682.hdr.32",-0.0014927
"682","ran682.hdr.33",0.000527199999999999
"682","ran682.hdr.34",-0.000522599999999998
"682","ran682.hdr.35",-0.00112666
"682","ran682.hdr.36",-0.0012115
"682","ran682.hdr.37",-0.000730900000000001
"682","ran682.hdr.38",-0.00081
"682","ran682.hdr.39",-0.000569900000000002
"682","ran682.hdr.4",-0.0004437
"682","ran682.hdr.40",0.0004708
"682","ran682.hdr.41",0.0000681499999999995
"682","ran682.hdr.42",0.0000833999999999991
"682","ran682.hdr.43",-0.000315939999999999
"682","ran682.hdr.44",-0.000404599999999998
"682","ran682.hdr.45",-0.000343609999999999
"682","ran682.hdr.46",0.0003786
"682","ran682.hdr.47",-0.00074359
"682","ran682.hdr.48",-0.00055
"682","ran682.hdr.49",-0.00018672
"682","ran682.hdr.5",-0.0025737
"682","ran682.hdr.50",0.0000771000000000001
"682","ran682.hdr.51",-0.00022893
"682","ran682.hdr.52",-0.0040008
"682","ran682.hdr.53",-0.0002933
"682","ran682.hdr.54",-0.0002454
"682","ran682.hdr.55",-0.0000788000000000004
"682","ran682.hdr.56",-0.000694199999999999
"682","ran682.hdr.57",-0.000268600000000001
"682","ran682.hdr.58",-0.0000163000000000003
"682","ran682.hdr.59",-0.00017452
"682","ran682.hdr.6",-0.0014125
"682","ran682.hdr.60",-0.000763170000000001
"682","ran682.hdr.61",-0.0001548
"682","ran682.hdr.62",-0.000556319999999999
"682","ran682.hdr.63",-0.0011268
"682","ran682.hdr.64",-0.0011402
"682","ran682.hdr.65",-0.0021686
"682","ran682.hdr.66",-0.000350800000000002
"682","ran682.hdr.67",-0.000404369999999999
"682","ran682.hdr.68",-0.0011658
"682","ran682.hdr.69",-0.000157000000000001
"682","ran682.hdr.7",-0.0013379
"682","ran682.hdr.70",-0.000432600000000002
"682","ran682.hdr.71",-0.000649899999999998
"682","ran682.hdr.72",-0.0012473
"682","ran682.hdr.73",-0.0007366
"682","ran682.hdr.74",-0.000676700000000002
"682","ran682.hdr.75",0.000584100000000001
"682","ran682.hdr.76",-0.0007595
"682","ran682.hdr.77",-0.000678990000000001
"682","ran682.hdr.78",-0.0015052
"682","ran682.hdr.8",-0.000197699999999999
"682","ran682.hdr.9",-0.0010879
"683","ran683.hdr.1",-0.000175400000000001
"683","ran683.hdr.10",0.000399500000000001
"683","ran683.hdr.11",-0.000239100000000003
"683","ran683.hdr.12",-0.0008751
"683","ran683.hdr.13",-0.000785500000000001
"683","ran683.hdr.14",0.000174039999999999
"683","ran683.hdr.15",-0.000846699999999999
"683","ran683.hdr.16",-0.000352700000000001
"683","ran683.hdr.17",-0.000518899999999999
"683","ran683.hdr.18",-0.000890400000000001
"683","ran683.hdr.19",-0.0004121
"683","ran683.hdr.2",0.000220700000000001
"683","ran683.hdr.20",-0.0016027
"683","ran683.hdr.21",-0.00046126
"683","ran683.hdr.22",-0.0006008
"683","ran683.hdr.23",0.00017261
"683","ran683.hdr.24",-0.000213520000000001
"683","ran683.hdr.25",-0.00035023
"683","ran683.hdr.26",0.000353800000000001
"683","ran683.hdr.27",0.000035033
"683","ran683.hdr.28",-0.00036563
"683","ran683.hdr.29",-0.0006827
"683","ran683.hdr.3",-0.000849200000000001
"683","ran683.hdr.30",-0.00017519
"683","ran683.hdr.31",0.000381299999999999
"683","ran683.hdr.32",-0.0010775
"683","ran683.hdr.33",-0.0010094
"683","ran683.hdr.34",-0.0001264
"683","ran683.hdr.35",-0.000666099999999999
"683","ran683.hdr.36",-0.000583800000000001
"683","ran683.hdr.37",-0.000707100000000002
"683","ran683.hdr.38",-0.0001466
"683","ran683.hdr.39",-0.0010777
"683","ran683.hdr.4",0.000128399999999997
"683","ran683.hdr.40",0.000542899999999999
"683","ran683.hdr.41",-0.000743199999999999
"683","ran683.hdr.42",-0.004276
"683","ran683.hdr.43",-0.000408800000000001
"683","ran683.hdr.44",-0.000691199999999999
"683","ran683.hdr.45",-0.0016606
"683","ran683.hdr.46",-0.00384145
"683","ran683.hdr.47",-0.0004037
"683","ran683.hdr.48",-0.000652820000000001
"683","ran683.hdr.49",-0.000395
"683","ran683.hdr.5",-0.0014416
"683","ran683.hdr.50",-0.000227100000000001
"683","ran683.hdr.51",0.000486400000000001
"683","ran683.hdr.52",0.0001355
"683","ran683.hdr.53",-0.000999000000000003
"683","ran683.hdr.54",-0.000967699999999998
"683","ran683.hdr.55",0.0000455999999999998
"683","ran683.hdr.56",-0.0022371
"683","ran683.hdr.57",-0.00133806
"683","ran683.hdr.58",-0.0011067
"683","ran683.hdr.59",-0.01281643
"683","ran683.hdr.6",-0.0017379
"683","ran683.hdr.60",0.0000100400000000002
"683","ran683.hdr.61",-0.0010749
"683","ran683.hdr.62",-0.00056939
"683","ran683.hdr.63",-0.000854299999999999
"683","ran683.hdr.64",0.000246400000000001
"683","ran683.hdr.65",-0.00672884
"683","ran683.hdr.66",-0.0023424
"683","ran683.hdr.67",-0.0011562
"683","ran683.hdr.68",-0.00163488
"683","ran683.hdr.69",-0.000521599999999999
"683","ran683.hdr.7",0.0000479499999999997
"683","ran683.hdr.70",0.000111
"683","ran683.hdr.71",0.00049861
"683","ran683.hdr.72",0.000268299999999999
"683","ran683.hdr.73",-0.000454899999999998
"683","ran683.hdr.74",-0.0001911
"683","ran683.hdr.75",-0.000443599999999999
"683","ran683.hdr.76",-0.0032902
"683","ran683.hdr.77",-0.00028371
"683","ran683.hdr.78",-0.000318599999999999
"683","ran683.hdr.8",-0.00033059
"683","ran683.hdr.9",-0.0000232874
"684","ran684.hdr.1",-0.000224699999999998
"684","ran684.hdr.10",-0.0000990000000000019
"684","ran684.hdr.11",-0.00062684
"684","ran684.hdr.12",0.0006018
"684","ran684.hdr.13",-0.000262800000000001
"684","ran684.hdr.14",-0.000864889999999999
"684","ran684.hdr.15",-0.000732400000000001
"684","ran684.hdr.16",-0.0006205
"684","ran684.hdr.17",-0.0014774
"684","ran684.hdr.18",-0.0015342
"684","ran684.hdr.19",-0.000416699999999999
"684","ran684.hdr.2",0.000367099999999999
"684","ran684.hdr.20",0.000813399999999999
"684","ran684.hdr.21",-0.0005906
"684","ran684.hdr.22",0.000130460000000001
"684","ran684.hdr.23",-0.0021104
"684","ran684.hdr.24",-0.000458800000000001
"684","ran684.hdr.25",-0.000013599999999999
"684","ran684.hdr.26",-0.0000276999999999986
"684","ran684.hdr.27",-0.0001311
"684","ran684.hdr.28",-0.000397000000000002
"684","ran684.hdr.29",0.0001978
"684","ran684.hdr.3",-0.0051096
"684","ran684.hdr.30",-0.00069205
"684","ran684.hdr.31",-0.0002793
"684","ran684.hdr.32",-0.0014834
"684","ran684.hdr.33",-0.000478900000000001
"684","ran684.hdr.34",-0.000023421
"684","ran684.hdr.35",0.0001592
"684","ran684.hdr.36",0.0001668
"684","ran684.hdr.37",-0.0002614
"684","ran684.hdr.38",0.0001256
"684","ran684.hdr.39",-0.0016134
"684","ran684.hdr.4",-0.00013425
"684","ran684.hdr.40",-0.0002392
"684","ran684.hdr.41",-0.0029633
"684","ran684.hdr.42",-0.0012169
"684","ran684.hdr.43",-0.002897
"684","ran684.hdr.44",-0.000560139999999999
"684","ran684.hdr.45",-0.00027166
"684","ran684.hdr.46",-0.00328849
"684","ran684.hdr.47",-0.0018136
"684","ran684.hdr.48",-0.0030547
"684","ran684.hdr.49",-0.01768098
"684","ran684.hdr.5",-0.000128
"684","ran684.hdr.50",0.0000691835
"684","ran684.hdr.51",0.0001631
"684","ran684.hdr.52",-0.00045368
"684","ran684.hdr.53",-0.00013051
"684","ran684.hdr.54",-0.0000283000000000002
"684","ran684.hdr.55",-0.00111662
"684","ran684.hdr.56",-0.000787200000000002
"684","ran684.hdr.58",-0.0003339
"684","ran684.hdr.59",-0.00095777
"684","ran684.hdr.6",-0.00056426
"684","ran684.hdr.60",-0.000455400000000002
"684","ran684.hdr.61",0.00063302
"684","ran684.hdr.62",-0.0012438
"684","ran684.hdr.63",NA
"684","ran684.hdr.64",-0.01185206
"684","ran684.hdr.65",0.0000522999999999999
"684","ran684.hdr.66",-0.000567400000000001
"684","ran684.hdr.67",0.000230500000000002
"684","ran684.hdr.68",-0.0005504
"684","ran684.hdr.69",-0.000794200000000002
"684","ran684.hdr.7",-0.000392959999999999
"684","ran684.hdr.70",-0.001831
"684","ran684.hdr.71",-0.0006002
"684","ran684.hdr.72",-0.0006286
"684","ran684.hdr.73",-0.000282660000000001
"684","ran684.hdr.74",-0.0013232
"684","ran684.hdr.75",-0.0017992
"684","ran684.hdr.76",-0.0003368
"684","ran684.hdr.77",-0.0014027
"684","ran684.hdr.78",0.0004966
"684","ran684.hdr.8",-0.00036672
"684","ran684.hdr.9",-0.000554099999999998
"685","ran685.hdr.1",-0.000195000000000001
"685","ran685.hdr.10",0.0000174000000000007
"685","ran685.hdr.11",-0.000349700000000001
"685","ran685.hdr.12",-0.0000622000000000001
"685","ran685.hdr.13",-0.000320599999999999
"685","ran685.hdr.14",-0.0015955
"685","ran685.hdr.15",-0.0003137
"685","ran685.hdr.16",-0.0000977999999999986
"685","ran685.hdr.17",-0.000416400000000001
"685","ran685.hdr.18",-0.0004884
"685","ran685.hdr.19",-0.000206000000000001
"685","ran685.hdr.2",-0.000279100000000001
"685","ran685.hdr.20",-0.0008182
"685","ran685.hdr.21",-0.000598599999999998
"685","ran685.hdr.22",-0.00032068
"685","ran685.hdr.23",-0.000257510000000001
"685","ran685.hdr.24",-0.0028616
"685","ran685.hdr.25",-0.000515720000000001
"685","ran685.hdr.26",0.0000634299999999997
"685","ran685.hdr.27",-0.0014853
"685","ran685.hdr.28",0.0012015
"685","ran685.hdr.29",-0.0000805300000000005
"685","ran685.hdr.3",-0.0016743
"685","ran685.hdr.30",-0.0011573
"685","ran685.hdr.31",-0.000780199999999998
"685","ran685.hdr.32",-0.000236569999999998
"685","ran685.hdr.33",-0.00087039
"685","ran685.hdr.34",-0.0003032
"685","ran685.hdr.35",-0.000154000000000001
"685","ran685.hdr.36",-0.0006827
"685","ran685.hdr.37",0.00003065
"685","ran685.hdr.38",-0.00015038
"685","ran685.hdr.39",0.0001668
"685","ran685.hdr.4",-0.00010781
"685","ran685.hdr.40",-0.000214700000000002
"685","ran685.hdr.41",-0.000575500000000001
"685","ran685.hdr.42",-0.00026
"685","ran685.hdr.43",0.000214299999999999
"685","ran685.hdr.44",0.000135380000000001
"685","ran685.hdr.45",-0.0010616
"685","ran685.hdr.46",-0.0002384
"685","ran685.hdr.47",-0.00641689
"685","ran685.hdr.48",0.0000839000000000013
"685","ran685.hdr.49",-0.001384
"685","ran685.hdr.5",-0.0001004
"685","ran685.hdr.50",-0.0006887
"685","ran685.hdr.51",-0.000691199999999999
"685","ran685.hdr.52",0.000137
"685","ran685.hdr.53",-0.000366499999999999
"685","ran685.hdr.54",-0.0009494
"685","ran685.hdr.55",-0.000773900000000001
"685","ran685.hdr.56",0.0000613000000000002
"685","ran685.hdr.57",0.0000198999999999998
"685","ran685.hdr.58",-0.0004577
"685","ran685.hdr.59",-0.00073805
"685","ran685.hdr.6",-0.0036814
"685","ran685.hdr.61",-0.000602269999999999
"685","ran685.hdr.62",-0.0020934
"685","ran685.hdr.63",-0.0016397
"685","ran685.hdr.64",-0.000477
"685","ran685.hdr.65",-0.0017715
"685","ran685.hdr.66",-0.000404369999999999
"685","ran685.hdr.67",-0.0012091
"685","ran685.hdr.68",-0.0002389
"685","ran685.hdr.69",-0.0096339
"685","ran685.hdr.7",-0.0061766
"685","ran685.hdr.70",-0.0000693300000000003
"685","ran685.hdr.71",0.0000175000000000002
"685","ran685.hdr.72",0.000132810000000001
"685","ran685.hdr.73",0.00011249
"685","ran685.hdr.74",-0.000126299999999999
"685","ran685.hdr.75",-0.00031406
"685","ran685.hdr.76",-0.0010226
"685","ran685.hdr.77",-0.0007951
"685","ran685.hdr.78",-0.000548699999999999
"685","ran685.hdr.8",-0.0045035
"685","ran685.hdr.9",-0.000154600000000001
"686","ran686.hdr.1",-0.0010911
"686","ran686.hdr.10",-0.000399699999999999
"686","ran686.hdr.11",-0.0000950400000000011
"686","ran686.hdr.12",-0.00065658
"686","ran686.hdr.13",-0.00001394
"686","ran686.hdr.14",-0.00071959
"686","ran686.hdr.15",-0.000113727
"686","ran686.hdr.16",-0.000350699999999999
"686","ran686.hdr.17",-0.00000939999999999969
"686","ran686.hdr.18",-0.000220930000000001
"686","ran686.hdr.19",-0.000291369999999999
"686","ran686.hdr.2",-0.0054532
"686","ran686.hdr.20",-0.0010564
"686","ran686.hdr.21",-0.0017655
"686","ran686.hdr.22",-0.0013259
"686","ran686.hdr.23",-0.0002758
"686","ran686.hdr.24",-0.000710000000000002
"686","ran686.hdr.25",-0.0035352
"686","ran686.hdr.26",-0.00000579400000000005
"686","ran686.hdr.27",0.000450600000000001
"686","ran686.hdr.28",-0.000450470000000001
"686","ran686.hdr.29",0.000144799999999999
"686","ran686.hdr.3",-0.0046226
"686","ran686.hdr.30",0.000035033
"686","ran686.hdr.31",-0.00045297
"686","ran686.hdr.32",-0.0001543
"686","ran686.hdr.33",-0.0005707
"686","ran686.hdr.34",0.000206599999999999
"686","ran686.hdr.35",-0.001118
"686","ran686.hdr.36",0.0000389999999999974
"686","ran686.hdr.37",0.0000540300000000001
"686","ran686.hdr.38",-0.00025843
"686","ran686.hdr.39",-0.0014925
"686","ran686.hdr.4",-0.0056027
"686","ran686.hdr.40",0.0002524
"686","ran686.hdr.41",-0.000114100000000002
"686","ran686.hdr.42",-0.000113099999999998
"686","ran686.hdr.43",0.0000045761
"686","ran686.hdr.44",-0.000735400000000001
"686","ran686.hdr.45",-0.000691199999999999
"686","ran686.hdr.46",-0.0012528
"686","ran686.hdr.47",-0.00016597
"686","ran686.hdr.48",-0.0072374
"686","ran686.hdr.49",-0.0013068
"686","ran686.hdr.5",-0.0052846
"686","ran686.hdr.50",-0.000227100000000001
"686","ran686.hdr.51",0.000357000000000001
"686","ran686.hdr.52",-0.00035154
"686","ran686.hdr.54",-0.000448199999999999
"686","ran686.hdr.55",-0.000203699999999999
"686","ran686.hdr.56",-0.0000923
"686","ran686.hdr.57",-0.0013104
"686","ran686.hdr.58",-0.0040338
"686","ran686.hdr.59",-0.0011457
"686","ran686.hdr.6",-0.00044229
"686","ran686.hdr.60",0.0000120000000000016
"686","ran686.hdr.61",-0.0016226
"686","ran686.hdr.62",-0.0003709
"686","ran686.hdr.63",-0.0004037
"686","ran686.hdr.64",0.0000855000000000022
"686","ran686.hdr.65",-0.000674876
"686","ran686.hdr.66",-0.000417899999999999
"686","ran686.hdr.67",-0.0039875
"686","ran686.hdr.68",0.00024885
"686","ran686.hdr.69",-0.0006286
"686","ran686.hdr.7",-0.000409400000000001
"686","ran686.hdr.70",-0.0018724
"686","ran686.hdr.71",-0.00119554
"686","ran686.hdr.72",-0.0021382
"686","ran686.hdr.73",-0.0007951
"686","ran686.hdr.74",-0.0014855
"686","ran686.hdr.75",-0.000452500000000002
"686","ran686.hdr.76",-0.0032753
"686","ran686.hdr.77",-0.0018567
"686","ran686.hdr.78",-0.0016399
"686","ran686.hdr.8",-0.00024357
"686","ran686.hdr.9",-0.00024783
"687","ran687.hdr.1",-0.0014785
"687","ran687.hdr.10",-0.00062661
"687","ran687.hdr.11",-0.0000519700000000001
"687","ran687.hdr.12",-0.0000648300000000001
"687","ran687.hdr.13",-0.000108
"687","ran687.hdr.14",-0.00137783
"687","ran687.hdr.15",-0.0005371
"687","ran687.hdr.16",-0.00006532
"687","ran687.hdr.17",-0.0000885999999999977
"687","ran687.hdr.18",0.0000456699999999994
"687","ran687.hdr.19",-0.000657
"687","ran687.hdr.2",0.0000546000000000001
"687","ran687.hdr.20",-0.000779799999999999
"687","ran687.hdr.21",-0.0001364
"687","ran687.hdr.22",0.0002296
"687","ran687.hdr.23",-0.000206000000000001
"687","ran687.hdr.24",-0.000948300000000003
"687","ran687.hdr.25",-0.000646799999999999
"687","ran687.hdr.26",-0.000846999999999997
"687","ran687.hdr.27",-0.00000689999999999979
"687","ran687.hdr.28",-0.000515720000000001
"687","ran687.hdr.29",-0.00107892
"687","ran687.hdr.3",-0.000180000000000003
"687","ran687.hdr.30",-0.0016027
"687","ran687.hdr.31",-0.00053928
"687","ran687.hdr.32",-0.0004388
"687","ran687.hdr.33",-0.000464099999999999
"687","ran687.hdr.34",-0.00000110000000000041
"687","ran687.hdr.35",0.00019394
"687","ran687.hdr.36",-0.0057768
"687","ran687.hdr.37",-0.00073436
"687","ran687.hdr.38",-0.000968999999999999
"687","ran687.hdr.39",-0.0011573
"687","ran687.hdr.4",0.00002592
"687","ran687.hdr.40",-0.0000756000000000003
"687","ran687.hdr.41",-0.000138299999999997
"687","ran687.hdr.42",0.0000050100000000006
"687","ran687.hdr.43",-0.000870699999999999
"687","ran687.hdr.44",0.0000149199999999999
"687","ran687.hdr.45",0.000217800000000001
"687","ran687.hdr.46",-0.0016092
"687","ran687.hdr.47",-0.00081
"687","ran687.hdr.48",-0.00034381
"687","ran687.hdr.49",-0.000688599999999999
"687","ran687.hdr.5",-0.0024756
"687","ran687.hdr.50",0.000704900000000001
"687","ran687.hdr.51",-0.0024639
"687","ran687.hdr.52",-0.0000128000000000003
"687","ran687.hdr.53",0.000077085
"687","ran687.hdr.54",NA
"687","ran687.hdr.55",-0.00378069
"687","ran687.hdr.56",0.0003333
"687","ran687.hdr.58",-0.000297500000000001
"687","ran687.hdr.59",-0.0004492
"687","ran687.hdr.6",-0.0015432
"687","ran687.hdr.60",-0.000572300000000001
"687","ran687.hdr.61",-0.00038507
"687","ran687.hdr.62",-0.0004258
"687","ran687.hdr.63",-0.000675199999999997
"687","ran687.hdr.64",0.0000854000000000028
"687","ran687.hdr.65",-0.000959399999999999
"687","ran687.hdr.66",-0.0011892
"687","ran687.hdr.67",-0.0001876
"687","ran687.hdr.68",0.0001846
"687","ran687.hdr.69",-0.000267199999999999
"687","ran687.hdr.7",-0.0032486
"687","ran687.hdr.70",-0.000890599999999998
"687","ran687.hdr.71",-0.000522900000000001
"687","ran687.hdr.72",0.00013489
"687","ran687.hdr.73",-0.0020861
"687","ran687.hdr.74",-0.000482799999999999
"687","ran687.hdr.75",-0.0015886
"687","ran687.hdr.76",0.0004779
"687","ran687.hdr.77",-0.000548699999999999
"687","ran687.hdr.78",-0.000733480000000001
"687","ran687.hdr.8",-0.0003059
"687","ran687.hdr.9",-0.00071284
"688","ran688.hdr.1",0.00000133999999999985
"688","ran688.hdr.10",0.00017809
"688","ran688.hdr.11",-0.0000013393
"688","ran688.hdr.12",0.000283200000000001
"688","ran688.hdr.13",-0.000204939999999999
"688","ran688.hdr.14",-0.000393299999999999
"688","ran688.hdr.15",-0.00042711
"688","ran688.hdr.16",-0.00039314
"688","ran688.hdr.17",-0.000376899999999999
"688","ran688.hdr.18",-0.00025135
"688","ran688.hdr.19",-0.000824699999999999
"688","ran688.hdr.2",-0.0026949
"688","ran688.hdr.20",-0.0000390000000000008
"688","ran688.hdr.21",-0.000118400000000001
"688","ran688.hdr.22",0.0000675200000000006
"688","ran688.hdr.23",-0.000934500000000001
"688","ran688.hdr.24",-0.0011619
"688","ran688.hdr.25",0.000145899999999999
"688","ran688.hdr.26",-0.0016792
"688","ran688.hdr.27",-0.00019286
"688","ran688.hdr.28",-0.0025984
"688","ran688.hdr.29",-0.0001559
"688","ran688.hdr.3",-0.000591300000000003
"688","ran688.hdr.30",-0.000243729999999999
"688","ran688.hdr.31",-0.001167
"688","ran688.hdr.32",-0.00009449
"688","ran688.hdr.33",-0.000258899999999999
"688","ran688.hdr.34",-0.000413999999999999
"688","ran688.hdr.35",-0.000730600000000001
"688","ran688.hdr.36",-0.000590500000000001
"688","ran688.hdr.37",-0.0014502
"688","ran688.hdr.38",-0.0013244
"688","ran688.hdr.39",0.0000586000000000024
"688","ran688.hdr.4",-0.0013522
"688","ran688.hdr.40",-0.0007116
"688","ran688.hdr.41",-0.00034168
"688","ran688.hdr.42",0.00011464
"688","ran688.hdr.43",-0.0000148999999999982
"688","ran688.hdr.44",0.0000248600000000015
"688","ran688.hdr.45",-0.004276
"688","ran688.hdr.46",-0.0003389
"688","ran688.hdr.47",-0.0012169
"688","ran688.hdr.48",0.000121899999999999
"688","ran688.hdr.49",-0.00057312
"688","ran688.hdr.5",-0.01685291
"688","ran688.hdr.50",-0.000129839
"688","ran688.hdr.51",-0.0001832
"688","ran688.hdr.52",-0.0002696
"688","ran688.hdr.53",-0.000473700000000001
"688","ran688.hdr.54",-0.00077464
"688","ran688.hdr.55",-0.0016179
"688","ran688.hdr.56",-0.00155443
"688","ran688.hdr.57",0.000350039999999999
"688","ran688.hdr.58",-0.0010767
"688","ran688.hdr.59",-0.0000478000000000006
"688","ran688.hdr.6",-0.002287
"688","ran688.hdr.60",0.000402900000000001
"688","ran688.hdr.61",-0.0010605
"688","ran688.hdr.62",0.000452299999999999
"688","ran688.hdr.63",-0.0000291000000000007
"688","ran688.hdr.64",-0.0003359
"688","ran688.hdr.65",-0.0029365
"688","ran688.hdr.66",0.0003354
"688","ran688.hdr.67",-0.0028229
"688","ran688.hdr.68",-0.00179129
"688","ran688.hdr.69",-0.0007592
"688","ran688.hdr.7",-0.0035328
"688","ran688.hdr.70",-0.0000153999999999987
"688","ran688.hdr.71",-0.000546100000000001
"688","ran688.hdr.72",-0.000104799999999999
"688","ran688.hdr.73",-0.0003147
"688","ran688.hdr.74",-0.000369599999999999
"688","ran688.hdr.75",-0.0053353
"688","ran688.hdr.76",-0.0005749
"688","ran688.hdr.77",-0.0013233
"688","ran688.hdr.78",-0.0007883
"688","ran688.hdr.8",-0.000979900000000001
"688","ran688.hdr.9",-0.0011219
"689","ran689.hdr.1",-0.0014785
"689","ran689.hdr.10",-0.000979900000000001
"689","ran689.hdr.11",-0.00018433
"689","ran689.hdr.12",-0.00154022
"689","ran689.hdr.13",-0.0005371
"689","ran689.hdr.14",-0.00026544
"689","ran689.hdr.15",-0.0003494
"689","ran689.hdr.16",-0.000320800000000001
"689","ran689.hdr.17",-0.0000116999999999999
"689","ran689.hdr.18",-0.00071959
"689","ran689.hdr.19",-0.00102123
"689","ran689.hdr.2",-0.000112600000000001
"689","ran689.hdr.20",-0.0010694
"689","ran689.hdr.21",-0.000199
"689","ran689.hdr.22",-0.000771500000000001
"689","ran689.hdr.23",-0.0006546
"689","ran689.hdr.24",-0.00019894
"689","ran689.hdr.25",-0.000285000000000001
"689","ran689.hdr.26",-0.0003097
"689","ran689.hdr.27",-0.0000800499999999999
"689","ran689.hdr.28",-0.00060842
"689","ran689.hdr.29",0.00069544
"689","ran689.hdr.3",-0.000591300000000003
"689","ran689.hdr.30",-0.000379599999999997
"689","ran689.hdr.31",-0.0010452
"689","ran689.hdr.32",0.000265399999999999
"689","ran689.hdr.33",-0.000613500000000001
"689","ran689.hdr.34",-0.000399060000000001
"689","ran689.hdr.35",-0.0011599
"689","ran689.hdr.36",-0.0001072
"689","ran689.hdr.37",-0.000584600000000001
"689","ran689.hdr.38",-0.0000466900000000003
"689","ran689.hdr.39",-0.000114999999999999
"689","ran689.hdr.4",-0.0000461999999999997
"689","ran689.hdr.40",-0.0082206
"689","ran689.hdr.41",-0.0073875
"689","ran689.hdr.42",0.000295299999999998
"689","ran689.hdr.43",-0.0015836
"689","ran689.hdr.44",0.000589950000000001
"689","ran689.hdr.45",0.0000833999999999991
"689","ran689.hdr.46",-0.0168073
"689","ran689.hdr.47",-0.00018672
"689","ran689.hdr.48",-0.00013051
"689","ran689.hdr.49",-0.00003125
"689","ran689.hdr.5",-0.00364684
"689","ran689.hdr.50",-0.0004198
"689","ran689.hdr.51",0.00026404
"689","ran689.hdr.52",-0.001074
"689","ran689.hdr.53",-0.0018888
"689","ran689.hdr.54",-0.000556319999999999
"689","ran689.hdr.55",-0.0000472000000000007
"689","ran689.hdr.56",-0.000477
"689","ran689.hdr.57",0.0002951
"689","ran689.hdr.58",-0.0005444
"689","ran689.hdr.59",0.0005755
"689","ran689.hdr.6",0.000367099999999999
"689","ran689.hdr.60",-0.00045068
"689","ran689.hdr.61",-0.0011658
"689","ran689.hdr.62",-0.0010327
"689","ran689.hdr.63",-0.0046587
"689","ran689.hdr.64",-0.0003493
"689","ran689.hdr.65",-0.000386900000000003
"689","ran689.hdr.66",-0.0000591999999999988
"689","ran689.hdr.67",-0.0013741
"689","ran689.hdr.68",-0.0012116
"689","ran689.hdr.69",0.0000125500000000001
"689","ran689.hdr.7",-0.0054872
"689","ran689.hdr.70",-0.0012012
"689","ran689.hdr.71",-0.0005749
"689","ran689.hdr.72",-0.0014309
"689","ran689.hdr.73",-0.000748700000000001
"689","ran689.hdr.74",-0.0018567
"689","ran689.hdr.75",0.0000250000000000007
"689","ran689.hdr.76",-0.0004317
"689","ran689.hdr.77",-0.0016399
"689","ran689.hdr.78",-0.0014428
"689","ran689.hdr.8",-0.0049685
"689","ran689.hdr.9",-0.0009196
"690","ran690.hdr.1",-0.00100715
"690","ran690.hdr.10",-0.00053636
"690","ran690.hdr.11",-0.0005371
"690","ran690.hdr.12",-0.0004673
"690","ran690.hdr.13",-0.00075307
"690","ran690.hdr.14",-0.0017649
"690","ran690.hdr.15",-0.0006581
"690","ran690.hdr.16",-0.00041587
"690","ran690.hdr.17",-0.002734
"690","ran690.hdr.18",-0.0020585
"690","ran690.hdr.19",-0.0010736
"690","ran690.hdr.2",-0.00000570800000000001
"690","ran690.hdr.20",0.000341299999999999
"690","ran690.hdr.21",0.0005602
"690","ran690.hdr.22",-0.0006158
"690","ran690.hdr.23",-0.00020052
"690","ran690.hdr.24",-0.0011926
"690","ran690.hdr.25",-0.000026615
"690","ran690.hdr.26",-0.001093
"690","ran690.hdr.27",-0.0006023
"690","ran690.hdr.28",-0.0028198
"690","ran690.hdr.29",0.000505200000000001
"690","ran690.hdr.3",-0.0000370000000000006
"690","ran690.hdr.30",-0.0050666
"690","ran690.hdr.31",0.000265399999999999
"690","ran690.hdr.32",-0.000576900000000002
"690","ran690.hdr.33",-0.0000862000000000016
"690","ran690.hdr.34",-0.0003333
"690","ran690.hdr.35",0.00004498
"690","ran690.hdr.36",0.0000814299999999995
"690","ran690.hdr.37",-0.000844900000000001
"690","ran690.hdr.38",-0.0015268
"690","ran690.hdr.39",-0.000480400000000001
"690","ran690.hdr.4",-0.0008068
"690","ran690.hdr.40",-0.0002614
"690","ran690.hdr.41",-0.000584600000000001
"690","ran690.hdr.42",-0.000638400000000001
"690","ran690.hdr.43",-0.000442000000000001
"690","ran690.hdr.44",-0.0013244
"690","ran690.hdr.45",-0.0007499
"690","ran690.hdr.46",-0.0021068
"690","ran690.hdr.47",-0.0039113
"690","ran690.hdr.48",-0.00077464
"690","ran690.hdr.49",-0.0004037
"690","ran690.hdr.5",-0.0001004
"690","ran690.hdr.50",-0.00029568
"690","ran690.hdr.51",-0.00111662
"690","ran690.hdr.52",-0.00019336
"690","ran690.hdr.53",-0.00035154
"690","ran690.hdr.54",-0.0000914999999999996
"690","ran690.hdr.55",-0.000247399999999998
"690","ran690.hdr.56",-0.000262800000000001
"690","ran690.hdr.57",-0.000455400000000002
"690","ran690.hdr.58",-0.0018888
"690","ran690.hdr.59",0.000441400000000002
"690","ran690.hdr.6",-0.01685291
"690","ran690.hdr.60",-0.0011402
"690","ran690.hdr.61",0.0008287
"690","ran690.hdr.62",-0.0002932
"690","ran690.hdr.63",-0.000409900000000001
"690","ran690.hdr.64",-0.000404369999999999
"690","ran690.hdr.65",0.0000612000000000008
"690","ran690.hdr.66",0.0001846
"690","ran690.hdr.67",-0.000674876
"690","ran690.hdr.68",0.0000923
"690","ran690.hdr.69",-0.0000374500000000014
"690","ran690.hdr.7",-0.000507199999999999
"690","ran690.hdr.70",-0.0008821
"690","ran690.hdr.71",-0.0000532100000000015
"690","ran690.hdr.72",-0.0012665
"690","ran690.hdr.73",-0.000579
"690","ran690.hdr.74",-0.0021382
"690","ran690.hdr.75",-0.0000870000000000003
"690","ran690.hdr.76",-0.000102635
"690","ran690.hdr.77",-0.0016911
"690","ran690.hdr.78",-0.0057067
"690","ran690.hdr.8",-0.001099
"690","ran690.hdr.9",-0.000534900000000001
"691","ran691.hdr.1",0.000132149999999999
"691","ran691.hdr.10",-0.000701999999999999
"691","ran691.hdr.11",-0.0023044
"691","ran691.hdr.12",-0.000808199999999999
"691","ran691.hdr.13",-0.000142890000000001
"691","ran691.hdr.14",-0.0000658600000000009
"691","ran691.hdr.15",-0.0006719
"691","ran691.hdr.16",-0.0005968
"691","ran691.hdr.17",-0.0012923
"691","ran691.hdr.18",-0.000220930000000001
"691","ran691.hdr.19",-0.0010439
"691","ran691.hdr.2",0.000000199999999998812
"691","ran691.hdr.20",0.00028977
"691","ran691.hdr.21",-0.0010563
"691","ran691.hdr.22",-0.00032336
"691","ran691.hdr.23",-0.0024132
"691","ran691.hdr.24",0.00026201
"691","ran691.hdr.25",-0.000383960000000001
"691","ran691.hdr.26",-0.0004084
"691","ran691.hdr.27",-0.000450470000000001
"691","ran691.hdr.28",0.000035033
"691","ran691.hdr.29",0.000205900000000002
"691","ran691.hdr.3",-0.0011965
"691","ran691.hdr.30",-0.000730600000000001
"691","ran691.hdr.31",-0.000397499999999999
"691","ran691.hdr.32",-0.0015268
"691","ran691.hdr.33",-0.000968999999999999
"691","ran691.hdr.34",-0.00025217
"691","ran691.hdr.35",-0.000505799999999999
"691","ran691.hdr.36",-0.0010094
"691","ran691.hdr.37",-0.000787299999999999
"691","ran691.hdr.38",-0.000402600000000001
"691","ran691.hdr.39",-0.0011545
"691","ran691.hdr.4",-0.00449763
"691","ran691.hdr.40",-0.00209034
"691","ran691.hdr.41",-0.0016063
"691","ran691.hdr.42",-0.000023311
"691","ran691.hdr.43",-0.004276
"691","ran691.hdr.44",0.000885229999999999
"691","ran691.hdr.45",-0.000207300000000001
"691","ran691.hdr.46",-0.000231500000000003
"691","ran691.hdr.47",-0.000435700000000001
"691","ran691.hdr.48",-0.00137689
"691","ran691.hdr.49",0.0000742100000000001
"691","ran691.hdr.5",-0.00009361
"691","ran691.hdr.50",-0.00013051
"691","ran691.hdr.51",-0.00011554
"691","ran691.hdr.52",-0.000932299999999999
"691","ran691.hdr.54",-0.000658
"691","ran691.hdr.55",-0.000999000000000003
"691","ran691.hdr.56",-0.000425699999999999
"691","ran691.hdr.57",-0.000184699999999999
"691","ran691.hdr.58",-0.001222
"691","ran691.hdr.59",NA
"691","ran691.hdr.6",-0.0002951
"691","ran691.hdr.60",-0.0001002
"691","ran691.hdr.61",-0.00574057
"691","ran691.hdr.62",-0.0013065
"691","ran691.hdr.63",-0.00019203
"691","ran691.hdr.64",-0.000781200000000003
"691","ran691.hdr.65",-0.000959399999999999
"691","ran691.hdr.66",-0.0015961
"691","ran691.hdr.67",0.0000888
"691","ran691.hdr.68",-0.000681889999999999
"691","ran691.hdr.69",0.000253999999999999
"691","ran691.hdr.7",-0.0002272
"691","ran691.hdr.70",-0.00203165
"691","ran691.hdr.71",-0.0000952000000000001
"691","ran691.hdr.72",-0.0012699
"691","ran691.hdr.73",-0.0009751
"691","ran691.hdr.74",-0.0003579
"691","ran691.hdr.75",-0.000136799999999999
"691","ran691.hdr.76",-0.0027169
"691","ran691.hdr.77",-0.0015057
"691","ran691.hdr.78",-0.0025593
"691","ran691.hdr.8",-0.000458999999999999
"691","ran691.hdr.9",-0.0003821
"692","ran692.hdr.1",-0.000282899999999999
"692","ran692.hdr.10",-0.000256040000000001
"692","ran692.hdr.11",-0.0011163
"692","ran692.hdr.12",0.00017578
"692","ran692.hdr.13",-0.0013829
"692","ran692.hdr.14",0.00038818
"692","ran692.hdr.15",0.00018248
"692","ran692.hdr.16",-0.00018774
"692","ran692.hdr.17",-0.000285000000000001
"692","ran692.hdr.18",0.00017247
"692","ran692.hdr.19",-0.00060842
"692","ran692.hdr.2",-0.0049685
"692","ran692.hdr.20",0.0000634299999999997
"692","ran692.hdr.21",-0.000507499999999999
"692","ran692.hdr.22",-0.000453249999999999
"692","ran692.hdr.23",-0.00014131
"692","ran692.hdr.24",-0.000572599999999999
"692","ran692.hdr.25",-0.0000624000000000006
"692","ran692.hdr.26",-0.000394099999999998
"692","ran692.hdr.27",-0.000125399999999999
"692","ran692.hdr.28",-0.000627829999999999
"692","ran692.hdr.29",-0.000617899999999998
"692","ran692.hdr.3",-0.0011071
"692","ran692.hdr.30",-0.000266000000000002
"692","ran692.hdr.31",-0.0003316
"692","ran692.hdr.32",-0.000942499999999999
"692","ran692.hdr.33",-0.000522599999999998
"692","ran692.hdr.34",-0.000733699999999999
"692","ran692.hdr.35",-0.000278500000000001
"692","ran692.hdr.36",-0.000230900000000003
"692","ran692.hdr.37",-0.000933099999999999
"692","ran692.hdr.38",0.00007131
"692","ran692.hdr.39",-0.00539226
"692","ran692.hdr.4",-0.000422980000000001
"692","ran692.hdr.40",-0.004512
"692","ran692.hdr.41",-0.000825999999999999
"692","ran692.hdr.42",-0.000576500000000001
"692","ran692.hdr.43",-0.000336299999999999
"692","ran692.hdr.44",-0.00119342
"692","ran692.hdr.45",-0.0010527
"692","ran692.hdr.46",0.000117100000000002
"692","ran692.hdr.47",-0.000180100000000001
"692","ran692.hdr.48",0.0000576000000000014
"692","ran692.hdr.49",-0.0016044
"692","ran692.hdr.5",-0.000349700000000001
"692","ran692.hdr.50",-0.0135865
"692","ran692.hdr.51",0.00011506
"692","ran692.hdr.52",-0.00030034
"692","ran692.hdr.53",0.00031291
"692","ran692.hdr.54",0.0000491800000000011
"692","ran692.hdr.55",0.0000292299999999999
"692","ran692.hdr.56",-0.00011424
"692","ran692.hdr.59",-0.000141199999999999
"692","ran692.hdr.6",-0.0015386
"692","ran692.hdr.60",-0.0003339
"692","ran692.hdr.61",-0.0034825
"692","ran692.hdr.62",-0.000425699999999999
"692","ran692.hdr.63",-0.000763170000000001
"692","ran692.hdr.64",-0.0003154
"692","ran692.hdr.65",-0.0017369
"692","ran692.hdr.66",-0.0005466
"692","ran692.hdr.67",0.0002951
"692","ran692.hdr.68",-0.0003359
"692","ran692.hdr.69",-0.0002325
"692","ran692.hdr.7",0.0000499000000000003
"692","ran692.hdr.70",-0.000727199999999997
"692","ran692.hdr.71",-0.000571199999999997
"692","ran692.hdr.72",0.0000888
"692","ran692.hdr.73",-0.00056939
"692","ran692.hdr.74",-0.0014372
"692","ran692.hdr.75",-0.0005272
"692","ran692.hdr.76",-0.0016431
"692","ran692.hdr.77",0.000151800000000001
"692","ran692.hdr.78",-0.0007697
"692","ran692.hdr.8",0.000174039999999999
"692","ran692.hdr.9",-0.0017649
"693","ran693.hdr.1",-0.0012446
"693","ran693.hdr.10",-0.000713499999999999
"693","ran693.hdr.11",0.000240457
"693","ran693.hdr.12",-0.0000736000000000001
"693","ran693.hdr.13",-0.000457879999999999
"693","ran693.hdr.14",0.00033826
"693","ran693.hdr.15",-0.000136260000000001
"693","ran693.hdr.16",-0.0025625
"693","ran693.hdr.17",-0.0010173
"693","ran693.hdr.18",-0.000700599999999999
"693","ran693.hdr.19",-0.000518899999999999
"693","ran693.hdr.2",-0.00041678
"693","ran693.hdr.20",0.0000270699999999997
"693","ran693.hdr.21",-0.000246100000000003
"693","ran693.hdr.22",-0.000112000000000001
"693","ran693.hdr.23",-0.000429799999999999
"693","ran693.hdr.24",-0.000464099999999999
"693","ran693.hdr.25",0.0000409999999999994
"693","ran693.hdr.26",-0.0012737
"693","ran693.hdr.27",-0.0012418
"693","ran693.hdr.28",-0.000119399999999999
"693","ran693.hdr.29",-0.00029141
"693","ran693.hdr.3",0.00026852
"693","ran693.hdr.30",-0.00000899999999999859
"693","ran693.hdr.31",-0.000409099999999999
"693","ran693.hdr.32",-0.00073436
"693","ran693.hdr.33",0.0001583
"693","ran693.hdr.34",-0.000623100000000001
"693","ran693.hdr.35",-0.000687
"693","ran693.hdr.36",-0.0007461
"693","ran693.hdr.37",-0.000259789999999999
"693","ran693.hdr.38",0.000357900000000001
"693","ran693.hdr.39",-0.0000248000000000002
"693","ran693.hdr.4",-0.0043162
"693","ran693.hdr.40",-0.000026974
"693","ran693.hdr.41",0.0005894
"693","ran693.hdr.42",-0.00005857
"693","ran693.hdr.43",-0.0024639
"693","ran693.hdr.44",-0.00027166
"693","ran693.hdr.45",-0.0015158
"693","ran693.hdr.46",-0.00384145
"693","ran693.hdr.47",NA
"693","ran693.hdr.48",-0.00073805
"693","ran693.hdr.49",-0.0005736
"693","ran693.hdr.5",-0.00168994
"693","ran693.hdr.50",-0.000586400000000001
"693","ran693.hdr.51",-0.000217699999999999
"693","ran693.hdr.53",-0.0010508
"693","ran693.hdr.54",-0.00033125
"693","ran693.hdr.55",-0.000544600000000003
"693","ran693.hdr.56",-0.0011067
"693","ran693.hdr.57",0.00048652
"693","ran693.hdr.58",-0.00574057
"693","ran693.hdr.59",0.000051197
"693","ran693.hdr.6",-0.00032649
"693","ran693.hdr.60",-0.000128400000000001
"693","ran693.hdr.61",-0.0012943
"693","ran693.hdr.62",-0.000214799999999999
"693","ran693.hdr.63",-0.0011658
"693","ran693.hdr.64",-0.000674876
"693","ran693.hdr.65",-0.0005982
"693","ran693.hdr.66",-0.0013697
"693","ran693.hdr.67",-0.00059999
"693","ran693.hdr.68",0.000151800000000001
"693","ran693.hdr.69",-0.0002731
"693","ran693.hdr.7",0.00000526999999999993
"693","ran693.hdr.70",-0.000389500000000001
"693","ran693.hdr.71",-0.000794900000000001
"693","ran693.hdr.72",-0.0011554
"693","ran693.hdr.73",-0.0002862
"693","ran693.hdr.74",-0.0035566
"693","ran693.hdr.75",-0.000623599999999998
"693","ran693.hdr.76",-0.000511299999999999
"693","ran693.hdr.77",-0.0005872
"693","ran693.hdr.78",-0.000802599999999999
"693","ran693.hdr.8",0.00000759999999999997
"693","ran693.hdr.9",-0.00027193
"694","ran694.hdr.1",0.0000850999999999977
"694","ran694.hdr.10",-0.00093515
"694","ran694.hdr.11",-0.0004828
"694","ran694.hdr.12",-0.000238200000000001
"694","ran694.hdr.13",-0.000808199999999999
"694","ran694.hdr.14",-0.0008751
"694","ran694.hdr.15",0.000345099999999999
"694","ran694.hdr.16",-0.000334500000000001
"694","ran694.hdr.17",-0.0010564
"694","ran694.hdr.18",-0.0012188
"694","ran694.hdr.19",-0.000257799999999999
"694","ran694.hdr.2",-0.000272339999999999
"694","ran694.hdr.20",-0.0011003
"694","ran694.hdr.21",-0.000581499999999999
"694","ran694.hdr.22",-0.0000985999999999973
"694","ran694.hdr.23",-0.0010804
"694","ran694.hdr.24",-0.0030857
"694","ran694.hdr.25",-0.000311800000000001
"694","ran694.hdr.26",-0.00053928
"694","ran694.hdr.27",-0.0035614
"694","ran694.hdr.28",-0.000428899999999999
"694","ran694.hdr.29",-0.0000862000000000016
"694","ran694.hdr.3",-0.000870900000000001
"694","ran694.hdr.30",-0.0030608
"694","ran694.hdr.31",-0.000394099999999998
"694","ran694.hdr.32",-0.00028523
"694","ran694.hdr.33",-0.00022876
"694","ran694.hdr.34",-0.000125399999999999
"694","ran694.hdr.35",-0.0010775
"694","ran694.hdr.36",-0.000214700000000002
"694","ran694.hdr.37",-0.001986
"694","ran694.hdr.38",-0.000419800000000001
"694","ran694.hdr.39",0.0000239999999999997
"694","ran694.hdr.4",-0.000149890000000001
"694","ran694.hdr.40",-0.00037394
"694","ran694.hdr.41",-0.001127
"694","ran694.hdr.42",-0.0030178
"694","ran694.hdr.43",-0.0006786
"694","ran694.hdr.44",-0.0016596
"694","ran694.hdr.45",-0.0011887
"694","ran694.hdr.46",-0.0022656
"694","ran694.hdr.47",-0.01833395
"694","ran694.hdr.48",-0.00074314
"694","ran694.hdr.49",-0.000691199999999999
"694","ran694.hdr.5",0.0000546000000000001
"694","ran694.hdr.50",-0.0001508
"694","ran694.hdr.51",-0.0000823899999999999
"694","ran694.hdr.52",-0.00027166
"694","ran694.hdr.53",-0.00074359
"694","ran694.hdr.54",-0.00013051
"694","ran694.hdr.55",0.00009
"694","ran694.hdr.56",0.00001404374
"694","ran694.hdr.58",-0.0002454
"694","ran694.hdr.59",-0.0000596800000000012
"694","ran694.hdr.6",-0.0012446
"694","ran694.hdr.60",-0.0004576
"694","ran694.hdr.61",-0.00038507
"694","ran694.hdr.62",0.000632799999999999
"694","ran694.hdr.63",0.000366500000000001
"694","ran694.hdr.64",0.00000670600000000001
"694","ran694.hdr.65",-0.0001464
"694","ran694.hdr.66",-0.0005679
"694","ran694.hdr.67",-0.000889800000000001
"694","ran694.hdr.68",-0.00017845
"694","ran694.hdr.69",-0.0010849
"694","ran694.hdr.7",-0.0023191
"694","ran694.hdr.70",-0.000428600000000001
"694","ran694.hdr.71",-0.000454899999999998
"694","ran694.hdr.72",-0.0005033
"694","ran694.hdr.73",0.000306300000000001
"694","ran694.hdr.74",-0.0013547
"694","ran694.hdr.75",-0.000676700000000002
"694","ran694.hdr.76",-0.0013565
"694","ran694.hdr.77",-0.00027955
"694","ran694.hdr.78",-0.000289600000000001
"694","ran694.hdr.8",0.000402
"694","ran694.hdr.9",-0.0038288
"695","ran695.hdr.1",0.00000800000000000106
"695","ran695.hdr.10",-0.00046459
"695","ran695.hdr.11",-0.0004966
"695","ran695.hdr.12",-0.000401799999999999
"695","ran695.hdr.13",-0.00023309
"695","ran695.hdr.14",-0.000320599999999999
"695","ran695.hdr.15",0.000923500000000001
"695","ran695.hdr.16",0.000209899999999999
"695","ran695.hdr.17",-0.0004673
"695","ran695.hdr.18",-0.0002961
"695","ran695.hdr.19",-0.0000981999999999997
"695","ran695.hdr.2",-0.000319699999999999
"695","ran695.hdr.20",-0.0000387000000000009
"695","ran695.hdr.21",-0.0000983000000000008
"695","ran695.hdr.22",0.0001817
"695","ran695.hdr.23",-0.0016942
"695","ran695.hdr.24",-0.000686199999999998
"695","ran695.hdr.25",-0.001862
"695","ran695.hdr.26",-0.0010372
"695","ran695.hdr.27",-0.00007594
"695","ran695.hdr.28",0.0000270699999999997
"695","ran695.hdr.29",-0.000458800000000001
"695","ran695.hdr.3",-0.0026658
"695","ran695.hdr.30",-0.00022216
"695","ran695.hdr.31",-0.000413999999999999
"695","ran695.hdr.32",-0.000453249999999999
"695","ran695.hdr.33",-0.00022523
"695","ran695.hdr.34",-0.000962000000000001
"695","ran695.hdr.35",-0.000803359999999999
"695","ran695.hdr.36",-0.00620406
"695","ran695.hdr.37",0.000349699999999998
"695","ran695.hdr.38",-0.0000245000000000002
"695","ran695.hdr.39",-0.0000624000000000006
"695","ran695.hdr.4",-0.000849200000000001
"695","ran695.hdr.40",-0.00017793
"695","ran695.hdr.41",-0.000487100000000001
"695","ran695.hdr.42",-0.0011
"695","ran695.hdr.43",-0.0013524
"695","ran695.hdr.44",0.00000829999999999928
"695","ran695.hdr.45",-0.0008585
"695","ran695.hdr.46",-0.0010055
"695","ran695.hdr.47",-0.000691199999999999
"695","ran695.hdr.48",-0.000879130000000001
"695","ran695.hdr.49",0.000118134
"695","ran695.hdr.5",-0.0004825
"695","ran695.hdr.50",-0.0001724
"695","ran695.hdr.51",-0.0004037
"695","ran695.hdr.52",-0.00073805
"695","ran695.hdr.53",-0.000366499999999999
"695","ran695.hdr.54",-0.0005736
"695","ran695.hdr.55",-0.0000495000000000009
"695","ran695.hdr.56",-0.0006075
"695","ran695.hdr.57",-0.001061
"695","ran695.hdr.58",-0.000907400000000001
"695","ran695.hdr.59",-0.011466
"695","ran695.hdr.6",-0.00011342
"695","ran695.hdr.60",0.0002504
"695","ran695.hdr.61",-0.0014755
"695","ran695.hdr.62",-0.000808099999999999
"695","ran695.hdr.63",-0.000738799999999998
"695","ran695.hdr.64",-0.000854299999999999
"695","ran695.hdr.65",-0.0000376999999999999
"695","ran695.hdr.66",-0.001641
"695","ran695.hdr.67",0.0000390000000000008
"695","ran695.hdr.68",-0.0023429
"695","ran695.hdr.69",-0.0000273000000000009
"695","ran695.hdr.7",-0.004515
"695","ran695.hdr.70",-0.000388300000000001
"695","ran695.hdr.71",-0.0005127
"695","ran695.hdr.72",-0.000107400000000001
"695","ran695.hdr.73",-0.00073928
"695","ran695.hdr.74",-0.0003557
"695","ran695.hdr.75",-0.0008628
"695","ran695.hdr.76",-0.0030586
"695","ran695.hdr.77",-0.0015057
"695","ran695.hdr.78",-0.000289600000000001
"695","ran695.hdr.8",-0.0037708
"695","ran695.hdr.9",-0.0012961
"696","ran696.hdr.1",-0.000220599999999998
"696","ran696.hdr.10",-0.00040897
"696","ran696.hdr.11",-0.0004966
"696","ran696.hdr.12",-0.000223299999999999
"696","ran696.hdr.13",0.0000449828
"696","ran696.hdr.14",-0.00038553
"696","ran696.hdr.15",-0.000954400000000001
"696","ran696.hdr.16",-0.0003458
"696","ran696.hdr.17",-0.0008751
"696","ran696.hdr.18",-0.000457879999999999
"696","ran696.hdr.19",0.0000542200000000007
"696","ran696.hdr.2",-0.004515
"696","ran696.hdr.20",-0.0000437000000000007
"696","ran696.hdr.21",-0.0075695
"696","ran696.hdr.22",-0.000248100000000001
"696","ran696.hdr.23",-0.0012838
"696","ran696.hdr.24",-0.000578999999999998
"696","ran696.hdr.25",-0.000345199999999997
"696","ran696.hdr.26",-0.000515720000000001
"696","ran696.hdr.27",-0.000418709999999999
"696","ran696.hdr.28",-0.0000964299999999998
"696","ran696.hdr.29",-0.000450470000000001
"696","ran696.hdr.3",-0.0048415
"696","ran696.hdr.30",-0.000453249999999999
"696","ran696.hdr.31",-0.00014131
"696","ran696.hdr.32",-0.0050666
"696","ran696.hdr.33",-0.0019572
"696","ran696.hdr.34",-0.0017371
"696","ran696.hdr.35",0.00003065
"696","ran696.hdr.36",-0.0013695
"696","ran696.hdr.37",0.000033677
"696","ran696.hdr.38",NA
"696","ran696.hdr.39",NA
"696","ran696.hdr.4",-0.0013747
"696","ran696.hdr.40",-0.0013356
"696","ran696.hdr.41",-0.000773600000000003
"696","ran696.hdr.42",-0.000787299999999999
"696","ran696.hdr.43",-0.0004983
"696","ran696.hdr.44",-0.0003184
"696","ran696.hdr.45",-0.00013712
"696","ran696.hdr.46",-0.0015028
"696","ran696.hdr.47",-0.000080199999999999
"696","ran696.hdr.48",-0.001747
"696","ran696.hdr.49",-0.000452599999999999
"696","ran696.hdr.5",-0.0030338
"696","ran696.hdr.50",-0.004512
"696","ran696.hdr.51",-0.000294639999999999
"696","ran696.hdr.52",0.00010489
"696","ran696.hdr.53",-0.000261600000000001
"696","ran696.hdr.54",0.000126360000000001
"696","ran696.hdr.55",0.0001629
"696","ran696.hdr.56",-0.000362299999999999
"696","ran696.hdr.58",0.00006119
"696","ran696.hdr.59",0.000632799999999999
"696","ran696.hdr.6",-0.00168994
"696","ran696.hdr.60",-0.0013942
"696","ran696.hdr.61",0.00026283
"696","ran696.hdr.62",0.00000670600000000001
"696","ran696.hdr.63",-0.0068252
"696","ran696.hdr.64",-0.000477
"696","ran696.hdr.65",0.000607400000000001
"696","ran696.hdr.66",0.0000729100000000007
"696","ran696.hdr.67",-0.0011658
"696","ran696.hdr.68",-0.0039875
"696","ran696.hdr.69",-0.0002583
"696","ran696.hdr.7",-0.00013425
"696","ran696.hdr.70",-0.000811299999999999
"696","ran696.hdr.71",-0.000720800000000001
"696","ran696.hdr.72",-0.000482799999999999
"696","ran696.hdr.73",-0.00029302
"696","ran696.hdr.74",-0.0004352
"696","ran696.hdr.75",-0.000809499999999998
"696","ran696.hdr.76",-0.0008547
"696","ran696.hdr.77",-0.000498099999999998
"696","ran696.hdr.78",-0.0014428
"696","ran696.hdr.8",-0.00039892
"696","ran696.hdr.9",-0.00062661
"697","ran697.hdr.1",0.000516000000000001
"697","ran697.hdr.10",-0.0037929
"697","ran697.hdr.11",-0.000154600000000001
"697","ran697.hdr.12",-0.0000849000000000006
"697","ran697.hdr.13",-0.00014336
"697","ran697.hdr.14",-0.00022823
"697","ran697.hdr.15",-0.000315299999999999
"697","ran697.hdr.16",-0.0002828
"697","ran697.hdr.17",-0.00034688
"697","ran697.hdr.18",-0.000727600000000002
"697","ran697.hdr.19",-0.0001443
"697","ran697.hdr.2",-0.00018398
"697","ran697.hdr.20",-0.0084394
"697","ran697.hdr.21",-0.000327499999999998
"697","ran697.hdr.22",-0.000429799999999999
"697","ran697.hdr.23",-0.000376700000000001
"697","ran697.hdr.24",-0.0044356
"697","ran697.hdr.25",-0.0011573
"697","ran697.hdr.26",-0.00180704
"697","ran697.hdr.27",-0.0023193
"697","ran697.hdr.28",-0.0000624000000000006
"697","ran697.hdr.29",-0.000804199999999998
"697","ran697.hdr.3",-0.000154699999999999
"697","ran697.hdr.30",-0.00007864
"697","ran697.hdr.31",-0.0004972
"697","ran697.hdr.32",-0.0002707
"697","ran697.hdr.33",-0.0020479
"697","ran697.hdr.34",-0.000522599999999998
"697","ran697.hdr.35",-0.000616299999999997
"697","ran697.hdr.36",-0.00022
"697","ran697.hdr.37",-0.000379500000000001
"697","ran697.hdr.38",-0.000241100000000001
"697","ran697.hdr.39",0.000207200000000001
"697","ran697.hdr.4",-0.0010315
"697","ran697.hdr.40",-0.000982500000000001
"697","ran697.hdr.41",-0.0000280999999999997
"697","ran697.hdr.42",-0.000482400000000001
"697","ran697.hdr.43",0.000161699999999999
"697","ran697.hdr.44",-0.0000828000000000009
"697","ran697.hdr.45",-0.00032122
"697","ran697.hdr.46",0.000121899999999999
"697","ran697.hdr.47",-0.0023048
"697","ran697.hdr.48",0.0000783999999999993
"697","ran697.hdr.49",0.000449880000000001
"697","ran697.hdr.5",0.0003348
"697","ran697.hdr.50",-0.000518399999999999
"697","ran697.hdr.51",0.0000835000000000002
"697","ran697.hdr.52",-0.00037555
"697","ran697.hdr.53",-0.0009494
"697","ran697.hdr.54",-0.0072374
"697","ran697.hdr.55",-0.000442600000000001
"697","ran697.hdr.56",-0.0006619
"697","ran697.hdr.57",-0.000238039999999999
"697","ran697.hdr.58",-0.0000509000000000013
"697","ran697.hdr.59",-0.0000728099999999995
"697","ran697.hdr.6",-0.0000914000000000002
"697","ran697.hdr.60",-0.000253400000000001
"697","ran697.hdr.61",-0.00029748
"697","ran697.hdr.62",-0.0000546999999999995
"697","ran697.hdr.63",-0.0000330300000000016
"697","ran697.hdr.64",-0.000336400000000001
"697","ran697.hdr.65",-0.0011376
"697","ran697.hdr.66",-0.0014755
"697","ran697.hdr.67",-0.0003435
"697","ran697.hdr.68",-0.0011581
"697","ran697.hdr.69",-0.0002646
"697","ran697.hdr.7",-0.0002675
"697","ran697.hdr.70",0.0001706
"697","ran697.hdr.71",-0.00030295
"697","ran697.hdr.72",-0.00006813
"697","ran697.hdr.73",-0.0012699
"697","ran697.hdr.74",-0.000134700000000001
"697","ran697.hdr.75",-0.0007951
"697","ran697.hdr.76",-0.0010537
"697","ran697.hdr.77",-0.0010028
"697","ran697.hdr.78",-0.000399129999999999
"697","ran697.hdr.8",-0.000942399999999999
"697","ran697.hdr.9",-0.00163709
"698","ran698.hdr.1",-0.00021007
"698","ran698.hdr.10",-0.0004828
"698","ran698.hdr.11",-0.00038213
"698","ran698.hdr.12",-0.000808199999999999
"698","ran698.hdr.13",-0.0000582479999999999
"698","ran698.hdr.14",-0.00017451
"698","ran698.hdr.15",-0.0015955
"698","ran698.hdr.16",-0.0000970999999999993
"698","ran698.hdr.17",-0.0003458
"698","ran698.hdr.18",-0.000119060000000001
"698","ran698.hdr.19",-0.0011143
"698","ran698.hdr.2",-0.000637099999999998
"698","ran698.hdr.20",-0.0000559799999999997
"698","ran698.hdr.21",-0.000651099999999998
"698","ran698.hdr.22",-0.00035428
"698","ran698.hdr.23",-0.0021765
"698","ran698.hdr.24",-0.000581499999999999
"698","ran698.hdr.25",-0.00000579400000000005
"698","ran698.hdr.26",-0.0006546
"698","ran698.hdr.27",-0.0019493
"698","ran698.hdr.28",-0.0007723
"698","ran698.hdr.29",-0.00055319
"698","ran698.hdr.3",-0.0027813
"698","ran698.hdr.30",-0.000468900000000001
"698","ran698.hdr.31",-0.00175568
"698","ran698.hdr.32",-0.000450470000000001
"698","ran698.hdr.33",-0.000823900000000002
"698","ran698.hdr.34",-0.0018962
"698","ran698.hdr.35",-0.001022
"698","ran698.hdr.36",-0.0005059
"698","ran698.hdr.37",-0.00013875
"698","ran698.hdr.38",-0.00049344
"698","ran698.hdr.39",NA
"698","ran698.hdr.4",-0.0017379
"698","ran698.hdr.40",-0.0007694
"698","ran698.hdr.41",-0.000291899999999999
"698","ran698.hdr.42",-0.0000755699999999996
"698","ran698.hdr.43",0.0000849000000000006
"698","ran698.hdr.44",-0.000207300000000001
"698","ran698.hdr.45",-0.0011545
"698","ran698.hdr.46",-0.000214199999999998
"698","ran698.hdr.47",-0.000688599999999999
"698","ran698.hdr.48",-0.000551100000000002
"698","ran698.hdr.49",-0.002897
"698","ran698.hdr.5",-0.005219
"698","ran698.hdr.50",-0.000450100000000002
"698","ran698.hdr.51",0.0000226999999999988
"698","ran698.hdr.52",0.0000835000000000002
"698","ran698.hdr.53",-0.00018672
"698","ran698.hdr.54",-0.000313409999999999
"698","ran698.hdr.56",-0.0012684
"698","ran698.hdr.57",-0.00050468
"698","ran698.hdr.58",-0.000556319999999999
"698","ran698.hdr.59",-0.001971
"698","ran698.hdr.6",-0.002287
"698","ran698.hdr.60",-0.000735300000000001
"698","ran698.hdr.61",-0.000781200000000003
"698","ran698.hdr.62",-0.0011783
"698","ran698.hdr.63",-0.000128400000000001
"698","ran698.hdr.64",-0.000480599999999998
"698","ran698.hdr.65",-0.0027675
"698","ran698.hdr.66",-0.000448899999999999
"698","ran698.hdr.67",-0.0005631
"698","ran698.hdr.68",-0.000276200000000001
"698","ran698.hdr.69",-0.000347499999999997
"698","ran698.hdr.7",-0.00259746
"698","ran698.hdr.70",-0.000798899999999998
"698","ran698.hdr.71",-0.0014151
"698","ran698.hdr.72",-0.0014277
"698","ran698.hdr.73",-0.000368199999999999
"698","ran698.hdr.74",-0.0017992
"698","ran698.hdr.75",-0.0005535
"698","ran698.hdr.76",-0.0008121
"698","ran698.hdr.77",-0.000114400000000001
"698","ran698.hdr.78",-0.000733480000000001
"698","ran698.hdr.8",-0.0037708
"698","ran698.hdr.9",-0.0001384
"699","ran699.hdr.1",-0.0011152
"699","ran699.hdr.10",-0.0031521
"699","ran699.hdr.11",-0.0078616
"699","ran699.hdr.12",-0.00062661
"699","ran699.hdr.13",-0.000374649999999999
"699","ran699.hdr.14",-0.000825599999999999
"699","ran699.hdr.15",-0.000419360000000001
"699","ran699.hdr.16",-0.0000844999999999995
"699","ran699.hdr.17",-0.000393909999999999
"699","ran699.hdr.18",0.0003303
"699","ran699.hdr.19",0.00011082
"699","ran699.hdr.2",-0.0024371
"699","ran699.hdr.20",-0.0017655
"699","ran699.hdr.21",-0.0012838
"699","ran699.hdr.22",-0.0021765
"699","ran699.hdr.23",-0.000271739999999999
"699","ran699.hdr.24",-0.0001814
"699","ran699.hdr.25",-0.0001099
"699","ran699.hdr.26",-0.00013267
"699","ran699.hdr.27",-0.00130484
"699","ran699.hdr.28",0.0000383999999999992
"699","ran699.hdr.29",-0.00024082
"699","ran699.hdr.3",-0.0013435
"699","ran699.hdr.30",0.000353800000000001
"699","ran699.hdr.31",-0.0057768
"699","ran699.hdr.32",-0.00510713
"699","ran699.hdr.33",-0.000844900000000001
"699","ran699.hdr.34",-0.000469900000000001
"699","ran699.hdr.35",-0.0030608
"699","ran699.hdr.36",-0.000507200000000003
"699","ran699.hdr.37",-0.0005509
"699","ran699.hdr.38",-0.0000691499999999998
"699","ran699.hdr.39",-0.000575500000000001
"699","ran699.hdr.4",-0.0000346800000000005
"699","ran699.hdr.40",-0.0011573
"699","ran699.hdr.41",-0.0001434
"699","ran699.hdr.42",0.0000753000000000004
"699","ran699.hdr.43",-0.00018774
"699","ran699.hdr.44",-0.00019346
"699","ran699.hdr.45",-0.0001466
"699","ran699.hdr.46",0.000529399999999999
"699","ran699.hdr.47",-0.0011215
"699","ran699.hdr.48",-0.000228000000000001
"699","ran699.hdr.49",0.0000833999999999991
"699","ran699.hdr.5",-0.0000832099999999994
"699","ran699.hdr.50",0.00010489
"699","ran699.hdr.51",-0.000914999999999999
"699","ran699.hdr.52",-0.000510450000000001
"699","ran699.hdr.53",-0.0000518599999999999
"699","ran699.hdr.54",0.0000991099999999995
"699","ran699.hdr.55",-0.00111662
"699","ran699.hdr.56",0.000414589999999999
"699","ran699.hdr.57",-0.000796399999999999
"699","ran699.hdr.58",-0.000448199999999999
"699","ran699.hdr.59",-0.00012652
"699","ran699.hdr.6",-0.000637099999999998
"699","ran699.hdr.60",-0.000602269999999999
"699","ran699.hdr.61",-0.0015112
"699","ran699.hdr.62",0.000210399999999999
"699","ran699.hdr.63",-0.0021629
"699","ran699.hdr.64",-0.00019203
"699","ran699.hdr.65",-0.000557700000000001
"699","ran699.hdr.66",-0.00018396
"699","ran699.hdr.67",0.000459899999999999
"699","ran699.hdr.68",-0.0014372
"699","ran699.hdr.69",-0.000841399999999999
"699","ran699.hdr.7",-0.0000461999999999997
"699","ran699.hdr.70",-0.0009932
"699","ran699.hdr.71",-0.0007697
"699","ran699.hdr.72",-0.000369599999999999
"699","ran699.hdr.73",-0.0009751
"699","ran699.hdr.74",-0.0013741
"699","ran699.hdr.75",-0.000578
"699","ran699.hdr.76",-0.0014027
"699","ran699.hdr.77",-0.0015017
"699","ran699.hdr.78",-0.000318599999999999
"699","ran699.hdr.8",-0.0027813
"699","ran699.hdr.9",-0.0054872
"700","ran700.hdr.1",-0.000739499999999999
"700","ran700.hdr.10",-0.001162
"700","ran700.hdr.11",-0.0003499
"700","ran700.hdr.12",-0.0002804
"700","ran700.hdr.13",-0.000785500000000001
"700","ran700.hdr.14",-0.0001177
"700","ran700.hdr.15",-0.0002775
"700","ran700.hdr.16",-0.000184699999999999
"700","ran700.hdr.17",-0.0011619
"700","ran700.hdr.18",-0.0035352
"700","ran700.hdr.19",-0.00158129
"700","ran700.hdr.2",-0.0000321599999999998
"700","ran700.hdr.20",-0.0000985999999999973
"700","ran700.hdr.21",-0.0001825
"700","ran700.hdr.22",-0.000267669999999999
"700","ran700.hdr.23",-0.000148799999999999
"700","ran700.hdr.24",0.00075011
"700","ran700.hdr.25",-0.00015562
"700","ran700.hdr.26",-0.00037474
"700","ran700.hdr.27",-0.0004084
"700","ran700.hdr.28",0.00019941
"700","ran700.hdr.29",-0.0001159
"700","ran700.hdr.3",-0.0066937
"700","ran700.hdr.30",-0.0034946
"700","ran700.hdr.31",-0.0006827
"700","ran700.hdr.32",-0.000281700000000001
"700","ran700.hdr.33",-0.000623100000000001
"700","ran700.hdr.34",-0.00017519
"700","ran700.hdr.35",-0.000152899999999999
"700","ran700.hdr.36",-0.0015749
"700","ran700.hdr.37",-0.0023505
"700","ran700.hdr.38",-0.0008214
"700","ran700.hdr.39",0.000506899999999999
"700","ran700.hdr.4",-0.000585499999999999
"700","ran700.hdr.40",0.000100250000000001
"700","ran700.hdr.41",-0.0010616
"700","ran700.hdr.42",-0.000752999999999998
"700","ran700.hdr.43",-0.0008518
"700","ran700.hdr.44",-0.0022371
"700","ran700.hdr.45",-0.0012169
"700","ran700.hdr.46",-0.00270844
"700","ran700.hdr.47",-0.0011173
"700","ran700.hdr.48",-0.000209999999999998
"700","ran700.hdr.49",-0.0011486
"700","ran700.hdr.5",-0.001546
"700","ran700.hdr.50",-0.0012793
"700","ran700.hdr.51",-0.00031891
"700","ran700.hdr.52",-0.00010923
"700","ran700.hdr.53",-0.0001373
"700","ran700.hdr.54",-0.0001172
"700","ran700.hdr.55",-0.0010767
"700","ran700.hdr.56",-0.0010297
"700","ran700.hdr.57",-0.00000449999999999995
"700","ran700.hdr.58",-0.00017852
"700","ran700.hdr.59",-0.000297500000000001
"700","ran700.hdr.6",-0.000301300000000001
"700","ran700.hdr.60",-0.000580600000000001
"700","ran700.hdr.61",-0.000617400000000001
"700","ran700.hdr.62",-0.000850799999999999
"700","ran700.hdr.63",-0.000681889999999999
"700","ran700.hdr.64",-0.000179800000000001
"700","ran700.hdr.65",-0.0001385
"700","ran700.hdr.66",0.0000832999999999997
"700","ran700.hdr.67",-0.000768900000000003
"700","ran700.hdr.68",-0.0004743
"700","ran700.hdr.69",0.0000151999999999999
"700","ran700.hdr.7",-0.00018573
"700","ran700.hdr.70",-0.000890599999999998
"700","ran700.hdr.71",NA
"700","ran700.hdr.72",-0.001383
"700","ran700.hdr.73",-0.0016621
"700","ran700.hdr.74",-0.0057067
"700","ran700.hdr.75",-0.0010666
"700","ran700.hdr.76",-0.000399129999999999
"700","ran700.hdr.77",-0.00023585
"700","ran700.hdr.78",-0.000569500000000001
"700","ran700.hdr.8",-0.00039314
"700","ran700.hdr.9",-0.00053636
"701","ran701.hdr.1",-0.0024371
"701","ran701.hdr.10",-0.000309469999999999
"701","ran701.hdr.11",-0.00066134
"701","ran701.hdr.12",-0.000204939999999999
"701","ran701.hdr.13",-0.00154022
"701","ran701.hdr.14",-0.00038213
"701","ran701.hdr.15",-0.000598200000000001
"701","ran701.hdr.16",-0.000438800000000001
"701","ran701.hdr.17",-0.00017963
"701","ran701.hdr.18",-0.000118400000000001
"701","ran701.hdr.19",-0.00026025
"701","ran701.hdr.2",0.0003386
"701","ran701.hdr.20",-0.000336900000000001
"701","ran701.hdr.21",-0.000348220000000002
"701","ran701.hdr.22",-0.000919
"701","ran701.hdr.23",-0.000651099999999998
"701","ran701.hdr.24",-0.000130699999999999
"701","ran701.hdr.25",-0.0017655
"701","ran701.hdr.26",-0.0012838
"701","ran701.hdr.27",0.000226199999999999
"701","ran701.hdr.28",-0.000311800000000001
"701","ran701.hdr.29",-0.000013599999999999
"701","ran701.hdr.3",-0.0004437
"701","ran701.hdr.30",-0.0000641299999999999
"701","ran701.hdr.31",-0.0002538
"701","ran701.hdr.32",-0.000376700000000001
"701","ran701.hdr.33",-0.00175568
"701","ran701.hdr.34",-0.0014853
"701","ran701.hdr.35",-0.0000805300000000005
"701","ran701.hdr.36",-0.0034946
"701","ran701.hdr.37",-0.00045297
"701","ran701.hdr.38",-0.0000071997
"701","ran701.hdr.39",-0.00015401
"701","ran701.hdr.4",0.000412699999999998
"701","ran701.hdr.40",-0.0007499
"701","ran701.hdr.41",-0.000730900000000001
"701","ran701.hdr.42",0.0000165000000000009
"701","ran701.hdr.43",-0.00011256
"701","ran701.hdr.44",-0.0000446000000000005
"701","ran701.hdr.45",0.000161699999999999
"701","ran701.hdr.46",-0.0002342
"701","ran701.hdr.47",-0.00188647
"701","ran701.hdr.48",-0.000643990000000001
"701","ran701.hdr.49",0.0000326900000000001
"701","ran701.hdr.5",-0.00574258
"701","ran701.hdr.50",-0.0004198
"701","ran701.hdr.52",-0.0001099
"701","ran701.hdr.53",-0.000064100000000001
"701","ran701.hdr.54",-0.000658
"701","ran701.hdr.55",NA
"701","ran701.hdr.56",-0.000719200000000001
"701","ran701.hdr.57",-0.0009154
"701","ran701.hdr.58",-0.000193000000000002
"701","ran701.hdr.59",-0.0021629
"701","ran701.hdr.6",-0.0037447
"701","ran701.hdr.60",-0.00274956
"701","ran701.hdr.61",-0.0016226
"701","ran701.hdr.62",-0.0011074
"701","ran701.hdr.63",0.000228300000000001
"701","ran701.hdr.64",-0.0004037
"701","ran701.hdr.65",-0.0010828
"701","ran701.hdr.66",-0.0006034
"701","ran701.hdr.67",-0.0017699
"701","ran701.hdr.68",0.00014493
"701","ran701.hdr.69",-0.0096339
"701","ran701.hdr.7",-0.0051096
"701","ran701.hdr.70",-0.0000952000000000001
"701","ran701.hdr.71",-0.000870200000000002
"701","ran701.hdr.72",-0.000525600000000001
"701","ran701.hdr.73",0.000132810000000001
"701","ran701.hdr.74",-0.0001721
"701","ran701.hdr.75",-0.0004989
"701","ran701.hdr.76",-0.0002524
"701","ran701.hdr.77",-0.0010666
"701","ran701.hdr.78",-0.0025593
"701","ran701.hdr.8",-0.000145270000000001
"701","ran701.hdr.9",-0.0000849000000000006
"702","ran702.hdr.1",0.00024129
"702","ran702.hdr.10",-0.0002307
"702","ran702.hdr.11",-0.0016948
"702","ran702.hdr.12",-0.000320800000000001
"702","ran702.hdr.13",-0.00023695
"702","ran702.hdr.14",-0.0005968
"702","ran702.hdr.15",-0.0017312
"702","ran702.hdr.16",-0.0021765
"702","ran702.hdr.17",-0.0003756
"702","ran702.hdr.18",-0.0000169000000000002
"702","ran702.hdr.19",-0.00031687
"702","ran702.hdr.2",-0.0016682
"702","ran702.hdr.20",0.0000514499999999998
"702","ran702.hdr.21",-0.00291982
"702","ran702.hdr.22",-0.00033013
"702","ran702.hdr.23",-0.000576
"702","ran702.hdr.24",-0.00023674
"702","ran702.hdr.25",-0.0001771
"702","ran702.hdr.26",-0.00130484
"702","ran702.hdr.27",-0.00017027
"702","ran702.hdr.28",-0.000258999999999999
"702","ran702.hdr.29",-0.000453249999999999
"702","ran702.hdr.3",0.0006222
"702","ran702.hdr.30",-0.0000683100000000002
"702","ran702.hdr.31",-0.0018846
"702","ran702.hdr.32",-0.000875799999999999
"702","ran702.hdr.33",-0.00073436
"702","ran702.hdr.34",-0.000883700000000001
"702","ran702.hdr.35",-0.000023421
"702","ran702.hdr.36",0.000207600000000002
"702","ran702.hdr.37",-0.0001046
"702","ran702.hdr.38",-0.0006786
"702","ran702.hdr.39",-0.0000985600000000001
"702","ran702.hdr.4",0.0006064
"702","ran702.hdr.40",-0.000216600000000001
"702","ran702.hdr.41",-0.000452599999999999
"702","ran702.hdr.42",-0.0027946
"702","ran702.hdr.43",-0.0000114000000000017
"702","ran702.hdr.44",-0.0010009
"702","ran702.hdr.45",-0.0000371
"702","ran702.hdr.46",0.000161699999999999
"702","ran702.hdr.47",-0.0020892
"702","ran702.hdr.48",-0.00013903
"702","ran702.hdr.49",-0.000814100000000002
"702","ran702.hdr.5",-0.005769
"702","ran702.hdr.50",0.000001137
"702","ran702.hdr.51",-0.0011708
"702","ran702.hdr.52",0.00011802
"702","ran702.hdr.53",-0.000238039999999999
"702","ran702.hdr.54",0.00037732
"702","ran702.hdr.55",-0.000000799999999999586
"702","ran702.hdr.56",-0.000658
"702","ran702.hdr.57",0.00073519
"702","ran702.hdr.58",-0.000425699999999999
"702","ran702.hdr.59",-0.00023539
"702","ran702.hdr.6",-0.0109775
"702","ran702.hdr.60",-0.000290100000000001
"702","ran702.hdr.61",-0.000811599999999999
"702","ran702.hdr.62",0.000779699999999998
"702","ran702.hdr.63",0.0000988399999999993
"702","ran702.hdr.64",-0.000914999999999999
"702","ran702.hdr.65",-0.00048136
"702","ran702.hdr.66",-0.001507
"702","ran702.hdr.67",-0.000328449999999999
"702","ran702.hdr.68",-0.000448899999999999
"702","ran702.hdr.69",0.00014493
"702","ran702.hdr.7",-0.0039147
"702","ran702.hdr.70",-0.00163488
"702","ran702.hdr.71",0.0003259
"702","ran702.hdr.72",-0.000798899999999998
"702","ran702.hdr.73",-0.000454899999999998
"702","ran702.hdr.74",-0.0010843
"702","ran702.hdr.75",-0.0017992
"702","ran702.hdr.76",-0.000218699999999999
"702","ran702.hdr.77",-0.0000290799999999999
"702","ran702.hdr.78",-0.0003225
"702","ran702.hdr.8",0.000186599999999999
"702","ran702.hdr.9",-0.00036891
"703","ran703.hdr.1",-0.0009493
"703","ran703.hdr.10",-0.00061467
"703","ran703.hdr.11",-0.000602800000000001
"703","ran703.hdr.12",-0.0003795
"703","ran703.hdr.13",-0.0016948
"703","ran703.hdr.14",-0.0000770000000000007
"703","ran703.hdr.15",-0.000414400000000001
"703","ran703.hdr.16",-0.0000950400000000011
"703","ran703.hdr.17",-0.0007302
"703","ran703.hdr.18",-0.00034462
"703","ran703.hdr.19",-0.00252268
"703","ran703.hdr.2",-0.000239700000000001
"703","ran703.hdr.20",-0.000634299999999999
"703","ran703.hdr.21",-0.000114
"703","ran703.hdr.22",-0.000515720000000001
"703","ran703.hdr.23",-0.0013931
"703","ran703.hdr.24",-0.0007723
"703","ran703.hdr.25",0.000126320000000001
"703","ran703.hdr.26",-0.00019445
"703","ran703.hdr.27",-0.000212320000000001
"703","ran703.hdr.28",-0.00013827
"703","ran703.hdr.29",-0.00000733999999999978
"703","ran703.hdr.3",-0.0000732900000000002
"703","ran703.hdr.30",0.0000461000000000003
"703","ran703.hdr.31",-0.0019854
"703","ran703.hdr.32",-0.0000660000000000001
"703","ran703.hdr.33",-0.00000899999999999859
"703","ran703.hdr.34",-0.000395299999999999
"703","ran703.hdr.35",-0.000968999999999999
"703","ran703.hdr.36",-0.0007116
"703","ran703.hdr.37",0.000022900000000001
"703","ran703.hdr.38",-0.000510400000000001
"703","ran703.hdr.39",NA
"703","ran703.hdr.4",-0.000268800000000001
"703","ran703.hdr.40",-0.001986
"703","ran703.hdr.41",-0.000152899999999999
"703","ran703.hdr.42",-0.000135
"703","ran703.hdr.43",-0.0013738
"703","ran703.hdr.44",-0.0011914
"703","ran703.hdr.45",-0.000216600000000001
"703","ran703.hdr.46",0.000704900000000001
"703","ran703.hdr.47",0.0000683999999999997
"703","ran703.hdr.48",-0.0005532
"703","ran703.hdr.49",-0.0012528
"703","ran703.hdr.5",0.00010741
"703","ran703.hdr.50",-0.000473700000000001
"703","ran703.hdr.51",-0.000343609999999999
"703","ran703.hdr.52",-0.0011173
"703","ran703.hdr.53",-0.0014392
"703","ran703.hdr.54",-0.0016238
"703","ran703.hdr.55",-0.000643990000000001
"703","ran703.hdr.56",0.00019544
"703","ran703.hdr.57",-0.0001373
"703","ran703.hdr.58",-0.00111662
"703","ran703.hdr.59",0.00005185
"703","ran703.hdr.6",-0.0023
"703","ran703.hdr.60",-0.0003331
"703","ran703.hdr.61",-0.000578199999999999
"703","ran703.hdr.63",-0.0000834000000000008
"703","ran703.hdr.64",0.000165
"703","ran703.hdr.65",-0.000455400000000002
"703","ran703.hdr.66",-0.00019203
"703","ran703.hdr.67",-0.0044594
"703","ran703.hdr.68",-0.001278
"703","ran703.hdr.69",-0.000093939999999999
"703","ran703.hdr.7",-0.000583300000000002
"703","ran703.hdr.70",-0.000401100000000001
"703","ran703.hdr.71",0.0005062
"703","ran703.hdr.72",-0.0001492
"703","ran703.hdr.73",-0.0016673
"703","ran703.hdr.74",-0.0053353
"703","ran703.hdr.75",-0.0014758
"703","ran703.hdr.76",-0.000908300000000001
"703","ran703.hdr.77",-0.000692410000000001
"703","ran703.hdr.78",-0.0003826
"703","ran703.hdr.8",-0.0056785
"703","ran703.hdr.9",-0.0030406
"704","ran704.hdr.1",-0.0012185
"704","ran704.hdr.10",-0.00017451
"704","ran704.hdr.11",-0.0000844999999999995
"704","ran704.hdr.12",-0.000725689999999999
"704","ran704.hdr.13",-0.000434459999999999
"704","ran704.hdr.14",-0.0011481
"704","ran704.hdr.15",-0.0011386
"704","ran704.hdr.16",-0.000935750000000001
"704","ran704.hdr.17",0.0000675200000000006
"704","ran704.hdr.18",-0.000516000000000001
"704","ran704.hdr.19",-0.000710000000000002
"704","ran704.hdr.2",-0.0019788
"704","ran704.hdr.20",0.0001045
"704","ran704.hdr.21",-0.0003961
"704","ran704.hdr.22",-0.0004445
"704","ran704.hdr.23",-0.000468900000000001
"704","ran704.hdr.24",-0.00019303
"704","ran704.hdr.25",-0.000292799999999999
"704","ran704.hdr.26",0.00064158
"704","ran704.hdr.27",-0.0000945300000000007
"704","ran704.hdr.28",0.000144799999999999
"704","ran704.hdr.29",-0.000777899999999998
"704","ran704.hdr.3",-0.0109775
"704","ran704.hdr.30",-0.000531400000000001
"704","ran704.hdr.31",-0.0010877
"704","ran704.hdr.32",-0.0004601
"704","ran704.hdr.33",0.0006741
"704","ran704.hdr.34",-0.0000376999999999999
"704","ran704.hdr.35",-0.0013224
"704","ran704.hdr.36",0.0000712999999999998
"704","ran704.hdr.37",-0.0014594
"704","ran704.hdr.38",-0.0023505
"704","ran704.hdr.39",0.0000239999999999997
"704","ran704.hdr.4",-0.0052846
"704","ran704.hdr.40",-0.0001529
"704","ran704.hdr.41",-0.0015247
"704","ran704.hdr.42",-0.0004983
"704","ran704.hdr.43",-0.0017191
"704","ran704.hdr.44",-0.000735400000000001
"704","ran704.hdr.45",-0.0011215
"704","ran704.hdr.46",-0.0003643
"704","ran704.hdr.47",-0.0011337
"704","ran704.hdr.48",-0.0025824
"704","ran704.hdr.49",-0.000764300000000002
"704","ran704.hdr.5",0.0005336
"704","ran704.hdr.50",-0.00020354
"704","ran704.hdr.51",0.000215399
"704","ran704.hdr.52",0.0000281999999999999
"704","ran704.hdr.53",-0.000227100000000001
"704","ran704.hdr.54",-0.00047522
"704","ran704.hdr.56",-0.0012634
"704","ran704.hdr.57",-0.001061
"704","ran704.hdr.58",-0.0010347
"704","ran704.hdr.59",-0.001222
"704","ran704.hdr.6",-0.00062661
"704","ran704.hdr.60",NA
"704","ran704.hdr.61",0.0000943000000000003
"704","ran704.hdr.62",0.00011186
"704","ran704.hdr.63",-0.00017358
"704","ran704.hdr.64",-0.0000517999999999977
"704","ran704.hdr.65",-0.000540200000000001
"704","ran704.hdr.66",-0.000121900000000001
"704","ran704.hdr.67",-0.0008768
"704","ran704.hdr.68",-0.000258989999999999
"704","ran704.hdr.69",0.0003841
"704","ran704.hdr.7",-0.000315299999999999
"704","ran704.hdr.70",-0.000550200000000001
"704","ran704.hdr.71",-0.0014277
"704","ran704.hdr.72",-0.000825300000000001
"704","ran704.hdr.73",-0.0005561
"704","ran704.hdr.74",-0.000630200000000001
"704","ran704.hdr.75",-0.0002612
"704","ran704.hdr.76",-0.00288578
"704","ran704.hdr.77",-0.0010548
"704","ran704.hdr.78",0.00013512
"704","ran704.hdr.8",-0.000204939999999999
"704","ran704.hdr.9",-0.000306939999999999
"705","ran705.hdr.1",-0.0011152
"705","ran705.hdr.10",-0.000429499999999999
"705","ran705.hdr.11",-0.000301300000000001
"705","ran705.hdr.12",-0.0003795
"705","ran705.hdr.13",0.0003181
"705","ran705.hdr.14",-0.00039314
"705","ran705.hdr.15",0.000256000000000001
"705","ran705.hdr.16",-0.0004112
"705","ran705.hdr.17",-0.0016792
"705","ran705.hdr.18",-0.000765599999999998
"705","ran705.hdr.19",-0.000435399999999999
"705","ran705.hdr.2",-0.000740699999999999
"705","ran705.hdr.20",-0.000337999999999998
"705","ran705.hdr.21",-0.000154699999999999
"705","ran705.hdr.22",0.00017261
"705","ran705.hdr.23",-0.000374300000000001
"705","ran705.hdr.24",-0.000450470000000001
"705","ran705.hdr.25",-0.00014131
"705","ran705.hdr.26",0.000510299999999998
"705","ran705.hdr.27",-0.000411400000000003
"705","ran705.hdr.28",-0.0014502
"705","ran705.hdr.29",-0.0018392
"705","ran705.hdr.3",-0.0026658
"705","ran705.hdr.30",-0.000184700000000001
"705","ran705.hdr.31",-0.0001115
"705","ran705.hdr.32",-0.0003137
"705","ran705.hdr.33",-0.0012739
"705","ran705.hdr.34",-0.0005404
"705","ran705.hdr.35",0.0000753000000000004
"705","ran705.hdr.36",-0.000522599999999998
"705","ran705.hdr.37",-0.0001811
"705","ran705.hdr.38",-0.000402600000000001
"705","ran705.hdr.39",-0.0001607
"705","ran705.hdr.4",0.0000684092
"705","ran705.hdr.40",-0.0025436
"705","ran705.hdr.41",-0.0011836
"705","ran705.hdr.42",-0.000308399999999999
"705","ran705.hdr.43",-0.0013738
"705","ran705.hdr.44",-0.0012169
"705","ran705.hdr.45",-0.000034158
"705","ran705.hdr.46",-0.0024639
"705","ran705.hdr.47",-0.00021661
"705","ran705.hdr.48",-0.000945399999999999
"705","ran705.hdr.49",-0.0010723
"705","ran705.hdr.5",-0.0003713
"705","ran705.hdr.50",-0.000362299999999999
"705","ran705.hdr.51",-0.0040008
"705","ran705.hdr.53",-0.00017852
"705","ran705.hdr.54",-0.0002454
"705","ran705.hdr.55",-0.0000914999999999996
"705","ran705.hdr.56",0.000209000000000001
"705","ran705.hdr.57",-0.0000810000000000012
"705","ran705.hdr.58",-0.000967699999999998
"705","ran705.hdr.59",-0.000907400000000001
"705","ran705.hdr.6",-0.0027476
"705","ran705.hdr.60",-0.0010529
"705","ran705.hdr.61",-0.01281643
"705","ran705.hdr.62",0.000018042
"705","ran705.hdr.63",-0.0003231
"705","ran705.hdr.64",-0.0011783
"705","ran705.hdr.65",-0.000404369999999999
"705","ran705.hdr.66",0.00013643
"705","ran705.hdr.67",-0.0023424
"705","ran705.hdr.68",-0.000093939999999999
"705","ran705.hdr.69",-0.0076155
"705","ran705.hdr.7",-0.005219
"705","ran705.hdr.70",-0.0013312
"705","ran705.hdr.71",-0.0001367
"705","ran705.hdr.72",0.0000155000000000016
"705","ran705.hdr.73",-0.00032338
"705","ran705.hdr.74",-0.000239000000000003
"705","ran705.hdr.75",-0.000177710000000001
"705","ran705.hdr.76",-0.0015872
"705","ran705.hdr.77",0.000456100000000001
"705","ran705.hdr.78",0.000153199999999999
"705","ran705.hdr.8",-0.0038288
"705","ran705.hdr.9",-0.0005302
"706","ran706.hdr.1",-0.000345949999999999
"706","ran706.hdr.10",0.000256000000000001
"706","ran706.hdr.11",-0.0000854999999999988
"706","ran706.hdr.12",-0.00071959
"706","ran706.hdr.13",0.0003006
"706","ran706.hdr.14",-0.0004347
"706","ran706.hdr.15",-0.001482
"706","ran706.hdr.16",-0.00034688
"706","ran706.hdr.17",-0.0003277
"706","ran706.hdr.18",-0.000872700000000001
"706","ran706.hdr.19",-0.000612299999999998
"706","ran706.hdr.2",0.0000496999999999997
"706","ran706.hdr.20",-0.000454400000000001
"706","ran706.hdr.21",-0.0013829
"706","ran706.hdr.22",0.0000676100000000009
"706","ran706.hdr.23",-0.0025984
"706","ran706.hdr.24",-0.00000549000000000036
"706","ran706.hdr.25",-0.00039436
"706","ran706.hdr.26",-0.000232900000000001
"706","ran706.hdr.27",0.00051959
"706","ran706.hdr.28",-0.00031339
"706","ran706.hdr.29",-0.0076907
"706","ran706.hdr.3",-0.000214900000000001
"706","ran706.hdr.30",-0.00110569
"706","ran706.hdr.31",0.000316899999999998
"706","ran706.hdr.32",0.0000966000000000005
"706","ran706.hdr.33",-0.000968999999999999
"706","ran706.hdr.34",-0.0000700600000000003
"706","ran706.hdr.35",-0.0019144
"706","ran706.hdr.36",-0.0003861
"706","ran706.hdr.37",0.000124560000000001
"706","ran706.hdr.38",-0.0014927
"706","ran706.hdr.39",0.0000540300000000001
"706","ran706.hdr.4",0.000383700000000001
"706","ran706.hdr.40",-0.0012106
"706","ran706.hdr.41",-0.0016134
"706","ran706.hdr.42",-0.0016092
"706","ran706.hdr.43",-0.00057255
"706","ran706.hdr.44",-0.00005857
"706","ran706.hdr.45",0.00021476
"706","ran706.hdr.46",-0.000180100000000001
"706","ran706.hdr.47",-0.0014392
"706","ran706.hdr.48",-0.01111509
"706","ran706.hdr.49",-0.001416
"706","ran706.hdr.5",-0.0002056
"706","ran706.hdr.50",0.0000742100000000001
"706","ran706.hdr.51",-0.00020354
"706","ran706.hdr.52",0.0000521000000000002
"706","ran706.hdr.53",-0.00047522
"706","ran706.hdr.54",0.0000246199999999995
"706","ran706.hdr.57",0.000165
"706","ran706.hdr.58",0.000003000000000003
"706","ran706.hdr.59",0.0000988399999999993
"706","ran706.hdr.6",-0.0029886
"706","ran706.hdr.60",0.00000142999999999931
"706","ran706.hdr.61",-0.0003461
"706","ran706.hdr.62",-0.000738799999999998
"706","ran706.hdr.63",-0.000841700000000001
"706","ran706.hdr.64",-0.00045068
"706","ran706.hdr.65",0.0000612000000000008
"706","ran706.hdr.66",0.000459899999999999
"706","ran706.hdr.67",-0.0008331
"706","ran706.hdr.68",NA
"706","ran706.hdr.69",0.0001838
"706","ran706.hdr.7",-0.000105399999999999
"706","ran706.hdr.70",-0.0013741
"706","ran706.hdr.71",-0.0012473
"706","ran706.hdr.72",-0.001383
"706","ran706.hdr.73",-0.000452500000000002
"706","ran706.hdr.74",-0.0011873
"706","ran706.hdr.75",-0.000231200000000001
"706","ran706.hdr.76",-0.0057067
"706","ran706.hdr.77",0.00013512
"706","ran706.hdr.78",-0.0015052
"706","ran706.hdr.8",0.0000855000000000005
"706","ran706.hdr.9",-0.0015386
"707","ran707.hdr.1",-0.000510899999999998
"707","ran707.hdr.10",-0.0038288
"707","ran707.hdr.11",-0.0034598
"707","ran707.hdr.12",-0.000585499999999999
"707","ran707.hdr.13",-0.0003059
"707","ran707.hdr.14",-0.00093515
"707","ran707.hdr.15",0.000160479999999999
"707","ran707.hdr.16",-0.0011219
"707","ran707.hdr.17",-0.00011717
"707","ran707.hdr.18",-0.000376899999999999
"707","ran707.hdr.19",-0.00065658
"707","ran707.hdr.2",-0.000115250000000001
"707","ran707.hdr.20",-0.000341899999999999
"707","ran707.hdr.21",-0.0008815
"707","ran707.hdr.22",-0.0006719
"707","ran707.hdr.23",0.00011082
"707","ran707.hdr.24",-0.0000383099999999997
"707","ran707.hdr.25",-0.000727600000000002
"707","ran707.hdr.26",-0.0015418
"707","ran707.hdr.27",-0.0009639
"707","ran707.hdr.28",-0.0003254
"707","ran707.hdr.29",0.0002261
"707","ran707.hdr.3",-0.000279100000000001
"707","ran707.hdr.30",-0.0001443
"707","ran707.hdr.31",-0.0006201
"707","ran707.hdr.32",-0.0004121
"707","ran707.hdr.33",0.0005156
"707","ran707.hdr.34",-0.0014108
"707","ran707.hdr.35",0.00004185
"707","ran707.hdr.36",-0.000176700000000002
"707","ran707.hdr.37",-0.00015777
"707","ran707.hdr.38",-0.0003861
"707","ran707.hdr.39",-0.0024974
"707","ran707.hdr.4",-0.0000463000000000026
"707","ran707.hdr.40",-0.000583
"707","ran707.hdr.41",NA
"707","ran707.hdr.42",0.000189000000000002
"707","ran707.hdr.43",-0.0008214
"707","ran707.hdr.44",-0.0022116
"707","ran707.hdr.45",0.0000144999999999989
"707","ran707.hdr.46",-0.000543500000000001
"707","ran707.hdr.47",-0.0010884
"707","ran707.hdr.48",-0.0011836
"707","ran707.hdr.49",-0.000449600000000001
"707","ran707.hdr.5",-0.000282899999999999
"707","ran707.hdr.50",0.000118134
"707","ran707.hdr.51",0.000117100000000002
"707","ran707.hdr.52",-0.0010598
"707","ran707.hdr.53",-0.00055
"707","ran707.hdr.54",-0.000764300000000002
"707","ran707.hdr.55",-0.00031891
"707","ran707.hdr.56",-0.000000799999999999586
"707","ran707.hdr.57",-0.0010723
"707","ran707.hdr.58",0.0000470499999999999
"707","ran707.hdr.59",-0.001074
"707","ran707.hdr.6",-0.00000570800000000001
"707","ran707.hdr.61",-0.0001099
"707","ran707.hdr.62",-0.000121599999999999
"707","ran707.hdr.63",0.000223899999999999
"707","ran707.hdr.64",-0.000775399999999999
"707","ran707.hdr.65",-0.0021686
"707","ran707.hdr.66",0.0002232
"707","ran707.hdr.67",-0.000822699999999999
"707","ran707.hdr.68",-0.0010284
"707","ran707.hdr.69",-0.0000532100000000015
"707","ran707.hdr.7",0.0000546000000000001
"707","ran707.hdr.70",-0.000401100000000001
"707","ran707.hdr.71",-0.00063214
"707","ran707.hdr.72",-0.0014151
"707","ran707.hdr.73",-0.0006002
"707","ran707.hdr.74",-0.000481599999999999
"707","ran707.hdr.75",-0.0006096
"707","ran707.hdr.76",-0.0022821
"707","ran707.hdr.77",-0.00054307
"707","ran707.hdr.78",-0.0010028
"707","ran707.hdr.8",-0.000970499999999999
"707","ran707.hdr.9",0.000623700000000001
"708","ran708.hdr.1",-0.0007133
"708","ran708.hdr.10",-0.0005968
"708","ran708.hdr.11",-0.000113727
"708","ran708.hdr.12",-0.000911199999999997
"708","ran708.hdr.13",0.0000146999999999994
"708","ran708.hdr.14",-0.000874099999999999
"708","ran708.hdr.15",-0.0014039
"708","ran708.hdr.16",0.0001045
"708","ran708.hdr.17",-0.0008757
"708","ran708.hdr.18",-0.0084394
"708","ran708.hdr.19",-0.0000116664
"708","ran708.hdr.2",NA
"708","ran708.hdr.20",-0.00019286
"708","ran708.hdr.21",0.000365939999999999
"708","ran708.hdr.22",-0.0006201
"708","ran708.hdr.23",-0.00018896
"708","ran708.hdr.24",-0.000468900000000001
"708","ran708.hdr.25",-0.00016391
"708","ran708.hdr.26",-0.00060842
"708","ran708.hdr.27",-0.000541900000000001
"708","ran708.hdr.28",-0.00021139
"708","ran708.hdr.29",-0.0058339
"708","ran708.hdr.3",-0.005769
"708","ran708.hdr.30",-0.000358299999999999
"708","ran708.hdr.31",-0.000355399999999999
"708","ran708.hdr.32",-0.00036563
"708","ran708.hdr.33",0.0001592
"708","ran708.hdr.34",-0.000104
"708","ran708.hdr.35",-0.0014027
"708","ran708.hdr.36",-0.0004022
"708","ran708.hdr.37",-0.0013356
"708","ran708.hdr.38",-0.0017019
"708","ran708.hdr.39",0.0004306
"708","ran708.hdr.4",-0.0052846
"708","ran708.hdr.40",-0.00002191
"708","ran708.hdr.41",-0.0026491
"708","ran708.hdr.42",-0.00034381
"708","ran708.hdr.43",-0.001739
"708","ran708.hdr.44",NA
"708","ran708.hdr.45",-0.0000261999999999971
"708","ran708.hdr.46",-0.000408800000000001
"708","ran708.hdr.47",-0.0000250599999999999
"708","ran708.hdr.48",0.00025203
"708","ran708.hdr.49",0.000140400000000001
"708","ran708.hdr.5",-0.0003795
"708","ran708.hdr.50",-0.00057312
"708","ran708.hdr.51",-0.0000697999999999983
"708","ran708.hdr.52",-0.0011173
"708","ran708.hdr.53",-0.0031055
"708","ran708.hdr.54",-0.000313299999999999
"708","ran708.hdr.55",-0.000495000000000002
"708","ran708.hdr.56",-0.000684499999999998
"708","ran708.hdr.57",0.000244869999999999
"708","ran708.hdr.58",-0.0001542
"708","ran708.hdr.59",-0.0029365
"708","ran708.hdr.6",-0.00053636
"708","ran708.hdr.60",-0.0000582000000000013
"708","ran708.hdr.61",-0.0011892
"708","ran708.hdr.62",0.000272909999999999
"708","ran708.hdr.63",-0.00056939
"708","ran708.hdr.64",-0.000188000000000001
"708","ran708.hdr.65",-0.0028671
"708","ran708.hdr.66",-0.000794200000000002
"708","ran708.hdr.67",-0.0011029
"708","ran708.hdr.68",-0.000698500000000001
"708","ran708.hdr.69",-0.0000591999999999988
"708","ran708.hdr.7",-0.0000770000000000007
"708","ran708.hdr.70",-0.0003088
"708","ran708.hdr.71",-0.000428600000000001
"708","ran708.hdr.72",-0.000116
"708","ran708.hdr.73",0.0000651999999999996
"708","ran708.hdr.74",-0.0015308
"708","ran708.hdr.75",-0.000218699999999999
"708","ran708.hdr.76",-0.0016949
"708","ran708.hdr.77",-0.000792599999999999
"708","ran708.hdr.78",-0.0004317
"708","ran708.hdr.8",-0.000046446
"708","ran708.hdr.9",-0.0000506599999999992
"709","ran709.hdr.1",-0.000175400000000001
"709","ran709.hdr.10",-0.000374649999999999
"709","ran709.hdr.11",-0.000428030000000001
"709","ran709.hdr.12",-0.00013863
"709","ran709.hdr.13",-0.00037651
"709","ran709.hdr.14",-0.000216849999999999
"709","ran709.hdr.15",-0.0000730000000000001
"709","ran709.hdr.16",-0.000404499999999999
"709","ran709.hdr.17",-0.0009639
"709","ran709.hdr.18",-0.002734
"709","ran709.hdr.19",0.00000735000000000015
"709","ran709.hdr.2",-0.000142300000000001
"709","ran709.hdr.20",-0.00252268
"709","ran709.hdr.21",-0.000765599999999998
"709","ran709.hdr.22",-0.000345599999999998
"709","ran709.hdr.23",-0.000167799999999999
"709","ran709.hdr.24",-0.000551599999999999
"709","ran709.hdr.25",0.000350800000000002
"709","ran709.hdr.26",-0.0002991
"709","ran709.hdr.27",0.00038818
"709","ran709.hdr.28",-0.0067609
"709","ran709.hdr.29",0.000126320000000001
"709","ran709.hdr.3",-0.000279100000000001
"709","ran709.hdr.30",-0.00055601
"709","ran709.hdr.31",0.0000525500000000002
"709","ran709.hdr.32",-0.000464099999999999
"709","ran709.hdr.33",-0.000243760000000001
"709","ran709.hdr.34",-0.000143009999999999
"709","ran709.hdr.35",-0.00350844
"709","ran709.hdr.36",-0.0011573
"709","ran709.hdr.37",-0.0004601
"709","ran709.hdr.38",-0.0003333
"709","ran709.hdr.39",-0.000409099999999999
"709","ran709.hdr.4",-0.00000570800000000001
"709","ran709.hdr.40",0.0000463000000000009
"709","ran709.hdr.41",0.00011464
"709","ran709.hdr.42",-0.000247559999999999
"709","ran709.hdr.43",0.000262999999999999
"709","ran709.hdr.44",-0.000189699999999999
"709","ran709.hdr.45",-0.00034381
"709","ran709.hdr.46",-0.0034509
"709","ran709.hdr.47",-0.000358599999999999
"709","ran709.hdr.48",-0.0000128000000000003
"709","ran709.hdr.49",-0.000315939999999999
"709","ran709.hdr.5",-0.0008313
"709","ran709.hdr.50",-0.000299799999999999
"709","ran709.hdr.51",0.00016459
"709","ran709.hdr.52",-0.00188647
"709","ran709.hdr.53",-0.00057659
"709","ran709.hdr.54",-0.00045368
"709","ran709.hdr.55",-0.000175950000000001
"709","ran709.hdr.56",-0.0011044
"709","ran709.hdr.57",-0.000270960000000001
"709","ran709.hdr.58",-0.00011945
"709","ran709.hdr.59",-0.00025784
"709","ran709.hdr.6",0.00019881
"709","ran709.hdr.61",-0.0010234
"709","ran709.hdr.62",-0.01281643
"709","ran709.hdr.63",-0.000746799999999999
"709","ran709.hdr.64",-0.0017369
"709","ran709.hdr.65",-0.00017847
"709","ran709.hdr.66",0.00064233
"709","ran709.hdr.67",0.000122430000000001
"709","ran709.hdr.68",-0.000602399999999999
"709","ran709.hdr.69",-0.000290670000000001
"709","ran709.hdr.7",-0.0013722
"709","ran709.hdr.70",-0.0009818
"709","ran709.hdr.71",0.0000622999999999995
"709","ran709.hdr.72",NA
"709","ran709.hdr.73",-0.000642299999999998
"709","ran709.hdr.74",-0.0013741
"709","ran709.hdr.75",-0.000871300000000002
"709","ran709.hdr.76",-0.0009914
"709","ran709.hdr.77",-0.0003368
"709","ran709.hdr.78",-0.00089669
"709","ran709.hdr.8",-0.00168994
"709","ran709.hdr.9",-0.000906130000000002
"710","ran710.hdr.1",-0.0003622
"710","ran710.hdr.10",-0.000401799999999999
"710","ran710.hdr.11",-0.000438800000000001
"710","ran710.hdr.12",-0.000216849999999999
"710","ran710.hdr.13",-0.000359400000000001
"710","ran710.hdr.14",-0.000935750000000001
"710","ran710.hdr.15",-0.00041587
"710","ran710.hdr.16",-0.0022782
"710","ran710.hdr.17",-0.00010883
"710","ran710.hdr.18",-0.000825099999999999
"710","ran710.hdr.19",-0.000385699999999999
"710","ran710.hdr.2",0.000371
"710","ran710.hdr.20",-0.0016027
"710","ran710.hdr.21",-0.00141581
"710","ran710.hdr.22",-0.00055601
"710","ran710.hdr.23",0.0000111
"710","ran710.hdr.24",-0.000376700000000001
"710","ran710.hdr.25",0.00015824
"710","ran710.hdr.26",-0.00038817
"710","ran710.hdr.27",-0.000284
"710","ran710.hdr.28",-0.0012418
"710","ran710.hdr.29",0.000720500000000002
"710","ran710.hdr.3",0.000461199999999998
"710","ran710.hdr.30",-0.000348000000000001
"710","ran710.hdr.31",-0.001142
"710","ran710.hdr.32",-0.00016097
"710","ran710.hdr.33",-0.00034168
"710","ran710.hdr.34",-0.000399060000000001
"710","ran710.hdr.35",0.000104199999999999
"710","ran710.hdr.36",0.000237399999999999
"710","ran710.hdr.37",-0.000499899999999998
"710","ran710.hdr.38",-0.000598000000000001
"710","ran710.hdr.39",0.000295299999999998
"710","ran710.hdr.4",-0.000220599999999998
"710","ran710.hdr.40",-0.0014471
"710","ran710.hdr.41",-0.000713800000000001
"710","ran710.hdr.42",0.0000662000000000006
"710","ran710.hdr.43",-0.000518399999999999
"710","ran710.hdr.44",-0.0001647
"710","ran710.hdr.45",-0.00328849
"710","ran710.hdr.46",-0.000765099999999998
"710","ran710.hdr.47",-0.00000727000000000019
"710","ran710.hdr.48",-0.00022903
"710","ran710.hdr.49",-0.0010313
"710","ran710.hdr.5",-0.0001323
"710","ran710.hdr.50",-0.000293069999999999
"710","ran710.hdr.54",-0.00017959
"710","ran710.hdr.55",-0.0003894
"710","ran710.hdr.56",-0.001222
"710","ran710.hdr.57",-0.000544600000000003
"710","ran710.hdr.58",0.0000854000000000028
"710","ran710.hdr.59",-0.000546500000000002
"710","ran710.hdr.6",-0.00034287
"710","ran710.hdr.60",-0.0016226
"710","ran710.hdr.61",-0.0012643
"710","ran710.hdr.62",-0.000678700000000001
"710","ran710.hdr.63",-0.0005504
"710","ran710.hdr.64",-0.0019411
"710","ran710.hdr.65",-0.0021688
"710","ran710.hdr.66",-0.0013697
"710","ran710.hdr.67",-0.000596000000000003
"710","ran710.hdr.68",-0.0000401999999999972
"710","ran710.hdr.69",-0.000955899999999999
"710","ran710.hdr.7",-0.000511400000000002
"710","ran710.hdr.70",-0.0013232
"710","ran710.hdr.71",-0.000239000000000003
"710","ran710.hdr.72",0.0000125500000000001
"710","ran710.hdr.73",-0.0017992
"710","ran710.hdr.74",-0.0011974
"710","ran710.hdr.75",-0.0007951
"710","ran710.hdr.76",-0.0018985
"710","ran710.hdr.77",-0.000548699999999999
"710","ran710.hdr.78",0.0000916000000000007
"710","ran710.hdr.8",-0.00026622
"710","ran710.hdr.9",-0.00044229
"711","ran711.hdr.1",-0.000676
"711","ran711.hdr.10",0.0000243300000000001
"711","ran711.hdr.11",-0.000629900000000001
"711","ran711.hdr.12",0.0002343
"711","ran711.hdr.13",-0.0010694
"711","ran711.hdr.14",-0.0067251
"711","ran711.hdr.15",0.0000205000000000014
"711","ran711.hdr.16",-0.0011163
"711","ran711.hdr.17",-0.0002792
"711","ran711.hdr.18",-0.0002991
"711","ran711.hdr.19",0.000467699999999998
"711","ran711.hdr.2",-0.0048415
"711","ran711.hdr.20",-0.0000783900000000002
"711","ran711.hdr.21",-0.0014725
"711","ran711.hdr.22",-0.000418709999999999
"711","ran711.hdr.23",-0.0007723
"711","ran711.hdr.24",0.000181200000000001
"711","ran711.hdr.25",-0.000292629999999999
"711","ran711.hdr.26",-0.0004084
"711","ran711.hdr.27",-0.00010227
"711","ran711.hdr.28",0.0000383999999999992
"711","ran711.hdr.29",0.0004048
"711","ran711.hdr.3",-0.0038016
"711","ran711.hdr.30",-0.0050666
"711","ran711.hdr.31",0.000856399999999998
"711","ran711.hdr.32",-0.0013224
"711","ran711.hdr.33",-0.000478900000000001
"711","ran711.hdr.34",-0.00046567
"711","ran711.hdr.35",0.0000920999999999995
"711","ran711.hdr.36",-0.00022876
"711","ran711.hdr.37",-0.0015749
"711","ran711.hdr.38",-0.000202600000000001
"711","ran711.hdr.39",0.000354
"711","ran711.hdr.4",-0.0035262
"711","ran711.hdr.40",-0.000616299999999997
"711","ran711.hdr.41",-0.0009266
"711","ran711.hdr.42",-0.0000252999999999989
"711","ran711.hdr.43",0.000217800000000001
"711","ran711.hdr.44",0.000150899999999999
"711","ran711.hdr.45",-0.0005363
"711","ran711.hdr.46",-0.0018642
"711","ran711.hdr.47",-0.0000371
"711","ran711.hdr.48",-0.000408800000000001
"711","ran711.hdr.49",-0.00027166
"711","ran711.hdr.5",-0.000204939999999999
"711","ran711.hdr.50",0.0000959300000000001
"711","ran711.hdr.51",0.00024266
"711","ran711.hdr.52",-0.00010805
"711","ran711.hdr.53",-0.000366499999999999
"711","ran711.hdr.54",-0.000568100000000002
"711","ran711.hdr.55",-0.0000566400000000002
"711","ran711.hdr.56",-0.000362299999999999
"711","ran711.hdr.58",-0.000477600000000002
"711","ran711.hdr.59",-0.0000195000000000004
"711","ran711.hdr.6",-0.000401799999999999
"711","ran711.hdr.60",-0.001061
"711","ran711.hdr.61",-0.000280199999999998
"711","ran711.hdr.62",-0.000337039999999999
"711","ran711.hdr.63",-0.0013776
"711","ran711.hdr.64",-0.000604199999999999
"711","ran711.hdr.65",-0.0004418
"711","ran711.hdr.66",0.000220499999999998
"711","ran711.hdr.67",-0.0013697
"711","ran711.hdr.68",-0.000121900000000001
"711","ran711.hdr.69",-0.0002583
"711","ran711.hdr.7",0.000161699999999999
"711","ran711.hdr.70",0.00010167
"711","ran711.hdr.71",-0.0009037
"711","ran711.hdr.72",-0.0008746
"711","ran711.hdr.73",-0.000333699999999999
"711","ran711.hdr.74",-0.000481599999999999
"711","ran711.hdr.75",-0.00118788
"711","ran711.hdr.76",-0.0025593
"711","ran711.hdr.77",-0.000498099999999998
"711","ran711.hdr.78",-0.000547499999999999
"711","ran711.hdr.8",-0.0015955
"711","ran711.hdr.9",-0.00026025
"712","ran712.hdr.1",-0.000905800000000002
"712","ran712.hdr.10",-0.000413510000000001
"712","ran712.hdr.11",-0.000539240000000002
"712","ran712.hdr.12",-0.0002471
"712","ran712.hdr.13",-0.000713499999999999
"712","ran712.hdr.14",0.000489419999999999
"712","ran712.hdr.15",-0.000274099999999999
"712","ran712.hdr.16",0.00078736
"712","ran712.hdr.17",-0.0011179
"712","ran712.hdr.18",-0.000912500000000002
"712","ran712.hdr.19",0.00000735000000000015
"712","ran712.hdr.2",-0.000115250000000001
"712","ran712.hdr.20",-0.0033496
"712","ran712.hdr.21",-0.000230500000000002
"712","ran712.hdr.22",-0.000612299999999998
"712","ran712.hdr.23",-0.000846699999999999
"712","ran712.hdr.24",-0.000518899999999999
"712","ran712.hdr.25",-0.000473700000000001
"712","ran712.hdr.26",-0.000390400000000001
"712","ran712.hdr.27",-0.00013267
"712","ran712.hdr.28",-0.000166349999999999
"712","ran712.hdr.29",-0.000243760000000001
"712","ran712.hdr.3",-0.000849200000000001
"712","ran712.hdr.30",-0.00010012
"712","ran712.hdr.31",-0.00041873
"712","ran712.hdr.32",-0.000300699999999999
"712","ran712.hdr.33",0.0001028
"712","ran712.hdr.34",-0.0002611
"712","ran712.hdr.35",-0.0000392999999999991
"712","ran712.hdr.36",-0.000757799999999999
"712","ran712.hdr.37",-0.001126
"712","ran712.hdr.38",-0.00015807
"712","ran712.hdr.39",-0.00015038
"712","ran712.hdr.4",0.0003686
"712","ran712.hdr.40",0.0001282
"712","ran712.hdr.41",-0.0023505
"712","ran712.hdr.42",-0.0001607
"712","ran712.hdr.43",-0.00022449
"712","ran712.hdr.44",-0.0011215
"712","ran712.hdr.45",-0.0022371
"712","ran712.hdr.46",-0.000988299999999998
"712","ran712.hdr.47",-0.0011337
"712","ran712.hdr.48",-0.000315939999999999
"712","ran712.hdr.49",-0.00062953
"712","ran712.hdr.5",-0.0027476
"712","ran712.hdr.50",0.0000275000000000032
"712","ran712.hdr.51",-0.0018136
"712","ran712.hdr.52",-0.000369599999999999
"712","ran712.hdr.53",-0.00022903
"712","ran712.hdr.54",0.0000281999999999999
"712","ran712.hdr.55",0.0002778
"712","ran712.hdr.56",-0.000193329999999999
"712","ran712.hdr.58",-0.000126399999999999
"712","ran712.hdr.59",-0.00011027
"712","ran712.hdr.6",-0.0017379
"712","ran712.hdr.60",-0.000934999999999998
"712","ran712.hdr.61",-0.0015428
"712","ran712.hdr.62",-0.000221499999999999
"712","ran712.hdr.63",-0.00574057
"712","ran712.hdr.64",-0.0003435
"712","ran712.hdr.65",-0.000328449999999999
"712","ran712.hdr.66",-0.000836699999999999
"712","ran712.hdr.67",-0.00740309
"712","ran712.hdr.68",-0.0010023
"712","ran712.hdr.69",-0.000768900000000003
"712","ran712.hdr.7",NA
"712","ran712.hdr.70",-0.0010098
"712","ran712.hdr.71",-0.0007592
"712","ran712.hdr.72",-0.0000835999999999996
"712","ran712.hdr.73",0.000268299999999999
"712","ran712.hdr.74",0.000139439999999999
"712","ran712.hdr.75",-0.00033439
"712","ran712.hdr.76",-0.0007229
"712","ran712.hdr.77",-0.000958499999999999
"712","ran712.hdr.78",-0.0014426
"712","ran712.hdr.8",-0.0029886
"712","ran712.hdr.9",-0.0000849000000000006
"713","ran713.hdr.1",0.000555399999999998
"713","ran713.hdr.10",-0.0001898
"713","ran713.hdr.11",-0.00036517
"713","ran713.hdr.12",-0.00032312
"713","ran713.hdr.13",-0.0011929
"713","ran713.hdr.14",-0.0002947
"713","ran713.hdr.15",-0.0000309000000000004
"713","ran713.hdr.16",-0.000130699999999999
"713","ran713.hdr.17",-0.00180345
"713","ran713.hdr.18",-0.000286719999999999
"713","ran713.hdr.19",-0.0000759999999999997
"713","ran713.hdr.2",-0.0017379
"713","ran713.hdr.20",0.0001034
"713","ran713.hdr.21",-0.0010873
"713","ran713.hdr.22",-0.000154699999999999
"713","ran713.hdr.23",-0.0000257999999999994
"713","ran713.hdr.24",0.00119447
"713","ran713.hdr.25",-0.0013931
"713","ran713.hdr.26",-0.00029554
"713","ran713.hdr.27",-0.00018774
"713","ran713.hdr.28",-0.00010144
"713","ran713.hdr.29",-0.0001753
"713","ran713.hdr.3",-0.0078616
"713","ran713.hdr.30",-0.0001434
"713","ran713.hdr.31",-0.0000624000000000006
"713","ran713.hdr.32",-0.0003861
"713","ran713.hdr.33",0.00000510000000000094
"713","ran713.hdr.34",-0.0013695
"713","ran713.hdr.35",-0.0001115
"713","ran713.hdr.36",0.000022900000000001
"713","ran713.hdr.37",-0.0005632
"713","ran713.hdr.38",-0.000584600000000001
"713","ran713.hdr.39",0.000237399999999999
"713","ran713.hdr.4",-0.000175700000000001
"713","ran713.hdr.40",-0.0004679
"713","ran713.hdr.41",-0.00037394
"713","ran713.hdr.42",-0.0000061000000000002
"713","ran713.hdr.43",0.000111692
"713","ran713.hdr.44",0.000195099999999998
"713","ran713.hdr.45",NA
"713","ran713.hdr.46",-0.0000518599999999999
"713","ran713.hdr.47",0.00011802
"713","ran713.hdr.48",-0.00000102000000000088
"713","ran713.hdr.49",-0.0002815
"713","ran713.hdr.5",-0.0003795
"713","ran713.hdr.50",-0.00035154
"713","ran713.hdr.52",-0.0005941
"713","ran713.hdr.53",-0.0000914999999999996
"713","ran713.hdr.54",0.000452299999999999
"713","ran713.hdr.55",-0.011466
"713","ran713.hdr.56",-0.000556319999999999
"713","ran713.hdr.57",-0.0107924
"713","ran713.hdr.58",0.0000854000000000028
"713","ran713.hdr.59",-0.00018396
"713","ran713.hdr.6",-0.000349700000000001
"713","ran713.hdr.60",-0.000256870000000001
"713","ran713.hdr.61",-0.0004131
"713","ran713.hdr.62",0.0000428399999999997
"713","ran713.hdr.63",-0.0024046
"713","ran713.hdr.64",0.000346899999999999
"713","ran713.hdr.65",-0.0037906
"713","ran713.hdr.66",-0.000407100000000001
"713","ran713.hdr.67",-0.0023812
"713","ran713.hdr.68",-0.000955899999999999
"713","ran713.hdr.69",0.0000060000000000008
"713","ran713.hdr.7",-0.0000281999999999991
"713","ran713.hdr.70",0.0000175000000000002
"713","ran713.hdr.71",-0.0044168
"713","ran713.hdr.72",-0.00033439
"713","ran713.hdr.73",-0.0018724
"713","ran713.hdr.74",-0.0015308
"713","ran713.hdr.75",0.0000125500000000001
"713","ran713.hdr.76",-0.0014426
"713","ran713.hdr.77",-0.0017455
"713","ran713.hdr.78",-0.0006941
"713","ran713.hdr.8",0.00016113
"713","ran713.hdr.9",-0.0000204900000000002
"714","ran714.hdr.1",0.0000845999999999989
"714","ran714.hdr.10",-0.0048952
"714","ran714.hdr.11",-0.0004419
"714","ran714.hdr.12",-0.0015953
"714","ran714.hdr.13",-0.000701999999999999
"714","ran714.hdr.14",-0.00010295
"714","ran714.hdr.15",0.0001817
"714","ran714.hdr.16",-0.0016942
"714","ran714.hdr.17",-0.000646799999999999
"714","ran714.hdr.18",-0.0011853
"714","ran714.hdr.19",-0.000256040000000001
"714","ran714.hdr.2",-0.00011916
"714","ran714.hdr.20",-0.0045794
"714","ran714.hdr.21",-0.0010804
"714","ran714.hdr.22",0.0001034
"714","ran714.hdr.23",-0.0006806
"714","ran714.hdr.24",-0.0002915
"714","ran714.hdr.25",-0.0016027
"714","ran714.hdr.26",-0.000267429999999999
"714","ran714.hdr.27",-0.00019075
"714","ran714.hdr.28",-0.0003097
"714","ran714.hdr.29",-0.000397000000000002
"714","ran714.hdr.3",-0.000133289999999999
"714","ran714.hdr.30",-0.00037474
"714","ran714.hdr.31",-0.000413999999999999
"714","ran714.hdr.32",0.0000383999999999992
"714","ran714.hdr.33",-0.00031339
"714","ran714.hdr.34",-0.0001753
"714","ran714.hdr.35",-0.00021139
"714","ran714.hdr.36",-0.0008652
"714","ran714.hdr.37",-0.0013637
"714","ran714.hdr.38",-0.0049962
"714","ran714.hdr.39",-0.0006827
"714","ran714.hdr.4",-0.0032872
"714","ran714.hdr.40",-0.000174199999999999
"714","ran714.hdr.41",-0.0014594
"714","ran714.hdr.42",0.000262999999999999
"714","ran714.hdr.43",-0.000218399999999999
"714","ran714.hdr.44",0.000150899999999999
"714","ran714.hdr.45",-0.00018614
"714","ran714.hdr.46",-0.0001528
"714","ran714.hdr.47",0.0001598
"714","ran714.hdr.48",-0.000846200000000002
"714","ran714.hdr.49",-0.000576500000000001
"714","ran714.hdr.5",0.000000199999999998812
"714","ran714.hdr.50",-0.0000328000000000004
"714","ran714.hdr.51",-0.000879130000000001
"714","ran714.hdr.52",-0.0019361
"714","ran714.hdr.53",0.00016459
"714","ran714.hdr.54",0.0000742100000000001
"714","ran714.hdr.55",0.0000692499999999999
"714","ran714.hdr.56",0.00026023
"714","ran714.hdr.57",0.0004513
"714","ran714.hdr.58",-0.000137030000000001
"714","ran714.hdr.59",-0.0010508
"714","ran714.hdr.6",-0.0022515
"714","ran714.hdr.60",0.0000717000000000009
"714","ran714.hdr.61",-0.00036083
"714","ran714.hdr.62",-0.0009154
"714","ran714.hdr.63",-0.0033465
"714","ran714.hdr.64",-0.00104738
"714","ran714.hdr.65",-0.0001259
"714","ran714.hdr.66",-0.000110099999999998
"714","ran714.hdr.67",-0.000376000000000001
"714","ran714.hdr.68",-0.0010828
"714","ran714.hdr.69",0.0003297
"714","ran714.hdr.7",-0.000171609999999999
"714","ran714.hdr.70",-0.0015712
"714","ran714.hdr.71",-0.0000532100000000015
"714","ran714.hdr.72",-0.000401100000000001
"714","ran714.hdr.73",-0.00029
"714","ran714.hdr.74",-0.0020758
"714","ran714.hdr.75",-0.0002393
"714","ran714.hdr.76",-0.00083164
"714","ran714.hdr.77",-0.000318599999999999
"714","ran714.hdr.78",-0.0006941
"714","ran714.hdr.8",-0.000617699999999999
"714","ran714.hdr.9",-0.0061766
"715","ran715.hdr.1",-0.000239700000000001
"715","ran715.hdr.10",-0.0000397699999999997
"715","ran715.hdr.11",-0.0011243
"715","ran715.hdr.12",-0.0000649700000000001
"715","ran715.hdr.13",-0.0008164
"715","ran715.hdr.14",-0.000651099999999998
"715","ran715.hdr.15",-0.000389500000000001
"715","ran715.hdr.16",-0.000518899999999999
"715","ran715.hdr.17",-0.000108899999999999
"715","ran715.hdr.18",-0.00019286
"715","ran715.hdr.19",-0.000347700000000001
"715","ran715.hdr.2",-0.000310999999999999
"715","ran715.hdr.20",0.00014465
"715","ran715.hdr.21",-0.000292629999999999
"715","ran715.hdr.22",-0.0010452
"715","ran715.hdr.23",-0.000359199999999999
"715","ran715.hdr.24",-0.000140850000000001
"715","ran715.hdr.25",-0.00045297
"715","ran715.hdr.26",-0.000507200000000003
"715","ran715.hdr.27",-0.0019089
"715","ran715.hdr.28",-0.000975
"715","ran715.hdr.29",-0.000423400000000001
"715","ran715.hdr.3",-0.0007518
"715","ran715.hdr.30",-0.0001752
"715","ran715.hdr.31",-0.0001264
"715","ran715.hdr.32",-0.00026
"715","ran715.hdr.33",-0.0014594
"715","ran715.hdr.34",-0.0001046
"715","ran715.hdr.35",-0.0000647699999999996
"715","ran715.hdr.36",-0.000732400000000001
"715","ran715.hdr.37",-0.0000755699999999996
"715","ran715.hdr.38",-0.000707100000000002
"715","ran715.hdr.39",0.0000373000000000005
"715","ran715.hdr.4",-0.00012473
"715","ran715.hdr.40",-0.000688599999999999
"715","ran715.hdr.41",-0.000114999999999999
"715","ran715.hdr.42",-0.0073875
"715","ran715.hdr.43",-0.000336299999999999
"715","ran715.hdr.44",-0.0024639
"715","ran715.hdr.45",-0.00119342
"715","ran715.hdr.46",-0.0000328000000000004
"715","ran715.hdr.47",0.00013718
"715","ran715.hdr.48",-0.00026183
"715","ran715.hdr.49",0.000218600000000001
"715","ran715.hdr.5",-0.0011761
"715","ran715.hdr.50",-0.0001373
"715","ran715.hdr.51",-0.00111662
"715","ran715.hdr.52",0.000139
"715","ran715.hdr.53",-0.0004198
"715","ran715.hdr.54",-0.00048754
"715","ran715.hdr.55",-0.000313299999999999
"715","ran715.hdr.56",-0.00040568
"715","ran715.hdr.57",-0.00017091
"715","ran715.hdr.58",-0.0010529
"715","ran715.hdr.59",-0.0009154
"715","ran715.hdr.6",-0.00120107
"715","ran715.hdr.60",-0.0000291000000000007
"715","ran715.hdr.61",-0.00019203
"715","ran715.hdr.62",-0.0014755
"715","ran715.hdr.63",0.0000194084
"715","ran715.hdr.64",-0.0010621
"715","ran715.hdr.65",-0.0005187
"715","ran715.hdr.66",0.000256500000000002
"715","ran715.hdr.67",-0.0002646
"715","ran715.hdr.68",-0.00021431
"715","ran715.hdr.69",-0.000347499999999997
"715","ran715.hdr.7",-0.00246744
"715","ran715.hdr.70",0.000151800000000001
"715","ran715.hdr.71",-0.000546100000000001
"715","ran715.hdr.72",-0.00014392
"715","ran715.hdr.73",-0.000720800000000001
"715","ran715.hdr.74",-0.000358600000000001
"715","ran715.hdr.75",-0.0000420000000000004
"715","ran715.hdr.76",-0.0014309
"715","ran715.hdr.77",-0.000218699999999999
"715","ran715.hdr.78",-0.004726
"715","ran715.hdr.8",0.000257960000000001
"715","ran715.hdr.9",0.00058855
"716","ran716.hdr.1",-0.0026658
"716","ran716.hdr.10",NA
"716","ran716.hdr.11",-0.0003155
"716","ran716.hdr.12",-0.000419360000000001
"716","ran716.hdr.13",-0.0000950400000000011
"716","ran716.hdr.14",-0.00012599
"716","ran716.hdr.15",0.0000112099999999993
"716","ran716.hdr.16",-0.0000342699999999994
"716","ran716.hdr.17",-0.000713499999999999
"716","ran716.hdr.18",-0.00047623
"716","ran716.hdr.19",-0.0011243
"716","ran716.hdr.2",-0.000236699999999999
"716","ran716.hdr.20",0.0000421999999999992
"716","ran716.hdr.21",0.00017696
"716","ran716.hdr.22",-0.0019612
"716","ran716.hdr.23",-0.0000309000000000004
"716","ran716.hdr.24",-0.00016801
"716","ran716.hdr.25",-0.0005666
"716","ran716.hdr.26",-0.000796499999999999
"716","ran716.hdr.27",0.000184710000000001
"716","ran716.hdr.28",0.000197699999999999
"716","ran716.hdr.29",-0.00012519
"716","ran716.hdr.3",0.000156300000000002
"716","ran716.hdr.30",-0.00084943
"716","ran716.hdr.31",0.0000498999999999999
"716","ran716.hdr.32",-0.00041873
"716","ran716.hdr.33",-0.001093
"716","ran716.hdr.34",-0.0012418
"716","ran716.hdr.35",-0.000488699999999998
"716","ran716.hdr.36",-0.000548
"716","ran716.hdr.37",-0.0000624000000000006
"716","ran716.hdr.38",-0.0000392999999999991
"716","ran716.hdr.39",-0.0013224
"716","ran716.hdr.4",-0.00014336
"716","ran716.hdr.40",-0.00025136
"716","ran716.hdr.41",-0.0013695
"716","ran716.hdr.42",-0.0000897299999999997
"716","ran716.hdr.43",0.000579699999999999
"716","ran716.hdr.44",-0.0015247
"716","ran716.hdr.45",-0.0016596
"716","ran716.hdr.46",-0.000982500000000001
"716","ran716.hdr.47",-0.0005532
"716","ran716.hdr.48",-0.00074314
"716","ran716.hdr.49",-0.000749
"716","ran716.hdr.5",-0.000480399999999999
"716","ran716.hdr.50",-0.00077464
"716","ran716.hdr.51",NA
"716","ran716.hdr.52",-0.0014393
"716","ran716.hdr.53",-0.000153
"716","ran716.hdr.54",-0.00037772
"716","ran716.hdr.55",-0.0000283000000000002
"716","ran716.hdr.56",-0.00048754
"716","ran716.hdr.57",-0.000787200000000002
"716","ran716.hdr.59",-0.000263810000000001
"716","ran716.hdr.6",-0.0003186
"716","ran716.hdr.60",0.000320299999999999
"716","ran716.hdr.61",-0.00685775
"716","ran716.hdr.62",-0.0043602
"716","ran716.hdr.63",-0.0021629
"716","ran716.hdr.64",-0.00039282
"716","ran716.hdr.65",-0.0000829000000000003
"716","ran716.hdr.66",-0.002342
"716","ran716.hdr.67",-0.000798899999999998
"716","ran716.hdr.68",-0.00032338
"716","ran716.hdr.69",-0.000481099999999998
"716","ran716.hdr.7",-0.00056426
"716","ran716.hdr.70",-0.000482799999999999
"716","ran716.hdr.71",-0.000126299999999999
"716","ran716.hdr.72",-0.0006096
"716","ran716.hdr.73",-0.000586100000000003
"716","ran716.hdr.74",-0.000372399999999998
"716","ran716.hdr.75",-0.0004913
"716","ran716.hdr.76",-0.0022866
"716","ran716.hdr.77",-0.0032639
"716","ran716.hdr.78",-0.0015057
"716","ran716.hdr.8",-0.0002307
"716","ran716.hdr.9",-0.00024783
"717","ran717.hdr.1",-0.00036043
"717","ran717.hdr.10",-0.00038711
"717","ran717.hdr.11",-0.000183900000000001
"717","ran717.hdr.12",0.00016704
"717","ran717.hdr.13",-0.000434459999999999
"717","ran717.hdr.14",-0.0011243
"717","ran717.hdr.15",-0.000359400000000001
"717","ran717.hdr.16",-0.0003499
"717","ran717.hdr.17",-0.0002961
"717","ran717.hdr.18",-0.00161496
"717","ran717.hdr.19",-0.000657
"717","ran717.hdr.2",-0.00119054
"717","ran717.hdr.20",-0.0001256
"717","ran717.hdr.21",0.000704099999999999
"717","ran717.hdr.22",-0.000847199999999999
"717","ran717.hdr.23",-0.000288800000000001
"717","ran717.hdr.24",-0.000114
"717","ran717.hdr.25",-0.0004445
"717","ran717.hdr.26",-0.000112000000000001
"717","ran717.hdr.27",-0.000327499999999998
"717","ran717.hdr.28",-0.000464099999999999
"717","ran717.hdr.29",0.000468939999999999
"717","ran717.hdr.3",-0.000849200000000001
"717","ran717.hdr.30",-0.001677
"717","ran717.hdr.31",-0.00350844
"717","ran717.hdr.32",-0.0017024
"717","ran717.hdr.33",-0.0019572
"717","ran717.hdr.34",-0.000358299999999999
"717","ran717.hdr.35",0.0000578999999999996
"717","ran717.hdr.36",-0.000844900000000001
"717","ran717.hdr.37",-0.0015268
"717","ran717.hdr.38",-0.000757799999999999
"717","ran717.hdr.39",-0.00028523
"717","ran717.hdr.4",-0.000184100000000001
"717","ran717.hdr.40",-0.000352100000000001
"717","ran717.hdr.41",-0.00053977
"717","ran717.hdr.42",-0.0003316
"717","ran717.hdr.43",-0.0009972
"717","ran717.hdr.44",-0.0013524
"717","ran717.hdr.45",-0.0030178
"717","ran717.hdr.46",-0.0002047
"717","ran717.hdr.47",-0.00021278
"717","ran717.hdr.48",-0.000670899999999999
"717","ran717.hdr.49",0.0002425
"717","ran717.hdr.5",-0.0011761
"717","ran717.hdr.50",-0.0018712
"717","ran717.hdr.51",-0.0011708
"717","ran717.hdr.52",-0.00037772
"717","ran717.hdr.53",-0.0005042
"717","ran717.hdr.54",-0.0004577
"717","ran717.hdr.55",-0.00155443
"717","ran717.hdr.56",-0.00016505
"717","ran717.hdr.57",-0.0005941
"717","ran717.hdr.58",-0.0000596800000000012
"717","ran717.hdr.59",-0.0000923
"717","ran717.hdr.6",-0.0035328
"717","ran717.hdr.60",-0.0006338
"717","ran717.hdr.61",-0.0010508
"717","ran717.hdr.62",-0.00039517
"717","ran717.hdr.63",-0.000763170000000001
"717","ran717.hdr.64",0.000452299999999999
"717","ran717.hdr.65",-0.00424687
"717","ran717.hdr.66",-0.0003359
"717","ran717.hdr.67",0.000122430000000001
"717","ran717.hdr.68",-0.000328449999999999
"717","ran717.hdr.69",-0.000331100000000001
"717","ran717.hdr.7",-0.0041174
"717","ran717.hdr.70",-0.001085
"717","ran717.hdr.71",-0.001662
"717","ran717.hdr.72",-0.0014372
"717","ran717.hdr.73",0.00039353
"717","ran717.hdr.74",-0.0011097
"717","ran717.hdr.75",-0.0015308
"717","ran717.hdr.76",-0.0006096
"717","ran717.hdr.77",-0.00118788
"717","ran717.hdr.78",-0.000318599999999999
"717","ran717.hdr.8",0.0003189
"717","ran717.hdr.9",-0.000480399999999999
"718","ran718.hdr.1",-0.000195000000000001
"718","ran718.hdr.10",-0.00013425
"718","ran718.hdr.11",0.0001099
"718","ran718.hdr.12",-0.00046459
"718","ran718.hdr.13",-0.00036227
"718","ran718.hdr.14",-0.0000787700000000001
"718","ran718.hdr.15",-0.000205999999999998
"718","ran718.hdr.16",-0.000401799999999999
"718","ran718.hdr.17",-0.00045021
"718","ran718.hdr.18",-0.000808199999999999
"718","ran718.hdr.19",-0.000140099999999999
"718","ran718.hdr.2",-0.0026658
"718","ran718.hdr.20",-0.0006719
"718","ran718.hdr.21",-0.0013508
"718","ran718.hdr.22",-0.000168399999999999
"718","ran718.hdr.23",-0.000152399999999999
"718","ran718.hdr.24",-0.0000383099999999997
"718","ran718.hdr.25",-0.000727600000000002
"718","ran718.hdr.26",-0.000377500000000001
"718","ran718.hdr.27",-0.0007279
"718","ran718.hdr.28",-0.000612299999999998
"718","ran718.hdr.29",-0.0003756
"718","ran718.hdr.3",-0.000637000000000002
"718","ran718.hdr.30",-0.0013895
"718","ran718.hdr.31",0.0002261
"718","ran718.hdr.32",-0.0001948
"718","ran718.hdr.33",-0.0002915
"718","ran718.hdr.34",0.00037395
"718","ran718.hdr.35",-0.000156699999999999
"718","ran718.hdr.36",-0.00010144
"718","ran718.hdr.37",-0.000541900000000001
"718","ran718.hdr.38",-0.00665937
"718","ran718.hdr.39",-0.0024831
"718","ran718.hdr.4",-0.00012473
"718","ran718.hdr.40",-0.000833900000000002
"718","ran718.hdr.41",-0.0013244
"718","ran718.hdr.42",-0.000435399999999999
"718","ran718.hdr.43",-0.000136210000000001
"718","ran718.hdr.44",0.0000619799999999997
"718","ran718.hdr.45",-0.000423400000000001
"718","ran718.hdr.46",-0.0023505
"718","ran718.hdr.47",-0.000565699999999999
"718","ran718.hdr.48",-0.0002384
"718","ran718.hdr.49",-0.00013614
"718","ran718.hdr.5",-0.002115
"718","ran718.hdr.50",-0.00029489
"718","ran718.hdr.51",-0.000735400000000001
"718","ran718.hdr.52",0.000295299999999998
"718","ran718.hdr.53",-0.0012528
"718","ran718.hdr.54",-0.00015647
"718","ran718.hdr.55",-0.0000330999999999994
"718","ran718.hdr.56",-0.000343609999999999
"718","ran718.hdr.57",-0.0015162
"718","ran718.hdr.58",-0.00038213
"718","ran718.hdr.59",0.0000568604
"718","ran718.hdr.6",-0.00041678
"718","ran718.hdr.60",0.0000491800000000011
"718","ran718.hdr.62",-0.0015112
"718","ran718.hdr.63",-0.0010508
"718","ran718.hdr.64",-0.0009955
"718","ran718.hdr.65",-0.000083200000000002
"718","ran718.hdr.66",-0.0021629
"718","ran718.hdr.67",-0.0005466
"718","ran718.hdr.68",-0.0001636
"718","ran718.hdr.69",-0.000404369999999999
"718","ran718.hdr.7",-0.000653600000000001
"718","ran718.hdr.70",-0.0004037
"718","ran718.hdr.71",0.0002977
"718","ran718.hdr.72",-0.0000134000000000002
"718","ran718.hdr.73",-0.0023424
"718","ran718.hdr.74",-0.0009818
"718","ran718.hdr.75",-0.0043812
"718","ran718.hdr.76",-0.0013792
"718","ran718.hdr.77",-0.000481599999999999
"718","ran718.hdr.78",-0.0004866
"718","ran718.hdr.8",-0.0038288
"718","ran718.hdr.9",0.000222699999999999
"719","ran719.hdr.1",-0.000510899999999998
"719","ran719.hdr.10",-0.0000801099999999996
"719","ran719.hdr.11",-0.000217070000000001
"719","ran719.hdr.12",-0.0001755
"719","ran719.hdr.13",-0.0005673
"719","ran719.hdr.14",-0.0001013
"719","ran719.hdr.15",-0.000911199999999997
"719","ran719.hdr.16",-0.0134706
"719","ran719.hdr.17",-0.000881099999999999
"719","ran719.hdr.18",-0.000220930000000001
"719","ran719.hdr.19",-0.0013259
"719","ran719.hdr.2",-0.00040682
"719","ran719.hdr.20",-0.0012838
"719","ran719.hdr.21",-0.0004966
"719","ran719.hdr.22",-0.0000348000000000015
"719","ran719.hdr.23",-0.0011163
"719","ran719.hdr.24",-0.000163968
"719","ran719.hdr.25",-0.000285000000000001
"719","ran719.hdr.26",-0.00130484
"719","ran719.hdr.27",0.000468939999999999
"719","ran719.hdr.28",-0.0000911100000000001
"719","ran719.hdr.29",0.0000383999999999992
"719","ran719.hdr.3",-0.0026658
"719","ran719.hdr.30",-0.0031592
"719","ran719.hdr.31",-0.0001159
"719","ran719.hdr.32",-0.0024974
"719","ran719.hdr.33",0.0000664100000000003
"719","ran719.hdr.34",NA
"719","ran719.hdr.35",-0.000617899999999998
"719","ran719.hdr.36",-0.000316800000000001
"719","ran719.hdr.37",-0.000942499999999999
"719","ran719.hdr.38",-0.00056584
"719","ran719.hdr.39",-0.0015782
"719","ran719.hdr.4",-0.0036577
"719","ran719.hdr.40",-0.000707100000000002
"719","ran719.hdr.41",-0.0016134
"719","ran719.hdr.42",-0.0021208
"719","ran719.hdr.43",-0.0033085
"719","ran719.hdr.44",-0.0010055
"719","ran719.hdr.45",-0.0016598
"719","ran719.hdr.46",-0.0000560200000000004
"719","ran719.hdr.47",-0.0034143
"719","ran719.hdr.48",-0.000198499999999999
"719","ran719.hdr.49",-0.000643990000000001
"719","ran719.hdr.5",-0.00364684
"719","ran719.hdr.50",0.00000257936
"719","ran719.hdr.51",-0.00019336
"719","ran719.hdr.52",-0.000381660000000001
"719","ran719.hdr.53",-0.0010313
"719","ran719.hdr.54",-0.000421599999999999
"719","ran719.hdr.55",0.0000603900000000004
"719","ran719.hdr.56",-0.0010844
"719","ran719.hdr.57",-0.00040568
"719","ran719.hdr.58",-0.0001829
"719","ran719.hdr.59",-0.0015112
"719","ran719.hdr.6",-0.000171609999999999
"719","ran719.hdr.60",-0.00038507
"719","ran719.hdr.61",-0.0000474999999999989
"719","ran719.hdr.62",-0.00133806
"719","ran719.hdr.63",-0.0000291000000000007
"719","ran719.hdr.64",0.00016557
"719","ran719.hdr.65",0.000477
"719","ran719.hdr.66",-0.0005679
"719","ran719.hdr.67",-0.000914999999999999
"719","ran719.hdr.68",-0.0005187
"719","ran719.hdr.69",-0.0005631
"719","ran719.hdr.7",-0.0023
"719","ran719.hdr.70",-0.0014151
"719","ran719.hdr.71",-0.0005033
"719","ran719.hdr.72",-0.000389500000000001
"719","ran719.hdr.73",-0.000313999999999998
"719","ran719.hdr.74",-0.0013741
"719","ran719.hdr.75",-0.0001905
"719","ran719.hdr.76",-0.0023484
"719","ran719.hdr.77",-0.000692410000000001
"719","ran719.hdr.78",-0.0003604
"719","ran719.hdr.8",-0.001546
"719","ran719.hdr.9",-0.0005371
"720","ran720.hdr.1",-0.000740699999999999
"720","ran720.hdr.10",-0.0000622000000000001
"720","ran720.hdr.11",-0.00021491
"720","ran720.hdr.12",-0.000416400000000001
"720","ran720.hdr.13",-0.000935750000000001
"720","ran720.hdr.14",-0.0016942
"720","ran720.hdr.15",-0.0013259
"720","ran720.hdr.16",-0.00252268
"720","ran720.hdr.17",-0.000682600000000002
"720","ran720.hdr.18",-0.0002542
"720","ran720.hdr.19",-0.00017819
"720","ran720.hdr.2",-0.0022219
"720","ran720.hdr.20",-0.00013827
"720","ran720.hdr.21",-0.001167
"720","ran720.hdr.22",-0.000397000000000002
"720","ran720.hdr.23",-0.00010144
"720","ran720.hdr.24",-0.000450470000000001
"720","ran720.hdr.25",0.000765599999999998
"720","ran720.hdr.26",-0.0012418
"720","ran720.hdr.27",-0.00166575
"720","ran720.hdr.28",-0.0012926
"720","ran720.hdr.29",-0.0035614
"720","ran720.hdr.3",-0.0031082
"720","ran720.hdr.30",-0.0036419
"720","ran720.hdr.31",-0.0013224
"720","ran720.hdr.32",-0.000252799999999999
"720","ran720.hdr.33",-0.00022876
"720","ran720.hdr.34",-0.0001543
"720","ran720.hdr.35",-0.00049344
"720","ran720.hdr.36",-0.0012186
"720","ran720.hdr.37",-0.0004022
"720","ran720.hdr.38",-0.000463499999999999
"720","ran720.hdr.39",-0.0009237
"720","ran720.hdr.4",-0.00013425
"720","ran720.hdr.40",-0.000522599999999998
"720","ran720.hdr.41",-0.0014925
"720","ran720.hdr.42",-0.000360099999999999
"720","ran720.hdr.43",-0.0011914
"720","ran720.hdr.44",0.0001598
"720","ran720.hdr.45",0.000279399999999999
"720","ran720.hdr.46",-0.0000593299999999998
"720","ran720.hdr.47",-0.000315939999999999
"720","ran720.hdr.48",-0.0000330999999999994
"720","ran720.hdr.49",-0.000343609999999999
"720","ran720.hdr.5",-0.0001569
"720","ran720.hdr.50",-0.00055
"720","ran720.hdr.51",-0.000684000000000001
"720","ran720.hdr.52",-0.0011044
"720","ran720.hdr.53",0.00026858
"720","ran720.hdr.54",-0.00003125
"720","ran720.hdr.55",-0.00155443
"720","ran720.hdr.56",-0.0000833800000000001
"720","ran720.hdr.57",-0.00015833
"720","ran720.hdr.58",-0.00011424
"720","ran720.hdr.6",-0.00137783
"720","ran720.hdr.60",-0.000492100000000002
"720","ran720.hdr.61",-0.0003339
"720","ran720.hdr.62",-0.000907400000000001
"720","ran720.hdr.63",-0.0019575
"720","ran720.hdr.64",-0.0093999
"720","ran720.hdr.65",-0.0013065
"720","ran720.hdr.66",-0.000481499999999999
"720","ran720.hdr.67",0.000135650000000001
"720","ran720.hdr.68",-0.0023928
"720","ran720.hdr.69",0.0000443000000000006
"720","ran720.hdr.7",-0.000549999999999998
"720","ran720.hdr.70",-0.002342
"720","ran720.hdr.71",-0.00124621
"720","ran720.hdr.72",-0.000176800000000001
"720","ran720.hdr.73",-0.000630200000000001
"720","ran720.hdr.74",-0.0014855
"720","ran720.hdr.75",-0.0013547
"720","ran720.hdr.76",-0.0032753
"720","ran720.hdr.77",-0.00089669
"720","ran720.hdr.78",-0.00118
"720","ran720.hdr.8",-0.000232599999999999
"720","ran720.hdr.9",-0.000721199999999998
"721","ran721.hdr.1",-0.0014785
"721","ran721.hdr.10",-0.000721199999999998
"721","ran721.hdr.11",-0.00129969
"721","ran721.hdr.12",NA
"721","ran721.hdr.13",-0.0010564
"721","ran721.hdr.14",-0.0013259
"721","ran721.hdr.15",-0.00034462
"721","ran721.hdr.16",-0.001596
"721","ran721.hdr.17",-0.0021765
"721","ran721.hdr.18",-0.000796499999999999
"721","ran721.hdr.19",0.0000328100000000012
"721","ran721.hdr.2",-0.000220599999999998
"721","ran721.hdr.20",-0.0015236
"721","ran721.hdr.21",-0.000207189999999999
"721","ran721.hdr.22",-0.0011926
"721","ran721.hdr.23",-0.00029017
"721","ran721.hdr.24",-0.000113400000000001
"721","ran721.hdr.25",-0.00037474
"721","ran721.hdr.26",-0.00028711
"721","ran721.hdr.27",-0.00031339
"721","ran721.hdr.28",-0.00069205
"721","ran721.hdr.29",-0.0089957
"721","ran721.hdr.3",0.00039419
"721","ran721.hdr.30",0.0009695
"721","ran721.hdr.31",-0.00198339
"721","ran721.hdr.32",-0.0000567999999999992
"721","ran721.hdr.33",-0.000729500000000001
"721","ran721.hdr.34",-0.00620406
"721","ran721.hdr.35",0.0000378299999999991
"721","ran721.hdr.36",-0.0019144
"721","ran721.hdr.37",0.000159400000000001
"721","ran721.hdr.38",-0.000574999999999999
"721","ran721.hdr.39",-0.0012739
"721","ran721.hdr.4",-0.0022515
"721","ran721.hdr.40",-0.0001709
"721","ran721.hdr.41",-0.000924100000000001
"721","ran721.hdr.42",-0.000522599999999998
"721","ran721.hdr.43",-0.00000561000000000008
"721","ran721.hdr.44",-0.000743199999999999
"721","ran721.hdr.45",-0.02102894
"721","ran721.hdr.46",-0.000377499999999999
"721","ran721.hdr.47",0.00017578
"721","ran721.hdr.48",-0.0135865
"721","ran721.hdr.49",-0.000175950000000001
"721","ran721.hdr.5",-0.0026461
"721","ran721.hdr.50",-0.0000335399999999999
"721","ran721.hdr.51",-0.000421599999999999
"721","ran721.hdr.52",0.0000941399999999995
"721","ran721.hdr.54",-0.0000781999999999988
"721","ran721.hdr.55",-0.0000914999999999996
"721","ran721.hdr.56",-0.0000567999999999992
"721","ran721.hdr.57",-0.00017091
"721","ran721.hdr.58",-0.0010605
"721","ran721.hdr.59",-0.000907400000000001
"721","ran721.hdr.6",0.000352100000000001
"721","ran721.hdr.60",-0.000811599999999999
"721","ran721.hdr.61",-0.00024239
"721","ran721.hdr.62",-0.0001288
"721","ran721.hdr.63",-0.0002325
"721","ran721.hdr.64",-0.000320829999999999
"721","ran721.hdr.65",-0.0010621
"721","ran721.hdr.66",0.000228300000000001
"721","ran721.hdr.67",-0.000841700000000001
"721","ran721.hdr.68",-0.0016696
"721","ran721.hdr.69",-0.001085
"721","ran721.hdr.7",-0.003143
"721","ran721.hdr.70",0.00000899999999999859
"721","ran721.hdr.71",NA
"721","ran721.hdr.72",0.00019761
"721","ran721.hdr.73",-0.000825300000000001
"721","ran721.hdr.74",-0.000590700000000003
"721","ran721.hdr.75",-0.000471699999999999
"721","ran721.hdr.76",-0.0011035
"721","ran721.hdr.77",-0.000676700000000002
"721","ran721.hdr.78",-0.0057067
"721","ran721.hdr.8",-0.0003059
"721","ran721.hdr.9",-0.0005444
"722","ran722.hdr.1",-0.000154699999999999
"722","ran722.hdr.10",0.0000659000000000007
"722","ran722.hdr.11",-0.0003958
"722","ran722.hdr.12",-0.00016698
"722","ran722.hdr.13",-0.0000559700000000007
"722","ran722.hdr.14",-0.000168399999999999
"722","ran722.hdr.15",-0.0008164
"722","ran722.hdr.16",-0.0000309000000000004
"722","ran722.hdr.17",-0.000369699999999999
"722","ran722.hdr.18",-0.0010563
"722","ran722.hdr.19",0.00007813
"722","ran722.hdr.2",-0.0006076
"722","ran722.hdr.20",-0.0084394
"722","ran722.hdr.21",-0.0004364
"722","ran722.hdr.22",-0.0000800499999999999
"722","ran722.hdr.23",0.00021165
"722","ran722.hdr.24",-0.0000956499999999999
"722","ran722.hdr.25",-0.00000790000000000166
"722","ran722.hdr.26",-0.000643000000000001
"722","ran722.hdr.27",-0.000777899999999998
"722","ran722.hdr.28",-0.01715588
"722","ran722.hdr.29",-0.0048341
"722","ran722.hdr.3",-0.0000643999999999992
"722","ran722.hdr.30",-0.000784
"722","ran722.hdr.31",-0.000351900000000002
"722","ran722.hdr.32",-0.000777200000000002
"722","ran722.hdr.33",-0.000655800000000002
"722","ran722.hdr.34",-0.0000624000000000006
"722","ran722.hdr.35",-0.000613500000000001
"722","ran722.hdr.36",-0.0005073
"722","ran722.hdr.37",0.0000184400000000002
"722","ran722.hdr.38",-0.0000897299999999997
"722","ran722.hdr.39",-0.0000391499999999999
"722","ran722.hdr.4",0.0000146
"722","ran722.hdr.40",0.000493
"722","ran722.hdr.41",-0.0000148999999999982
"722","ran722.hdr.42",0.0004306
"722","ran722.hdr.43",-0.0001811
"722","ran722.hdr.44",-0.00018774
"722","ran722.hdr.45",-0.000522199999999999
"722","ran722.hdr.46",-0.000717699999999998
"722","ran722.hdr.47",-0.0000828000000000009
"722","ran722.hdr.48",-0.0000583999999999984
"722","ran722.hdr.49",-0.0009494
"722","ran722.hdr.5",-0.000174800000000001
"722","ran722.hdr.50",-0.0030547
"722","ran722.hdr.51",-0.01768098
"722","ran722.hdr.52",0.0000163999999999997
"722","ran722.hdr.53",-0.000510450000000001
"722","ran722.hdr.54",0.0000521000000000002
"722","ran722.hdr.55",-0.0010822
"722","ran722.hdr.56",0.00005185
"722","ran722.hdr.57",-0.0003331
"722","ran722.hdr.58",-0.0001838
"722","ran722.hdr.59",0.00019605
"722","ran722.hdr.6",-0.0005302
"722","ran722.hdr.60",-0.000478599999999999
"722","ran722.hdr.61",-0.000263810000000001
"722","ran722.hdr.62",-0.0015428
"722","ran722.hdr.63",-0.0011439
"722","ran722.hdr.64",-0.0009154
"722","ran722.hdr.65",-0.0002054
"722","ran722.hdr.66",0.0002951
"722","ran722.hdr.67",0.000127700000000001
"722","ran722.hdr.68",-0.0035597
"722","ran722.hdr.69",-0.00048136
"722","ran722.hdr.7",-0.000507480000000001
"722","ran722.hdr.70",-0.0016847
"722","ran722.hdr.71",-0.0004463
"722","ran722.hdr.72",-0.0009818
"722","ran722.hdr.73",-0.0008821
"722","ran722.hdr.74",-0.00006813
"722","ran722.hdr.75",-0.0010769
"722","ran722.hdr.76",-0.000871399999999998
"722","ran722.hdr.77",-0.0053353
"722","ran722.hdr.78",-0.000289600000000001
"722","ran722.hdr.8",-0.00058509
"722","ran722.hdr.9",-0.0016948
"723","ran723.hdr.1",-0.000311580000000001
"723","ran723.hdr.10",-0.0000559799999999997
"723","ran723.hdr.11",-0.000732
"723","ran723.hdr.12",-0.000364
"723","ran723.hdr.13",-0.000629900000000001
"723","ran723.hdr.14",0.0001659
"723","ran723.hdr.15",-0.0016211
"723","ran723.hdr.16",-0.00252268
"723","ran723.hdr.17",-0.0002506
"723","ran723.hdr.18",-0.0017045
"723","ran723.hdr.19",0.0000334200000000002
"723","ran723.hdr.2",-0.0028486
"723","ran723.hdr.20",0.00029568
"723","ran723.hdr.21",-0.000418709999999999
"723","ran723.hdr.22",0.0002039
"723","ran723.hdr.23",-0.000383960000000001
"723","ran723.hdr.24",-0.000453249999999999
"723","ran723.hdr.25",-0.000297
"723","ran723.hdr.26",-0.0006427
"723","ran723.hdr.27",-0.00620406
"723","ran723.hdr.28",-0.0002396
"723","ran723.hdr.29",-0.000478900000000001
"723","ran723.hdr.3",-0.00031262
"723","ran723.hdr.30",-0.00073436
"723","ran723.hdr.31",-0.000468900000000001
"723","ran723.hdr.32",-0.000768999999999999
"723","ran723.hdr.33",-0.0013695
"723","ran723.hdr.34",-0.0000897299999999997
"723","ran723.hdr.35",-0.000505799999999999
"723","ran723.hdr.36",-0.0004022
"723","ran723.hdr.37",-0.000186599999999999
"723","ran723.hdr.38",0.0002539
"723","ran723.hdr.39",-0.00000561000000000008
"723","ran723.hdr.4",-0.00047386
"723","ran723.hdr.40",-0.0015204
"723","ran723.hdr.41",0.000255200000000001
"723","ran723.hdr.42",-0.000246700000000001
"723","ran723.hdr.43",-0.0012169
"723","ran723.hdr.44",-0.000336299999999999
"723","ran723.hdr.45",0.000113700000000001
"723","ran723.hdr.46",-0.0000856099999999999
"723","ran723.hdr.47",0.000873600000000002
"723","ran723.hdr.48",-0.000315939999999999
"723","ran723.hdr.49",-0.0070655
"723","ran723.hdr.5",0.00099089
"723","ran723.hdr.50",0.00010489
"723","ran723.hdr.51",-0.0016044
"723","ran723.hdr.52",-0.000814100000000002
"723","ran723.hdr.53",-0.000755800000000001
"723","ran723.hdr.54",-0.0034577
"723","ran723.hdr.55",-0.00022903
"723","ran723.hdr.56",-0.00073805
"723","ran723.hdr.57",0.00019218
"723","ran723.hdr.58",-0.0007711
"723","ran723.hdr.59",-0.0000202999999999991
"723","ran723.hdr.6",0.00016113
"723","ran723.hdr.60",-0.0004641
"723","ran723.hdr.61",-0.000157900000000002
"723","ran723.hdr.62",-0.000354719999999999
"723","ran723.hdr.63",-0.000663200000000001
"723","ran723.hdr.64",-0.0013065
"723","ran723.hdr.65",0.000324999999999999
"723","ran723.hdr.66",-0.0003359
"723","ran723.hdr.67",-0.000959399999999999
"723","ran723.hdr.68",-0.0011074
"723","ran723.hdr.69",-0.001507
"723","ran723.hdr.7",-0.00017451
"723","ran723.hdr.70",-0.0010284
"723","ran723.hdr.71",0.0003259
"723","ran723.hdr.72",-0.0000779999999999999
"723","ran723.hdr.73",-0.0000153999999999987
"723","ran723.hdr.74",-0.0007229
"723","ran723.hdr.75",0.000326549999999999
"723","ran723.hdr.76",0.0002302
"723","ran723.hdr.77",-0.002875
"723","ran723.hdr.78",-0.000498099999999998
"723","ran723.hdr.8",0.0000479899999999999
"723","ran723.hdr.9",-0.0004673
"724","ran724.hdr.1",-0.000326900000000001
"724","ran724.hdr.10",-0.000675400000000003
"724","ran724.hdr.11",-0.000292249999999999
"724","ran724.hdr.12",-0.0000713600000000003
"724","ran724.hdr.13",-0.000808199999999999
"724","ran724.hdr.14",0.000157600000000001
"724","ran724.hdr.15",-0.0011481
"724","ran724.hdr.16",-0.00129969
"724","ran724.hdr.17",-0.0011386
"724","ran724.hdr.18",-0.0003499
"724","ran724.hdr.19",0.00054986
"724","ran724.hdr.2",-0.00020446
"724","ran724.hdr.20",-0.000527999999999999
"724","ran724.hdr.21",0.00000759999999999997
"724","ran724.hdr.22",-0.0008602
"724","ran724.hdr.23",-0.0013108
"724","ran724.hdr.24",-0.000230500000000002
"724","ran724.hdr.25",0.0000370000000000006
"724","ran724.hdr.26",-0.000616499999999999
"724","ran724.hdr.27",-0.00018809
"724","ran724.hdr.28",0.0000134599999999999
"724","ran724.hdr.29",0.0000966000000000005
"724","ran724.hdr.3",-0.0003622
"724","ran724.hdr.30",-0.00073436
"724","ran724.hdr.31",-0.000316499999999999
"724","ran724.hdr.32",0.00013516
"724","ran724.hdr.33",-0.0011115
"724","ran724.hdr.34",0.0000853
"724","ran724.hdr.35",-0.0006558
"724","ran724.hdr.36",-0.0003937
"724","ran724.hdr.37",-0.000214700000000002
"724","ran724.hdr.38",-0.0010504
"724","ran724.hdr.39",-0.0013083
"724","ran724.hdr.4",-0.000272339999999999
"724","ran724.hdr.40",0.000486200000000001
"724","ran724.hdr.41",-0.0030178
"724","ran724.hdr.42",-0.0000749000000000001
"724","ran724.hdr.43",-0.0010777
"724","ran724.hdr.44",-0.0000280999999999997
"724","ran724.hdr.45",-0.0041082
"724","ran724.hdr.46",0.0000942999999999986
"724","ran724.hdr.47",-0.0011337
"724","ran724.hdr.48",0.00019344
"724","ran724.hdr.49",-0.00029094
"724","ran724.hdr.5",0.00069375
"724","ran724.hdr.50",-0.00021607
"724","ran724.hdr.51",-0.0000551900000000001
"724","ran724.hdr.52",-0.0021164
"724","ran724.hdr.53",0.00017218
"724","ran724.hdr.54",-0.0006896
"724","ran724.hdr.55",-0.00016505
"724","ran724.hdr.56",0.00048629
"724","ran724.hdr.57",-0.000193199999999999
"724","ran724.hdr.58",-0.0005941
"724","ran724.hdr.59",-0.0000835000000000002
"724","ran724.hdr.6",-0.00041678
"724","ran724.hdr.60",-0.000907400000000001
"724","ran724.hdr.61",-0.000688000000000001
"724","ran724.hdr.62",-0.000556319999999999
"724","ran724.hdr.63",-0.0011402
"724","ran724.hdr.64",-0.00019203
"724","ran724.hdr.65",-0.00039282
"724","ran724.hdr.66",0.000199399999999999
"724","ran724.hdr.67",-0.000836699999999999
"724","ran724.hdr.68",-0.001085
"724","ran724.hdr.69",-0.0000532100000000015
"724","ran724.hdr.7",-0.000507480000000001
"724","ran724.hdr.70",-0.0007443
"724","ran724.hdr.71",-0.0011245
"724","ran724.hdr.72",-0.0002688
"724","ran724.hdr.73",0.0002185
"724","ran724.hdr.74",-0.000793269999999999
"724","ran724.hdr.75",-0.0027169
"724","ran724.hdr.76",-0.00288578
"724","ran724.hdr.77",-0.0014428
"724","ran724.hdr.78",-0.000776900000000001
"724","ran724.hdr.8",-0.00093515
"724","ran724.hdr.9",-0.000194699999999999
"725","ran725.hdr.1",-0.00100715
"725","ran725.hdr.10",-0.00039314
"725","ran725.hdr.11",-0.00012599
"725","ran725.hdr.12",-0.001162
"725","ran725.hdr.13",-0.0003143
"725","ran725.hdr.14",-0.000102409999999999
"725","ran725.hdr.15",-0.0002322
"725","ran725.hdr.16",-0.0004673
"725","ran725.hdr.17",-0.00016964
"725","ran725.hdr.18",-0.0032234
"725","ran725.hdr.19",-0.0008602
"725","ran725.hdr.2",-0.000908900000000001
"725","ran725.hdr.20",-0.0000309000000000004
"725","ran725.hdr.21",-0.0011183
"725","ran725.hdr.22",-0.000131599999999999
"725","ran725.hdr.23",-0.0001814
"725","ran725.hdr.24",0.000224750000000001
"725","ran725.hdr.25",-0.000418709999999999
"725","ran725.hdr.26",-0.0015236
"725","ran725.hdr.27",-0.0003296
"725","ran725.hdr.28",-0.00029554
"725","ran725.hdr.29",-0.0011926
"725","ran725.hdr.3",-0.0014426
"725","ran725.hdr.30",-0.0001311
"725","ran725.hdr.31",-0.00019777
"725","ran725.hdr.32",-0.000643000000000001
"725","ran725.hdr.33",-0.0050666
"725","ran725.hdr.34",-0.00198339
"725","ran725.hdr.35",-0.000210399999999999
"725","ran725.hdr.36",0.000114
"725","ran725.hdr.37",-0.000757799999999999
"725","ran725.hdr.38",NA
"725","ran725.hdr.39",-0.0013524
"725","ran725.hdr.4",-0.002469
"725","ran725.hdr.40",-0.0010275
"725","ran725.hdr.41",-0.0011545
"725","ran725.hdr.42",-0.0000239999999999997
"725","ran725.hdr.43",-0.000313399999999998
"725","ran725.hdr.44",-0.0002202
"725","ran725.hdr.45",-0.00005258
"725","ran725.hdr.46",0.0000226999999999988
"725","ran725.hdr.47",0.000118134
"725","ran725.hdr.48",-0.000434999999999998
"725","ran725.hdr.49",0.0000198999999999998
"725","ran725.hdr.5",-0.0011071
"725","ran725.hdr.50",0.000380699999999999
"725","ran725.hdr.51",-0.000456100000000001
"725","ran725.hdr.52",0.00031291
"725","ran725.hdr.53",-0.00048754
"725","ran725.hdr.55",-0.0000596800000000012
"725","ran725.hdr.56",-0.0002734
"725","ran725.hdr.57",0.000161000000000001
"725","ran725.hdr.58",-0.0007746
"725","ran725.hdr.59",0.0000525999999999999
"725","ran725.hdr.6",0.000186599999999999
"725","ran725.hdr.60",0.000550700000000001
"725","ran725.hdr.61",-0.000221499999999999
"725","ran725.hdr.62",-0.0038969
"725","ran725.hdr.63",-0.0001464
"725","ran725.hdr.64",-0.0025664
"725","ran725.hdr.65",-0.000334099999999999
"725","ran725.hdr.66",-0.00048136
"725","ran725.hdr.67",-0.0003861
"725","ran725.hdr.68",0.0000255200000000002
"725","ran725.hdr.69",-0.000596000000000003
"725","ran725.hdr.7",-0.00025442
"725","ran725.hdr.70",-0.0003088
"725","ran725.hdr.71",-0.00025328
"725","ran725.hdr.72",-0.000546100000000001
"725","ran725.hdr.73",-0.0015308
"725","ran725.hdr.74",-0.0011988
"725","ran725.hdr.75",0.00044543
"725","ran725.hdr.76",-0.0014309
"725","ran725.hdr.77",-0.0003368
"725","ran725.hdr.78",-0.0005059
"725","ran725.hdr.8",-0.00037472
"725","ran725.hdr.9",-0.0015386
"726","ran726.hdr.1",-0.000366200000000001
"726","ran726.hdr.10",0.000156300000000002
"726","ran726.hdr.11",-0.000409400000000001
"726","ran726.hdr.12",0.0000789059999999999
"726","ran726.hdr.13",0.0007355
"726","ran726.hdr.14",-0.00126458
"726","ran726.hdr.15",-0.000339470000000001
"726","ran726.hdr.16",-0.0005171
"726","ran726.hdr.17",-0.00032312
"726","ran726.hdr.18",-0.0000712300000000003
"726","ran726.hdr.19",-0.0010476
"726","ran726.hdr.2",-0.0025737
"726","ran726.hdr.20",0.000152999999999999
"726","ran726.hdr.21",-0.00182421
"726","ran726.hdr.22",-0.000454400000000001
"726","ran726.hdr.23",-0.00021033
"726","ran726.hdr.24",0.000197699999999999
"726","ran726.hdr.25",-0.00001505
"726","ran726.hdr.26",-0.00052088
"726","ran726.hdr.27",-0.00055319
"726","ran726.hdr.28",-0.0000410300000000001
"726","ran726.hdr.29",-0.000383960000000001
"726","ran726.hdr.3",-0.0014426
"726","ran726.hdr.30",-0.00020409
"726","ran726.hdr.31",0.0000383999999999992
"726","ran726.hdr.32",0.0000257999999999994
"726","ran726.hdr.33",-0.0010093
"726","ran726.hdr.34",0.000159400000000001
"726","ran726.hdr.35",-0.000655800000000002
"726","ran726.hdr.36",0.000104109999999999
"726","ran726.hdr.37",-0.0018392
"726","ran726.hdr.38",0.0000139000000000007
"726","ran726.hdr.39",0.0000463000000000009
"726","ran726.hdr.4",-0.00011342
"726","ran726.hdr.40",0.0000184400000000002
"726","ran726.hdr.41",-0.0011052
"726","ran726.hdr.42",NA
"726","ran726.hdr.43",NA
"726","ran726.hdr.44",0.00048249
"726","ran726.hdr.45",-0.0021188
"726","ran726.hdr.46",-0.0026491
"726","ran726.hdr.47",-0.000115199999999999
"726","ran726.hdr.48",-0.00013712
"726","ran726.hdr.49",0.0003076
"726","ran726.hdr.5",-0.0042269
"726","ran726.hdr.50",-0.0016634
"726","ran726.hdr.51",-0.0016134
"726","ran726.hdr.52",-0.0012558
"726","ran726.hdr.53",0.0000297000000000006
"726","ran726.hdr.54",-0.0010009
"726","ran726.hdr.55",-0.0012169
"726","ran726.hdr.56",-0.000953000000000001
"726","ran726.hdr.57",-0.000814100000000002
"726","ran726.hdr.58",-0.0010598
"726","ran726.hdr.59",-0.0047786
"726","ran726.hdr.6",-0.002115
"726","ran726.hdr.60",-0.000599799999999999
"726","ran726.hdr.61",0.0002778
"726","ran726.hdr.62",-0.000227100000000001
"726","ran726.hdr.63",-0.0006896
"726","ran726.hdr.64",-0.00018941
"726","ran726.hdr.65",0.0000948199999999998
"726","ran726.hdr.66",-0.000425699999999999
"726","ran726.hdr.67",-0.000337039999999999
"726","ran726.hdr.68",0.000573300000000001
"726","ran726.hdr.69",-0.000252200000000001
"726","ran726.hdr.7",-0.00041678
"726","ran726.hdr.70",-0.00012416
"726","ran726.hdr.71",-0.0013204
"726","ran726.hdr.72",-0.0096339
"726","ran726.hdr.73",-0.0021688
"726","ran726.hdr.74",-0.0000835999999999996
"726","ran726.hdr.75",-0.0027704
"726","ran726.hdr.76",-0.000302699999999999
"726","ran726.hdr.77",-0.00096858
"726","ran726.hdr.78",-0.0016399
"726","ran726.hdr.8",-0.000310240000000001
"726","ran726.hdr.9",-0.0038016
"727","ran727.hdr.1",-0.0016743
"727","ran727.hdr.10",0.0003303
"727","ran727.hdr.11",-0.0000177399999999987
"727","ran727.hdr.12",0.00040035
"727","ran727.hdr.13",-0.00082745
"727","ran727.hdr.14",-0.00013079
"727","ran727.hdr.15",-0.0010564
"727","ran727.hdr.16",-0.0001574
"727","ran727.hdr.17",-0.0004966
"727","ran727.hdr.18",-0.000846999999999997
"727","ran727.hdr.19",0.0000547099999999999
"727","ran727.hdr.2",-0.0109775
"727","ran727.hdr.20",-0.0084394
"727","ran727.hdr.21",-0.000158599999999998
"727","ran727.hdr.22",-0.00107892
"727","ran727.hdr.23",-0.00017706
"727","ran727.hdr.24",-0.000686299999999999
"727","ran727.hdr.25",-0.0000914000000000002
"727","ran727.hdr.26",0.000265399999999999
"727","ran727.hdr.27",-0.0017371
"727","ran727.hdr.28",-0.0013224
"727","ran727.hdr.29",-0.0005801
"727","ran727.hdr.3",-0.0037447
"727","ran727.hdr.30",0.0000315799999999998
"727","ran727.hdr.31",-0.000281700000000001
"727","ran727.hdr.32",0.0000670599999999999
"727","ran727.hdr.33",-0.0005509
"727","ran727.hdr.34",0.000000699999999999312
"727","ran727.hdr.35",NA
"727","ran727.hdr.36",-0.0012739
"727","ran727.hdr.37",-0.0015782
"727","ran727.hdr.38",-0.001261
"727","ran727.hdr.39",-0.0021208
"727","ran727.hdr.4",-0.00023931
"727","ran727.hdr.40",-0.0022477
"727","ran727.hdr.41",-0.0013738
"727","ran727.hdr.42",-0.0012558
"727","ran727.hdr.43",-0.00539226
"727","ran727.hdr.44",-0.00031986
"727","ran727.hdr.45",-0.0000828000000000009
"727","ran727.hdr.46",-0.0006887
"727","ran727.hdr.47",-0.0015836
"727","ran727.hdr.48",-0.0000593299999999998
"727","ran727.hdr.49",-0.000129839
"727","ran727.hdr.5",0.00016477
"727","ran727.hdr.50",-0.00047324
"727","ran727.hdr.51",-0.000914999999999999
"727","ran727.hdr.52",-0.01768098
"727","ran727.hdr.53",0.0000198999999999998
"727","ran727.hdr.54",-0.00155443
"727","ran727.hdr.55",0.00109176
"727","ran727.hdr.56",-0.00016505
"727","ran727.hdr.57",-0.00013694
"727","ran727.hdr.58",-0.0015112
"727","ran727.hdr.59",-0.00023539
"727","ran727.hdr.6",-0.000507480000000001
"727","ran727.hdr.60",-0.000964599999999999
"727","ran727.hdr.61",-0.0011067
"727","ran727.hdr.62",-0.00522995
"727","ran727.hdr.63",-0.0021629
"727","ran727.hdr.64",-0.0021686
"727","ran727.hdr.65",-0.0003134
"727","ran727.hdr.66",-0.0044594
"727","ran727.hdr.67",-0.00040548
"727","ran727.hdr.68",0.0002459
"727","ran727.hdr.69",0.0000622999999999995
"727","ran727.hdr.7",0.00056994
"727","ran727.hdr.70",-0.0018724
"727","ran727.hdr.71",-0.000198200000000001
"727","ran727.hdr.72",-0.003339
"727","ran727.hdr.73",-0.0005749
"727","ran727.hdr.74",0.000267399999999999
"727","ran727.hdr.75",-0.0004913
"727","ran727.hdr.76",-0.000711900000000001
"727","ran727.hdr.77",-0.0010537
"727","ran727.hdr.78",-0.0005872
"727","ran727.hdr.8",-0.0005371
"727","ran727.hdr.9",-0.0011386
"728","ran728.hdr.1",-0.0031082
"728","ran728.hdr.10",-0.000393299999999999
"728","ran728.hdr.11",-0.000140099999999999
"728","ran728.hdr.12",0.0003301
"728","ran728.hdr.13",-0.000948300000000003
"728","ran728.hdr.14",-0.0007279
"728","ran728.hdr.15",-0.0005906
"728","ran728.hdr.16",-0.0024132
"728","ran728.hdr.17",0.0001034
"728","ran728.hdr.18",0.000384800000000001
"728","ran728.hdr.19",-0.0002773
"728","ran728.hdr.2",-0.0028401
"728","ran728.hdr.20",-0.00014837
"728","ran728.hdr.21",-0.000021199999999999
"728","ran728.hdr.22",-0.00084943
"728","ran728.hdr.23",0.0000553900000000002
"728","ran728.hdr.24",-0.0001311
"728","ran728.hdr.25",-0.001167
"728","ran728.hdr.26",-0.0001764
"728","ran728.hdr.27",-0.0000202099999999997
"728","ran728.hdr.28",-0.01715588
"728","ran728.hdr.29",-0.0014502
"728","ran728.hdr.3",-0.0109775
"728","ran728.hdr.30",-0.00000899999999999859
"728","ran728.hdr.31",-0.000831499999999999
"728","ran728.hdr.32",-0.000409099999999999
"728","ran728.hdr.33",0.0001508
"728","ran728.hdr.34",-0.000146199999999999
"728","ran728.hdr.35",-0.0006389
"728","ran728.hdr.36",-0.000507200000000003
"728","ran728.hdr.37",-0.0007461
"728","ran728.hdr.38",-0.0003975
"728","ran728.hdr.39",-0.0013621
"728","ran728.hdr.4",-0.0002272
"728","ran728.hdr.40",-0.0004679
"728","ran728.hdr.41",-0.0026491
"728","ran728.hdr.42",-0.0016134
"728","ran728.hdr.43",-0.0000572999999999997
"728","ran728.hdr.44",-0.00011267
"728","ran728.hdr.45",-0.000153199999999999
"728","ran728.hdr.46",0.000114
"728","ran728.hdr.47",0.000195099999999998
"728","ran728.hdr.48",-0.0013068
"728","ran728.hdr.49",-0.00020354
"728","ran728.hdr.5",-0.000979900000000001
"728","ran728.hdr.50",0.00033385
"728","ran728.hdr.51",-0.0010723
"728","ran728.hdr.52",-0.00035154
"728","ran728.hdr.53",-0.0040008
"728","ran728.hdr.54",-0.0010844
"728","ran728.hdr.57",-0.0004576
"728","ran728.hdr.58",-0.0008126
"728","ran728.hdr.59",-0.0011067
"728","ran728.hdr.6",-0.0002307
"728","ran728.hdr.60",-0.01281643
"728","ran728.hdr.61",0.0000727999999999996
"728","ran728.hdr.62",-0.00025009
"728","ran728.hdr.63",-0.0001422
"728","ran728.hdr.64",0.0007899
"728","ran728.hdr.65",-0.0044594
"728","ran728.hdr.66",-0.000808099999999999
"728","ran728.hdr.67",-0.000318000000000001
"728","ran728.hdr.68",0.0004268
"728","ran728.hdr.69",-0.001085
"728","ran728.hdr.7",-0.00021846
"728","ran728.hdr.70",-0.0040697
"728","ran728.hdr.71",-0.000964700000000002
"728","ran728.hdr.72",-0.0012556
"728","ran728.hdr.73",-0.0038792
"728","ran728.hdr.74",-0.003339
"728","ran728.hdr.75",-0.0005535
"728","ran728.hdr.76",-0.0022821
"728","ran728.hdr.77",-0.00089669
"728","ran728.hdr.78",-0.0015017
"728","ran728.hdr.8",-0.000285024
"728","ran728.hdr.9",-0.000681099999999999
"729","ran729.hdr.1",0.000132
"729","ran729.hdr.10",-0.000458999999999999
"729","ran729.hdr.11",0.00037014
"729","ran729.hdr.12",0.000113579999999999
"729","ran729.hdr.13",-0.000414400000000001
"729","ran729.hdr.14",-0.00029621
"729","ran729.hdr.15",-0.0015955
"729","ran729.hdr.16",-0.0002961
"729","ran729.hdr.17",-0.000516000000000001
"729","ran729.hdr.18",-0.000840899999999999
"729","ran729.hdr.19",0.000364
"729","ran729.hdr.2",-0.000591300000000003
"729","ran729.hdr.20",NA
"729","ran729.hdr.21",-0.00252268
"729","ran729.hdr.22",0.0001712
"729","ran729.hdr.23",-0.0000348000000000015
"729","ran729.hdr.24",-0.0003642
"729","ran729.hdr.25",-0.00032068
"729","ran729.hdr.26",0.000190640000000001
"729","ran729.hdr.27",0.0001549743
"729","ran729.hdr.28",0.0000838099999999997
"729","ran729.hdr.29",-0.0002137
"729","ran729.hdr.3",-0.000849200000000001
"729","ran729.hdr.30",-0.000148799999999999
"729","ran729.hdr.31",-0.0000640999999999992
"729","ran729.hdr.32",-0.0000596799999999995
"729","ran729.hdr.33",-0.00044142
"729","ran729.hdr.34",0.0000461999999999997
"729","ran729.hdr.35",0.0000934000000000004
"729","ran729.hdr.36",-0.00028523
"729","ran729.hdr.37",-0.0005269
"729","ran729.hdr.38",-0.000152899999999999
"729","ran729.hdr.39",-0.000924100000000001
"729","ran729.hdr.4",-0.0014125
"729","ran729.hdr.40",-0.000115199999999999
"729","ran729.hdr.41",-0.000870699999999999
"729","ran729.hdr.42",-0.000488300000000001
"729","ran729.hdr.43",-0.0022477
"729","ran729.hdr.44",-0.000730900000000001
"729","ran729.hdr.45",-0.000404300000000002
"729","ran729.hdr.46",-0.00065478
"729","ran729.hdr.47",-0.0082206
"729","ran729.hdr.48",-0.0022371
"729","ran729.hdr.49",0.0000506700000000001
"729","ran729.hdr.5",-0.0049685
"729","ran729.hdr.50",-0.0000351400000000003
"729","ran729.hdr.51",-0.000846700000000001
"729","ran729.hdr.52",-0.0009668
"729","ran729.hdr.53",-0.0004831
"729","ran729.hdr.54",0.0001158
"729","ran729.hdr.55",-0.000238039999999999
"729","ran729.hdr.56",0.00000257936
"729","ran729.hdr.57",NA
"729","ran729.hdr.58",0.0003353
"729","ran729.hdr.6",-0.0054452
"729","ran729.hdr.60",-0.00039517
"729","ran729.hdr.61",0.000760469999999999
"729","ran729.hdr.62",-0.00574057
"729","ran729.hdr.63",0.000170999999999999
"729","ran729.hdr.64",-0.0002054
"729","ran729.hdr.65",-0.0011402
"729","ran729.hdr.66",-0.00274956
"729","ran729.hdr.67",-0.000103800000000001
"729","ran729.hdr.68",-0.000700800000000001
"729","ran729.hdr.69",-0.0043812
"729","ran729.hdr.7",0.00000526999999999993
"729","ran729.hdr.70",-0.0013697
"729","ran729.hdr.71",-0.0011679
"729","ran729.hdr.72",-0.0015308
"729","ran729.hdr.73",-0.000630200000000001
"729","ran729.hdr.74",-0.0002559
"729","ran729.hdr.75",0.0000467000000000002
"729","ran729.hdr.76",-0.0014309
"729","ran729.hdr.77",-0.001383
"729","ran729.hdr.78",-0.0035566
"729","ran729.hdr.8",-0.00017739
"729","ran729.hdr.9",-0.0003003
"730","ran730.hdr.1",-0.000142300000000001
"730","ran730.hdr.10",-0.000602800000000001
"730","ran730.hdr.11",-0.0023044
"730","ran730.hdr.12",0.00000281999999999887
"730","ran730.hdr.13",0.0001031
"730","ran730.hdr.14",-0.0003397
"730","ran730.hdr.15",-0.000799000000000001
"730","ran730.hdr.16",-0.0019612
"730","ran730.hdr.17",-0.000356
"730","ran730.hdr.18",-0.000415599999999999
"730","ran730.hdr.19",-0.0000643999999999992
"730","ran730.hdr.2",-0.00100715
"730","ran730.hdr.20",-0.000377500000000001
"730","ran730.hdr.21",-0.001862
"730","ran730.hdr.22",-0.000427299999999999
"730","ran730.hdr.23",-0.000890400000000001
"730","ran730.hdr.24",-0.00033013
"730","ran730.hdr.25",-0.00027682
"730","ran730.hdr.26",-0.001167
"730","ran730.hdr.27",-0.00010144
"730","ran730.hdr.28",-0.000507499999999999
"730","ran730.hdr.29",-0.0004084
"730","ran730.hdr.3",-0.000621999999999998
"730","ran730.hdr.30",-0.00010012
"730","ran730.hdr.31",-0.0000956499999999999
"730","ran730.hdr.32",-0.000253900000000001
"730","ran730.hdr.33",0.0008266
"730","ran730.hdr.34",-0.000177999999999998
"730","ran730.hdr.35",-0.0019854
"730","ran730.hdr.36",-0.0013244
"730","ran730.hdr.37",-0.0004601
"730","ran730.hdr.38",0.0003162
"730","ran730.hdr.39",-0.000579200000000002
"730","ran730.hdr.4",0.000684399999999998
"730","ran730.hdr.40",-0.000787299999999999
"730","ran730.hdr.41",-0.000543500000000001
"730","ran730.hdr.42",-0.0016134
"730","ran730.hdr.43",-0.000933099999999999
"730","ran730.hdr.44",-0.000001000000000001
"730","ran730.hdr.45",-0.02102894
"730","ran730.hdr.46",-0.0015911
"730","ran730.hdr.47",-0.00074359
"730","ran730.hdr.48",-0.0012038
"730","ran730.hdr.49",-0.0046284
"730","ran730.hdr.5",-0.0001004
"730","ran730.hdr.50",-0.00000102000000000088
"730","ran730.hdr.51",-0.000227100000000001
"730","ran730.hdr.52",-0.000492100000000002
"730","ran730.hdr.53",0.000136299999999999
"730","ran730.hdr.54",-0.0000994599999999991
"730","ran730.hdr.55",-0.001153
"730","ran730.hdr.56",-0.000642200000000002
"730","ran730.hdr.57",-0.000406799999999999
"730","ran730.hdr.58",-0.0010529
"730","ran730.hdr.59",-0.000680699999999999
"730","ran730.hdr.6",-0.000160799999999999
"730","ran730.hdr.60",-0.00685775
"730","ran730.hdr.61",-0.0180869
"730","ran730.hdr.62",-0.000933400000000001
"730","ran730.hdr.63",-0.000154400000000002
"730","ran730.hdr.64",-0.000661800000000001
"730","ran730.hdr.65",-0.000420499999999999
"730","ran730.hdr.66",-0.00124621
"730","ran730.hdr.67",-0.0023812
"730","ran730.hdr.68",-0.000052345
"730","ran730.hdr.69",-0.00059999
"730","ran730.hdr.7",-0.0013722
"730","ran730.hdr.70",0.0004232
"730","ran730.hdr.71",-0.003339
"730","ran730.hdr.72",-0.000552800000000001
"730","ran730.hdr.73",-0.0012473
"730","ran730.hdr.74",-0.0007951
"730","ran730.hdr.75",-0.0013547
"730","ran730.hdr.76",-0.000908300000000001
"730","ran730.hdr.77",-0.000309
"730","ran730.hdr.78",-0.000384199999999999
"730","ran730.hdr.8",-0.0109775
"730","ran730.hdr.9",-0.0003134
"731","ran731.hdr.1",-0.0026949
"731","ran731.hdr.10",-0.00058509
"731","ran731.hdr.11",-0.0023044
"731","ran731.hdr.12",-0.0000582479999999999
"731","ran731.hdr.13",-0.0005673
"731","ran731.hdr.14",0.000540799999999999
"731","ran731.hdr.15",-0.0008602
"731","ran731.hdr.16",0.000254799999999999
"731","ran731.hdr.17",-0.0017655
"731","ran731.hdr.18",0.000133400000000001
"731","ran731.hdr.19",-0.00035428
"731","ran731.hdr.2",-0.0016682
"731","ran731.hdr.20",-0.0016952
"731","ran731.hdr.21",-0.0000569000000000021
"731","ran731.hdr.22",0.0008438
"731","ran731.hdr.23",-0.0001248
"731","ran731.hdr.24",-0.0007746
"731","ran731.hdr.25",-0.0045505
"731","ran731.hdr.26",-0.00033013
"731","ran731.hdr.27",-0.000429799999999999
"731","ran731.hdr.28",-0.00018774
"731","ran731.hdr.29",0.00037395
"731","ran731.hdr.3",-0.002469
"731","ran731.hdr.30",-0.00017027
"731","ran731.hdr.31",-0.000469900000000001
"731","ran731.hdr.32",0.0006888
"731","ran731.hdr.33",-0.000202600000000001
"731","ran731.hdr.34",-0.000787299999999999
"731","ran731.hdr.35",-0.0012237
"731","ran731.hdr.36",-0.000522599999999998
"731","ran731.hdr.37",-0.000446100000000001
"731","ran731.hdr.38",-0.0001262
"731","ran731.hdr.39",-0.000730900000000001
"731","ran731.hdr.4",0.000152000000000003
"731","ran731.hdr.40",-0.000255799999999999
"731","ran731.hdr.41",-0.0017191
"731","ran731.hdr.42",-0.000218300000000001
"731","ran731.hdr.43",-0.000917300000000001
"731","ran731.hdr.44",-0.0010009
"731","ran731.hdr.45",-0.00119342
"731","ran731.hdr.46",-0.000334300000000001
"731","ran731.hdr.47",0.0000662000000000006
"731","ran731.hdr.48",0.0000530699999999997
"731","ran731.hdr.49",0.000195099999999998
"731","ran731.hdr.5",0.0000508000000000002
"731","ran731.hdr.50",-0.0000518599999999999
"731","ran731.hdr.51",-0.0000134699999999998
"731","ran731.hdr.52",-0.000421599999999999
"731","ran731.hdr.54",-0.000064100000000001
"731","ran731.hdr.55",-0.0043657
"731","ran731.hdr.56",-0.0004551
"731","ran731.hdr.57",0.00004348
"731","ran731.hdr.58",-0.0007279
"731","ran731.hdr.59",-0.000811599999999999
"731","ran731.hdr.6",-0.0031465
"731","ran731.hdr.60",0.000571899999999997
"731","ran731.hdr.61",0.0000727999999999996
"731","ran731.hdr.62",-0.000373099999999998
"731","ran731.hdr.63",0.000206099999999999
"731","ran731.hdr.64",-0.0000850799999999995
"731","ran731.hdr.65",-0.0068051
"731","ran731.hdr.66",-0.00039597
"731","ran731.hdr.67",-0.00030295
"731","ran731.hdr.68",-0.00006813
"731","ran731.hdr.69",0.000515669999999999
"731","ran731.hdr.7",-0.00044199
"731","ran731.hdr.70",-0.00032338
"731","ran731.hdr.71",-0.0000214000000000013
"731","ran731.hdr.72",-0.000427900000000002
"731","ran731.hdr.73",-0.0003368
"731","ran731.hdr.74",-0.0030263
"731","ran731.hdr.75",-0.0013547
"731","ran731.hdr.76",-0.004726
"731","ran731.hdr.77",-0.000153199999999999
"731","ran731.hdr.78",-0.0007595
"731","ran731.hdr.8",-0.00015088
"731","ran731.hdr.9",-0.000032131
"732","ran732.hdr.1",-0.0004317
"732","ran732.hdr.10",-0.00154022
"732","ran732.hdr.11",-0.0005524
"732","ran732.hdr.12",0.0000804999999999998
"732","ran732.hdr.13",-0.000419700000000002
"732","ran732.hdr.14",0.000000450000000000797
"732","ran732.hdr.15",0.000681399999999999
"732","ran732.hdr.16",0.00032532
"732","ran732.hdr.17",-0.0005983
"732","ran732.hdr.18",-0.000498100000000001
"732","ran732.hdr.19",-0.000612299999999998
"732","ran732.hdr.2",-0.0001323
"732","ran732.hdr.20",0.000240499999999999
"732","ran732.hdr.21",-0.0004899
"732","ran732.hdr.22",-0.0021231
"732","ran732.hdr.23",-0.0012522
"732","ran732.hdr.24",0.00000603000000000062
"732","ran732.hdr.25",0.0000946499999999999
"732","ran732.hdr.26",-0.0001437
"732","ran732.hdr.27",-0.0009832
"732","ran732.hdr.28",0.000223299999999999
"732","ran732.hdr.29",0.00017261
"732","ran732.hdr.3",-0.0018301
"732","ran732.hdr.30",-0.0002538
"732","ran732.hdr.31",-0.00029017
"732","ran732.hdr.32",-0.00028711
"732","ran732.hdr.33",0.000597799999999999
"732","ran732.hdr.34",-0.0017763
"732","ran732.hdr.35",0.00004498
"732","ran732.hdr.36",0.0000378299999999991
"732","ran732.hdr.37",-0.0005059
"732","ran732.hdr.38",-0.0017019
"732","ran732.hdr.39",0.000357900000000001
"732","ran732.hdr.4",0.00101357
"732","ran732.hdr.40",-0.0006496
"732","ran732.hdr.41",0.000217800000000001
"732","ran732.hdr.42",-0.0016134
"732","ran732.hdr.43",-0.0011836
"732","ran732.hdr.44",-0.00035147
"732","ran732.hdr.45",-0.000946000000000002
"732","ran732.hdr.46",-0.0071472
"732","ran732.hdr.47",-0.0000280200000000001
"732","ran732.hdr.48",-0.000576500000000001
"732","ran732.hdr.49",0.00010489
"732","ran732.hdr.5",-0.0030406
"732","ran732.hdr.50",-0.00270844
"732","ran732.hdr.51",-0.00035604
"732","ran732.hdr.52",-0.0018136
"732","ran732.hdr.53",-0.0135865
"732","ran732.hdr.54",-0.000058840000000001
"732","ran732.hdr.55",-0.0010723
"732","ran732.hdr.56",-0.0000501999999999994
"732","ran732.hdr.57",-0.000618499999999999
"732","ran732.hdr.58",-0.0008541
"732","ran732.hdr.59",-0.0012438
"732","ran732.hdr.6",-0.000409400000000001
"732","ran732.hdr.60",-0.0021629
"732","ran732.hdr.61",-0.0011402
"732","ran732.hdr.62",-0.0013065
"732","ran732.hdr.63",-0.0029365
"732","ran732.hdr.64",-0.00056939
"732","ran732.hdr.65",-0.0004131
"732","ran732.hdr.66",-0.0015712
"732","ran732.hdr.67",-0.0007215
"732","ran732.hdr.68",-0.0010098
"732","ran732.hdr.69",-0.00093906
"732","ran732.hdr.7",-0.000571100000000001
"732","ran732.hdr.70",0.0000654000000000002
"732","ran732.hdr.71",0.0002182
"732","ran732.hdr.72",-0.0015308
"732","ran732.hdr.73",-0.0000595999999999999
"732","ran732.hdr.74",-0.0000286100000000001
"732","ran732.hdr.75",-0.000471699999999999
"732","ran732.hdr.76",-0.000580499999999999
"732","ran732.hdr.77",-0.0013547
"732","ran732.hdr.78",-0.000584000000000001
"732","ran732.hdr.8",0.0000928000000000005
"732","ran732.hdr.9",-0.000392959999999999
"733","ran733.hdr.1",-0.002115
"733","ran733.hdr.10",-0.0000852000000000006
"733","ran733.hdr.11",-0.0005371
"733","ran733.hdr.12",-0.0002471
"733","ran733.hdr.13",-0.000824699999999999
"733","ran733.hdr.14",-0.0007302
"733","ran733.hdr.15",-0.0002725
"733","ran733.hdr.16",-0.000184699999999999
"733","ran733.hdr.17",-0.0016769
"733","ran733.hdr.18",-0.00035428
"733","ran733.hdr.19",-0.000404499999999999
"733","ran733.hdr.2",-0.000333
"733","ran733.hdr.20",-0.000556399999999999
"733","ran733.hdr.21",-0.0000984000000000002
"733","ran733.hdr.22",-0.00032336
"733","ran733.hdr.23",-0.0001723
"733","ran733.hdr.24",-0.0000682000000000009
"733","ran733.hdr.25",0.0001549743
"733","ran733.hdr.26",-0.00043048
"733","ran733.hdr.27",-0.00013267
"733","ran733.hdr.28",-0.0002542
"733","ran733.hdr.29",-0.000686299999999999
"733","ran733.hdr.3",-0.00030613
"733","ran733.hdr.30",-0.0004084
"733","ran733.hdr.31",-0.000830900000000002
"733","ran733.hdr.32",-0.0003333
"733","ran733.hdr.33",0.000350000000000001
"733","ran733.hdr.34",0.000234799999999999
"733","ran733.hdr.35",-0.00020333
"733","ran733.hdr.36",0.0001492
"733","ran733.hdr.37",-0.000583
"733","ran733.hdr.38",NA
"733","ran733.hdr.39",-0.0005632
"733","ran733.hdr.4",-0.0031043
"733","ran733.hdr.40",-0.000643399999999999
"733","ran733.hdr.41",-0.000584600000000001
"733","ran733.hdr.42",0.000237399999999999
"733","ran733.hdr.43",-0.0007807
"733","ran733.hdr.44",0.000155499999999999
"733","ran733.hdr.45",0.000017147
"733","ran733.hdr.46",0.00066033
"733","ran733.hdr.47",-0.0022371
"733","ran733.hdr.48",-0.00077238
"733","ran733.hdr.49",-0.000436799999999998
"733","ran733.hdr.5",-0.0044934
"733","ran733.hdr.50",-0.000713800000000001
"733","ran733.hdr.51",-0.00015647
"733","ran733.hdr.52",-0.0068065
"733","ran733.hdr.53",-0.0005226
"733","ran733.hdr.54",-0.0009668
"733","ran733.hdr.55",-0.0011708
"733","ran733.hdr.56",-0.000248099999999999
"733","ran733.hdr.57",-0.0010723
"733","ran733.hdr.58",-0.000796399999999999
"733","ran733.hdr.59",-0.0002815
"733","ran733.hdr.6",-0.000409400000000001
"733","ran733.hdr.61",-0.0000914999999999996
"733","ran733.hdr.62",-0.00133806
"733","ran733.hdr.63",0.000244869999999999
"733","ran733.hdr.64",0.000324999999999999
"733","ran733.hdr.65",-0.0004147
"733","ran733.hdr.66",-0.0014307
"733","ran733.hdr.67",-0.0011892
"733","ran733.hdr.68",-0.0002646
"733","ran733.hdr.69",-0.0001385
"733","ran733.hdr.7",-0.00046459
"733","ran733.hdr.70",-0.000386900000000003
"733","ran733.hdr.71",-0.0019338
"733","ran733.hdr.72",-0.000586100000000003
"733","ran733.hdr.73",-0.000175900000000001
"733","ran733.hdr.74",-0.0005535
"733","ran733.hdr.75",-0.0012827
"733","ran733.hdr.76",-0.000528400000000002
"733","ran733.hdr.77",-0.0013251
"733","ran733.hdr.78",-0.0003225
"733","ran733.hdr.8",-0.000066394
"733","ran733.hdr.9",-0.000376899999999999
"734","ran734.hdr.1",-0.0024371
"734","ran734.hdr.10",-0.0015953
"734","ran734.hdr.11",-0.0011219
"734","ran734.hdr.12",-0.0003795
"734","ran734.hdr.13",-0.00012632
"734","ran734.hdr.14",0.000032540000000001
"734","ran734.hdr.15",-0.0000204900000000002
"734","ran734.hdr.16",-0.0006677
"734","ran734.hdr.17",0.00000960000000000023
"734","ran734.hdr.18",-0.0000885999999999977
"734","ran734.hdr.19",-0.0005968
"734","ran734.hdr.2",-0.000373100000000001
"734","ran734.hdr.20",-0.001482
"734","ran734.hdr.21",-0.0010476
"734","ran734.hdr.22",0.0001478
"734","ran734.hdr.23",NA
"734","ran734.hdr.24",0.0001817
"734","ran734.hdr.25",-0.000382
"734","ran734.hdr.26",-0.0014047
"734","ran734.hdr.27",-0.000686199999999998
"734","ran734.hdr.28",0.000380700000000001
"734","ran734.hdr.29",-0.00043339
"734","ran734.hdr.3",-0.0000225999999999976
"734","ran734.hdr.30",-0.000454400000000001
"734","ran734.hdr.31",0.0002964
"734","ran734.hdr.32",-0.0002103
"734","ran734.hdr.33",-0.0006158
"734","ran734.hdr.34",-0.0008652
"734","ran734.hdr.35",-0.0011573
"734","ran734.hdr.36",-0.0012973
"734","ran734.hdr.37",-0.000804199999999998
"734","ran734.hdr.38",-0.0018962
"734","ran734.hdr.39",-0.00045297
"734","ran734.hdr.4",-0.0019788
"734","ran734.hdr.40",-0.0024974
"734","ran734.hdr.41",-0.0000268999999999998
"734","ran734.hdr.42",-0.0026491
"734","ran734.hdr.43",-0.000752999999999998
"734","ran734.hdr.44",-0.0002392
"734","ran734.hdr.45",-0.00022562
"734","ran734.hdr.46",-0.001739
"734","ran734.hdr.47",-0.000514700000000002
"734","ran734.hdr.48",0.0000501999999999985
"734","ran734.hdr.49",-0.000228000000000001
"734","ran734.hdr.5",-0.0007992
"734","ran734.hdr.50",-0.0000781000000000011
"734","ran734.hdr.51",-0.000180100000000001
"734","ran734.hdr.52",0.00028793
"734","ran734.hdr.53",-0.00045368
"734","ran734.hdr.54",-0.000248099999999999
"734","ran734.hdr.55",-0.00022462
"734","ran734.hdr.56",-0.00111662
"734","ran734.hdr.57",-0.000137030000000001
"734","ran734.hdr.58",-0.0006342
"734","ran734.hdr.59",-0.0000146999999999994
"734","ran734.hdr.6",-0.000892799999999999
"734","ran734.hdr.60",-0.000728099999999999
"734","ran734.hdr.61",-0.0000846000000000006
"734","ran734.hdr.62",-0.000477
"734","ran734.hdr.63",-0.000324099999999999
"734","ran734.hdr.64",-0.0044594
"734","ran734.hdr.65",-0.0000107999999999983
"734","ran734.hdr.66",-0.001507
"734","ran734.hdr.67",-0.0000303999999999999
"734","ran734.hdr.68",-0.0000461999999999997
"734","ran734.hdr.69",0.0000654000000000002
"734","ran734.hdr.7",-0.0030338
"734","ran734.hdr.70",-0.000445300000000001
"734","ran734.hdr.71",-0.0012699
"734","ran734.hdr.72",-0.0007697
"734","ran734.hdr.73",-0.0053353
"734","ran734.hdr.74",-0.0014855
"734","ran734.hdr.75",-0.000908300000000001
"734","ran734.hdr.76",-0.0046933
"734","ran734.hdr.77",-0.0057067
"734","ran734.hdr.78",-0.0015057
"734","ran734.hdr.8",-0.0066937
"734","ran734.hdr.9",-0.0004966
"735","ran735.hdr.1",-0.0004633
"735","ran735.hdr.10",-0.0035328
"735","ran735.hdr.11",-0.0000411000000000005
"735","ran735.hdr.12",-0.000602800000000001
"735","ran735.hdr.13",-0.00030367
"735","ran735.hdr.14",-0.0011143
"735","ran735.hdr.15",0.00036131
"735","ran735.hdr.16",-0.0000756000000000003
"735","ran735.hdr.17",-0.0002006
"735","ran735.hdr.18",-0.0010439
"735","ran735.hdr.19",-0.0017674
"735","ran735.hdr.2",-0.000319699999999999
"735","ran735.hdr.20",-0.000438299999999999
"735","ran735.hdr.21",-0.0011183
"735","ran735.hdr.22",-0.0000984000000000002
"735","ran735.hdr.23",-0.00043048
"735","ran735.hdr.24",-0.000249299999999999
"735","ran735.hdr.25",-0.00141581
"735","ran735.hdr.26",-0.000169369999999999
"735","ran735.hdr.27",-0.000136400000000002
"735","ran735.hdr.28",0.000150900000000001
"735","ran735.hdr.29",-0.0006827
"735","ran735.hdr.3",-0.0012185
"735","ran735.hdr.30",-0.0019144
"735","ran735.hdr.31",-0.000768999999999999
"735","ran735.hdr.32",-0.00017519
"735","ran735.hdr.33",-0.000399060000000001
"735","ran735.hdr.34",-0.000332000000000001
"735","ran735.hdr.35",-0.002021
"735","ran735.hdr.36",-0.000291899999999999
"735","ran735.hdr.37",-0.0000485800000000003
"735","ran735.hdr.38",-0.0000755699999999996
"735","ran735.hdr.39",-0.000865139999999999
"735","ran735.hdr.4",-0.00019184
"735","ran735.hdr.40",-0.000214199999999998
"735","ran735.hdr.41",-0.0007499
"735","ran735.hdr.42",-0.000241100000000001
"735","ran735.hdr.43",-0.0005363
"735","ran735.hdr.44",-0.001739
"735","ran735.hdr.45",-0.00011256
"735","ran735.hdr.46",-0.0003388
"735","ran735.hdr.47",-0.0034509
"735","ran735.hdr.48",-0.0011215
"735","ran735.hdr.49",-0.0073875
"735","ran735.hdr.5",-0.000637099999999998
"735","ran735.hdr.50",0.000161699999999999
"735","ran735.hdr.51",-0.0000128000000000003
"735","ran735.hdr.52",-0.000879130000000001
"735","ran735.hdr.53",-0.0002421
"735","ran735.hdr.54",0.000143500000000001
"735","ran735.hdr.55",-0.0000717600000000006
"735","ran735.hdr.56",0.0000134999999999996
"735","ran735.hdr.57",-0.00037772
"735","ran735.hdr.58",0.0000179800000000003
"735","ran735.hdr.59",-0.001074
"735","ran735.hdr.6",0.0004773
"735","ran735.hdr.60",-0.0000972000000000004
"735","ran735.hdr.61",-0.000849699999999998
"735","ran735.hdr.62",-0.000088920000000001
"735","ran735.hdr.63",0.000170999999999999
"735","ran735.hdr.64",-0.0013065
"735","ran735.hdr.65",-0.0004568
"735","ran735.hdr.66",-0.000604199999999999
"735","ran735.hdr.67",-0.0000186000000000006
"735","ran735.hdr.68",0.0000888
"735","ran735.hdr.69",-0.000093939999999999
"735","ran735.hdr.7",0.000623700000000001
"735","ran735.hdr.70",0.0000832999999999997
"735","ran735.hdr.71",-0.00203165
"735","ran735.hdr.72",-0.0005272
"735","ran735.hdr.73",-0.0007443
"735","ran735.hdr.74",-0.0013792
"735","ran735.hdr.75",-0.0011245
"735","ran735.hdr.76",-0.0014277
"735","ran735.hdr.77",-0.0012012
"735","ran735.hdr.78",-0.000319800000000002
"735","ran735.hdr.8",-0.0026296
"735","ran735.hdr.9",-0.0048653
"736","ran736.hdr.1",-0.000166100000000002
"736","ran736.hdr.10",0.000186599999999999
"736","ran736.hdr.11",-0.0005444
"736","ran736.hdr.12",-0.000012894
"736","ran736.hdr.13",0.00008179
"736","ran736.hdr.14",0.000140100000000001
"736","ran736.hdr.15",-0.0008879
"736","ran736.hdr.16",-0.000431160000000002
"736","ran736.hdr.17",-0.0000756000000000003
"736","ran736.hdr.18",-0.0007235
"736","ran736.hdr.19",0.000241600000000002
"736","ran736.hdr.2",-0.000740699999999999
"736","ran736.hdr.20",-0.000919
"736","ran736.hdr.21",0.00063553
"736","ran736.hdr.22",-0.0001099
"736","ran736.hdr.23",-0.00021087
"736","ran736.hdr.24",-0.00000999999999999959
"736","ran736.hdr.25",-0.0006806
"736","ran736.hdr.26",-0.0003788
"736","ran736.hdr.27",-0.000327499999999998
"736","ran736.hdr.28",-0.00023674
"736","ran736.hdr.29",0.0000672999999999993
"736","ran736.hdr.3",-0.0004317
"736","ran736.hdr.30",-0.00175568
"736","ran736.hdr.31",0.0000345999999999992
"736","ran736.hdr.32",-0.00044142
"736","ran736.hdr.33",-0.000413999999999999
"736","ran736.hdr.34",-0.000119299999999999
"736","ran736.hdr.35",0.000177500000000001
"736","ran736.hdr.36",-0.0014904
"736","ran736.hdr.37",-0.0002664
"736","ran736.hdr.38",0.000736799999999999
"736","ran736.hdr.39",-0.0014222
"736","ran736.hdr.4",-0.0000732900000000002
"736","ran736.hdr.40",0.000159400000000001
"736","ran736.hdr.41",-0.0024831
"736","ran736.hdr.42",-0.0001434
"736","ran736.hdr.43",0.0000702000000000012
"736","ran736.hdr.44",-0.0001826
"736","ran736.hdr.45",0.00010025
"736","ran736.hdr.46",-0.000757799999999999
"736","ran736.hdr.47",-0.000390949999999999
"736","ran736.hdr.48",-0.000574999999999999
"736","ran736.hdr.49",-0.000575500000000001
"736","ran736.hdr.5",-0.0014426
"736","ran736.hdr.50",-0.000788499999999999
"736","ran736.hdr.51",0.0002524
"736","ran736.hdr.52",-0.000189699999999999
"736","ran736.hdr.53",-0.0001466
"736","ran736.hdr.54",0.00024453
"736","ran736.hdr.55",-0.0000371
"736","ran736.hdr.56",0.000197900000000001
"736","ran736.hdr.57",-0.000336299999999999
"736","ran736.hdr.58",-0.000136669999999998
"736","ran736.hdr.59",-0.000212240000000001
"736","ran736.hdr.6",0.000534730000000001
"736","ran736.hdr.60",-0.000270000000000001
"736","ran736.hdr.61",0.0000771000000000001
"736","ran736.hdr.63",-0.0000202999999999991
"736","ran736.hdr.64",-0.000602269999999999
"736","ran736.hdr.65",-0.0004576
"736","ran736.hdr.66",-0.000268600000000001
"736","ran736.hdr.67",-0.0007279
"736","ran736.hdr.68",-0.0010605
"736","ran736.hdr.69",-0.000706399999999999
"736","ran736.hdr.7",-0.0021526
"736","ran736.hdr.70",-0.000376000000000001
"736","ran736.hdr.71",-0.0010828
"736","ran736.hdr.72",-0.0000952000000000001
"736","ran736.hdr.73",-0.00025328
"736","ran736.hdr.74",-0.0006096
"736","ran736.hdr.75",-0.0011354
"736","ran736.hdr.76",-0.00119554
"736","ran736.hdr.77",-0.000207099999999998
"736","ran736.hdr.78",-0.0018985
"736","ran736.hdr.8",-0.002932
"736","ran736.hdr.9",-0.00259746
"737","ran737.hdr.1",-0.0014444
"737","ran737.hdr.10",-0.000114329
"737","ran737.hdr.11",-0.00031262
"737","ran737.hdr.12",-0.00047386
"737","ran737.hdr.13",-0.00021846
"737","ran737.hdr.14",-0.0009067
"737","ran737.hdr.15",-0.00014265
"737","ran737.hdr.16",-0.00039314
"737","ran737.hdr.17",-0.00020631
"737","ran737.hdr.18",-0.000165999999999999
"737","ran737.hdr.19",-0.000327600000000001
"737","ran737.hdr.2",-0.00000500000000000153
"737","ran737.hdr.20",-0.0000649700000000001
"737","ran737.hdr.21",-0.000113727
"737","ran737.hdr.22",-0.0008974
"737","ran737.hdr.23",0.000247599999999997
"737","ran737.hdr.24",-0.0016769
"737","ran737.hdr.25",-0.000912500000000002
"737","ran737.hdr.26",-0.0023332
"737","ran737.hdr.27",-0.000581499999999999
"737","ran737.hdr.28",-0.0001723
"737","ran737.hdr.29",-0.00015958
"737","ran737.hdr.3",0.000623700000000001
"737","ran737.hdr.30",-0.0014079
"737","ran737.hdr.31",0.0000984100000000002
"737","ran737.hdr.32",0.0000383999999999992
"737","ran737.hdr.33",0.0002477
"737","ran737.hdr.34",-0.0018846
"737","ran737.hdr.35",-0.0035614
"737","ran737.hdr.36",-0.0019854
"737","ran737.hdr.37",-0.000765399999999999
"737","ran737.hdr.38",-0.0009332
"737","ran737.hdr.39",-0.000804199999999998
"737","ran737.hdr.4",0.00000720000000000061
"737","ran737.hdr.40",-0.000478900000000001
"737","ran737.hdr.41",NA
"737","ran737.hdr.42",-0.0011599
"737","ran737.hdr.43",-0.000638400000000001
"737","ran737.hdr.44",0.00022374
"737","ran737.hdr.45",-0.000291899999999999
"737","ran737.hdr.46",-0.0000239999999999997
"737","ran737.hdr.47",-0.000148800000000001
"737","ran737.hdr.48",-0.00068416
"737","ran737.hdr.49",-0.0071472
"737","ran737.hdr.5",-0.0027476
"737","ran737.hdr.50",-0.0022371
"737","ran737.hdr.51",-0.000377499999999999
"737","ran737.hdr.52",-0.00017849
"737","ran737.hdr.53",-0.0025317
"737","ran737.hdr.54",-0.0015158
"737","ran737.hdr.55",-0.000971
"737","ran737.hdr.56",0.000126360000000001
"737","ran737.hdr.57",-0.000421599999999999
"737","ran737.hdr.58",-0.000796399999999999
"737","ran737.hdr.59",0.0003333
"737","ran737.hdr.6",-0.0013659
"737","ran737.hdr.60",-0.000658
"737","ran737.hdr.61",-0.0017637
"737","ran737.hdr.62",-0.00017452
"737","ran737.hdr.63",-0.0001548
"737","ran737.hdr.64",0.000018042
"737","ran737.hdr.65",-0.00018396
"737","ran737.hdr.66",-0.0035597
"737","ran737.hdr.67",0.000260099999999999
"737","ran737.hdr.68",0.000048879
"737","ran737.hdr.69",0.0007516
"737","ran737.hdr.7",-0.00061467
"737","ran737.hdr.70",-0.0001492
"737","ran737.hdr.71",-0.0012699
"737","ran737.hdr.72",-0.000389500000000001
"737","ran737.hdr.73",-0.000161699999999999
"737","ran737.hdr.74",-0.00034401
"737","ran737.hdr.75",-0.000535300000000002
"737","ran737.hdr.76",-0.0013233
"737","ran737.hdr.77",-0.0016759
"737","ran737.hdr.78",-0.0004323
"737","ran737.hdr.8",-0.0000702199999999997
"737","ran737.hdr.9",-0.00015716
"738","ran738.hdr.1",-0.0002161
"738","ran738.hdr.10",-0.0007302
"738","ran738.hdr.11",-0.0008974
"738","ran738.hdr.12",-0.000911199999999997
"738","ran738.hdr.13",-0.0017312
"738","ran738.hdr.14",-0.000506100000000002
"738","ran738.hdr.15",-0.0023662
"738","ran738.hdr.16",-0.000256040000000001
"738","ran738.hdr.17",-0.0010804
"738","ran738.hdr.18",-0.0006201
"738","ran738.hdr.19",-0.0025984
"738","ran738.hdr.2",-0.000905800000000002
"738","ran738.hdr.20",-0.00024082
"738","ran738.hdr.21",-0.0001554
"738","ran738.hdr.22",-0.0000663
"738","ran738.hdr.23",-0.00000790000000000166
"738","ran738.hdr.24",-0.0012418
"738","ran738.hdr.25",0.0002477
"738","ran738.hdr.26",-0.000140850000000001
"738","ran738.hdr.27",-0.0000862000000000016
"738","ran738.hdr.28",-0.0018392
"738","ran738.hdr.29",0.0000463000000000009
"738","ran738.hdr.3",0.0000850999999999977
"738","ran738.hdr.30",-0.000128900000000001
"738","ran738.hdr.31",-0.0011115
"738","ran738.hdr.32",-0.00015401
"738","ran738.hdr.33",-0.000412399999999999
"738","ran738.hdr.34",-0.0004022
"738","ran738.hdr.35",-0.0009972
"738","ran738.hdr.36",-0.000241100000000001
"738","ran738.hdr.37",-0.0011546
"738","ran738.hdr.38",-0.0062198
"738","ran738.hdr.39",0.000704900000000001
"738","ran738.hdr.4",-0.0032872
"738","ran738.hdr.40",0.0004291
"738","ran738.hdr.41",-0.0020892
"738","ran738.hdr.42",-0.00119342
"738","ran738.hdr.43",-0.0002693
"738","ran738.hdr.44",-0.000334300000000001
"738","ran738.hdr.45",0.000012144
"738","ran738.hdr.46",0.000137
"738","ran738.hdr.47",-0.0010527
"738","ran738.hdr.48",-0.0000823899999999999
"738","ran738.hdr.49",-0.000343609999999999
"738","ran738.hdr.5",-0.0002085
"738","ran738.hdr.50",0.00023711
"738","ran738.hdr.51",-0.00077464
"738","ran738.hdr.52",-0.000118309
"738","ran738.hdr.54",-0.0013724
"738","ran738.hdr.55",-0.000141199999999999
"738","ran738.hdr.56",-0.0004551
"738","ran738.hdr.57",-0.000934999999999998
"738","ran738.hdr.58",-0.000879700000000001
"738","ran738.hdr.59",-0.0006637
"738","ran738.hdr.6",-0.0047497
"738","ran738.hdr.60",0.000210399999999999
"738","ran738.hdr.61",0.00048652
"738","ran738.hdr.62",-0.00133469
"738","ran738.hdr.63",-0.000557700000000001
"738","ran738.hdr.64",0.0000879000000000001
"738","ran738.hdr.65",-0.0011074
"738","ran738.hdr.66",-0.001507
"738","ran738.hdr.67",-0.00056939
"738","ran738.hdr.68",-0.001084
"738","ran738.hdr.69",-0.0009257
"738","ran738.hdr.7",-0.0003795
"738","ran738.hdr.70",-0.00010376
"738","ran738.hdr.71",-0.0023424
"738","ran738.hdr.72",0.0004837
"738","ran738.hdr.73",0.0001023
"738","ran738.hdr.74",-0.000792599999999999
"738","ran738.hdr.75",-0.0030586
"738","ran738.hdr.76",0.0000250000000000007
"738","ran738.hdr.77",-0.0010028
"738","ran738.hdr.78",-0.0016399
"738","ran738.hdr.8",-0.000413510000000001
"738","ran738.hdr.9",0.0003303
"739","ran739.hdr.1",-0.0008068
"739","ran739.hdr.10",0.00013843
"739","ran739.hdr.11",-0.0004586
"739","ran739.hdr.12",-0.0002249
"739","ran739.hdr.13",-0.000303599999999999
"739","ran739.hdr.14",-0.0011179
"739","ran739.hdr.15",NA
"739","ran739.hdr.16",0.0000166000000000003
"739","ran739.hdr.17",-0.0012188
"739","ran739.hdr.18",-0.000912500000000002
"739","ran739.hdr.19",-0.0003756
"739","ran739.hdr.2",-0.0003254
"739","ran739.hdr.20",-0.0011712
"739","ran739.hdr.21",-0.0004899
"739","ran739.hdr.22",-0.0001723
"739","ran739.hdr.23",0.00000603000000000062
"739","ran739.hdr.24",-0.00130484
"739","ran739.hdr.25",-0.000243729999999999
"739","ran739.hdr.26",0.000432349999999999
"739","ran739.hdr.27",0.000144799999999999
"739","ran739.hdr.28",-0.0014853
"739","ran739.hdr.29",-0.0000865999999999992
"739","ran739.hdr.3",-0.0000321599999999998
"739","ran739.hdr.30",-0.000803500000000002
"739","ran739.hdr.31",-0.0006306
"739","ran739.hdr.32",-0.000355399999999999
"739","ran739.hdr.33",-0.0005558
"739","ran739.hdr.34",0.000712409999999999
"739","ran739.hdr.35",-0.0013695
"739","ran739.hdr.36",-0.000487100000000001
"739","ran739.hdr.37",-0.000510400000000001
"739","ran739.hdr.38",-0.000256650000000001
"739","ran739.hdr.39",-0.0003316
"739","ran739.hdr.4",-0.0008533
"739","ran739.hdr.40",0.0000144999999999989
"739","ran739.hdr.41",-0.00011533
"739","ran739.hdr.42",-0.0015782
"739","ran739.hdr.43",-0.0014925
"739","ran739.hdr.44",-0.0001607
"739","ran739.hdr.45",-0.0011836
"739","ran739.hdr.46",-0.0003823
"739","ran739.hdr.47",-0.0000564599999999995
"739","ran739.hdr.48",-0.000317100000000001
"739","ran739.hdr.49",-0.0041082
"739","ran739.hdr.5",-0.00039892
"739","ran739.hdr.50",-0.0015911
"739","ran739.hdr.51",-0.000988299999999998
"739","ran739.hdr.52",-0.000437399999999998
"739","ran739.hdr.53",-0.0002729
"739","ran739.hdr.54",-0.00035604
"739","ran739.hdr.55",-0.0001315
"739","ran739.hdr.56",-0.0046284
"739","ran739.hdr.57",-0.0006896
"739","ran739.hdr.58",-0.000796399999999999
"739","ran739.hdr.6",-0.00011691
"739","ran739.hdr.60",-0.0001829
"739","ran739.hdr.61",-0.0034825
"739","ran739.hdr.62",-0.0001548
"739","ran739.hdr.63",-0.000477
"739","ran739.hdr.64",-0.0017369
"739","ran739.hdr.65",-0.000775399999999999
"739","ran739.hdr.66",-0.000370799999999999
"739","ran739.hdr.67",-0.0035597
"739","ran739.hdr.68",-0.0011431
"739","ran739.hdr.69",-0.002342
"739","ran739.hdr.7",-0.0006119
"739","ran739.hdr.70",-0.00179129
"739","ran739.hdr.71",-0.0037745
"739","ran739.hdr.72",-0.0006002
"739","ran739.hdr.73",-0.0021382
"739","ran739.hdr.74",-0.0022821
"739","ran739.hdr.75",-0.0023484
"739","ran739.hdr.76",-0.0064447
"739","ran739.hdr.77",-0.0010028
"739","ran739.hdr.78",0.0000916000000000007
"739","ran739.hdr.8",-0.00066134
"739","ran739.hdr.9",-0.00038553
"740","ran740.hdr.1",-0.00040682
"740","ran740.hdr.10",-0.0000319000000000014
"740","ran740.hdr.11",-0.00011542
"740","ran740.hdr.12",0.000230070000000001
"740","ran740.hdr.13",-0.0004419
"740","ran740.hdr.14",-0.000405638
"740","ran740.hdr.15",-0.00066134
"740","ran740.hdr.16",-0.0001297
"740","ran740.hdr.17",-0.000507199999999999
"740","ran740.hdr.18",0.00044537
"740","ran740.hdr.19",-0.00065658
"740","ran740.hdr.2",-0.0014858
"740","ran740.hdr.20",-0.000168099999999999
"740","ran740.hdr.21",-0.000647
"740","ran740.hdr.22",-0.000389500000000001
"740","ran740.hdr.23",-0.0023662
"740","ran740.hdr.24",-0.00031687
"740","ran740.hdr.25",-0.0001443
"740","ran740.hdr.26",0.0002092
"740","ran740.hdr.27",-0.0004995
"740","ran740.hdr.28",-0.000418709999999999
"740","ran740.hdr.29",-0.0009832
"740","ran740.hdr.3",-0.0012446
"740","ran740.hdr.30",-0.0004084
"740","ran740.hdr.31",-0.00028711
"740","ran740.hdr.32",0.000119000000000001
"740","ran740.hdr.33",-0.00000106999999999972
"740","ran740.hdr.34",0.000265399999999999
"740","ran740.hdr.35",-0.000358299999999999
"740","ran740.hdr.36",-0.000763300000000001
"740","ran740.hdr.37",0.000259499999999999
"740","ran740.hdr.38",-0.0024974
"740","ran740.hdr.39",-0.0009637
"740","ran740.hdr.4",-0.0021526
"740","ran740.hdr.40",-0.000617899999999998
"740","ran740.hdr.41",-0.0005707
"740","ran740.hdr.42",-0.0011599
"740","ran740.hdr.43",0.0000144999999999989
"740","ran740.hdr.44",-0.0015782
"740","ran740.hdr.45",-0.0016596
"740","ran740.hdr.46",-0.0012558
"740","ran740.hdr.47",NA
"740","ran740.hdr.48",-0.000576500000000001
"740","ran740.hdr.49",0.0000501999999999985
"740","ran740.hdr.5",-0.0026296
"740","ran740.hdr.50",-0.000463500000000002
"740","ran740.hdr.51",-0.000560139999999999
"740","ran740.hdr.52",-0.000879130000000001
"740","ran740.hdr.53",-0.000366
"740","ran740.hdr.54",NA
"740","ran740.hdr.55",-0.000137489
"740","ran740.hdr.56",-0.0000134699999999998
"740","ran740.hdr.57",0.00014666
"740","ran740.hdr.59",-0.0000788000000000004
"740","ran740.hdr.6",-0.01685291
"740","ran740.hdr.60",-0.000618499999999999
"740","ran740.hdr.61",-0.0007746
"740","ran740.hdr.62",-0.0015743
"740","ran740.hdr.63",0.000413299999999998
"740","ran740.hdr.64",0.000565599999999999
"740","ran740.hdr.65",-0.00017847
"740","ran740.hdr.66",-0.00104738
"740","ran740.hdr.67",-0.0027675
"740","ran740.hdr.68",-0.0021688
"740","ran740.hdr.69",-0.000121900000000001
"740","ran740.hdr.7",-0.0037929
"740","ran740.hdr.70",0.0001805
"740","ran740.hdr.71",-0.0001271
"740","ran740.hdr.72",-0.0009751
"740","ran740.hdr.73",0.0006221
"740","ran740.hdr.74",-0.000126299999999999
"740","ran740.hdr.75",-0.0030263
"740","ran740.hdr.76",-0.000650899999999999
"740","ran740.hdr.77",-0.0002483
"740","ran740.hdr.78",0.000207052
"740","ran740.hdr.8",-0.0056035
"740","ran740.hdr.9",-0.0034598
"741","ran741.hdr.1",-0.00010092
"741","ran741.hdr.10",-0.000549999999999998
"741","ran741.hdr.11",-0.000207199999999999
"741","ran741.hdr.12",-0.00011379
"741","ran741.hdr.13",-0.0000559700000000007
"741","ran741.hdr.14",-0.000119060000000001
"741","ran741.hdr.15",-0.000359400000000001
"741","ran741.hdr.16",-0.000242599999999999
"741","ran741.hdr.17",-0.000348220000000002
"741","ran741.hdr.18",-0.0001981
"741","ran741.hdr.19",-0.0018782
"741","ran741.hdr.2",-0.000214900000000001
"741","ran741.hdr.20",0.00031174
"741","ran741.hdr.21",0.000605899999999999
"741","ran741.hdr.22",-0.00039311
"741","ran741.hdr.23",-0.0011619
"741","ran741.hdr.24",0.0001045
"741","ran741.hdr.25",-0.0000838999999999996
"741","ran741.hdr.26",-0.000581499999999999
"741","ran741.hdr.27",-0.0014586
"741","ran741.hdr.28",-0.00019286
"741","ran741.hdr.29",0.00019389
"741","ran741.hdr.3",0.000000199999999998812
"741","ran741.hdr.30",-0.00107892
"741","ran741.hdr.31",-0.00141581
"741","ran741.hdr.32",-0.00016391
"741","ran741.hdr.33",0.0000166000000000003
"741","ran741.hdr.34",-0.0000663
"741","ran741.hdr.35",-0.0031592
"741","ran741.hdr.36",-0.0051598
"741","ran741.hdr.37",-0.0049962
"741","ran741.hdr.38",0.000049999999999998
"741","ran741.hdr.39",-0.0003798
"741","ran741.hdr.4",-0.00449763
"741","ran741.hdr.40",-0.000151700000000001
"741","ran741.hdr.41",-0.00048092
"741","ran741.hdr.42",0.000300599999999998
"741","ran741.hdr.43",-0.0012106
"741","ran741.hdr.44",-0.0033395
"741","ran741.hdr.45",-0.000241100000000001
"741","ran741.hdr.46",-0.0027946
"741","ran741.hdr.47",-0.000392
"741","ran741.hdr.48",0.00015927
"741","ran741.hdr.49",-0.0005872
"741","ran741.hdr.5",-0.0053473
"741","ran741.hdr.50",-0.000343609999999999
"741","ran741.hdr.51",-0.00029272
"741","ran741.hdr.52",-0.000599799999999999
"741","ran741.hdr.53",-0.0000134699999999998
"741","ran741.hdr.54",-0.0011511
"741","ran741.hdr.55",-0.000111535
"741","ran741.hdr.56",-0.0010313
"741","ran741.hdr.58",-0.000492100000000002
"741","ran741.hdr.59",-0.0000195000000000004
"741","ran741.hdr.6",-0.00044229
"741","ran741.hdr.60",-0.000639499999999998
"741","ran741.hdr.61",-0.000268299999999999
"741","ran741.hdr.62",-0.000763170000000001
"741","ran741.hdr.63",-0.0001548
"741","ran741.hdr.64",-0.001971
"741","ran741.hdr.65",0.000199399999999999
"741","ran741.hdr.66",-0.0001876
"741","ran741.hdr.67",0.000272909999999999
"741","ran741.hdr.68",-0.0003067
"741","ran741.hdr.69",-0.001084
"741","ran741.hdr.7",-0.0005222
"741","ran741.hdr.70",-0.000179800000000001
"741","ran741.hdr.71",-0.000356599999999999
"741","ran741.hdr.72",-0.0001385
"741","ran741.hdr.73",-0.000596000000000003
"741","ran741.hdr.74",-0.000140899999999999
"741","ran741.hdr.75",-0.00059999
"741","ran741.hdr.76",0.00031095
"741","ran741.hdr.77",-0.000840799999999999
"741","ran741.hdr.78",-0.000289600000000001
"741","ran741.hdr.8",-0.000223299999999999
"741","ran741.hdr.9",-0.0000713600000000003
"742","ran742.hdr.1",-0.0024371
"742","ran742.hdr.10",-0.0002166
"742","ran742.hdr.11",-0.0011929
"742","ran742.hdr.12",0.00056367
"742","ran742.hdr.13",0.0000707500000000001
"742","ran742.hdr.14",-0.000356
"742","ran742.hdr.15",0.00001738
"742","ran742.hdr.16",-0.0016211
"742","ran742.hdr.17",-0.0007344
"742","ran742.hdr.18",-0.0014586
"742","ran742.hdr.19",-0.0000569000000000021
"742","ran742.hdr.2",-0.0011092
"742","ran742.hdr.20",-0.0061672
"742","ran742.hdr.21",-0.0010873
"742","ran742.hdr.22",-0.000327499999999998
"742","ran742.hdr.23",-0.00055601
"742","ran742.hdr.24",0.00043887
"742","ran742.hdr.25",-0.00029633
"742","ran742.hdr.26",-0.0011926
"742","ran742.hdr.27",0.00011701
"742","ran742.hdr.28",-0.00009449
"742","ran742.hdr.29",-0.0001554
"742","ran742.hdr.3",-0.000870900000000001
"742","ran742.hdr.30",-0.0014853
"742","ran742.hdr.31",-0.0011573
"742","ran742.hdr.32",0.000183549999999999
"742","ran742.hdr.33",-0.0001828
"742","ran742.hdr.34",-0.0013695
"742","ran742.hdr.35",-0.0003798
"742","ran742.hdr.36",-0.000307
"742","ran742.hdr.37",-0.0013621
"742","ran742.hdr.38",-0.0017019
"742","ran742.hdr.39",-0.000870699999999999
"742","ran742.hdr.4",-0.000310999999999999
"742","ran742.hdr.40",-0.000752999999999998
"742","ran742.hdr.41",-0.000569999999999999
"742","ran742.hdr.42",-0.0010777
"742","ran742.hdr.43",-0.000218300000000001
"742","ran742.hdr.44",-0.000280989999999999
"742","ran742.hdr.45",-0.000473700000000001
"742","ran742.hdr.46",-0.0014392
"742","ran742.hdr.47",-0.0047786
"742","ran742.hdr.48",-0.000599799999999999
"742","ran742.hdr.49",0.0000198999999999998
"742","ran742.hdr.5",-0.000180000000000003
"742","ran742.hdr.50",-0.0000955000000000001
"742","ran742.hdr.51",0.00008457
"742","ran742.hdr.53",-0.000477600000000002
"742","ran742.hdr.54",-0.0007711
"742","ran742.hdr.55",-0.0004034
"742","ran742.hdr.56",-0.000728099999999999
"742","ran742.hdr.57",-0.000263810000000001
"742","ran742.hdr.58",-0.0020934
"742","ran742.hdr.59",-0.000221499999999999
"742","ran742.hdr.6",-0.0044797
"742","ran742.hdr.60",-0.000453599999999998
"742","ran742.hdr.61",-0.0010621
"742","ran742.hdr.62",0.000228300000000001
"742","ran742.hdr.63",-0.0023928
"742","ran742.hdr.64",0.00049501
"742","ran742.hdr.65",0.0000348000000000015
"742","ran742.hdr.66",-0.000870200000000002
"742","ran742.hdr.67",0.0000275999999999992
"742","ran742.hdr.68",-0.0007592
"742","ran742.hdr.69",-0.0010769
"742","ran742.hdr.7",-0.0005222
"742","ran742.hdr.70",0.0000233799999999999
"742","ran742.hdr.71",-0.0004414
"742","ran742.hdr.72",0.000132810000000001
"742","ran742.hdr.73",-0.000720800000000001
"742","ran742.hdr.74",-0.000584000000000001
"742","ran742.hdr.75",-0.0014426
"742","ran742.hdr.76",-0.0020513
"742","ran742.hdr.77",-0.00444969
"742","ran742.hdr.78",0.000250400000000001
"742","ran742.hdr.8",-0.0015953
"742","ran742.hdr.9",-0.0003143
"743","ran743.hdr.1",0.000183300000000001
"743","ran743.hdr.10",0.00027153
"743","ran743.hdr.11",-0.000118400000000001
"743","ran743.hdr.12",-0.000799000000000001
"743","ran743.hdr.13",-0.000191700000000001
"743","ran743.hdr.14",0.00033826
"743","ran743.hdr.15",-0.000600499999999999
"743","ran743.hdr.16",-0.0019612
"743","ran743.hdr.17",0.0001478
"743","ran743.hdr.18",-0.000997100000000001
"743","ran743.hdr.19",-0.0002506
"743","ran743.hdr.2",-0.0019788
"743","ran743.hdr.20",-0.000518899999999999
"743","ran743.hdr.21",-0.0004899
"743","ran743.hdr.22",0.0001919
"743","ran743.hdr.23",-0.00018774
"743","ran743.hdr.24",-0.0000373999999999999
"743","ran743.hdr.25",-0.00038817
"743","ran743.hdr.26",-0.0012418
"743","ran743.hdr.27",-0.0050666
"743","ran743.hdr.28",-0.0025053
"743","ran743.hdr.29",-0.0019854
"743","ran743.hdr.3",0.00010741
"743","ran743.hdr.30",-0.000136400000000002
"743","ran743.hdr.31",-0.00036563
"743","ran743.hdr.32",-0.0005059
"743","ran743.hdr.33",0.000033677
"743","ran743.hdr.34",-0.0000248000000000002
"743","ran743.hdr.35",0.0000467000000000002
"743","ran743.hdr.36",0.0000861999999999998
"743","ran743.hdr.37",-0.000565699999999999
"743","ran743.hdr.38",-0.000562699999999999
"743","ran743.hdr.39",-0.001261
"743","ran743.hdr.4",-0.0052846
"743","ran743.hdr.40",-0.0016134
"743","ran743.hdr.41",-0.000230900000000003
"743","ran743.hdr.42",-0.0039113
"743","ran743.hdr.43",-0.0022353
"743","ran743.hdr.44",-0.000464200000000001
"743","ran743.hdr.45",-0.000294639999999999
"743","ran743.hdr.46",-0.000231500000000003
"743","ran743.hdr.47",-0.0000823899999999999
"743","ran743.hdr.48",-0.0046402
"743","ran743.hdr.49",-0.0014392
"743","ran743.hdr.5",-0.00044229
"743","ran743.hdr.50",-0.0015158
"743","ran743.hdr.51",-0.0011511
"743","ran743.hdr.52",-0.00017588
"743","ran743.hdr.53",-0.000568100000000002
"743","ran743.hdr.54",0.00026023
"743","ran743.hdr.55",-0.000193329999999999
"743","ran743.hdr.56",-0.0001286
"743","ran743.hdr.57",-0.000639499999999998
"743","ran743.hdr.58",-0.000399500000000001
"743","ran743.hdr.59",-0.0011376
"743","ran743.hdr.6",-0.000229759999999999
"743","ran743.hdr.60",-0.0001002
"743","ran743.hdr.61",-0.00000239999999999962
"743","ran743.hdr.62",0.000285500000000001
"743","ran743.hdr.63",-0.0011783
"743","ran743.hdr.64",-0.0014307
"743","ran743.hdr.65",0.000270800000000002
"743","ran743.hdr.66",-0.000914999999999999
"743","ran743.hdr.67",-0.0000107999999999983
"743","ran743.hdr.68",-0.000239799999999998
"743","ran743.hdr.69",-0.0008768
"743","ran743.hdr.7",-0.00058509
"743","ran743.hdr.70",NA
"743","ran743.hdr.71",-0.0010769
"743","ran743.hdr.72",-0.000642299999999998
"743","ran743.hdr.73",-0.000194
"743","ran743.hdr.74",-0.0003579
"743","ran743.hdr.75",-0.0003208
"743","ran743.hdr.76",-0.00062796
"743","ran743.hdr.77",0.000173699999999999
"743","ran743.hdr.78",-0.00069294
"743","ran743.hdr.8",-0.0015386
"743","ran743.hdr.9",-0.000434459999999999
"744","ran744.hdr.1",-0.000621999999999998
"744","ran744.hdr.10",-0.00027193
"744","ran744.hdr.11",0.00027494
"744","ran744.hdr.12",-0.000598200000000001
"744","ran744.hdr.13",-0.0002828
"744","ran744.hdr.14",-0.00037651
"744","ran744.hdr.15",-0.000420800000000002
"744","ran744.hdr.16",-0.0002322
"744","ran744.hdr.17",-0.000242599999999999
"744","ran744.hdr.18",-0.00071959
"744","ran744.hdr.19",-0.0005968
"744","ran744.hdr.2",-0.0053867
"744","ran744.hdr.20",-0.0002947
"744","ran744.hdr.21",-0.000253800000000002
"744","ran744.hdr.22",-0.000380700000000001
"744","ran744.hdr.23",-0.000369699999999999
"744","ran744.hdr.24",-0.0002506
"744","ran744.hdr.25",0.0000177599999999999
"744","ran744.hdr.26",-0.000595100000000001
"744","ran744.hdr.27",-0.000352700000000001
"744","ran744.hdr.28",-0.0005666
"744","ran744.hdr.29",-0.000286719999999999
"744","ran744.hdr.3",-0.00012473
"744","ran744.hdr.30",0.0000270699999999997
"744","ran744.hdr.31",-0.0006806
"744","ran744.hdr.32",-0.000418709999999999
"744","ran744.hdr.33",-0.0006158
"744","ran744.hdr.34",0.0000737099999999994
"744","ran744.hdr.35",-0.0000626000000000012
"744","ran744.hdr.36",-0.00009449
"744","ran744.hdr.37",-0.00060842
"744","ran744.hdr.38",0.000035033
"744","ran744.hdr.39",-0.000106800000000001
"744","ran744.hdr.4",-0.0027476
"744","ran744.hdr.40",-0.000621
"744","ran744.hdr.41",-0.0019854
"744","ran744.hdr.42",-0.0023487
"744","ran744.hdr.43",-0.000409099999999999
"744","ran744.hdr.44",-0.000152599999999999
"744","ran744.hdr.45",-0.00015807
"744","ran744.hdr.46",-0.0006558
"744","ran744.hdr.47",-0.000307
"744","ran744.hdr.48",-0.000392100000000001
"744","ran744.hdr.49",-0.0000784999999999987
"744","ran744.hdr.5",-0.00163709
"744","ran744.hdr.50",-0.000291899999999999
"744","ran744.hdr.51",0.000100250000000001
"744","ran744.hdr.52",-0.0000572999999999997
"744","ran744.hdr.53",-0.004512
"744","ran744.hdr.54",0.0003067
"744","ran744.hdr.55",0.0000712999999999998
"744","ran744.hdr.56",0.00011249
"744","ran744.hdr.57",-0.0000593299999999998
"744","ran744.hdr.58",-0.00270844
"744","ran744.hdr.59",-0.0018136
"744","ran744.hdr.6",-0.0044797
"744","ran744.hdr.60",-0.0011708
"744","ran744.hdr.61",0.00015145
"744","ran744.hdr.62",-0.0000586999999999983
"744","ran744.hdr.63",0.000090208
"744","ran744.hdr.64",-0.000618499999999999
"744","ran744.hdr.65",-0.000102700000000001
"744","ran744.hdr.66",-0.0011067
"744","ran744.hdr.67",-0.0180869
"744","ran744.hdr.68",-0.0017369
"744","ran744.hdr.69",-0.000334099999999999
"744","ran744.hdr.7",0.0000511000000000001
"744","ran744.hdr.70",-0.000834999999999999
"744","ran744.hdr.71",-0.0002646
"744","ran744.hdr.72",-0.00006251
"744","ran744.hdr.73",-0.0013792
"744","ran744.hdr.74",-0.000522900000000001
"744","ran744.hdr.75",-0.0018724
"744","ran744.hdr.76",-0.0011457
"744","ran744.hdr.77",-0.000548699999999999
"744","ran744.hdr.78",-0.001318
"744","ran744.hdr.8",0.000304829999999999
"744","ran744.hdr.9",-0.001099
"745","ran745.hdr.1",-0.0003459
"745","ran745.hdr.10",-0.0035262
"745","ran745.hdr.11",-0.000223299999999999
"745","ran745.hdr.12",-0.000877099999999999
"745","ran745.hdr.13",-0.0000108700000000005
"745","ran745.hdr.14",-0.000414400000000001
"745","ran745.hdr.15",-0.000725689999999999
"745","ran745.hdr.16",-0.0004688
"745","ran745.hdr.17",-0.000515700000000001
"745","ran745.hdr.18",0.000341380000000001
"745","ran745.hdr.19",0.000292300000000002
"745","ran745.hdr.2",-0.000609100000000001
"745","ran745.hdr.20",-0.0002249
"745","ran745.hdr.21",-0.0001248
"745","ran745.hdr.22",-0.0012188
"745","ran745.hdr.23",-0.00034462
"745","ran745.hdr.24",NA
"745","ran745.hdr.25",0.000261000000000001
"745","ran745.hdr.26",-0.0084394
"745","ran745.hdr.27",-0.00021033
"745","ran745.hdr.28",0.0000328100000000012
"745","ran745.hdr.29",-0.00130484
"745","ran745.hdr.3",-0.00449763
"745","ran745.hdr.30",-0.000507499999999999
"745","ran745.hdr.31",-0.0000994700000000008
"745","ran745.hdr.32",-0.000453249999999999
"745","ran745.hdr.33",-0.000177119999999999
"745","ran745.hdr.34",-0.00041873
"745","ran745.hdr.35",-0.0023193
"745","ran745.hdr.36",-0.0003032
"745","ran745.hdr.37",0.0000443000000000006
"745","ran745.hdr.38",-0.0000700600000000003
"745","ran745.hdr.39",-0.001142
"745","ran745.hdr.4",-0.0000417999999999998
"745","ran745.hdr.40",-0.000423400000000001
"745","ran745.hdr.41",-0.000419800000000001
"745","ran745.hdr.42",0.0000440000000000024
"745","ran745.hdr.43",-0.000464300000000001
"745","ran745.hdr.44",-0.0010275
"745","ran745.hdr.45",-0.0037192
"745","ran745.hdr.46",0.000074900000000001
"745","ran745.hdr.47",-0.0016634
"745","ran745.hdr.48",-0.0010616
"745","ran745.hdr.49",-0.0056602
"745","ran745.hdr.5",0.00010741
"745","ran745.hdr.50",-0.000576500000000001
"745","ran745.hdr.51",0.0000185000000000012
"745","ran745.hdr.52",0.0000839000000000013
"745","ran745.hdr.53",-0.0000328000000000004
"745","ran745.hdr.54",NA
"745","ran745.hdr.55",-0.0014392
"745","ran745.hdr.56",-0.0003721
"745","ran745.hdr.6",-0.005219
"745","ran745.hdr.60",-0.000253200000000002
"745","ran745.hdr.61",-0.0000748000000000016
"745","ran745.hdr.62",0.0000455999999999998
"745","ran745.hdr.63",0.000223899999999999
"745","ran745.hdr.64",-0.0010529
"745","ran745.hdr.65",-0.0020502
"745","ran745.hdr.66",-0.0021686
"745","ran745.hdr.67",-0.000194100000000003
"745","ran745.hdr.68",-0.0015961
"745","ran745.hdr.69",-0.000282869999999999
"745","ran745.hdr.7",-0.0018223
"745","ran745.hdr.70",-0.0000736999999999995
"745","ran745.hdr.71",-0.000356599999999999
"745","ran745.hdr.72",0.0001822
"745","ran745.hdr.73",-0.000347499999999997
"745","ran745.hdr.74",-0.00025328
"745","ran745.hdr.75",-0.0006002
"745","ran745.hdr.76",-0.0009444
"745","ran745.hdr.77",-0.0032753
"745","ran745.hdr.78",-0.00288578
"745","ran745.hdr.8",-0.00056552
"745","ran745.hdr.9",-0.001546
"746","ran746.hdr.1",-0.000345949999999999
"746","ran746.hdr.10",-0.000232599999999999
"746","ran746.hdr.11",-0.000399699999999999
"746","ran746.hdr.12",-0.000954400000000001
"746","ran746.hdr.13",0.000209899999999999
"746","ran746.hdr.14",-0.0013508
"746","ran746.hdr.15",-0.0010476
"746","ran746.hdr.16",-0.0016769
"746","ran746.hdr.17",-0.000140599999999999
"746","ran746.hdr.18",-0.00100028
"746","ran746.hdr.19",-0.000454400000000001
"746","ran746.hdr.2",-0.0002675
"746","ran746.hdr.20",-0.000256040000000001
"746","ran746.hdr.21",-0.0002792
"746","ran746.hdr.22",-0.0000858199999999995
"746","ran746.hdr.23",-0.0002813
"746","ran746.hdr.24",-0.00068852
"746","ran746.hdr.25",-0.00175568
"746","ran746.hdr.26",-0.000063549999999999
"746","ran746.hdr.27",-0.0000696199999999994
"746","ran746.hdr.28",-0.000780199999999998
"746","ran746.hdr.29",-0.001081
"746","ran746.hdr.3",-0.0000253999999999983
"746","ran746.hdr.30",-0.000441599999999997
"746","ran746.hdr.31",0.0000578999999999996
"746","ran746.hdr.32",-0.00033054
"746","ran746.hdr.33",-0.00082841
"746","ran746.hdr.34",-0.000472420000000001
"746","ran746.hdr.35",-0.000214700000000002
"746","ran746.hdr.36",0.00023099
"746","ran746.hdr.37",-0.0013621
"746","ran746.hdr.38",-0.0011
"746","ran746.hdr.39",0.0000430000000000014
"746","ran746.hdr.4",-0.0044934
"746","ran746.hdr.40",0.000100250000000001
"746","ran746.hdr.41",-0.00081
"746","ran746.hdr.42",-0.0010777
"746","ran746.hdr.43",-0.000218300000000001
"746","ran746.hdr.44",-0.001384
"746","ran746.hdr.45",-0.0000128000000000003
"746","ran746.hdr.46",0.00000739999999999942
"746","ran746.hdr.47",-0.00328849
"746","ran746.hdr.48",-0.00010923
"746","ran746.hdr.49",-0.0001172
"746","ran746.hdr.5",-0.0031124
"746","ran746.hdr.50",-0.0000833800000000001
"746","ran746.hdr.51",-0.00018941
"746","ran746.hdr.52",-0.000313409999999999
"746","ran746.hdr.53",-0.001074
"746","ran746.hdr.55",-0.000339100000000002
"746","ran746.hdr.56",-0.000121599999999999
"746","ran746.hdr.57",-0.000849699999999998
"746","ran746.hdr.58",0.00000810000000000047
"746","ran746.hdr.59",-0.000341999999999999
"746","ran746.hdr.6",-0.000236699999999999
"746","ran746.hdr.60",-0.000486500000000001
"746","ran746.hdr.61",0.0000525999999999999
"746","ran746.hdr.62",0.0007899
"746","ran746.hdr.63",-0.000735300000000001
"746","ran746.hdr.64",-0.000738799999999998
"746","ran746.hdr.65",-0.000331100000000001
"746","ran746.hdr.66",-0.000794200000000002
"746","ran746.hdr.67",-0.000356599999999999
"746","ran746.hdr.68",-0.0037906
"746","ran746.hdr.69",-0.000267
"746","ran746.hdr.7",-0.000197699999999999
"746","ran746.hdr.70",-0.0013792
"746","ran746.hdr.71",-0.0011245
"746","ran746.hdr.72",-0.00025328
"746","ran746.hdr.73",-0.0014151
"746","ran746.hdr.74",-0.0007697
"746","ran746.hdr.75",0.000381340000000001
"746","ran746.hdr.76",-0.000126299999999999
"746","ran746.hdr.77",-0.0021382
"746","ran746.hdr.78",-0.000742300000000001
"746","ran746.hdr.8",-0.001546
"746","ran746.hdr.9",0.00029077
"747","ran747.hdr.1",-0.00010092
"747","ran747.hdr.10",-0.000146299999999999
"747","ran747.hdr.11",-0.0002166
"747","ran747.hdr.12",0.0003198
"747","ran747.hdr.13",-0.000404499999999999
"747","ran747.hdr.14",-0.0010173
"747","ran747.hdr.15",0.000588000000000002
"747","ran747.hdr.16",0.000240199999999999
"747","ran747.hdr.17",-0.00182421
"747","ran747.hdr.18",-0.0021765
"747","ran747.hdr.19",-0.0010563
"747","ran747.hdr.2",-0.0012185
"747","ran747.hdr.20",-0.000473700000000001
"747","ran747.hdr.21",-0.0024928
"747","ran747.hdr.22",-0.0002991
"747","ran747.hdr.23",-0.0028616
"747","ran747.hdr.24",-0.0000480399999999992
"747","ran747.hdr.25",-0.000515720000000001
"747","ran747.hdr.26",0.00005608
"747","ran747.hdr.27",-0.0000834099999999999
"747","ran747.hdr.28",-0.00029017
"747","ran747.hdr.29",-0.000310299999999999
"747","ran747.hdr.3",-0.00120107
"747","ran747.hdr.30",0.0000141299999999994
"747","ran747.hdr.31",-0.000359199999999999
"747","ran747.hdr.32",-0.0019572
"747","ran747.hdr.33",-0.0000862000000000016
"747","ran747.hdr.34",-0.00023755
"747","ran747.hdr.35",-0.0019089
"747","ran747.hdr.36",-0.00017519
"747","ran747.hdr.37",-0.00023078
"747","ran747.hdr.38",-0.0000631999999999994
"747","ran747.hdr.39",-0.000247900000000001
"747","ran747.hdr.4",-0.0037447
"747","ran747.hdr.40",-0.000616499999999999
"747","ran747.hdr.41",-0.0005789
"747","ran747.hdr.42",-0.0001264
"747","ran747.hdr.43",-0.000787299999999999
"747","ran747.hdr.44",-0.0011277
"747","ran747.hdr.45",-0.000583800000000001
"747","ran747.hdr.46",-0.0022656
"747","ran747.hdr.47",-0.000908000000000003
"747","ran747.hdr.48",0.00012679
"747","ran747.hdr.49",-0.000436799999999998
"747","ran747.hdr.5",-0.000458999999999999
"747","ran747.hdr.50",-0.0000328000000000004
"747","ran747.hdr.51",-0.00057312
"747","ran747.hdr.52",0.0000793999999999968
"747","ran747.hdr.53",0.0002234
"747","ran747.hdr.54",0.000143500000000001
"747","ran747.hdr.55",-0.0072374
"747","ran747.hdr.56",-0.0015158
"747","ran747.hdr.57",-0.00038213
"747","ran747.hdr.58",0.00005185
"747","ran747.hdr.59",-0.0010313
"747","ran747.hdr.6",-0.000374649999999999
"747","ran747.hdr.60",-0.00016094
"747","ran747.hdr.62",-0.000203699999999999
"747","ran747.hdr.63",-0.0010347
"747","ran747.hdr.64",-0.000663200000000001
"747","ran747.hdr.65",-0.00019203
"747","ran747.hdr.66",-0.0021686
"747","ran747.hdr.67",-0.000838799999999997
"747","ran747.hdr.68",0.0000194084
"747","ran747.hdr.69",0.000268899999999999
"747","ran747.hdr.7",-0.00066134
"747","ran747.hdr.70",-0.000914999999999999
"747","ran747.hdr.71",-0.0046587
"747","ran747.hdr.72",-0.000175900000000001
"747","ran747.hdr.73",-0.0005535
"747","ran747.hdr.74",-0.00119554
"747","ran747.hdr.75",-0.0012671
"747","ran747.hdr.76",-0.0003368
"747","ran747.hdr.77",-0.0025593
"747","ran747.hdr.78",0.00039024
"747","ran747.hdr.8",-0.0000622000000000001
"747","ran747.hdr.9",-0.00013877
"748","ran748.hdr.1",-0.0014444
"748","ran748.hdr.10",-0.00025442
"748","ran748.hdr.11",-0.000480399999999999
"748","ran748.hdr.12",-0.00020486
"748","ran748.hdr.13",-0.0007343
"748","ran748.hdr.14",-0.0000444600000000001
"748","ran748.hdr.15",0.0000449828
"748","ran748.hdr.16",-0.000320800000000001
"748","ran748.hdr.17",-0.0003143
"748","ran748.hdr.18",-0.0011243
"748","ran748.hdr.19",-0.00003264
"748","ran748.hdr.2",0.000555399999999998
"748","ran748.hdr.20",-0.0003397
"748","ran748.hdr.21",0.000257
"748","ran748.hdr.22",0.0001315
"748","ran748.hdr.23",-0.0012923
"748","ran748.hdr.24",-0.0004347
"748","ran748.hdr.25",0.0002985
"748","ran748.hdr.26",-0.0007074
"748","ran748.hdr.27",-0.00034688
"748","ran748.hdr.28",-0.000130699999999999
"748","ran748.hdr.29",-0.0013108
"748","ran748.hdr.3",-0.0018301
"748","ran748.hdr.30",-0.000389500000000001
"748","ran748.hdr.31",-0.000736900000000002
"748","ran748.hdr.32",-0.0015029
"748","ran748.hdr.33",-0.0016862
"748","ran748.hdr.34",-0.0005322
"748","ran748.hdr.35",-0.0003757
"748","ran748.hdr.36",-0.0025867
"748","ran748.hdr.37",-0.0030857
"748","ran748.hdr.38",-0.00084943
"748","ran748.hdr.39",-0.0003797
"748","ran748.hdr.4",-0.000571
"748","ran748.hdr.40",-0.0000482899999999994
"748","ran748.hdr.41",0.0000498999999999999
"748","ran748.hdr.42",-0.00031339
"748","ran748.hdr.43",-0.0018031
"748","ran748.hdr.44",-0.0044356
"748","ran748.hdr.45",-0.0002611
"748","ran748.hdr.46",-0.0000392999999999991
"748","ran748.hdr.47",-0.000409099999999999
"748","ran748.hdr.48",-0.0023114
"748","ran748.hdr.49",0.000085
"748","ran748.hdr.5",0.00049115
"748","ran748.hdr.50",-0.00046567
"748","ran748.hdr.51",0.000294800000000001
"748","ran748.hdr.52",-0.00087888
"748","ran748.hdr.53",-0.000480400000000001
"748","ran748.hdr.54",-0.0014027
"748","ran748.hdr.55",-0.0012106
"748","ran748.hdr.56",-0.000616299999999997
"748","ran748.hdr.57",0.0002524
"748","ran748.hdr.58",-0.0004983
"748","ran748.hdr.59",0.00002906
"748","ran748.hdr.6",-0.0049685
"748","ran748.hdr.60",-0.0000856099999999999
"748","ran748.hdr.61",-0.00021661
"748","ran748.hdr.62",-0.000879130000000001
"748","ran748.hdr.63",-0.0010313
"748","ran748.hdr.64",-0.0010767
"748","ran748.hdr.65",-0.0000596800000000012
"748","ran748.hdr.66",-0.0016397
"748","ran748.hdr.67",-0.0013065
"748","ran748.hdr.68",0.0010224
"748","ran748.hdr.69",-0.000557700000000001
"748","ran748.hdr.7",-0.0052722
"748","ran748.hdr.70",-0.0003231
"748","ran748.hdr.71",0.000206099999999999
"748","ran748.hdr.72",0.000246699999999999
"748","ran748.hdr.73",-0.000328449999999999
"748","ran748.hdr.74",-0.0003557
"748","ran748.hdr.75",-0.0023928
"748","ran748.hdr.76",-0.000201800000000002
"748","ran748.hdr.77",-0.0007697
"748","ran748.hdr.78",-0.0012143
"748","ran748.hdr.8",-0.0034399
"748","ran748.hdr.9",-0.000461899999999998
"749","ran749.hdr.1",-0.00100715
"749","ran749.hdr.10",-0.00018433
"749","ran749.hdr.11",-0.0015386
"749","ran749.hdr.12",-0.000675400000000003
"749","ran749.hdr.13",-0.00042711
"749","ran749.hdr.14",0.000188412
"749","ran749.hdr.15",-0.0008751
"749","ran749.hdr.16",-0.00071959
"749","ran749.hdr.17",-0.0017649
"749","ran749.hdr.18",-0.0010694
"749","ran749.hdr.19",-0.000509900000000001
"749","ran749.hdr.2",-0.000739499999999999
"749","ran749.hdr.20",-0.000435399999999999
"749","ran749.hdr.21",-0.000298699999999999
"749","ran749.hdr.22",0.00042616
"749","ran749.hdr.23",-0.0004121
"749","ran749.hdr.24",-0.000327499999999998
"749","ran749.hdr.25",-0.000429799999999999
"749","ran749.hdr.26",0.0000429000000000002
"749","ran749.hdr.27",-0.00010709
"749","ran749.hdr.28",-0.000284
"749","ran749.hdr.29",-0.0000865999999999992
"749","ran749.hdr.3",-0.0006076
"749","ran749.hdr.30",-0.0013637
"749","ran749.hdr.31",0.00030284
"749","ran749.hdr.32",-0.0000500000000000014
"749","ran749.hdr.33",-0.00033054
"749","ran749.hdr.34",-0.0000543000000000002
"749","ran749.hdr.35",-0.0004972
"749","ran749.hdr.36",-0.0013695
"749","ran749.hdr.37",-0.00013875
"749","ran749.hdr.38",-0.0005632
"749","ran749.hdr.39",-0.000575500000000001
"749","ran749.hdr.4",-0.0021506
"749","ran749.hdr.40",-0.0005428
"749","ran749.hdr.41",-0.0025436
"749","ran749.hdr.42",-0.0011836
"749","ran749.hdr.43",-0.000189699999999999
"749","ran749.hdr.44",-0.0002392
"749","ran749.hdr.45",-0.00078057
"749","ran749.hdr.46",-0.000691199999999999
"749","ran749.hdr.47",-0.0001508
"749","ran749.hdr.48",-0.0003459
"749","ran749.hdr.49",-0.000837099999999999
"749","ran749.hdr.5",-0.0061766
"749","ran749.hdr.50",-0.00057659
"749","ran749.hdr.51",-0.0000518599999999999
"749","ran749.hdr.52",-0.0005736
"749","ran749.hdr.53",-0.000586400000000001
"749","ran749.hdr.54",-0.000395
"749","ran749.hdr.55",0.000269429999999999
"749","ran749.hdr.56",-0.0010313
"749","ran749.hdr.57",-0.00018941
"749","ran749.hdr.58",0.000141840000000001
"749","ran749.hdr.59",0.0003446
"749","ran749.hdr.6",-0.0044093
"749","ran749.hdr.61",-0.00010847
"749","ran749.hdr.62",0.0001806
"749","ran749.hdr.63",-0.00133806
"749","ran749.hdr.64",-0.0013718
"749","ran749.hdr.65",-0.0001464
"749","ran749.hdr.66",-0.0002325
"749","ran749.hdr.67",-0.000404369999999999
"749","ran749.hdr.68",-0.000164200000000001
"749","ran749.hdr.69",-0.0001875
"749","ran749.hdr.7",-0.000236699999999999
"749","ran749.hdr.70",-0.0010828
"749","ran749.hdr.71",-0.001831
"749","ran749.hdr.72",-0.0011679
"749","ran749.hdr.73",-0.000955899999999999
"749","ran749.hdr.74",-0.0013741
"749","ran749.hdr.75",-0.000185000000000001
"749","ran749.hdr.76",-0.0030263
"749","ran749.hdr.77",-0.000002000000000002
"749","ran749.hdr.78",-0.000547499999999999
"749","ran749.hdr.8",-0.0002307
"749","ran749.hdr.9",-0.0000787700000000001
"750","ran750.hdr.1",-0.000239700000000001
"750","ran750.hdr.10",-0.000215165
"750","ran750.hdr.11",-0.000507199999999999
"750","ran750.hdr.12",-0.0002419
"750","ran750.hdr.13",-0.000292249999999999
"750","ran750.hdr.14",0.00015803
"750","ran750.hdr.15",-0.0011386
"750","ran750.hdr.16",-0.0004688
"750","ran750.hdr.17",-0.000327600000000001
"750","ran750.hdr.18",-0.000934500000000001
"750","ran750.hdr.19",-0.0000437000000000007
"750","ran750.hdr.2",-0.00012473
"750","ran750.hdr.20",-0.0001574
"750","ran750.hdr.21",-0.0005983
"750","ran750.hdr.22",-0.0007279
"750","ran750.hdr.23",-0.000668999999999999
"750","ran750.hdr.24",-0.002999
"750","ran750.hdr.25",-0.000418709999999999
"750","ran750.hdr.26",-0.000277900000000001
"750","ran750.hdr.27",-0.0016281
"750","ran750.hdr.28",0.0000525500000000002
"750","ran750.hdr.29",-0.00175568
"750","ran750.hdr.3",-0.00041678
"750","ran750.hdr.30",-0.00017027
"750","ran750.hdr.31",0.000144100000000001
"750","ran750.hdr.32",-0.0028943
"750","ran750.hdr.33",-0.000729500000000001
"750","ran750.hdr.34",-0.000243200000000002
"750","ran750.hdr.35",-0.00000899999999999859
"750","ran750.hdr.36",-0.0023487
"750","ran750.hdr.37",-0.0000747000000000005
"750","ran750.hdr.38",0.0000712999999999998
"750","ran750.hdr.39",-0.000332000000000001
"750","ran750.hdr.4",-0.000653600000000001
"750","ran750.hdr.40",-0.00026302
"750","ran750.hdr.41",-0.0014594
"750","ran750.hdr.42",0.0001554
"750","ran750.hdr.43",-0.0024287
"750","ran750.hdr.44",-0.0001069
"750","ran750.hdr.45",-0.0010616
"750","ran750.hdr.46",0.0001598
"750","ran750.hdr.47",-0.0011215
"750","ran750.hdr.48",-0.0017799
"750","ran750.hdr.49",-0.0015836
"750","ran750.hdr.5",-0.0052846
"750","ran750.hdr.50",-0.00119342
"750","ran750.hdr.51",-0.000207300000000001
"750","ran750.hdr.52",-0.00015647
"750","ran750.hdr.53",0.00058626
"750","ran750.hdr.54",-0.0067332
"750","ran750.hdr.55",-0.00055
"750","ran750.hdr.56",-0.000270000000000001
"750","ran750.hdr.57",-0.00057659
"750","ran750.hdr.58",-0.00010908
"750","ran750.hdr.6",-0.0009196
"750","ran750.hdr.60",-0.0004551
"750","ran750.hdr.61",-0.000694199999999999
"750","ran750.hdr.62",-0.00015495
"750","ran750.hdr.63",0.0000782999999999999
"750","ran750.hdr.64",-0.000580600000000001
"750","ran750.hdr.65",0.0000100400000000002
"750","ran750.hdr.66",-0.000663200000000001
"750","ran750.hdr.67",-0.000546500000000002
"750","ran750.hdr.68",-0.001224
"750","ran750.hdr.69",-0.000331100000000001
"750","ran750.hdr.7",-0.0001569
"750","ran750.hdr.70",-0.0006034
"750","ran750.hdr.71",-0.0011431
"750","ran750.hdr.72",-0.0012556
"750","ran750.hdr.73",-0.0007592
"750","ran750.hdr.74",-0.000570099999999997
"750","ran750.hdr.75",-0.000281300000000002
"750","ran750.hdr.76",-0.000297700000000001
"750","ran750.hdr.77",-0.000302699999999999
"750","ran750.hdr.78",-0.0016978
"750","ran750.hdr.8",-0.0015953
"750","ran750.hdr.9",-0.000309469999999999
"751","ran751.hdr.1",-0.000739499999999999
"751","ran751.hdr.10",-0.00013877
"751","ran751.hdr.11",-0.001162
"751","ran751.hdr.12",-0.000339470000000001
"751","ran751.hdr.13",-0.0000692999999999996
"751","ran751.hdr.14",-0.000477
"751","ran751.hdr.15",-0.00013079
"751","ran751.hdr.16",-0.0018782
"751","ran751.hdr.17",-0.0010476
"751","ran751.hdr.18",-0.0017655
"751","ran751.hdr.19",-0.0025625
"751","ran751.hdr.2",-0.000585199999999998
"751","ran751.hdr.20",-0.000565900000000001
"751","ran751.hdr.21",-0.00142531
"751","ran751.hdr.22",-0.000556399999999999
"751","ran751.hdr.23",-0.0000709000000000005
"751","ran751.hdr.24",0.0000328100000000012
"751","ran751.hdr.25",-0.00291982
"751","ran751.hdr.26",0.0000793799999999987
"751","ran751.hdr.27",-0.0007723
"751","ran751.hdr.28",-0.0009832
"751","ran751.hdr.29",0.00010872
"751","ran751.hdr.3",-0.0000578000000000002
"751","ran751.hdr.30",0.000056719
"751","ran751.hdr.31",-0.0001554
"751","ran751.hdr.32",-0.0032627
"751","ran751.hdr.33",-0.000140850000000001
"751","ran751.hdr.34",0.00004498
"751","ran751.hdr.35",0.0001508
"751","ran751.hdr.36",-0.000768999999999999
"751","ran751.hdr.37",-0.000125399999999999
"751","ran751.hdr.38",-0.0011573
"751","ran751.hdr.39",0.000100250000000001
"751","ran751.hdr.4",-0.000290820000000001
"751","ran751.hdr.40",-0.00082425
"751","ran751.hdr.41",-0.000522199999999999
"751","ran751.hdr.42",-0.002171
"751","ran751.hdr.43",-0.000379500000000001
"751","ran751.hdr.44",-0.0003036
"751","ran751.hdr.45",-0.000226
"751","ran751.hdr.46",0.000012144
"751","ran751.hdr.47",-0.000749
"751","ran751.hdr.48",-0.0001431
"751","ran751.hdr.49",NA
"751","ran751.hdr.5",-0.0011761
"751","ran751.hdr.50",-0.0004198
"751","ran751.hdr.51",-0.000175700000000001
"751","ran751.hdr.52",0.0003353
"751","ran751.hdr.53",-0.000293069999999999
"751","ran751.hdr.54",-0.0002933
"751","ran751.hdr.55",-0.0001829
"751","ran751.hdr.56",-0.000064100000000001
"751","ran751.hdr.57",-0.0006342
"751","ran751.hdr.58",-0.000972200000000003
"751","ran751.hdr.59",-0.0012684
"751","ran751.hdr.6",-0.00046459
"751","ran751.hdr.60",-0.0004258
"751","ran751.hdr.61",-0.00017452
"751","ran751.hdr.62",-0.000290100000000001
"751","ran751.hdr.63",NA
"751","ran751.hdr.64",-0.0008071
"751","ran751.hdr.65",-0.0002284
"751","ran751.hdr.66",-0.0006961
"751","ran751.hdr.67",-0.0011783
"751","ran751.hdr.68",0.0005755
"751","ran751.hdr.69",-0.0028671
"751","ran751.hdr.7",-0.00036227
"751","ran751.hdr.70",-0.000417899999999999
"751","ran751.hdr.71",-0.0096339
"751","ran751.hdr.72",-0.00163488
"751","ran751.hdr.73",-0.0011097
"751","ran751.hdr.74",-0.0009914
"751","ran751.hdr.75",-0.0035566
"751","ran751.hdr.76",-0.00028371
"751","ran751.hdr.77",-0.000548699999999999
"751","ran751.hdr.78",-0.0002483
"751","ran751.hdr.8",-0.000374649999999999
"751","ran751.hdr.9",0.00000845800000000001
"752","ran752.hdr.1",-0.00000992000000000007
"752","ran752.hdr.10",-0.000598200000000001
"752","ran752.hdr.11",-0.0002471
"752","ran752.hdr.12",-0.000320800000000001
"752","ran752.hdr.13",-0.000319400000000001
"752","ran752.hdr.14",-0.0004673
"752","ran752.hdr.15",-0.000431160000000002
"752","ran752.hdr.16",-0.000911199999999997
"752","ran752.hdr.17",-0.000184699999999999
"752","ran752.hdr.18",-0.000397499999999999
"752","ran752.hdr.19",-0.0017312
"752","ran752.hdr.2",-0.0001598
"752","ran752.hdr.20",-0.0005906
"752","ran752.hdr.21",0.0000465999999999973
"752","ran752.hdr.22",-0.000154699999999999
"752","ran752.hdr.23",-0.00026931
"752","ran752.hdr.24",-0.0000722500000000003
"752","ran752.hdr.25",0.0001919
"752","ran752.hdr.26",-0.00029554
"752","ran752.hdr.27",-0.0002538
"752","ran752.hdr.28",-0.001167
"752","ran752.hdr.29",-0.0003193
"752","ran752.hdr.3",-0.000224699999999998
"752","ran752.hdr.30",-0.0014502
"752","ran752.hdr.31",0.00039719
"752","ran752.hdr.32",0.0000139000000000007
"752","ran752.hdr.33",-0.000478900000000001
"752","ran752.hdr.34",0.000148899999999999
"752","ran752.hdr.35",-0.0000319699999999992
"752","ran752.hdr.36",-0.000390949999999999
"752","ran752.hdr.37",-0.0012186
"752","ran752.hdr.38",-0.0015749
"752","ran752.hdr.39",-0.0017019
"752","ran752.hdr.4",-0.000290820000000001
"752","ran752.hdr.40",-0.000217700000000001
"752","ran752.hdr.41",-0.0000143999999999977
"752","ran752.hdr.42",-0.0011563
"752","ran752.hdr.43",0.00003286
"752","ran752.hdr.44",0.0000045761
"752","ran752.hdr.45",0.000161699999999999
"752","ran752.hdr.46",-0.000691199999999999
"752","ran752.hdr.47",0.0000792999999999992
"752","ran752.hdr.48",-0.00004207
"752","ran752.hdr.49",-0.000755800000000001
"752","ran752.hdr.5",-0.0000119299999999994
"752","ran752.hdr.50",-0.0009668
"752","ran752.hdr.51",-0.000599799999999999
"752","ran752.hdr.52",-0.00013011
"752","ran752.hdr.55",0.000069466
"752","ran752.hdr.56",-0.000268299999999999
"752","ran752.hdr.57",-0.00017959
"752","ran752.hdr.58",-0.0010347
"752","ran752.hdr.59",-0.0040338
"752","ran752.hdr.6",-0.001546
"752","ran752.hdr.60",0.0000988399999999993
"752","ran752.hdr.61",-0.0107924
"752","ran752.hdr.62",-0.000889800000000001
"752","ran752.hdr.63",-0.000128400000000001
"752","ran752.hdr.64",-0.0016847
"752","ran752.hdr.65",0.0000855000000000022
"752","ran752.hdr.66",-0.001085
"752","ran752.hdr.67",-0.0001385
"752","ran752.hdr.68",0.0000387900000000004
"752","ran752.hdr.69",-0.000596000000000003
"752","ran752.hdr.7",-0.00033059
"752","ran752.hdr.70",-0.0004732
"752","ran752.hdr.71",-0.0000835999999999996
"752","ran752.hdr.72",0.000151800000000001
"752","ran752.hdr.73",-0.0024365
"752","ran752.hdr.74",0.0000365999999999995
"752","ran752.hdr.75",-0.0011988
"752","ran752.hdr.76",0.000326549999999999
"752","ran752.hdr.77",-0.0012827
"752","ran752.hdr.78",-0.000318599999999999
"752","ran752.hdr.8",-0.0009067
"752","ran752.hdr.9",-0.000549999999999998
"753","ran753.hdr.1",-0.000115250000000001
"753","ran753.hdr.10",0.000201669999999999
"753","ran753.hdr.11",-0.00030618
"753","ran753.hdr.12",-0.0015386
"753","ran753.hdr.13",-0.000446700000000001
"753","ran753.hdr.14",-0.0007302
"753","ran753.hdr.15",0.0000675200000000006
"753","ran753.hdr.16",-0.000473100000000001
"753","ran753.hdr.17",-0.000881099999999999
"753","ran753.hdr.18",-0.00034688
"753","ran753.hdr.19",0.0001817
"753","ran753.hdr.2",-0.0000923999999999994
"753","ran753.hdr.20",-0.0016942
"753","ran753.hdr.21",-0.0010173
"753","ran753.hdr.22",0.0001004
"753","ran753.hdr.23",-0.00007594
"753","ran753.hdr.24",-0.0006201
"753","ran753.hdr.25",0.000318539999999999
"753","ran753.hdr.26",-0.000148799999999999
"753","ran753.hdr.27",-0.000341280000000001
"753","ran753.hdr.28",-0.000730600000000001
"753","ran753.hdr.29",-0.0023487
"753","ran753.hdr.3",-0.0020013
"753","ran753.hdr.30",-0.0019144
"753","ran753.hdr.31",-0.001126
"753","ran753.hdr.32",-0.00027737
"753","ran753.hdr.33",-0.0008168
"753","ran753.hdr.34",-0.000510400000000001
"753","ran753.hdr.35",-0.0005632
"753","ran753.hdr.36",0.000237399999999999
"753","ran753.hdr.37",-0.000499899999999998
"753","ran753.hdr.38",-0.000616299999999997
"753","ran753.hdr.39",-0.0030178
"753","ran753.hdr.4",-0.0021506
"753","ran753.hdr.40",-0.00057255
"753","ran753.hdr.41",0.0001598
"753","ran753.hdr.42",0.000189099999999999
"753","ran753.hdr.43",-0.000436799999999998
"753","ran753.hdr.44",-0.000924000000000001
"753","ran753.hdr.45",-0.00062953
"753","ran753.hdr.46",-0.0046402
"753","ran753.hdr.47",-0.0030547
"753","ran753.hdr.48",-0.0015158
"753","ran753.hdr.49",-0.00022462
"753","ran753.hdr.5",-0.01685291
"753","ran753.hdr.50",0.00026404
"753","ran753.hdr.51",-0.000201030000000001
"753","ran753.hdr.52",-0.000787200000000002
"753","ran753.hdr.53",-0.0020265
"753","ran753.hdr.54",-0.00017091
"753","ran753.hdr.55",-0.000137
"753","ran753.hdr.56",-0.0019575
"753","ran753.hdr.57",-0.0003231
"753","ran753.hdr.58",-0.0013776
"753","ran753.hdr.59",-0.000231100000000001
"753","ran753.hdr.6",-0.0037929
"753","ran753.hdr.60",-0.000540200000000001
"753","ran753.hdr.61",-0.000150300000000001
"753","ran753.hdr.62",-0.000919
"753","ran753.hdr.63",-0.000914999999999999
"753","ran753.hdr.64",-0.0027675
"753","ran753.hdr.65",0.00016178
"753","ran753.hdr.66",-0.001084
"753","ran753.hdr.67",-0.0000374500000000014
"753","ran753.hdr.68",0.0000247000000000008
"753","ran753.hdr.69",-0.000964700000000002
"753","ran753.hdr.7",-0.00044229
"753","ran753.hdr.70",-0.000388300000000001
"753","ran753.hdr.71",-0.000297700000000001
"753","ran753.hdr.72",-0.0000953799999999999
"753","ran753.hdr.73",-0.0016911
"753","ran753.hdr.74",-0.0007469
"753","ran753.hdr.75",-0.0016399
"753","ran753.hdr.76",-0.0001776
"753","ran753.hdr.77",-0.00076095
"753","ran753.hdr.78",-0.000776900000000001
"753","ran753.hdr.8",-0.0000268000000000004
"753","ran753.hdr.9",-0.000301300000000001
"754","ran754.hdr.1",0.00015914
"754","ran754.hdr.10",0.00000486000000000019
"754","ran754.hdr.11",0.000109000000000001
"754","ran754.hdr.12",0.0000630499999999985
"754","ran754.hdr.13",-0.00047623
"754","ran754.hdr.14",-0.000136260000000001
"754","ran754.hdr.15",-0.0008602
"754","ran754.hdr.16",-0.000377500000000001
"754","ran754.hdr.17",-0.000404499999999999
"754","ran754.hdr.18",-0.000763300000000001
"754","ran754.hdr.19",-0.000318300000000001
"754","ran754.hdr.2",-0.0048415
"754","ran754.hdr.20",-0.000204100000000002
"754","ran754.hdr.21",-0.000562900000000002
"754","ran754.hdr.22",-0.0006806
"754","ran754.hdr.23",-0.0002137
"754","ran754.hdr.24",-0.00014837
"754","ran754.hdr.25",-0.000232900000000001
"754","ran754.hdr.26",-0.000143009999999999
"754","ran754.hdr.27",-0.0008065
"754","ran754.hdr.28",-0.0014869
"754","ran754.hdr.29",-0.0014576
"754","ran754.hdr.3",-0.000381399999999999
"754","ran754.hdr.30",-0.0017024
"754","ran754.hdr.31",0.000856399999999998
"754","ran754.hdr.32",-0.000115799999999999
"754","ran754.hdr.33",0.0000670599999999999
"754","ran754.hdr.34",-0.000687
"754","ran754.hdr.35",-0.0015552
"754","ran754.hdr.36",-0.0005428
"754","ran754.hdr.37",-0.000565699999999999
"754","ran754.hdr.38",-0.0030178
"754","ran754.hdr.39",-0.00081
"754","ran754.hdr.4",-0.000585499999999999
"754","ran754.hdr.40",-0.000737000000000002
"754","ran754.hdr.41",-0.0010777
"754","ran754.hdr.42",-0.0022656
"754","ran754.hdr.43",-0.0000750999999999981
"754","ran754.hdr.44",-0.000507800000000001
"754","ran754.hdr.45",-0.0073875
"754","ran754.hdr.46",-0.0020938
"754","ran754.hdr.47",-0.00074314
"754","ran754.hdr.48",-0.00024031
"754","ran754.hdr.49",-0.0006619
"754","ran754.hdr.5",0.0000674299999999994
"754","ran754.hdr.50",0.0000771000000000001
"754","ran754.hdr.51",NA
"754","ran754.hdr.52",-0.0021164
"754","ran754.hdr.53",-0.0000678899999999993
"754","ran754.hdr.54",0.00026023
"754","ran754.hdr.55",-0.000119059999999999
"754","ran754.hdr.56",-0.000175700000000001
"754","ran754.hdr.57",-0.00022118
"754","ran754.hdr.59",-0.0005766
"754","ran754.hdr.6",0.00000320000000000008
"754","ran754.hdr.60",0.000136550000000001
"754","ran754.hdr.61",-0.000137030000000001
"754","ran754.hdr.62",0.0001776
"754","ran754.hdr.63",-0.000746799999999999
"754","ran754.hdr.64",0.0000727999999999996
"754","ran754.hdr.65",-0.0002284
"754","ran754.hdr.66",-0.0013776
"754","ran754.hdr.67",-0.0003709
"754","ran754.hdr.68",-0.0011658
"754","ran754.hdr.69",-0.0000736999999999995
"754","ran754.hdr.7",0.0000762699999999998
"754","ran754.hdr.70",-0.0005272
"754","ran754.hdr.71",-0.0023812
"754","ran754.hdr.72",-0.0001271
"754","ran754.hdr.73",0.00030567
"754","ran754.hdr.74",-0.000283
"754","ran754.hdr.75",-0.000333699999999999
"754","ran754.hdr.76",-0.000413
"754","ran754.hdr.77",-0.00123752
"754","ran754.hdr.78",0.0000627000000000023
"754","ran754.hdr.8",0.000234499999999999
"754","ran754.hdr.9",-0.000374649999999999
"755","ran755.hdr.1",-0.0004317
"755","ran755.hdr.10",-0.0012961
"755","ran755.hdr.11",-0.00042476
"755","ran755.hdr.12",-0.0010609
"755","ran755.hdr.13",0.000422629999999998
"755","ran755.hdr.14",0.0000567700000000011
"755","ran755.hdr.15",0.000140100000000001
"755","ran755.hdr.16",-0.0010879
"755","ran755.hdr.17",-0.000376899999999999
"755","ran755.hdr.18",-0.0004688
"755","ran755.hdr.19",0.000000899999999999859
"755","ran755.hdr.2",-0.0022515
"755","ran755.hdr.20",-0.0000885999999999977
"755","ran755.hdr.21",-0.0002021
"755","ran755.hdr.22",0.0002016
"755","ran755.hdr.23",-0.0016769
"755","ran755.hdr.24",-0.000397499999999999
"755","ran755.hdr.25",-0.0001083
"755","ran755.hdr.26",-0.000997100000000001
"755","ran755.hdr.27",-0.0016862
"755","ran755.hdr.28",-0.000581499999999999
"755","ran755.hdr.29",-0.0003254
"755","ran755.hdr.3",0.000240199999999999
"755","ran755.hdr.30",-0.000551599999999999
"755","ran755.hdr.31",-0.000347700000000001
"755","ran755.hdr.32",-0.0025984
"755","ran755.hdr.33",-0.0006546
"755","ran755.hdr.34",-0.000376700000000001
"755","ran755.hdr.35",-0.0000640999999999992
"755","ran755.hdr.36",0.0000228799999999994
"755","ran755.hdr.37",-0.000875799999999999
"755","ran755.hdr.38",-0.00665937
"755","ran755.hdr.39",-0.00180704
"755","ran755.hdr.4",-0.000443959999999998
"755","ran755.hdr.40",-0.00013927
"755","ran755.hdr.41",-0.00034168
"755","ran755.hdr.42",-0.0011115
"755","ran755.hdr.43",-0.00035637
"755","ran755.hdr.44",-0.0017019
"755","ran755.hdr.45",-0.0001046
"755","ran755.hdr.46",-0.0006496
"755","ran755.hdr.47",-0.000499899999999998
"755","ran755.hdr.48",-0.0009266
"755","ran755.hdr.49",-0.0030178
"755","ran755.hdr.5",-0.0007992
"755","ran755.hdr.50",-0.000258099999999999
"755","ran755.hdr.51",-0.00119342
"755","ran755.hdr.52",-0.000226
"755","ran755.hdr.53",-0.00016597
"755","ran755.hdr.54",0.0000226999999999988
"755","ran755.hdr.55",-0.0000747000000000005
"755","ran755.hdr.56",-0.00030034
"755","ran755.hdr.57",-0.0011708
"755","ran755.hdr.58",-0.000193329999999999
"755","ran755.hdr.59",-0.000293069999999999
"755","ran755.hdr.6",-0.0027476
"755","ran755.hdr.60",-0.0000546999999999995
"755","ran755.hdr.61",-0.0000402400000000004
"755","ran755.hdr.62",-0.00039517
"755","ran755.hdr.63",-0.0011067
"755","ran755.hdr.64",0.000342199999999999
"755","ran755.hdr.65",-0.00017358
"755","ran755.hdr.66",-0.0007712
"755","ran755.hdr.67",0.000112600000000001
"755","ran755.hdr.68",-0.000485049999999999
"755","ran755.hdr.69",-0.0010828
"755","ran755.hdr.7",-0.0017379
"755","ran755.hdr.70",0.0000251000000000001
"755","ran755.hdr.71",-0.00201164
"755","ran755.hdr.72",-0.000690100000000003
"755","ran755.hdr.73",-0.0009037
"755","ran755.hdr.74",-0.0005033
"755","ran755.hdr.75",-0.000136799999999999
"755","ran755.hdr.76",-0.000471699999999999
"755","ran755.hdr.77",-0.00119554
"755","ran755.hdr.78",-0.000580499999999999
"755","ran755.hdr.8",-0.0036814
"755","ran755.hdr.9",-0.0109775
"756","ran756.hdr.1",-0.000676
"756","ran756.hdr.10",-0.00021491
"756","ran756.hdr.11",-0.00082745
"756","ran756.hdr.12",-0.000334500000000001
"756","ran756.hdr.13",-0.0008602
"756","ran756.hdr.14",-0.000651099999999998
"756","ran756.hdr.15",-0.0000437000000000007
"756","ran756.hdr.16",0.000325300000000001
"756","ran756.hdr.17",-0.0017312
"756","ran756.hdr.18",-0.0011003
"756","ran756.hdr.19",-0.0011183
"756","ran756.hdr.2",-0.000373100000000001
"756","ran756.hdr.20",-0.000214800000000001
"756","ran756.hdr.21",0.00065625
"756","ran756.hdr.22",-0.0000960500000000003
"756","ran756.hdr.23",-0.00021302
"756","ran756.hdr.24",-0.0045505
"756","ran756.hdr.25",-0.0000858199999999995
"756","ran756.hdr.26",-0.00084943
"756","ran756.hdr.27",0.00005104
"756","ran756.hdr.28",-0.00175568
"756","ran756.hdr.29",-0.002242
"756","ran756.hdr.3",-0.0019788
"756","ran756.hdr.30",-0.000531400000000001
"756","ran756.hdr.31",-0.0000137999999999978
"756","ran756.hdr.32",-0.0018523
"756","ran756.hdr.33",-0.000435399999999999
"756","ran756.hdr.34",-0.000399060000000001
"756","ran756.hdr.35",-0.0000631999999999994
"756","ran756.hdr.36",0.00011464
"756","ran756.hdr.37",0.00048249
"756","ran756.hdr.38",-0.0013621
"756","ran756.hdr.39",-0.0008489
"756","ran756.hdr.4",-0.000713199999999999
"756","ran756.hdr.40",-0.000464300000000001
"756","ran756.hdr.41",-0.000291899999999999
"756","ran756.hdr.42",0.000175599999999998
"756","ran756.hdr.43",-0.000569200000000002
"756","ran756.hdr.44",-0.0000333999999999994
"756","ran756.hdr.45",-0.0070307
"756","ran756.hdr.46",-0.000392399999999999
"756","ran756.hdr.47",-0.0000747000000000005
"756","ran756.hdr.48",-0.0000351400000000003
"756","ran756.hdr.49",-0.0025824
"756","ran756.hdr.5",-0.000942399999999999
"756","ran756.hdr.50",-0.00016562
"756","ran756.hdr.51",-0.000569500000000001
"756","ran756.hdr.54",-0.000694199999999999
"756","ran756.hdr.55",-0.0003718
"756","ran756.hdr.56",-0.00017452
"756","ran756.hdr.57",0.00000810000000000047
"756","ran756.hdr.58",-0.00133469
"756","ran756.hdr.59",-0.0003359
"756","ran756.hdr.6",-0.000154600000000001
"756","ran756.hdr.60",0.000309399999999998
"756","ran756.hdr.61",-0.000404369999999999
"756","ran756.hdr.62",0.000052410000000001
"756","ran756.hdr.63",-0.0010621
"756","ran756.hdr.64",-0.000481499999999999
"756","ran756.hdr.65",0.0000888
"756","ran756.hdr.66",-0.000361200000000001
"756","ran756.hdr.67",-0.0011764
"756","ran756.hdr.68",-0.000250410000000001
"756","ran756.hdr.69",0.0000759199999999993
"756","ran756.hdr.7",-0.00093515
"756","ran756.hdr.70",-0.000889800000000001
"756","ran756.hdr.71",0.00024885
"756","ran756.hdr.72",-0.001624
"756","ran756.hdr.73",-0.000642299999999998
"756","ran756.hdr.74",-0.0014426
"756","ran756.hdr.75",-0.0018985
"756","ran756.hdr.76",-0.0010028
"756","ran756.hdr.77",-0.0000817999999999999
"756","ran756.hdr.78",-0.001318
"756","ran756.hdr.8",-0.0008936
"756","ran756.hdr.9",-0.0000844999999999995
"757","ran757.hdr.1",-0.0014444
"757","ran757.hdr.10",-0.001099
"757","ran757.hdr.11",-0.00045021
"757","ran757.hdr.12",-0.00036517
"757","ran757.hdr.13",-0.000341899999999999
"757","ran757.hdr.14",0.000209899999999999
"757","ran757.hdr.15",0.000321200000000001
"757","ran757.hdr.16",-0.000785500000000001
"757","ran757.hdr.17",-0.00016964
"757","ran757.hdr.18",-0.000477
"757","ran757.hdr.19",-0.00036797
"757","ran757.hdr.2",-0.000591300000000003
"757","ran757.hdr.20",-0.000334500000000001
"757","ran757.hdr.21",-0.0009639
"757","ran757.hdr.22",-0.000556399999999999
"757","ran757.hdr.23",-0.00010883
"757","ran757.hdr.24",-0.0012522
"757","ran757.hdr.25",0.000343300000000001
"757","ran757.hdr.26",-0.00000939999999999969
"757","ran757.hdr.27",-0.002522
"757","ran757.hdr.28",0.000108210000000001
"757","ran757.hdr.29",-0.000453249999999999
"757","ran757.hdr.3",-0.000849200000000001
"757","ran757.hdr.30",-0.000310299999999999
"757","ran757.hdr.31",-0.0000137999999999978
"757","ran757.hdr.32",-0.000140850000000001
"757","ran757.hdr.33",-0.000287379999999999
"757","ran757.hdr.34",0.000033677
"757","ran757.hdr.35",-0.00015038
"757","ran757.hdr.36",-0.0010094
"757","ran757.hdr.37",-0.000584600000000001
"757","ran757.hdr.38",-0.000207300000000001
"757","ran757.hdr.39",-0.000707100000000002
"757","ran757.hdr.4",-0.0007992
"757","ran757.hdr.40",0.0000583000000000007
"757","ran757.hdr.41",-0.00035147
"757","ran757.hdr.42",-0.0016596
"757","ran757.hdr.43",-0.0041082
"757","ran757.hdr.44",-0.0000958999999999995
"757","ran757.hdr.45",0.00029151
"757","ran757.hdr.46",-0.000518399999999999
"757","ran757.hdr.47",-0.0019361
"757","ran757.hdr.48",-0.0016606
"757","ran757.hdr.49",-0.0011486
"757","ran757.hdr.5",-0.0037976
"757","ran757.hdr.50",-0.0000584000000000001
"757","ran757.hdr.51",-0.0011044
"757","ran757.hdr.52",-0.0011511
"757","ran757.hdr.53",NA
"757","ran757.hdr.54",-0.000106240000000001
"757","ran757.hdr.55",-0.00050929
"757","ran757.hdr.56",-0.000268079999999999
"757","ran757.hdr.57",-0.0000501999999999994
"757","ran757.hdr.58",-0.000624599999999999
"757","ran757.hdr.6",-0.000145270000000001
"757","ran757.hdr.61",-0.000668200000000001
"757","ran757.hdr.62",-0.000967699999999998
"757","ran757.hdr.63",-0.001061
"757","ran757.hdr.64",0.000699099999999999
"757","ran757.hdr.65",-0.0011067
"757","ran757.hdr.66",-0.000150300000000001
"757","ran757.hdr.67",0.0000879000000000001
"757","ran757.hdr.68",-0.000256870000000001
"757","ran757.hdr.69",0.000450900000000001
"757","ran757.hdr.7",0.0005223
"757","ran757.hdr.70",-0.0037906
"757","ran757.hdr.71",-0.000134699999999998
"757","ran757.hdr.72",0.000114399999999999
"757","ran757.hdr.73",-0.0000695000000000001
"757","ran757.hdr.74",-0.000428600000000001
"757","ran757.hdr.75",-0.0004352
"757","ran757.hdr.76",-0.0014673
"757","ran757.hdr.77",-0.0005872
"757","ran757.hdr.78",-0.000776900000000001
"757","ran757.hdr.8",-0.00093515
"757","ran757.hdr.9",-0.0016948
"758","ran758.hdr.1",0.0000471159999999999
"758","ran758.hdr.10",0.000160479999999999
"758","ran758.hdr.11",0.000422629999999998
"758","ran758.hdr.12",-0.00038553
"758","ran758.hdr.13",-0.0001755
"758","ran758.hdr.14",-0.0003397
"758","ran758.hdr.15",-0.0012551
"758","ran758.hdr.16",-0.000220930000000001
"758","ran758.hdr.17",-0.0011179
"758","ran758.hdr.18",-0.0010564
"758","ran758.hdr.19",0.0001817
"758","ran758.hdr.2",-0.000239700000000001
"758","ran758.hdr.20",-0.0016211
"758","ran758.hdr.21",-0.000847199999999999
"758","ran758.hdr.22",-0.00182421
"758","ran758.hdr.23",-0.000013599999999999
"758","ran758.hdr.24",-0.0000683000000000003
"758","ran758.hdr.25",-0.000376700000000001
"758","ran758.hdr.26",-0.00044134
"758","ran758.hdr.27",-0.000541900000000001
"758","ran758.hdr.28",-0.000450470000000001
"758","ran758.hdr.29",-0.0003079
"758","ran758.hdr.3",-0.0048415
"758","ran758.hdr.30",-0.0034133
"758","ran758.hdr.31",-0.000962000000000001
"758","ran758.hdr.32",-0.000126000000000001
"758","ran758.hdr.33",0.000301599999999999
"758","ran758.hdr.34",-0.00045297
"758","ran758.hdr.35",0.0000315799999999998
"758","ran758.hdr.36",-0.00048092
"758","ran758.hdr.37",-0.000491499999999999
"758","ran758.hdr.38",-0.000565699999999999
"758","ran758.hdr.39",-0.0016063
"758","ran758.hdr.4",-0.00056552
"758","ran758.hdr.40",-0.02102894
"758","ran758.hdr.41",-0.0071472
"758","ran758.hdr.42",0.0004708
"758","ran758.hdr.43",0.000113700000000001
"758","ran758.hdr.44",-0.0005527
"758","ran758.hdr.45",-0.0005222
"758","ran758.hdr.46",-0.00270844
"758","ran758.hdr.47",NA
"758","ran758.hdr.48",-0.0018699
"758","ran758.hdr.49",-0.000551949999999999
"758","ran758.hdr.5",-0.000145270000000001
"758","ran758.hdr.50",-0.00037772
"758","ran758.hdr.51",-0.0000584000000000001
"758","ran758.hdr.52",-0.0002328
"758","ran758.hdr.53",-0.00111662
"758","ran758.hdr.54",-0.0010297
"758","ran758.hdr.55",-0.000362299999999999
"758","ran758.hdr.57",-0.001153
"758","ran758.hdr.58",0.000320299999999999
"758","ran758.hdr.59",-0.0015743
"758","ran758.hdr.6",-0.0000849000000000006
"758","ran758.hdr.60",-0.0000272999999999975
"758","ran758.hdr.61",-0.000481800000000001
"758","ran758.hdr.62",-0.000221499999999999
"758","ran758.hdr.63",-0.000312099999999999
"758","ran758.hdr.64",-0.000242100000000002
"758","ran758.hdr.65",-0.0006149
"758","ran758.hdr.66",-0.001085
"758","ran758.hdr.67",-0.0005631
"758","ran758.hdr.68",0.0000832999999999997
"758","ran758.hdr.69",-0.0015712
"758","ran758.hdr.7",-0.000197699999999999
"758","ran758.hdr.70",-0.000949499999999999
"758","ran758.hdr.71",0.000268500000000001
"758","ran758.hdr.72",-0.0009037
"758","ran758.hdr.73",-0.0027704
"758","ran758.hdr.74",-0.0011457
"758","ran758.hdr.75",-0.000871300000000002
"758","ran758.hdr.76",-0.00083164
"758","ran758.hdr.77",-0.000607819999999999
"758","ran758.hdr.78",-0.000678990000000001
"758","ran758.hdr.8",-0.00046459
"758","ran758.hdr.9",-0.0000295
"759","ran759.hdr.1",-0.0010315
"759","ran759.hdr.10",-0.000714099999999999
"759","ran759.hdr.11",-0.0000410000000000028
"759","ran759.hdr.12",-0.001099
"759","ran759.hdr.13",-0.000534900000000001
"759","ran759.hdr.14",0.0000862399999999996
"759","ran759.hdr.15",-0.00037024
"759","ran759.hdr.16",0.00017944
"759","ran759.hdr.17",-0.000140099999999999
"759","ran759.hdr.18",-0.000319400000000001
"759","ran759.hdr.19",-0.0013508
"759","ran759.hdr.2",-0.000870900000000001
"759","ran759.hdr.20",-0.0000649700000000001
"759","ran759.hdr.21",-0.000919
"759","ran759.hdr.22",-0.000214800000000001
"759","ran759.hdr.23",-0.000345599999999998
"759","ran759.hdr.24",-0.0005906
"759","ran759.hdr.25",-0.000112000000000001
"759","ran759.hdr.26",-0.00017706
"759","ran759.hdr.27",-0.00029017
"759","ran759.hdr.28",-0.000310299999999999
"759","ran759.hdr.29",-0.00069205
"759","ran759.hdr.3",-0.000892799999999999
"759","ran759.hdr.30",-0.000505799999999999
"759","ran759.hdr.31",-0.000166799999999998
"759","ran759.hdr.32",-0.0014576
"759","ran759.hdr.33",-0.000171499999999998
"759","ran759.hdr.34",-0.00106
"759","ran759.hdr.35",-0.0002968
"759","ran759.hdr.36",-0.0005059
"759","ran759.hdr.37",0.00010494
"759","ran759.hdr.38",-0.0007461
"759","ran759.hdr.39",-0.000214700000000002
"759","ran759.hdr.4",-0.0021043
"759","ran759.hdr.40",-0.0001264
"759","ran759.hdr.41",-0.0011599
"759","ran759.hdr.42",-0.00056584
"759","ran759.hdr.43",-0.0022477
"759","ran759.hdr.44",-0.00065478
"759","ran759.hdr.45",0.000671499999999998
"759","ran759.hdr.46",-0.000514700000000002
"759","ran759.hdr.47",-0.000336299999999999
"759","ran759.hdr.48",-0.00017849
"759","ran759.hdr.49",0.000168100000000001
"759","ran759.hdr.5",-0.0013722
"759","ran759.hdr.50",-0.00029094
"759","ran759.hdr.51",-0.000640600000000002
"759","ran759.hdr.52",-0.000434999999999998
"759","ran759.hdr.53",-0.00015901
"759","ran759.hdr.54",-0.0011708
"759","ran759.hdr.55",-0.00022903
"759","ran759.hdr.56",-0.0000134699999999998
"759","ran759.hdr.57",-0.0011044
"759","ran759.hdr.58",-0.0004577
"759","ran759.hdr.59",-0.00026482
"759","ran759.hdr.6",-0.0051096
"759","ran759.hdr.60",-0.000421599999999999
"759","ran759.hdr.61",-0.000618499999999999
"759","ran759.hdr.62",-0.0000474999999999989
"759","ran759.hdr.63",-0.000907400000000001
"759","ran759.hdr.64",-0.0003359
"759","ran759.hdr.65",-0.0016152
"759","ran759.hdr.66",-0.0010327
"759","ran759.hdr.67",-0.0028229
"759","ran759.hdr.68",-0.0024046
"759","ran759.hdr.69",0.0001677
"759","ran759.hdr.7",-0.00044229
"759","ran759.hdr.70",0.0000759199999999993
"759","ran759.hdr.71",-0.0000461999999999997
"759","ran759.hdr.72",-0.0004414
"759","ran759.hdr.73",-0.0009037
"759","ran759.hdr.74",-0.0013233
"759","ran759.hdr.75",-0.0010537
"759","ran759.hdr.76",-0.000231200000000001
"759","ran759.hdr.77",-0.0064447
"759","ran759.hdr.78",-0.000733480000000001
"759","ran759.hdr.8",-0.00056552
"759","ran759.hdr.9",-0.0010609
"760","ran760.hdr.1",-0.002469
"760","ran760.hdr.10",0.000218400000000001
"760","ran760.hdr.11",-0.0000643999999999992
"760","ran760.hdr.12",0.0000116000000000005
"760","ran760.hdr.13",-0.000598599999999998
"760","ran760.hdr.14",-0.0004899
"760","ran760.hdr.15",-0.000174299999999999
"760","ran760.hdr.16",0.00038818
"760","ran760.hdr.17",0.00000545000000000016
"760","ran760.hdr.18",-0.000429799999999999
"760","ran760.hdr.19",-0.00023674
"760","ran760.hdr.2",-0.0023043
"760","ran760.hdr.20",-0.0000956499999999999
"760","ran760.hdr.21",-0.000784
"760","ran760.hdr.22",-0.000831499999999999
"760","ran760.hdr.23",0.0000586000000000024
"760","ran760.hdr.24",-0.0030608
"760","ran760.hdr.25",-0.0002968
"760","ran760.hdr.26",-0.00033054
"760","ran760.hdr.27",-0.0019144
"760","ran760.hdr.28",-0.0000142300000000005
"760","ran760.hdr.29",-0.0003861
"760","ran760.hdr.3",-0.0001004
"760","ran760.hdr.30",0.000479500000000001
"760","ran760.hdr.31",-0.000125399999999999
"760","ran760.hdr.32",-0.000266000000000002
"760","ran760.hdr.33",-0.0000487999999999999
"760","ran760.hdr.34",-0.0011563
"760","ran760.hdr.35",-0.000246700000000001
"760","ran760.hdr.36",-0.000313399999999998
"760","ran760.hdr.37",-0.0000371
"760","ran760.hdr.38",0.0000683999999999997
"760","ran760.hdr.39",0.00034471
"760","ran760.hdr.4",-0.0030406
"760","ran760.hdr.40",-0.000473700000000001
"760","ran760.hdr.41",-0.000162499999999999
"760","ran760.hdr.42",-0.0025317
"760","ran760.hdr.43",-0.0014392
"760","ran760.hdr.44",-0.002475
"760","ran760.hdr.45",-0.00010923
"760","ran760.hdr.46",-0.00111662
"760","ran760.hdr.47",-0.000586400000000001
"760","ran760.hdr.5",-0.000236699999999999
"760","ran760.hdr.51",-0.0020265
"760","ran760.hdr.52",-0.0000586999999999983
"760","ran760.hdr.53",-0.0010508
"760","ran760.hdr.54",-0.0000835000000000002
"760","ran760.hdr.55",-0.0010529
"760","ran760.hdr.56",0.000420700000000003
"760","ran760.hdr.57",0.000265019999999999
"760","ran760.hdr.58",-0.0021629
"760","ran760.hdr.59",0.00068272
"760","ran760.hdr.6",-0.000105399999999999
"760","ran760.hdr.60",-0.0014755
"760","ran760.hdr.61",-0.00039282
"760","ran760.hdr.62",-0.0003231
"760","ran760.hdr.63",-0.000781200000000003
"760","ran760.hdr.64",-0.0017715
"760","ran760.hdr.65",-0.000792399999999999
"760","ran760.hdr.66",-0.00740309
"760","ran760.hdr.67",-0.0023424
"760","ran760.hdr.68",-0.0096339
"760","ran760.hdr.69",-0.000440599999999999
"760","ran760.hdr.7",0.000197800000000001
"760","ran760.hdr.70",-0.0011203
"760","ran760.hdr.71",-0.000276200000000001
"760","ran760.hdr.72",-0.0001492
"760","ran760.hdr.73",-0.0000835999999999996
"760","ran760.hdr.74",-0.0011457
"760","ran760.hdr.75",-0.0011035
"760","ran760.hdr.76",-0.0002862
"760","ran760.hdr.77",-0.0014426
"760","ran760.hdr.78",0.000584100000000001
"760","ran760.hdr.8",-0.0023044
"760","ran760.hdr.9",-0.000515700000000001
"761","ran761.hdr.1",-0.0000346800000000005
"761","ran761.hdr.10",0.0000184
"761","ran761.hdr.11",0.00017809
"761","ran761.hdr.12",-0.0003795
"761","ran761.hdr.13",-0.001099
"761","ran761.hdr.14",-0.00013863
"761","ran761.hdr.15",-0.000515700000000001
"761","ran761.hdr.16",-0.000242599999999999
"761","ran761.hdr.17",0.000321200000000001
"761","ran761.hdr.18",-0.0007302
"761","ran761.hdr.19",-0.0000657000000000001
"761","ran761.hdr.2",-0.00131489
"761","ran761.hdr.20",-0.0003742
"761","ran761.hdr.21",-0.000220930000000001
"761","ran761.hdr.22",0.000494990000000001
"761","ran761.hdr.23",-0.000404499999999999
"761","ran761.hdr.24",-0.0000187
"761","ran761.hdr.25",-0.001596
"761","ran761.hdr.26",-0.0021765
"761","ran761.hdr.27",-0.000487399999999999
"761","ran761.hdr.28",-0.0003254
"761","ran761.hdr.29",-0.0005906
"761","ran761.hdr.3",-0.0000732900000000002
"761","ran761.hdr.30",-0.0084394
"761","ran761.hdr.31",-0.0010804
"761","ran761.hdr.32",-0.000257510000000001
"761","ran761.hdr.33",0.00000545000000000016
"761","ran761.hdr.34",-0.0025984
"761","ran761.hdr.35",-0.0006546
"761","ran761.hdr.36",-0.00023674
"761","ran761.hdr.37",-0.00019075
"761","ran761.hdr.38",0.00005104
"761","ran761.hdr.39",-0.0001311
"761","ran761.hdr.4",-0.00120107
"761","ran761.hdr.40",-0.00028711
"761","ran761.hdr.41",0.000369429999999999
"761","ran761.hdr.42",-0.000962000000000001
"761","ran761.hdr.43",-0.0024831
"761","ran761.hdr.44",-0.0013224
"761","ran761.hdr.45",-0.00019887
"761","ran761.hdr.46",-0.000579200000000002
"761","ran761.hdr.47",-0.00002191
"761","ran761.hdr.48",-0.000569900000000002
"761","ran761.hdr.49",-0.000569999999999999
"761","ran761.hdr.5",-0.0049685
"761","ran761.hdr.50",-0.02102894
"761","ran761.hdr.51",-0.0012127
"761","ran761.hdr.52",-0.00119342
"761","ran761.hdr.53",-0.000691199999999999
"761","ran761.hdr.54",-0.0010527
"761","ran761.hdr.55",0.00030373
"761","ran761.hdr.56",-0.000432699999999998
"761","ran761.hdr.57",0.0000326900000000001
"761","ran761.hdr.58",-0.0005042
"761","ran761.hdr.59",-0.000568100000000002
"761","ran761.hdr.6",-0.0021506
"761","ran761.hdr.60",-0.0010767
"761","ran761.hdr.61",-0.00018941
"761","ran761.hdr.64",-0.000588982
"761","ran761.hdr.65",-0.0000363999999999989
"761","ran761.hdr.66",-0.00203165
"761","ran761.hdr.67",-0.0008821
"761","ran761.hdr.68",-0.0007215
"761","ran761.hdr.69",-0.0043812
"761","ran761.hdr.7",-0.01685291
"761","ran761.hdr.70",-0.00059999
"761","ran761.hdr.71",-0.0007229
"761","ran761.hdr.72",-0.0011554
"761","ran761.hdr.73",-0.0027169
"761","ran761.hdr.74",-0.00118788
"761","ran761.hdr.75",0.0004779
"761","ran761.hdr.76",-0.000548699999999999
"761","ran761.hdr.77",-0.0014428
"761","ran761.hdr.78",-0.0016978
"761","ran761.hdr.8",-0.0009196
"761","ran761.hdr.9",-0.0006119
"762","ran762.hdr.1",-0.000166100000000002
"762","ran762.hdr.10",-0.00036387
"762","ran762.hdr.11",-0.001099
"762","ran762.hdr.12",-0.00154022
"762","ran762.hdr.13",0.00000281999999999887
"762","ran762.hdr.14",-0.000807199999999999
"762","ran762.hdr.15",-0.000438800000000001
"762","ran762.hdr.16",-0.0006677
"762","ran762.hdr.17",-0.000399699999999999
"762","ran762.hdr.18",-0.00019689
"762","ran762.hdr.19",-0.0010476
"762","ran762.hdr.2",-0.0003459
"762","ran762.hdr.20",-0.0013259
"762","ran762.hdr.21",0.000345
"762","ran762.hdr.22",-0.0024025
"762","ran762.hdr.23",-0.0003788
"762","ran762.hdr.24",-0.000311800000000001
"762","ran762.hdr.25",-0.0002137
"762","ran762.hdr.26",0.0000133300000000006
"762","ran762.hdr.27",-0.00022919
"762","ran762.hdr.28",-0.000207189999999999
"762","ran762.hdr.29",-0.0000373999999999999
"762","ran762.hdr.3",-0.000319699999999999
"762","ran762.hdr.30",-0.000155240000000001
"762","ran762.hdr.31",-0.0003193
"762","ran762.hdr.32",-0.0009823
"762","ran762.hdr.33",-0.0050666
"762","ran762.hdr.34",-0.0049962
"762","ran762.hdr.35",-0.000607699999999999
"762","ran762.hdr.36",-0.000250599999999998
"762","ran762.hdr.37",-0.00510713
"762","ran762.hdr.38",-0.00106
"762","ran762.hdr.39",-0.00036563
"762","ran762.hdr.4",-0.00036043
"762","ran762.hdr.40",-0.0005059
"762","ran762.hdr.41",0.00001051
"762","ran762.hdr.42",NA
"762","ran762.hdr.43",-0.0009637
"762","ran762.hdr.44",-0.000202600000000001
"762","ran762.hdr.45",-0.0011836
"762","ran762.hdr.46",-0.0015836
"762","ran762.hdr.47",0.000601300000000001
"762","ran762.hdr.48",-0.0000750999999999981
"762","ran762.hdr.49",-0.000846200000000002
"762","ran762.hdr.5",-0.0020013
"762","ran762.hdr.50",-0.000392
"762","ran762.hdr.51",-0.00074314
"762","ran762.hdr.52",-0.000308699999999999
"762","ran762.hdr.53",-0.000842700000000002
"762","ran762.hdr.54",-0.0004831
"762","ran762.hdr.55",-0.0011044
"762","ran762.hdr.56",-0.0004598
"762","ran762.hdr.57",0.0000982199999999996
"762","ran762.hdr.58",-0.00025195
"762","ran762.hdr.59",0.00044941
"762","ran762.hdr.6",-0.000226799999999999
"762","ran762.hdr.62",-0.000728099999999999
"762","ran762.hdr.63",-0.0003894
"762","ran762.hdr.64",-0.0011481
"762","ran762.hdr.65",-0.0068252
"762","ran762.hdr.66",-0.00194603
"762","ran762.hdr.67",-0.0013065
"762","ran762.hdr.68",-0.0001619
"762","ran762.hdr.69",-0.0006034
"762","ran762.hdr.7",0.0000789059999999999
"762","ran762.hdr.70",-0.0003865
"762","ran762.hdr.71",-0.0018258
"762","ran762.hdr.72",0.0000442000000000012
"762","ran762.hdr.73",0.00022582
"762","ran762.hdr.74",-0.000559999999999998
"762","ran762.hdr.75",-0.0012116
"762","ran762.hdr.76",-0.001383
"762","ran762.hdr.77",-0.0000290799999999999
"762","ran762.hdr.78",-0.000507599999999999
"762","ran762.hdr.8",-0.00056426
"762","ran762.hdr.9",-0.0000269299999999997
"763","ran763.hdr.1",-0.000220599999999998
"763","ran763.hdr.10",-0.000437670000000001
"763","ran763.hdr.11",NA
"763","ran763.hdr.12",-0.000456600000000001
"763","ran763.hdr.13",-0.00038213
"763","ran763.hdr.14",-0.000725689999999999
"763","ran763.hdr.15",-0.0000342699999999994
"763","ran763.hdr.16",-0.0006719
"763","ran763.hdr.17",-0.0002322
"763","ran763.hdr.18",-0.0000885999999999977
"763","ran763.hdr.19",-0.0013508
"763","ran763.hdr.2",-0.000296900000000001
"763","ran763.hdr.20",-0.0000597999999999987
"763","ran763.hdr.21",-0.0008164
"763","ran763.hdr.22",-0.0001574
"763","ran763.hdr.23",-0.0012838
"763","ran763.hdr.24",-0.0014586
"763","ran763.hdr.25",-0.000578999999999998
"763","ran763.hdr.26",-0.0005906
"763","ran763.hdr.27",-0.000108899999999999
"763","ran763.hdr.28",-0.00043048
"763","ran763.hdr.29",-0.0004121
"763","ran763.hdr.3",-0.0000119299999999994
"763","ran763.hdr.30",-0.0013931
"763","ran763.hdr.31",0.0000166000000000003
"763","ran763.hdr.32",-0.0001764
"763","ran763.hdr.33",-0.00019777
"763","ran763.hdr.34",0.000498999999999999
"763","ran763.hdr.35",-0.0005206
"763","ran763.hdr.36",-0.000662100000000001
"763","ran763.hdr.37",-0.000247789999999999
"763","ran763.hdr.38",0.0000336999999999994
"763","ran763.hdr.39",-0.000944
"763","ran763.hdr.4",-0.00120107
"763","ran763.hdr.40",-0.0015552
"763","ran763.hdr.41",-0.0023505
"763","ran763.hdr.42",0.00000829999999999928
"763","ran763.hdr.43",-0.0014927
"763","ran763.hdr.44",-0.0007807
"763","ran763.hdr.45",-0.0017191
"763","ran763.hdr.46",-0.000114999999999999
"763","ran763.hdr.47",-0.0041082
"763","ran763.hdr.48",-0.004276
"763","ran763.hdr.49",0.0000681499999999995
"763","ran763.hdr.5",-0.0035817
"763","ran763.hdr.50",-0.000691199999999999
"763","ran763.hdr.51",0.000694520000000001
"763","ran763.hdr.52",-0.000510450000000001
"763","ran763.hdr.53",0.00000257936
"763","ran763.hdr.54",0.00171483
"763","ran763.hdr.55",-0.00289142
"763","ran763.hdr.56",-0.000253400000000001
"763","ran763.hdr.57",-0.0010844
"763","ran763.hdr.6",-0.0028401
"763","ran763.hdr.60",-0.00017091
"763","ran763.hdr.61",-0.00017452
"763","ran763.hdr.62",-0.00023539
"763","ran763.hdr.63",-0.0015428
"763","ran763.hdr.64",-0.011466
"763","ran763.hdr.65",0.0002986
"763","ran763.hdr.66",-0.00190474
"763","ran763.hdr.67",-0.00039282
"763","ran763.hdr.68",0.00013719
"763","ran763.hdr.69",-0.0010849
"763","ran763.hdr.7",-0.0045035
"763","ran763.hdr.70",-0.001084
"763","ran763.hdr.71",-0.0012556
"763","ran763.hdr.72",-0.00038061
"763","ran763.hdr.73",-0.0011679
"763","ran763.hdr.74",-0.0021902
"763","ran763.hdr.75",-0.0015872
"763","ran763.hdr.76",-0.000766199999999998
"763","ran763.hdr.77",-0.0010537
"763","ran763.hdr.78",-0.0000185999999999988
"763","ran763.hdr.8",-0.00021
"763","ran763.hdr.9",-0.00093515
"764","ran764.hdr.1",-0.000282899999999999
"764","ran764.hdr.10",0.00034144
"764","ran764.hdr.11",0.0000449828
"764","ran764.hdr.12",-0.0002397
"764","ran764.hdr.13",-0.000419700000000002
"764","ran764.hdr.14",-0.000174299999999999
"764","ran764.hdr.15",-0.0004364
"764","ran764.hdr.16",-0.000458800000000001
"764","ran764.hdr.17",-0.0001239
"764","ran764.hdr.18",-0.000013599999999999
"764","ran764.hdr.19",-0.0016027
"764","ran764.hdr.2",-0.00131489
"764","ran764.hdr.20",-0.00018774
"764","ran764.hdr.21",-0.0011926
"764","ran764.hdr.22",-0.000468900000000001
"764","ran764.hdr.23",0.00005608
"764","ran764.hdr.24",0.000468939999999999
"764","ran764.hdr.25",-0.00017027
"764","ran764.hdr.26",-0.000453249999999999
"764","ran764.hdr.27",-0.0000683100000000002
"764","ran764.hdr.28",-0.0002664
"764","ran764.hdr.29",-0.000140850000000001
"764","ran764.hdr.3",-0.0000914000000000002
"764","ran764.hdr.30",-0.000763300000000001
"764","ran764.hdr.31",0.000166100000000001
"764","ran764.hdr.32",0.0000336999999999994
"764","ran764.hdr.33",-0.00016963
"764","ran764.hdr.34",-0.000583
"764","ran764.hdr.35",-0.000104
"764","ran764.hdr.36",-0.0015749
"764","ran764.hdr.37",-0.0012954
"764","ran764.hdr.38",0.000402199999999998
"764","ran764.hdr.39",-0.0001529
"764","ran764.hdr.4",-0.000171609999999999
"764","ran764.hdr.40",0.0005564
"764","ran764.hdr.41",0.000074900000000001
"764","ran764.hdr.42",-0.002171
"764","ran764.hdr.43",-0.000404300000000002
"764","ran764.hdr.44",0.00066033
"764","ran764.hdr.45",0.0000920999999999995
"764","ran764.hdr.46",-0.0008938
"764","ran764.hdr.47",0.00002906
"764","ran764.hdr.48",-0.000691199999999999
"764","ran764.hdr.49",0.000118134
"764","ran764.hdr.5",-0.0030667
"764","ran764.hdr.50",-0.0016606
"764","ran764.hdr.51",-0.000765099999999998
"764","ran764.hdr.52",-0.0010636
"764","ran764.hdr.53",0.0000281999999999999
"764","ran764.hdr.54",-0.0000509000000000013
"764","ran764.hdr.55",-0.00050929
"764","ran764.hdr.56",-0.0010297
"764","ran764.hdr.57",-0.0040008
"764","ran764.hdr.58",-0.00010726
"764","ran764.hdr.59",-0.000184699999999999
"764","ran764.hdr.6",-0.0031373
"764","ran764.hdr.60",-0.00050468
"764","ran764.hdr.61",-0.0040338
"764","ran764.hdr.62",-0.0000186000000000006
"764","ran764.hdr.63",-0.001831
"764","ran764.hdr.64",-0.000674876
"764","ran764.hdr.65",0.000350199999999998
"764","ran764.hdr.66",-0.000768900000000003
"764","ran764.hdr.67",-0.000949499999999999
"764","ran764.hdr.68",-0.0013792
"764","ran764.hdr.69",-0.00093906
"764","ran764.hdr.7",0.0000928000000000005
"764","ran764.hdr.70",-0.00038061
"764","ran764.hdr.71",-0.0011245
"764","ran764.hdr.72",-0.00025328
"764","ran764.hdr.73",-0.0038792
"764","ran764.hdr.74",-0.000794900000000001
"764","ran764.hdr.75",-0.0007951
"764","ran764.hdr.76",-0.0004317
"764","ran764.hdr.77",-0.00118
"764","ran764.hdr.78",-0.000289600000000001
"764","ran764.hdr.8",-0.000534900000000001
"764","ran764.hdr.9",-0.00016992
"765","ran765.hdr.1",-0.0009493
"765","ran765.hdr.10",-0.000401799999999999
"765","ran765.hdr.11",-0.0000283000000000002
"765","ran765.hdr.12",-0.000207199999999999
"765","ran765.hdr.13",-0.00013877
"765","ran765.hdr.14",-0.00020761
"765","ran765.hdr.15",0.000257
"765","ran765.hdr.16",-0.0013508
"765","ran765.hdr.17",-0.00026025
"765","ran765.hdr.18",-0.000651099999999998
"765","ran765.hdr.19",-0.000380700000000001
"765","ran765.hdr.2",0.00045877
"765","ran765.hdr.20",-0.000912500000000002
"765","ran765.hdr.21",-0.0023662
"765","ran765.hdr.22",-0.00031687
"765","ran765.hdr.23",-0.000298699999999999
"765","ran765.hdr.24",-0.0006865
"765","ran765.hdr.25",-0.0000828099999999991
"765","ran765.hdr.26",-0.001167
"765","ran765.hdr.27",-0.0012418
"765","ran765.hdr.28",0.00031847
"765","ran765.hdr.29",-0.00198339
"765","ran765.hdr.3",-0.0004317
"765","ran765.hdr.30",-0.0010093
"765","ran765.hdr.31",-0.00087039
"765","ran765.hdr.32",-0.0001826
"765","ran765.hdr.33",-0.000883700000000001
"765","ran765.hdr.34",0.000166100000000001
"765","ran765.hdr.35",-0.00017519
"765","ran765.hdr.36",-0.000125399999999999
"765","ran765.hdr.37",-0.0000437000000000007
"765","ran765.hdr.38",0.000104199999999999
"765","ran765.hdr.39",-0.0005707
"765","ran765.hdr.4",-0.000221499999999999
"765","ran765.hdr.40",-0.0013621
"765","ran765.hdr.41",0.0000440000000000024
"765","ran765.hdr.42",-0.000115199999999999
"765","ran765.hdr.43",-0.000241100000000001
"765","ran765.hdr.44",-0.000023311
"765","ran765.hdr.45",-0.0027946
"765","ran765.hdr.46",-0.000392
"765","ran765.hdr.47",-0.0000633000000000005
"765","ran765.hdr.48",-0.000691199999999999
"765","ran765.hdr.49",-0.000226
"765","ran765.hdr.5",0.00018692
"765","ran765.hdr.50",-0.0005222
"765","ran765.hdr.51",-0.0070655
"765","ran765.hdr.52",0.0003969
"765","ran765.hdr.53",-0.000270000000000001
"765","ran765.hdr.54",-0.00057659
"765","ran765.hdr.55",0.00050658
"765","ran765.hdr.56",-0.0002716
"765","ran765.hdr.57",-0.000586400000000001
"765","ran765.hdr.58",-0.0003331
"765","ran765.hdr.59",-0.000362299999999999
"765","ran765.hdr.6",-0.0053867
"765","ran765.hdr.60",-0.0002454
"765","ran765.hdr.61",-0.0004576
"765","ran765.hdr.62",0.000413299999999998
"765","ran765.hdr.63",-0.00685775
"765","ran765.hdr.64",-0.0002054
"765","ran765.hdr.65",0.00016557
"765","ran765.hdr.66",-0.000735300000000001
"765","ran765.hdr.67",-0.0004852
"765","ran765.hdr.68",-0.0011074
"765","ran765.hdr.69",-0.00040548
"765","ran765.hdr.7",-0.000195999999999998
"765","ran765.hdr.70",-0.0028229
"765","ran765.hdr.71",-0.0096339
"765","ran765.hdr.72",-0.0001172
"765","ran765.hdr.73",-0.0013312
"765","ran765.hdr.74",-0.0000296799999999989
"765","ran765.hdr.75",0.00059473
"765","ran765.hdr.76",0.000100399999999999
"765","ran765.hdr.77",-0.000955899999999999
"765","ran765.hdr.78",-0.0013741
"765","ran765.hdr.8",-0.0059011
"765","ran765.hdr.9",-0.0000648300000000001
"766","ran766.hdr.1",-0.00100715
"766","ran766.hdr.10",-0.0023044
"766","ran766.hdr.11",0.00044537
"766","ran766.hdr.12",-0.000679800000000001
"766","ran766.hdr.13",-0.000337
"766","ran766.hdr.14",-0.000506029999999999
"766","ran766.hdr.15",-0.0012935
"766","ran766.hdr.16",-0.000911199999999997
"766","ran766.hdr.17",0.000262399999999999
"766","ran766.hdr.18",0.000215799999999999
"766","ran766.hdr.19",-0.000253800000000002
"766","ran766.hdr.2",-0.00020446
"766","ran766.hdr.20",-0.00035428
"766","ran766.hdr.21",-0.0016862
"766","ran766.hdr.22",-0.000498100000000001
"766","ran766.hdr.23",-0.0017045
"766","ran766.hdr.24",-0.0084394
"766","ran766.hdr.25",-0.0004364
"766","ran766.hdr.26",-0.00291982
"766","ran766.hdr.27",-0.00141581
"766","ran766.hdr.28",-0.0019493
"766","ran766.hdr.29",-0.00034293
"766","ran766.hdr.3",-0.000708700000000001
"766","ran766.hdr.30",0.000258240000000001
"766","ran766.hdr.31",-0.00023674
"766","ran766.hdr.32",0.0003322
"766","ran766.hdr.33",-0.0012737
"766","ran766.hdr.34",-0.0107692
"766","ran766.hdr.35",-0.0001826
"766","ran766.hdr.36",-0.0023114
"766","ran766.hdr.37",-0.0000523299999999997
"766","ran766.hdr.38",-0.00015777
"766","ran766.hdr.39",-0.000125399999999999
"766","ran766.hdr.4",-0.0025708
"766","ran766.hdr.40",0.000104199999999999
"766","ran766.hdr.41",-0.000316800000000001
"766","ran766.hdr.42",-0.000583800000000001
"766","ran766.hdr.43",-0.0004983
"766","ran766.hdr.44",-0.0012169
"766","ran766.hdr.45",0.00042818
"766","ran766.hdr.46",0.00002906
"766","ran766.hdr.47",-0.001384
"766","ran766.hdr.48",-0.00017032
"766","ran766.hdr.49",-0.000713800000000001
"766","ran766.hdr.5",-0.0028401
"766","ran766.hdr.50",0.000118134
"766","ran766.hdr.51",-0.00000750000000000056
"766","ran766.hdr.52",0.000111692
"766","ran766.hdr.53",-0.000299799999999999
"766","ran766.hdr.54",-0.002475
"766","ran766.hdr.55",-0.0015162
"766","ran766.hdr.56",-0.000764300000000002
"766","ran766.hdr.57",-0.0000374999999999993
"766","ran766.hdr.58",-0.0000518599999999999
"766","ran766.hdr.59",0.00000257936
"766","ran766.hdr.6",-0.0005444
"766","ran766.hdr.60",-0.0004343
"766","ran766.hdr.61",-0.0017637
"766","ran766.hdr.62",-0.000746799999999999
"766","ran766.hdr.63",-0.0001002
"766","ran766.hdr.64",0.0000303000000000005
"766","ran766.hdr.65",-0.0003359
"766","ran766.hdr.66",-0.000242100000000002
"766","ran766.hdr.67",-0.0000736999999999995
"766","ran766.hdr.68",-0.0023424
"766","ran766.hdr.69",-0.0001271
"766","ran766.hdr.7",-0.000507480000000001
"766","ran766.hdr.70",0.0000233799999999999
"766","ran766.hdr.71",-0.0009037
"766","ran766.hdr.72",-0.0022011
"766","ran766.hdr.73",-0.0009751
"766","ran766.hdr.74",-0.000642299999999998
"766","ran766.hdr.75",-0.000630200000000001
"766","ran766.hdr.76",-0.0020513
"766","ran766.hdr.77",-0.0010028
"766","ran766.hdr.78",-0.0004317
"766","ran766.hdr.8",-0.00037472
"766","ran766.hdr.9",-0.00012632
"767","ran767.hdr.1",-0.000905800000000002
"767","ran767.hdr.10",0.00039084
"767","ran767.hdr.11",-0.000349700000000001
"767","ran767.hdr.12",0.000157600000000001
"767","ran767.hdr.13",0.000277390000000001
"767","ran767.hdr.14",-0.00016964
"767","ran767.hdr.15",-0.0003742
"767","ran767.hdr.16",-0.000516000000000001
"767","ran767.hdr.17",-0.0008602
"767","ran767.hdr.18",-0.0000409
"767","ran767.hdr.19",-0.000111799999999999
"767","ran767.hdr.2",-0.000319699999999999
"767","ran767.hdr.20",-0.00035428
"767","ran767.hdr.21",-0.000506100000000002
"767","ran767.hdr.22",-0.0021765
"767","ran767.hdr.23",-0.000554499999999999
"767","ran767.hdr.24",-0.0012417
"767","ran767.hdr.25",-0.0010873
"767","ran767.hdr.26",-0.000249299999999999
"767","ran767.hdr.27",-0.0002915
"767","ran767.hdr.28",0.0001919
"767","ran767.hdr.29",-0.000336700000000001
"767","ran767.hdr.3",-0.0016743
"767","ran767.hdr.30",-0.00029017
"767","ran767.hdr.31",-0.00010012
"767","ran767.hdr.32",-0.0057768
"767","ran767.hdr.33",-0.0031592
"767","ran767.hdr.34",-0.0006427
"767","ran767.hdr.35",-0.0011807
"767","ran767.hdr.36",-0.00018951
"767","ran767.hdr.37",0.0000324999999999995
"767","ran767.hdr.38",-0.001126
"767","ran767.hdr.39",-0.000575500000000001
"767","ran767.hdr.4",-0.000369999999999999
"767","ran767.hdr.40",-0.000372400000000002
"767","ran767.hdr.41",0.0002466
"767","ran767.hdr.42",-0.000598000000000001
"767","ran767.hdr.43",-0.0034509
"767","ran767.hdr.44",0.00042818
"767","ran767.hdr.45",0.00002906
"767","ran767.hdr.46",-0.0000856099999999999
"767","ran767.hdr.47",-0.0012528
"767","ran767.hdr.48",-0.0000697999999999983
"767","ran767.hdr.49",-0.00062953
"767","ran767.hdr.5",-0.000831800000000001
"767","ran767.hdr.50",-0.0007577
"767","ran767.hdr.51",-0.000366
"767","ran767.hdr.52",-0.0011486
"767","ran767.hdr.53",-0.000764300000000002
"767","ran767.hdr.54",0.0000742100000000001
"767","ran767.hdr.55",-0.0000518599999999999
"767","ran767.hdr.56",-0.00037772
"767","ran767.hdr.57",0.00017218
"767","ran767.hdr.58",-0.000313299999999999
"767","ran767.hdr.59",-0.00010908
"767","ran767.hdr.6",-0.0031066
"767","ran767.hdr.60",0.000134179999999999
"767","ran767.hdr.61",0.0000964399999999997
"767","ran767.hdr.63",-0.000102700000000001
"767","ran767.hdr.64",-0.0007899
"767","ran767.hdr.65",0.0000988399999999993
"767","ran767.hdr.66",-0.0002325
"767","ran767.hdr.67",-0.0006961
"767","ran767.hdr.68",-0.000409900000000001
"767","ran767.hdr.69",-0.000616799999999997
"767","ran767.hdr.7",-0.0034598
"767","ran767.hdr.70",-0.0003067
"767","ran767.hdr.71",-0.0068051
"767","ran767.hdr.72",-0.00006251
"767","ran767.hdr.73",-0.000168699999999999
"767","ran767.hdr.74",-0.0013792
"767","ran767.hdr.75",0.00028892
"767","ran767.hdr.76",0.0010076
"767","ran767.hdr.77",-0.0018567
"767","ran767.hdr.78",-0.0006941
"767","ran767.hdr.8",-0.00061467
"767","ran767.hdr.9",-0.0003134
"768","ran768.hdr.1",-0.0014785
"768","ran768.hdr.10",-0.000622000000000001
"768","ran768.hdr.11",-0.0010992
"768","ran768.hdr.12",0.000681399999999999
"768","ran768.hdr.13",-0.0134706
"768","ran768.hdr.14",-0.000629900000000001
"768","ran768.hdr.15",0.0001045
"768","ran768.hdr.16",-0.0001083
"768","ran768.hdr.17",-0.00182421
"768","ran768.hdr.18",-0.000598599999999998
"768","ran768.hdr.19",-0.0024132
"768","ran768.hdr.2",0.0000906999999999991
"768","ran768.hdr.20",-0.00019286
"768","ran768.hdr.21",0.0001549743
"768","ran768.hdr.22",-0.0000890999999999999
"768","ran768.hdr.23",-0.00018774
"768","ran768.hdr.24",-0.000714700000000002
"768","ran768.hdr.25",-0.000376700000000001
"768","ran768.hdr.26",0.0000724000000000002
"768","ran768.hdr.27",-0.00044142
"768","ran768.hdr.28",-0.000258899999999999
"768","ran768.hdr.29",-0.00024082
"768","ran768.hdr.3",0.0000508000000000002
"768","ran768.hdr.30",-0.0001799
"768","ran768.hdr.31",-0.000358299999999999
"768","ran768.hdr.32",-0.0000392999999999991
"768","ran768.hdr.33",-0.0029557
"768","ran768.hdr.34",-0.0005059
"768","ran768.hdr.35",0.0000184400000000002
"768","ran768.hdr.36",-0.000332000000000001
"768","ran768.hdr.37",-0.000266000000000002
"768","ran768.hdr.38",0.000221300000000001
"768","ran768.hdr.39",-0.0011277
"768","ran768.hdr.4",-0.000175700000000001
"768","ran768.hdr.40",-0.0010275
"768","ran768.hdr.41",-0.00035147
"768","ran768.hdr.42",-0.0011914
"768","ran768.hdr.43",-0.000688599999999999
"768","ran768.hdr.44",-0.000917999999999999
"768","ran768.hdr.45",-0.000341900000000003
"768","ran768.hdr.46",0.0000920999999999995
"768","ran768.hdr.47",-0.000032588
"768","ran768.hdr.48",-0.000879130000000001
"768","ran768.hdr.49",-0.000343609999999999
"768","ran768.hdr.5",-0.000128
"768","ran768.hdr.50",-0.000299799999999999
"768","ran768.hdr.51",NA
"768","ran768.hdr.52",0.0001499
"768","ran768.hdr.53",-0.000245800000000001
"768","ran768.hdr.54",0.00008457
"768","ran768.hdr.55",-0.0000146
"768","ran768.hdr.56",-0.000268079999999999
"768","ran768.hdr.59",-0.00017852
"768","ran768.hdr.6",-0.000341999999999999
"768","ran768.hdr.60",0.000288800000000001
"768","ran768.hdr.61",0.0000321000000000002
"768","ran768.hdr.62",-0.000268299999999999
"768","ran768.hdr.63",-0.0041063
"768","ran768.hdr.64",0.0001609
"768","ran768.hdr.65",-0.000103800000000001
"768","ran768.hdr.66",-0.0011892
"768","ran768.hdr.67",-0.000792399999999999
"768","ran768.hdr.68",-0.0016696
"768","ran768.hdr.69",0.0000251000000000001
"768","ran768.hdr.7",-0.0001706
"768","ran768.hdr.70",-0.0010023
"768","ran768.hdr.71",-0.000401100000000001
"768","ran768.hdr.72",-0.0004732
"768","ran768.hdr.73",-0.0000222999999999994
"768","ran768.hdr.74",-0.000811299999999999
"768","ran768.hdr.75",-0.0009037
"768","ran768.hdr.76",-0.0006096
"768","ran768.hdr.77",-0.000688999999999999
"768","ran768.hdr.78",0.000226799999999999
"768","ran768.hdr.8",0.0000449828
"768","ran768.hdr.9",-0.000242599999999999
"769","ran769.hdr.1",-0.00100715
"769","ran769.hdr.10",-0.0030667
"769","ran769.hdr.11",-0.000461899999999998
"769","ran769.hdr.12",-0.0035262
"769","ran769.hdr.13",-0.0000411000000000005
"769","ran769.hdr.14",-0.0003821
"769","ran769.hdr.15",-0.000428030000000001
"769","ran769.hdr.16",-0.000454599999999999
"769","ran769.hdr.17",-0.0003032
"769","ran769.hdr.18",-0.0003143
"769","ran769.hdr.19",0.000417599999999997
"769","ran769.hdr.2",-0.0000463000000000026
"769","ran769.hdr.20",-0.0004673
"769","ran769.hdr.21",-0.00050998
"769","ran769.hdr.22",-0.0003742
"769","ran769.hdr.23",-0.0013259
"769","ran769.hdr.24",-0.00034462
"769","ran769.hdr.25",0.0000128999999999997
"769","ran769.hdr.26",-0.000612299999999998
"769","ran769.hdr.27",-0.000416699999999999
"769","ran769.hdr.28",-0.0000480399999999992
"769","ran769.hdr.29",-0.0007861
"769","ran769.hdr.3",-0.0000914000000000002
"769","ran769.hdr.30",-0.00055601
"769","ran769.hdr.31",-0.000232109999999999
"769","ran769.hdr.32",NA
"769","ran769.hdr.33",-0.00022865
"769","ran769.hdr.34",-0.00000110000000000041
"769","ran769.hdr.35",-0.000156699999999999
"769","ran769.hdr.36",-0.000341280000000001
"769","ran769.hdr.37",0.0000948100000000007
"769","ran769.hdr.38",-0.000106800000000001
"769","ran769.hdr.39",-0.000236569999999998
"769","ran769.hdr.4",-0.0016682
"769","ran769.hdr.40",-0.0025053
"769","ran769.hdr.41",-0.0023193
"769","ran769.hdr.42",-0.000844900000000001
"769","ran769.hdr.43",-0.000627829999999999
"769","ran769.hdr.44",-0.0007461
"769","ran769.hdr.45",0.000357900000000001
"769","ran769.hdr.46",-0.0011277
"769","ran769.hdr.47",-0.000391699999999998
"769","ran769.hdr.48",-0.0015782
"769","ran769.hdr.49",-0.00112666
"769","ran769.hdr.5",0.0003686
"769","ran769.hdr.50",-0.001739
"769","ran769.hdr.51",-0.0010777
"769","ran769.hdr.52",-0.0041082
"769","ran769.hdr.53",-0.000988299999999998
"769","ran769.hdr.54",-0.00010593
"769","ran769.hdr.55",-0.0001577
"769","ran769.hdr.56",-0.0016179
"769","ran769.hdr.57",-0.0004037
"769","ran769.hdr.58",-0.0000584000000000001
"769","ran769.hdr.59",-0.0003928
"769","ran769.hdr.6",0.0000271099999999986
"769","ran769.hdr.61",-0.000102700000000001
"769","ran769.hdr.62",-0.001971
"769","ran769.hdr.63",0.000230500000000002
"769","ran769.hdr.64",-0.000681889999999999
"769","ran769.hdr.65",-0.0003058
"769","ran769.hdr.66",-0.000448899999999999
"769","ran769.hdr.67",0.000114399999999999
"769","ran769.hdr.68",0.000405529999999999
"769","ran769.hdr.69",-0.0011431
"769","ran769.hdr.7",-0.0033457
"769","ran769.hdr.70",0.0000155000000000016
"769","ran769.hdr.71",-0.0038792
"769","ran769.hdr.72",-0.0018724
"769","ran769.hdr.73",-0.0005561
"769","ran769.hdr.74",-0.0017992
"769","ran769.hdr.75",-0.0011554
"769","ran769.hdr.76",-0.0022866
"769","ran769.hdr.77",-0.0057067
"769","ran769.hdr.78",-0.000309
"769","ran769.hdr.8",-0.0024546
"769","ran769.hdr.9",-0.0029886
"770","ran770.hdr.1",-0.00036043
"770","ran770.hdr.10",-0.000458999999999999
"770","ran770.hdr.11",0.000283200000000001
"770","ran770.hdr.12",-0.000392959999999999
"770","ran770.hdr.13",-0.0005524
"770","ran770.hdr.14",-0.0000801099999999996
"770","ran770.hdr.15",0.00007186
"770","ran770.hdr.16",-0.000919
"770","ran770.hdr.17",-0.00035428
"770","ran770.hdr.18",-0.0007122
"770","ran770.hdr.19",-0.0005666
"770","ran770.hdr.2",-0.0002114
"770","ran770.hdr.20",-0.000551599999999999
"770","ran770.hdr.21",-0.0001443
"770","ran770.hdr.22",-0.0001248
"770","ran770.hdr.23",-0.000064715
"770","ran770.hdr.24",0.000145640000000001
"770","ran770.hdr.25",-0.0010403
"770","ran770.hdr.26",-0.00044142
"770","ran770.hdr.27",-0.000397000000000002
"770","ran770.hdr.28",-0.000119299999999999
"770","ran770.hdr.29",-0.00010227
"770","ran770.hdr.3",0.0004017
"770","ran770.hdr.30",-0.0000805300000000005
"770","ran770.hdr.31",-0.0018031
"770","ran770.hdr.32",-0.0050666
"770","ran770.hdr.33",-0.0010093
"770","ran770.hdr.34",-0.000962000000000001
"770","ran770.hdr.35",-0.0049962
"770","ran770.hdr.36",-0.000735299999999998
"770","ran770.hdr.37",-0.0015268
"770","ran770.hdr.38",-0.000104399999999999
"770","ran770.hdr.39",-0.00025136
"770","ran770.hdr.4",-0.000892799999999999
"770","ran770.hdr.40",0.000210500000000001
"770","ran770.hdr.41",-0.0000154999999999999
"770","ran770.hdr.42",-0.0003937
"770","ran770.hdr.43",-0.000105999999999999
"770","ran770.hdr.44",-0.0011277
"770","ran770.hdr.45",-0.0014927
"770","ran770.hdr.46",-0.0015247
"770","ran770.hdr.47",0.000217800000000001
"770","ran770.hdr.48",-0.000360099999999999
"770","ran770.hdr.49",-0.00011256
"770","ran770.hdr.5",-0.0054872
"770","ran770.hdr.50",-0.000692699999999999
"770","ran770.hdr.51",-0.0012135
"770","ran770.hdr.52",0.000518099999999999
"770","ran770.hdr.53",0.0004708
"770","ran770.hdr.54",-0.000940400000000001
"770","ran770.hdr.55",-0.00328849
"770","ran770.hdr.56",-0.0009605
"770","ran770.hdr.57",-0.0001373
"770","ran770.hdr.58",-0.0000283000000000002
"770","ran770.hdr.59",0.000139
"770","ran770.hdr.6",-0.000311479999999999
"770","ran770.hdr.60",-0.000796399999999999
"770","ran770.hdr.61",-0.00016505
"770","ran770.hdr.62",-0.000297500000000001
"770","ran770.hdr.63",0.00073519
"770","ran770.hdr.64",0.000452299999999999
"770","ran770.hdr.65",-0.000546500000000002
"770","ran770.hdr.66",-0.0017715
"770","ran770.hdr.67",-0.000190900000000001
"770","ran770.hdr.68",-0.0000376999999999999
"770","ran770.hdr.69",-0.000603300000000001
"770","ran770.hdr.7",-0.0051096
"770","ran770.hdr.70",0.0003297
"770","ran770.hdr.71",-0.000293000000000002
"770","ran770.hdr.72",-0.0004732
"770","ran770.hdr.73",-0.0000779999999999999
"770","ran770.hdr.74",-0.0006002
"770","ran770.hdr.75",-0.000794900000000001
"770","ran770.hdr.76",-0.0027169
"770","ran770.hdr.77",-0.000694699999999999
"770","ran770.hdr.78",-0.004726
"770","ran770.hdr.8",-0.000197699999999999
"770","ran770.hdr.9",-0.0003134
"771","ran771.hdr.1",-0.0039147
"771","ran771.hdr.10",0.000948000000000001
"771","ran771.hdr.11",-0.00038126
"771","ran771.hdr.12",-0.000446100000000001
"771","ran771.hdr.13",-0.000129200000000001
"771","ran771.hdr.14",-0.0024928
"771","ran771.hdr.15",-0.0007861
"771","ran771.hdr.16",-0.0030857
"771","ran771.hdr.17",-0.0000722500000000003
"771","ran771.hdr.18",0.0002039
"771","ran771.hdr.19",-0.00130484
"771","ran771.hdr.2",-0.000295199999999999
"771","ran771.hdr.20",-0.00019303
"771","ran771.hdr.21",-0.00060842
"771","ran771.hdr.22",-0.000341280000000001
"771","ran771.hdr.23",0.0000772100000000012
"771","ran771.hdr.24",-0.0006427
"771","ran771.hdr.25",-0.000478900000000001
"771","ran771.hdr.26",NA
"771","ran771.hdr.27",-0.00035637
"771","ran771.hdr.28",-0.000135
"771","ran771.hdr.29",-0.000579200000000002
"771","ran771.hdr.3",0.000137799999999997
"771","ran771.hdr.30",-0.0008214
"771","ran771.hdr.31",-0.0011277
"771","ran771.hdr.32",-0.00002191
"771","ran771.hdr.33",-0.000569900000000002
"771","ran771.hdr.34",-0.00035147
"771","ran771.hdr.35",-0.0005363
"771","ran771.hdr.36",-0.0018642
"771","ran771.hdr.37",-0.0010611
"771","ran771.hdr.38",-0.0022656
"771","ran771.hdr.39",-0.0000258999999999988
"771","ran771.hdr.4",0.00000845800000000001
"771","ran771.hdr.40",-0.000846200000000002
"771","ran771.hdr.41",0.0004352
"771","ran771.hdr.42",-0.0016044
"771","ran771.hdr.43",NA
"771","ran771.hdr.44",-0.0047786
"771","ran771.hdr.45",-0.00188647
"771","ran771.hdr.46",0.0000326900000000001
"771","ran771.hdr.47",-0.000058840000000001
"771","ran771.hdr.48",-0.000000799999999999586
"771","ran771.hdr.49",-0.0046284
"771","ran771.hdr.5",-0.000419360000000001
"771","ran771.hdr.50",-0.00048754
"771","ran771.hdr.51",-0.00047522
"771","ran771.hdr.52",-0.0002815
"771","ran771.hdr.53",0.0000948199999999998
"771","ran771.hdr.54",-0.0003339
"771","ran771.hdr.55",-0.00095777
"771","ran771.hdr.56",0.00000550000000000203
"771","ran771.hdr.57",0.000413299999999998
"771","ran771.hdr.58",-0.00036083
"771","ran771.hdr.59",-0.0053595
"771","ran771.hdr.6",-0.0000979900000000001
"771","ran771.hdr.60",-0.0000189999999999999
"771","ran771.hdr.61",-0.000508999999999999
"771","ran771.hdr.62",0.0001323
"771","ran771.hdr.63",-0.000334099999999999
"771","ran771.hdr.64",-0.000164200000000001
"771","ran771.hdr.65",-0.00031509
"771","ran771.hdr.66",-0.0003557
"771","ran771.hdr.67",-0.0024499
"771","ran771.hdr.68",0.0001706
"771","ran771.hdr.69",-0.0009037
"771","ran771.hdr.7",-0.00062684
"771","ran771.hdr.70",-0.000198200000000001
"771","ran771.hdr.71",-0.0006967
"771","ran771.hdr.72",-0.000482799999999999
"771","ran771.hdr.73",-0.0018985
"771","ran771.hdr.74",-0.00444969
"771","ran771.hdr.75",-0.0064447
"771","ran771.hdr.76",-0.0057067
"771","ran771.hdr.77",-0.0018567
"771","ran771.hdr.78",0.000226799999999999
"771","ran771.hdr.8",-0.000568299999999999
"771","ran771.hdr.9",-0.000919
"772","ran772.hdr.1",-0.0004437
"772","ran772.hdr.10",-0.000438800000000001
"772","ran772.hdr.11",-0.000753839999999999
"772","ran772.hdr.12",-0.00032687
"772","ran772.hdr.13",-0.00085353
"772","ran772.hdr.14",-0.00062684
"772","ran772.hdr.15",0.000247599999999997
"772","ran772.hdr.16",-0.000919
"772","ran772.hdr.17",-0.0075695
"772","ran772.hdr.18",-0.000867099999999999
"772","ran772.hdr.19",-0.0012838
"772","ran772.hdr.2",-0.0005346
"772","ran772.hdr.20",-0.0024132
"772","ran772.hdr.21",-0.00021033
"772","ran772.hdr.22",-0.0010873
"772","ran772.hdr.23",-0.000311800000000001
"772","ran772.hdr.24",-0.000418709999999999
"772","ran772.hdr.25",0.0000100699999999992
"772","ran772.hdr.26",-0.0001887
"772","ran772.hdr.27",-0.0005158
"772","ran772.hdr.28",-0.0001771
"772","ran772.hdr.29",-0.0001311
"772","ran772.hdr.3",-0.0020795
"772","ran772.hdr.30",0.0000345999999999992
"772","ran772.hdr.31",0.0000383999999999992
"772","ran772.hdr.32",-0.0001554
"772","ran772.hdr.33",-0.000216899999999999
"772","ran772.hdr.34",-0.0025825
"772","ran772.hdr.35",0.0010176
"772","ran772.hdr.36",-0.0013637
"772","ran772.hdr.37",0.0000461999999999997
"772","ran772.hdr.38",-0.00620406
"772","ran772.hdr.39",-0.0002968
"772","ran772.hdr.4",-0.00143173
"772","ran772.hdr.40",0.000148899999999999
"772","ran772.hdr.41",-0.0011115
"772","ran772.hdr.42",-0.0017019
"772","ran772.hdr.43",-0.0026491
"772","ran772.hdr.44",-0.000195499999999998
"772","ran772.hdr.45",-0.000707100000000002
"772","ran772.hdr.46",-0.0010777
"772","ran772.hdr.47",-0.000982500000000001
"772","ran772.hdr.48",-0.000384600000000002
"772","ran772.hdr.49",-0.00071791
"772","ran772.hdr.5",-0.0037447
"772","ran772.hdr.50",0.00015609
"772","ran772.hdr.51",-0.00021661
"772","ran772.hdr.52",-0.0010527
"772","ran772.hdr.53",-0.000133000000000001
"772","ran772.hdr.54",-0.0013068
"772","ran772.hdr.55",0.00037472
"772","ran772.hdr.56",-0.0010297
"772","ran772.hdr.57",0.000394000000000002
"772","ran772.hdr.58",0.000090208
"772","ran772.hdr.59",-0.000473900000000001
"772","ran772.hdr.6",-0.000585499999999999
"772","ran772.hdr.60",-0.0073105
"772","ran772.hdr.61",0.0001358
"772","ran772.hdr.62",0.000270800000000002
"772","ran772.hdr.63",-0.0003435
"772","ran772.hdr.64",0.0000612000000000008
"772","ran772.hdr.65",0.0006791
"772","ran772.hdr.66",-0.000822699999999999
"772","ran772.hdr.67",-0.000328200000000001
"772","ran772.hdr.68",-0.00092503
"772","ran772.hdr.69",-0.00038061
"772","ran772.hdr.7",-0.0003134
"772","ran772.hdr.70",-0.000347499999999997
"772","ran772.hdr.71",-0.0010769
"772","ran772.hdr.72",-0.0016673
"772","ran772.hdr.73",-0.001624
"772","ran772.hdr.74",-0.0015308
"772","ran772.hdr.75",-0.0002688
"772","ran772.hdr.76",-0.000302699999999999
"772","ran772.hdr.77",-0.0032639
"772","ran772.hdr.78",-0.0006976
"772","ran772.hdr.8",0.00014992
"772","ran772.hdr.9",-0.00033671
"773","ran773.hdr.1",0.000528800000000003
"773","ran773.hdr.10",-0.0015386
"773","ran773.hdr.11",-0.00154022
"773","ran773.hdr.12",-0.000401799999999999
"773","ran773.hdr.13",0.0000170000000000014
"773","ran773.hdr.14",-0.00036517
"773","ran773.hdr.15",-0.0000801099999999996
"773","ran773.hdr.16",-0.0002397
"773","ran773.hdr.17",-0.0000712300000000003
"773","ran773.hdr.18",-0.0010563
"773","ran773.hdr.19",-0.000288400000000001
"773","ran773.hdr.2",-0.0016743
"773","ran773.hdr.20",-0.000256040000000001
"773","ran773.hdr.21",0.000307720000000001
"773","ran773.hdr.22",-0.000311800000000001
"773","ran773.hdr.23",0.00041999
"773","ran773.hdr.24",0.000126320000000001
"773","ran773.hdr.25",-0.00000923999999999999
"773","ran773.hdr.26",-0.0000185999999999999
"773","ran773.hdr.27",-0.0004388
"773","ran773.hdr.28",-0.000281900000000001
"773","ran773.hdr.29",-0.0011926
"773","ran773.hdr.3",0.000402
"773","ran773.hdr.30",-0.0000373999999999999
"773","ran773.hdr.31",-0.0000596799999999995
"773","ran773.hdr.32",0.0000383999999999992
"773","ran773.hdr.33",-0.0008652
"773","ran773.hdr.34",0.00039923
"773","ran773.hdr.35",-0.00198339
"773","ran773.hdr.36",-0.0013637
"773","ran773.hdr.37",-0.000138870000000001
"773","ran773.hdr.38",-0.000507200000000003
"773","ran773.hdr.39",-0.001022
"773","ran773.hdr.4",-0.0011761
"773","ran773.hdr.40",-0.0011115
"773","ran773.hdr.41",-0.000491499999999999
"773","ran773.hdr.42",-0.000638400000000001
"773","ran773.hdr.43",-0.0015782
"773","ran773.hdr.44",-0.0041082
"773","ran773.hdr.45",-0.0076935
"773","ran773.hdr.46",-0.0000261999999999971
"773","ran773.hdr.47",0.00042818
"773","ran773.hdr.48",-0.0011337
"773","ran773.hdr.49",-0.000713800000000001
"773","ran773.hdr.5",-0.0056027
"773","ran773.hdr.50",-0.0072374
"773","ran773.hdr.51",-0.0015162
"773","ran773.hdr.52",-0.0009668
"773","ran773.hdr.53",-0.000369599999999999
"773","ran773.hdr.54",-0.0000256900000000001
"773","ran773.hdr.55",-0.00010805
"773","ran773.hdr.56",-0.000362299999999999
"773","ran773.hdr.57",-0.0000622399999999999
"773","ran773.hdr.58",-0.0003833
"773","ran773.hdr.59",-0.0005766
"773","ran773.hdr.6",-0.0044934
"773","ran773.hdr.60",-0.0001829
"773","ran773.hdr.61",-0.0000546999999999995
"773","ran773.hdr.62",-0.000824100000000001
"773","ran773.hdr.63",-0.00114221
"773","ran773.hdr.64",-0.0020934
"773","ran773.hdr.65",-0.000811599999999999
"773","ran773.hdr.66",-0.0006847
"773","ran773.hdr.67",-0.000420499999999999
"773","ran773.hdr.68",-0.000188000000000001
"773","ran773.hdr.69",-0.000794200000000002
"773","ran773.hdr.7",-0.00056426
"773","ran773.hdr.70",0.0000443000000000006
"773","ran773.hdr.71",-0.00124621
"773","ran773.hdr.72",-0.0011245
"773","ran773.hdr.73",-0.000389599999999999
"773","ran773.hdr.74",0.00030567
"773","ran773.hdr.75",-0.0011097
"773","ran773.hdr.76",-0.0015308
"773","ran773.hdr.77",-0.0021382
"773","ran773.hdr.78",-0.000733480000000001
"773","ran773.hdr.8",-0.000032131
"773","ran773.hdr.9",-0.000223299999999999
"774","ran774.hdr.1",-0.000591300000000003
"774","ran774.hdr.10",-0.0000888999999999994
"774","ran774.hdr.11",-0.0000713600000000003
"774","ran774.hdr.12",0.00016704
"774","ran774.hdr.13",0.00015338
"774","ran774.hdr.14",-0.000527999999999999
"774","ran774.hdr.15",-0.000994360000000001
"774","ran774.hdr.16",-0.00030432
"774","ran774.hdr.17",-0.0013108
"774","ran774.hdr.18",0.0008489
"774","ran774.hdr.19",-0.0011619
"774","ran774.hdr.2",-0.0032872
"774","ran774.hdr.20",-0.0011219
"774","ran774.hdr.21",-0.000912500000000002
"774","ran774.hdr.22",-0.0084394
"774","ran774.hdr.23",0.00013487
"774","ran774.hdr.24",-0.0016027
"774","ran774.hdr.25",-0.0006335
"774","ran774.hdr.26",-0.000397000000000002
"774","ran774.hdr.27",-0.00025349
"774","ran774.hdr.28",0.0000141299999999994
"774","ran774.hdr.29",-0.0000956499999999999
"774","ran774.hdr.3",-0.000849200000000001
"774","ran774.hdr.30",-0.000962000000000001
"774","ran774.hdr.31",-0.0032227
"774","ran774.hdr.32",-0.00048092
"774","ran774.hdr.33",-0.0013898
"774","ran774.hdr.34",-0.0012739
"774","ran774.hdr.35",-0.000584600000000001
"774","ran774.hdr.36",-0.0000248000000000002
"774","ran774.hdr.37",-0.000870699999999999
"774","ran774.hdr.38",-0.000522599999999998
"774","ran774.hdr.39",-0.000973700000000001
"774","ran774.hdr.4",0.0002001
"774","ran774.hdr.40",-0.0011914
"774","ran774.hdr.41",-0.000023311
"774","ran774.hdr.42",-0.0010009
"774","ran774.hdr.43",-0.000522499999999999
"774","ran774.hdr.44",0.000161699999999999
"774","ran774.hdr.45",-0.00074314
"774","ran774.hdr.46",-0.0000128000000000003
"774","ran774.hdr.47",-0.00029767
"774","ran774.hdr.48",-0.0000593299999999998
"774","ran774.hdr.49",-0.000425500000000001
"774","ran774.hdr.5",-0.0000352299999999998
"774","ran774.hdr.50",-0.0034143
"774","ran774.hdr.51",0.000358000000000001
"774","ran774.hdr.52",-0.00010923
"774","ran774.hdr.53",0.0000692499999999999
"774","ran774.hdr.54",-0.000238039999999999
"774","ran774.hdr.55",-0.00026482
"774","ran774.hdr.56",-0.00047522
"774","ran774.hdr.57",0.0000246199999999995
"774","ran774.hdr.58",-0.000268299999999999
"774","ran774.hdr.59",-0.000163490000000001
"774","ran774.hdr.6",-0.000160799999999999
"774","ran774.hdr.60",-0.0000272999999999975
"774","ran774.hdr.61",-0.0051112
"774","ran774.hdr.62",-0.000477
"774","ran774.hdr.63",0.000449379999999999
"774","ran774.hdr.64",0.000666100000000003
"774","ran774.hdr.65",-0.000485049999999999
"774","ran774.hdr.66",-0.000256870000000001
"774","ran774.hdr.67",-0.0010598
"774","ran774.hdr.68",-0.0001172
"774","ran774.hdr.69",-0.0012283
"774","ran774.hdr.7",-0.0001697
"774","ran774.hdr.70",-0.0013312
"774","ran774.hdr.71",0.0001455
"774","ran774.hdr.72",-0.000840799999999999
"774","ran774.hdr.73",-0.0013232
"774","ran774.hdr.74",-0.00031406
"774","ran774.hdr.75",-0.0014855
"774","ran774.hdr.76",-0.0018985
"774","ran774.hdr.77",-0.0014428
"774","ran774.hdr.78",-0.0016978
"774","ran774.hdr.8",0.000160479999999999
"774","ran774.hdr.9",-0.0000787700000000001
"775","ran775.hdr.1",-0.000778299999999999
"775","ran775.hdr.10",-0.0008879
"775","ran775.hdr.11",-0.00061971
"775","ran775.hdr.12",0.00032532
"775","ran775.hdr.13",-0.0004314
"775","ran775.hdr.14",-0.00034462
"775","ran775.hdr.15",-0.0008182
"775","ran775.hdr.16",-0.00043339
"775","ran775.hdr.17",-0.000277900000000001
"775","ran775.hdr.18",NA
"775","ran775.hdr.19",-0.00013267
"775","ran775.hdr.2",-0.0000923999999999994
"775","ran775.hdr.20",0.0000134599999999999
"775","ran775.hdr.21",0.0000686800000000007
"775","ran775.hdr.22",-0.000397000000000002
"775","ran775.hdr.23",0.000119000000000001
"775","ran775.hdr.24",-0.0013929
"775","ran775.hdr.25",-0.00000790000000000166
"775","ran775.hdr.26",-0.0107692
"775","ran775.hdr.27",-0.000139
"775","ran775.hdr.28",0.000175100000000001
"775","ran775.hdr.29",-0.0002734
"775","ran775.hdr.3",-0.0016682
"775","ran775.hdr.30",-0.000332000000000001
"775","ran775.hdr.31",-0.0003137
"775","ran775.hdr.32",-0.000617899999999998
"775","ran775.hdr.33",-0.0014027
"775","ran775.hdr.34",-0.0013898
"775","ran775.hdr.35",-0.0014927
"775","ran775.hdr.36",-0.00112666
"775","ran775.hdr.37",-0.000389499999999999
"775","ran775.hdr.38",-0.0025436
"775","ran775.hdr.39",-0.0011563
"775","ran775.hdr.4",-0.000195999999999998
"775","ran775.hdr.40",0.0003897
"775","ran775.hdr.41",-0.0014471
"775","ran775.hdr.42",-0.00119342
"775","ran775.hdr.43",-0.0000328000000000004
"775","ran775.hdr.44",-0.000837099999999999
"775","ran775.hdr.45",0.0000346000000000009
"775","ran775.hdr.46",-0.000162499999999999
"775","ran775.hdr.47",-0.0025824
"775","ran775.hdr.48",-0.0004831
"775","ran775.hdr.49",-0.0000584000000000001
"775","ran775.hdr.5",-0.01685291
"775","ran775.hdr.50",-0.0000283000000000002
"775","ran775.hdr.51",-0.0001315
"775","ran775.hdr.52",-0.0021164
"775","ran775.hdr.53",-0.00017918
"775","ran775.hdr.54",0.0001768
"775","ran775.hdr.55",-0.0002217
"775","ran775.hdr.56",0.00015404
"775","ran775.hdr.57",-0.000217699999999999
"775","ran775.hdr.6",-0.0039147
"775","ran775.hdr.61",-0.0000184
"775","ran775.hdr.62",-0.0000146999999999994
"775","ran775.hdr.63",-0.0015743
"775","ran775.hdr.64",-0.0010711
"775","ran775.hdr.65",-0.000746799999999999
"775","ran775.hdr.66",0.0001554
"775","ran775.hdr.67",-0.0017715
"775","ran775.hdr.68",-0.000914999999999999
"775","ran775.hdr.69",-0.000331100000000001
"775","ran775.hdr.7",-0.000405638
"775","ran775.hdr.70",-0.0018219
"775","ran775.hdr.71",-0.0037745
"775","ran775.hdr.72",-0.0011097
"775","ran775.hdr.73",-0.000586100000000003
"775","ran775.hdr.74",-0.0011354
"775","ran775.hdr.75",-0.0022821
"775","ran775.hdr.76",-0.000325500000000001
"775","ran775.hdr.77",-0.0002007
"775","ran775.hdr.78",-0.000373699999999999
"775","ran775.hdr.8",-0.000701999999999999
"775","ran775.hdr.9",-0.0000281999999999991
"776","ran776.hdr.1",-0.000166100000000002
"776","ran776.hdr.10",0.00000526999999999993
"776","ran776.hdr.11",0.0004257
"776","ran776.hdr.12",-0.000315299999999999
"776","ran776.hdr.13",-0.000223299999999999
"776","ran776.hdr.14",-0.00154022
"776","ran776.hdr.15",0.0000457700000000005
"776","ran776.hdr.16",-0.0000582479999999999
"776","ran776.hdr.17",-0.000239100000000003
"776","ran776.hdr.18",-0.0000852000000000006
"776","ran776.hdr.19",0.000191719999999999
"776","ran776.hdr.2",-0.000391299999999997
"776","ran776.hdr.20",-0.0000506599999999992
"776","ran776.hdr.21",-0.00008435
"776","ran776.hdr.22",-0.00036797
"776","ran776.hdr.23",-0.0004314
"776","ran776.hdr.24",0.0002296
"776","ran776.hdr.25",-0.000404499999999999
"776","ran776.hdr.26",-0.0004889
"776","ran776.hdr.27",-0.0023332
"776","ran776.hdr.28",-0.000150659999999999
"776","ran776.hdr.29",-0.000458800000000001
"776","ran776.hdr.3",-0.0012185
"776","ran776.hdr.30",-0.00014837
"776","ran776.hdr.31",-0.000148799999999999
"776","ran776.hdr.32",-0.0000640999999999992
"776","ran776.hdr.33",-0.00175568
"776","ran776.hdr.34",-0.00000790000000000166
"776","ran776.hdr.35",-0.000284
"776","ran776.hdr.36",-0.00096386
"776","ran776.hdr.37",-0.000777200000000002
"776","ran776.hdr.38",-0.000480399999999999
"776","ran776.hdr.39",-0.0011088
"776","ran776.hdr.4",-0.0024371
"776","ran776.hdr.40",-0.00023755
"776","ran776.hdr.41",-0.0009637
"776","ran776.hdr.42",-0.000773600000000003
"776","ran776.hdr.43",-0.0008214
"776","ran776.hdr.44",-0.0000466900000000003
"776","ran776.hdr.45",-0.0016634
"776","ran776.hdr.46",-0.0015836
"776","ran776.hdr.47",0.000719899999999999
"776","ran776.hdr.48",-0.000023311
"776","ran776.hdr.49",-0.000917300000000001
"776","ran776.hdr.5",-0.000220599999999998
"776","ran776.hdr.50",-0.0000261999999999971
"776","ran776.hdr.51",0.000395600000000001
"776","ran776.hdr.52",-0.0010927
"776","ran776.hdr.53",-0.0004831
"776","ran776.hdr.54",-0.0004198
"776","ran776.hdr.55",-0.000166399999999997
"776","ran776.hdr.57",-0.0000994599999999991
"776","ran776.hdr.58",-0.000064100000000001
"776","ran776.hdr.59",-0.0004551
"776","ran776.hdr.6",-0.0023043
"776","ran776.hdr.60",-0.0015112
"776","ran776.hdr.61",0.0000525999999999999
"776","ran776.hdr.62",-0.000663200000000001
"776","ran776.hdr.63",-0.000959399999999999
"776","ran776.hdr.64",-0.000124800000000001
"776","ran776.hdr.65",-0.0003709
"776","ran776.hdr.66",-0.000914999999999999
"776","ran776.hdr.67",-0.000323500000000001
"776","ran776.hdr.68",-0.001085
"776","ran776.hdr.69",-0.00203165
"776","ran776.hdr.7",0.000152000000000003
"776","ran776.hdr.70",-0.000112899999999999
"776","ran776.hdr.71",0.0000275999999999992
"776","ran776.hdr.72",-0.00033557
"776","ran776.hdr.73",-0.0011035
"776","ran776.hdr.74",-0.0020758
"776","ran776.hdr.75",-0.0012827
"776","ran776.hdr.76",-0.000102635
"776","ran776.hdr.77",-0.0004913
"776","ran776.hdr.78",-0.0010028
"776","ran776.hdr.8",-0.0008533
"776","ran776.hdr.9",-0.002828
"777","ran777.hdr.1",-0.00100715
"777","ran777.hdr.10",-0.00013425
"777","ran777.hdr.11",-0.000145270000000001
"777","ran777.hdr.12",-0.00047386
"777","ran777.hdr.13",-0.00058509
"777","ran777.hdr.14",-0.000349700000000001
"777","ran777.hdr.15",-0.000232599999999999
"777","ran777.hdr.16",-0.0002021
"777","ran777.hdr.17",-0.000988359999999999
"777","ran777.hdr.18",-0.000785500000000001
"777","ran777.hdr.19",0.0001315
"777","ran777.hdr.2",-0.000650830000000001
"777","ran777.hdr.20",-0.0032234
"777","ran777.hdr.21",-0.0013108
"777","ran777.hdr.22",-0.0000952000000000001
"777","ran777.hdr.23",-0.0009639
"777","ran777.hdr.24",-0.000595100000000001
"777","ran777.hdr.25",-0.000771500000000001
"777","ran777.hdr.26",-0.0004364
"777","ran777.hdr.27",-0.000163968
"777","ran777.hdr.28",0.000101300000000002
"777","ran777.hdr.29",-0.0000786399999999996
"777","ran777.hdr.3",0.0000546000000000001
"777","ran777.hdr.30",0.00018248
"777","ran777.hdr.31",-0.0019493
"777","ran777.hdr.32",-0.00053928
"777","ran777.hdr.33",-0.00345372
"777","ran777.hdr.34",-0.0035614
"777","ran777.hdr.35",-0.000488699999999998
"777","ran777.hdr.36",-0.0014502
"777","ran777.hdr.37",-0.0023487
"777","ran777.hdr.38",-0.0002396
"777","ran777.hdr.39",-0.0000881999999999966
"777","ran777.hdr.4",0.00039419
"777","ran777.hdr.40",-0.0018962
"777","ran777.hdr.41",0.000049999999999998
"777","ran777.hdr.42",-0.0013695
"777","ran777.hdr.43",0.000022900000000001
"777","ran777.hdr.44",-0.000944
"777","ran777.hdr.45",-0.00026302
"777","ran777.hdr.46",-0.000575500000000001
"777","ran777.hdr.47",-0.000666099999999999
"777","ran777.hdr.48",-0.000773600000000003
"777","ran777.hdr.49",0.000237399999999999
"777","ran777.hdr.5",-0.0000643999999999992
"777","ran777.hdr.50",-0.001127
"777","ran777.hdr.51",-0.000306899999999999
"777","ran777.hdr.52",-0.0041082
"777","ran777.hdr.53",0.0000683999999999997
"777","ran777.hdr.54",-0.0004434
"777","ran777.hdr.55",-0.00017032
"777","ran777.hdr.56",-0.000713800000000001
"777","ran777.hdr.57",-0.00021661
"777","ran777.hdr.58",0.00021511
"777","ran777.hdr.59",-0.000162499999999999
"777","ran777.hdr.6",-0.0028401
"777","ran777.hdr.60",-0.00111662
"777","ran777.hdr.61",-0.00011945
"777","ran777.hdr.62",0.00052523
"777","ran777.hdr.63",0.0003353
"777","ran777.hdr.64",-0.0004576
"777","ran777.hdr.65",-0.0000474999999999989
"777","ran777.hdr.66",-0.000746799999999999
"777","ran777.hdr.67",0.00000862399999999999
"777","ran777.hdr.68",0.0001121
"777","ran777.hdr.69",-0.001085
"777","ran777.hdr.7",-0.00259746
"777","ran777.hdr.70",-0.0009818
"777","ran777.hdr.71",-0.00000678000000000007
"777","ran777.hdr.72",0.000466699999999999
"777","ran777.hdr.73",-0.000794900000000001
"777","ran777.hdr.74",-0.0027169
"777","ran777.hdr.75",-0.0004913
"777","ran777.hdr.76",-0.000688999999999999
"777","ran777.hdr.77",-0.000806600000000001
"777","ran777.hdr.78",-0.0010666
"777","ran777.hdr.8",-0.0021596
"777","ran777.hdr.9",-0.0031465
"778","ran778.hdr.1",-0.000870900000000001
"778","ran778.hdr.10",-0.000399699999999999
"778","ran778.hdr.11",-0.00038553
"778","ran778.hdr.12",-0.000547299999999997
"778","ran778.hdr.13",-0.000118400000000001
"778","ran778.hdr.14",-0.000126800000000002
"778","ran778.hdr.15",-0.00000960000000000023
"778","ran778.hdr.16",-0.0000756000000000003
"778","ran778.hdr.17",-0.0004586
"778","ran778.hdr.18",-0.0017649
"778","ran778.hdr.19",-0.0004314
"778","ran778.hdr.2",-0.0035328
"778","ran778.hdr.20",-0.0011179
"778","ran778.hdr.21",-0.0006205
"778","ran778.hdr.22",-0.0011619
"778","ran778.hdr.23",-0.0025625
"778","ran778.hdr.24",-0.000850400000000001
"778","ran778.hdr.25",-0.0005666
"778","ran778.hdr.26",-0.000158599999999998
"778","ran778.hdr.27",-0.0007861
"778","ran778.hdr.28",-0.00026931
"778","ran778.hdr.29",-0.0003097
"778","ran778.hdr.3",-0.00014336
"778","ran778.hdr.30",-0.00009449
"778","ran778.hdr.31",-0.0107692
"778","ran778.hdr.32",-0.00198339
"778","ran778.hdr.33",-0.000533599999999999
"778","ran778.hdr.34",-0.0023114
"778","ran778.hdr.35",-0.00013927
"778","ran778.hdr.36",-0.0019144
"778","ran778.hdr.37",-0.000275399999999999
"778","ran778.hdr.38",-0.0007461
"778","ran778.hdr.39",-0.0012186
"778","ran778.hdr.4",0.00021878
"778","ran778.hdr.40",-0.0010775
"778","ran778.hdr.41",-0.000316800000000001
"778","ran778.hdr.42",-0.000692499999999999
"778","ran778.hdr.43",-0.004276
"778","ran778.hdr.44",0.0000839000000000013
"778","ran778.hdr.45",-0.0020892
"778","ran778.hdr.46",-0.00021698
"778","ran778.hdr.47",-0.00017032
"778","ran778.hdr.48",-0.000231500000000003
"778","ran778.hdr.49",-0.0000823899999999999
"778","ran778.hdr.5",-0.000315299999999999
"778","ran778.hdr.50",-0.000133000000000001
"778","ran778.hdr.51",-0.0000901799999999996
"778","ran778.hdr.52",-0.0010598
"778","ran778.hdr.53",-0.002475
"778","ran778.hdr.54",-0.000261600000000001
"778","ran778.hdr.55",-0.0000518599999999999
"778","ran778.hdr.56",-0.00010923
"778","ran778.hdr.57",0.000060580000000001
"778","ran778.hdr.58",-0.0010723
"778","ran778.hdr.59",-0.000119059999999999
"778","ran778.hdr.6",-0.000456600000000001
"778","ran778.hdr.60",-0.00010756
"778","ran778.hdr.61",0.0003446
"778","ran778.hdr.62",-0.00003374
"778","ran778.hdr.64",-0.000492100000000002
"778","ran778.hdr.65",-0.000867700000000001
"778","ran778.hdr.66",0.0000525999999999999
"778","ran778.hdr.67",0.00010992
"778","ran778.hdr.68",-0.0043602
"778","ran778.hdr.69",0.000127700000000001
"778","ran778.hdr.7",0.000283200000000001
"778","ran778.hdr.70",-0.000959399999999999
"778","ran778.hdr.71",-0.0011783
"778","ran778.hdr.72",-0.000914999999999999
"778","ran778.hdr.73",-0.000836699999999999
"778","ran778.hdr.74",-0.0008821
"778","ran778.hdr.75",-0.00179129
"778","ran778.hdr.76",-0.0037745
"778","ran778.hdr.77",-0.0012116
"778","ran778.hdr.78",-0.0008628
"778","ran778.hdr.8",-0.000808300000000001
"778","ran778.hdr.9",-0.0007343
"779","ran779.hdr.1",0.0000171999999999985
"779","ran779.hdr.10",-0.000405638
"779","ran779.hdr.11",-0.0000804899999999999
"779","ran779.hdr.12",-0.00042711
"779","ran779.hdr.13",-0.000413510000000001
"779","ran779.hdr.14",-0.000434459999999999
"779","ran779.hdr.15",0.000240457
"779","ran779.hdr.16",-0.0004889
"779","ran779.hdr.17",-0.000771500000000001
"779","ran779.hdr.18",-0.002999
"779","ran779.hdr.19",-0.000468900000000001
"779","ran779.hdr.2",-0.00131489
"779","ran779.hdr.20",-0.00010451
"779","ran779.hdr.21",0.000056719
"779","ran779.hdr.22",-0.000507499999999999
"779","ran779.hdr.23",-0.001093
"779","ran779.hdr.24",-0.000777899999999998
"779","ran779.hdr.25",0.000035033
"779","ran779.hdr.26",-0.0036419
"779","ran779.hdr.27",-0.0009332
"779","ran779.hdr.28",-0.0001826
"779","ran779.hdr.29",-0.00013584
"779","ran779.hdr.3",0.000364
"779","ran779.hdr.30",-0.0024974
"779","ran779.hdr.31",0.0003417
"779","ran779.hdr.32",-0.00015807
"779","ran779.hdr.33",-0.0015552
"779","ran779.hdr.34",-0.000574999999999999
"779","ran779.hdr.35",-0.0011573
"779","ran779.hdr.36",0.0005094
"779","ran779.hdr.37",-0.000707100000000002
"779","ran779.hdr.38",0.0000718999999999997
"779","ran779.hdr.39",-0.0000487999999999999
"779","ran779.hdr.4",-0.000184100000000001
"779","ran779.hdr.40",0.000217800000000001
"779","ran779.hdr.41",0.00066033
"779","ran779.hdr.42",-0.000336299999999999
"779","ran779.hdr.43",-0.0000697999999999983
"779","ran779.hdr.44",-0.00024031
"779","ran779.hdr.45",-0.0014392
"779","ran779.hdr.46",-0.0000256900000000001
"779","ran779.hdr.47",0.00000257936
"779","ran779.hdr.48",-0.0013645
"779","ran779.hdr.49",-0.00011424
"779","ran779.hdr.5",-0.0008533
"779","ran779.hdr.52",-0.000102700000000001
"779","ran779.hdr.53",-0.000268600000000001
"779","ran779.hdr.54",-0.000455400000000002
"779","ran779.hdr.55",-0.000964599999999999
"779","ran779.hdr.56",-0.0022371
"779","ran779.hdr.57",-0.0009955
"779","ran779.hdr.58",-0.0012091
"779","ran779.hdr.59",-0.000317599999999999
"779","ran779.hdr.6",-0.000229759999999999
"779","ran779.hdr.60",-0.0011581
"779","ran779.hdr.61",-0.000448899999999999
"779","ran779.hdr.62",-0.000356599999999999
"779","ran779.hdr.63",0.0000923
"779","ran779.hdr.64",-0.0008768
"779","ran779.hdr.65",0.00029028
"779","ran779.hdr.66",0.00011357
"779","ran779.hdr.67",-0.000955899999999999
"779","ran779.hdr.68",-0.0007448
"779","ran779.hdr.69",-0.000907699999999997
"779","ran779.hdr.7",-0.000507480000000001
"779","ran779.hdr.70",-0.0019338
"779","ran779.hdr.71",-0.0013232
"779","ran779.hdr.72",-0.0000595999999999999
"779","ran779.hdr.73",-0.0022069
"779","ran779.hdr.74",-0.000871300000000002
"779","ran779.hdr.75",-0.0007951
"779","ran779.hdr.76",-0.0013565
"779","ran779.hdr.77",-0.000692410000000001
"779","ran779.hdr.78",-0.0025593
"779","ran779.hdr.8",-0.000213600000000001
"779","ran779.hdr.9",NA
"780","ran780.hdr.1",-0.0012185
"780","ran780.hdr.10",-0.00033059
"780","ran780.hdr.11",-0.000349700000000001
"780","ran780.hdr.12",-0.00021777
"780","ran780.hdr.13",-0.000721199999999998
"780","ran780.hdr.14",-0.0004688
"780","ran780.hdr.15",-0.0008751
"780","ran780.hdr.16",-0.0005193
"780","ran780.hdr.17",-0.0000234100000000002
"780","ran780.hdr.18",-0.0019612
"780","ran780.hdr.19",-0.0032234
"780","ran780.hdr.2",-0.00000570800000000001
"780","ran780.hdr.20",-0.0008164
"780","ran780.hdr.21",-0.0002249
"780","ran780.hdr.22",0.0001904
"780","ran780.hdr.23",-0.00000437000000000007
"780","ran780.hdr.24",-0.0035352
"780","ran780.hdr.25",-0.000159899999999999
"780","ran780.hdr.26",-0.0003961
"780","ran780.hdr.27",-0.0000426999999999997
"780","ran780.hdr.28",-0.000417799999999999
"780","ran780.hdr.29",-0.00032336
"780","ran780.hdr.3",-0.0000461999999999997
"780","ran780.hdr.30",-0.000163968
"780","ran780.hdr.31",-0.000385699999999999
"780","ran780.hdr.32",-0.00023832
"780","ran780.hdr.33",-0.000135159999999999
"780","ran780.hdr.34",-0.00023069
"780","ran780.hdr.35",-0.0000960000000000023
"780","ran780.hdr.36",0.000345399999999999
"780","ran780.hdr.37",-0.0010093
"780","ran780.hdr.38",-0.0001159
"780","ran780.hdr.39",-0.000883700000000001
"780","ran780.hdr.4",-0.000430400000000001
"780","ran780.hdr.40",-0.0002734
"780","ran780.hdr.41",-0.00037394
"780","ran780.hdr.42",0.0000270999999999987
"780","ran780.hdr.43",0.000217800000000001
"780","ran780.hdr.44",-0.000325299999999997
"780","ran780.hdr.45",-0.0000673000000000028
"780","ran780.hdr.46",-0.0046402
"780","ran780.hdr.47",-0.00077464
"780","ran780.hdr.48",-0.00010923
"780","ran780.hdr.49",-0.0000765000000000002
"780","ran780.hdr.5",-0.0013866
"780","ran780.hdr.50",-0.0010313
"780","ran780.hdr.51",-0.00073559
"780","ran780.hdr.52",-0.000410299999999999
"780","ran780.hdr.53",-0.000753399999999998
"780","ran780.hdr.54",-0.000694199999999999
"780","ran780.hdr.55",-0.000602269999999999
"780","ran780.hdr.56",-0.000102700000000001
"780","ran780.hdr.57",-0.000849699999999998
"780","ran780.hdr.58",-0.000728699999999999
"780","ran780.hdr.59",-0.0041063
"780","ran780.hdr.6",-0.0019788
"780","ran780.hdr.60",-0.0009955
"780","ran780.hdr.61",-0.011466
"780","ran780.hdr.62",-0.000194100000000003
"780","ran780.hdr.63",-0.000420900000000002
"780","ran780.hdr.64",0.000401200000000001
"780","ran780.hdr.65",-0.0016152
"780","ran780.hdr.66",-0.000914999999999999
"780","ran780.hdr.67",-0.0004131
"780","ran780.hdr.68",-0.000157000000000001
"780","ran780.hdr.69",-0.0021688
"780","ran780.hdr.7",-0.000226799999999999
"780","ran780.hdr.70",-0.00179129
"780","ran780.hdr.71",0.00032069
"780","ran780.hdr.72",0.000371900000000001
"780","ran780.hdr.73",-0.000204899999999999
"780","ran780.hdr.74",-0.000389500000000001
"780","ran780.hdr.75",-0.000794900000000001
"780","ran780.hdr.76",-0.0000459999999999992
"780","ran780.hdr.77",-0.0012387
"780","ran780.hdr.78",-0.0012143
"780","ran780.hdr.8",-0.0000849000000000006
"780","ran780.hdr.9",-0.0000910199999999998
"781","ran781.hdr.1",-0.000319699999999999
"781","ran781.hdr.10",-0.0003795
"781","ran781.hdr.11",-0.00041681
"781","ran781.hdr.12",-0.000456600000000001
"781","ran781.hdr.13",0.00016184
"781","ran781.hdr.14",0.00023279
"781","ran781.hdr.15",-0.0002397
"781","ran781.hdr.16",-0.0000854700000000007
"781","ran781.hdr.17",-0.0002249
"781","ran781.hdr.18",-0.000732400000000001
"781","ran781.hdr.19",-0.000727600000000002
"781","ran781.hdr.2",-0.000366200000000001
"781","ran781.hdr.20",-0.0003148
"781","ran781.hdr.21",-0.000230500000000002
"781","ran781.hdr.22",-0.000581499999999999
"781","ran781.hdr.23",-0.000771500000000001
"781","ran781.hdr.24",-0.0005666
"781","ran781.hdr.25",-0.000518899999999999
"781","ran781.hdr.26",-0.0007861
"781","ran781.hdr.27",-0.00043048
"781","ran781.hdr.28",-0.00033013
"781","ran781.hdr.29",-0.0016027
"781","ran781.hdr.3",-0.000833500000000001
"781","ran781.hdr.30",-0.000576
"781","ran781.hdr.31",-0.0011926
"781","ran781.hdr.32",-0.00130484
"781","ran781.hdr.33",-0.0000373999999999999
"781","ran781.hdr.34",-0.000541900000000001
"781","ran781.hdr.35",-0.000453249999999999
"781","ran781.hdr.36",-0.000310299999999999
"781","ran781.hdr.37",-0.000777899999999998
"781","ran781.hdr.38",-0.0014502
"781","ran781.hdr.39",-0.000176700000000002
"781","ran781.hdr.4",-0.0021526
"781","ran781.hdr.40",-0.000140850000000001
"781","ran781.hdr.41",-0.000469900000000001
"781","ran781.hdr.42",-0.000804199999999998
"781","ran781.hdr.43",-0.0034946
"781","ran781.hdr.44",-0.001142
"781","ran781.hdr.45",0.0001668
"781","ran781.hdr.46",-0.000412399999999999
"781","ran781.hdr.47",-0.0010775
"781","ran781.hdr.48",-0.000638400000000001
"781","ran781.hdr.49",-0.0022477
"781","ran781.hdr.5",-0.0031082
"781","ran781.hdr.50",0.0000184916
"781","ran781.hdr.51",-0.000688599999999999
"781","ran781.hdr.52",0.00079024
"781","ran781.hdr.53",-0.0010009
"781","ran781.hdr.54",-0.0005872
"781","ran781.hdr.55",-0.00032122
"781","ran781.hdr.56",-0.000434999999999998
"781","ran781.hdr.57",-0.000510450000000001
"781","ran781.hdr.59",-0.0004014
"781","ran781.hdr.6",-0.002932
"781","ran781.hdr.60",-0.0004576
"781","ran781.hdr.61",0.000318699999999998
"781","ran781.hdr.62",0.000632799999999999
"781","ran781.hdr.63",-0.0015428
"781","ran781.hdr.64",0.000244869999999999
"781","ran781.hdr.65",-0.0003461
"781","ran781.hdr.66",0.0000303000000000005
"781","ran781.hdr.67",0.000342199999999999
"781","ran781.hdr.68",0.000190600000000003
"781","ran781.hdr.69",-0.0000517999999999977
"781","ran781.hdr.7",-0.0004966
"781","ran781.hdr.70",-0.000190900000000001
"781","ran781.hdr.71",-0.0039875
"781","ran781.hdr.72",-0.00179129
"781","ran781.hdr.73",-0.00059999
"781","ran781.hdr.74",0.0000233799999999999
"781","ran781.hdr.75",-0.0016673
"781","ran781.hdr.76",-0.0053353
"781","ran781.hdr.77",-0.000297700000000001
"781","ran781.hdr.78",-0.000678990000000001
"781","ran781.hdr.8",-0.0000293999999999989
"781","ran781.hdr.9",-0.00026145
"782","ran782.hdr.1",-0.000166100000000002
"782","ran782.hdr.10",0.000569999999999999
"782","ran782.hdr.11",-0.000160799999999999
"782","ran782.hdr.12",-0.000831800000000001
"782","ran782.hdr.13",-0.0005974
"782","ran782.hdr.14",-0.0052846
"782","ran782.hdr.15",0.0005225
"782","ran782.hdr.16",-0.0006119
"782","ran782.hdr.17",-0.000405638
"782","ran782.hdr.18",-0.00065658
"782","ran782.hdr.19",-0.000341899999999999
"782","ran782.hdr.2",-0.000319699999999999
"782","ran782.hdr.20",-0.0002322
"782","ran782.hdr.21",-0.00161496
"782","ran782.hdr.22",-0.000348220000000002
"782","ran782.hdr.23",-0.00061751
"782","ran782.hdr.24",-0.000517500000000001
"782","ran782.hdr.25",-0.000288400000000001
"782","ran782.hdr.26",-0.0024928
"782","ran782.hdr.27",0.00019389
"782","ran782.hdr.28",-0.000825099999999999
"782","ran782.hdr.29",0.0001235
"782","ran782.hdr.3",-0.0000216000000000001
"782","ran782.hdr.30",-0.00029017
"782","ran782.hdr.31",-0.000413999999999999
"782","ran782.hdr.32",-0.00025349
"782","ran782.hdr.33",-0.000284
"782","ran782.hdr.34",-0.000777899999999998
"782","ran782.hdr.35",-0.000359199999999999
"782","ran782.hdr.36",0.000189399999999999
"782","ran782.hdr.37",-0.001081
"782","ran782.hdr.38",-0.000349499999999999
"782","ran782.hdr.39",0.0000193999999999993
"782","ran782.hdr.4",-0.000224699999999998
"782","ran782.hdr.40",-0.0000475199999999997
"782","ran782.hdr.41",-0.000184700000000001
"782","ran782.hdr.42",0.0004525
"782","ran782.hdr.43",NA
"782","ran782.hdr.44",NA
"782","ran782.hdr.45",0.000660899999999999
"782","ran782.hdr.46",-0.00048092
"782","ran782.hdr.47",-0.0021188
"782","ran782.hdr.48",-0.0022477
"782","ran782.hdr.49",-0.0003362
"782","ran782.hdr.5",-0.002469
"782","ran782.hdr.50",-0.0000261999999999971
"782","ran782.hdr.51",-0.00005857
"782","ran782.hdr.52",-0.0010527
"782","ran782.hdr.53",-0.000551949999999999
"782","ran782.hdr.54",-0.0000146
"782","ran782.hdr.55",-0.000217699999999999
"782","ran782.hdr.58",-0.000492100000000002
"782","ran782.hdr.59",-0.0011885
"782","ran782.hdr.6",-0.0008229
"782","ran782.hdr.60",-0.0039716
"782","ran782.hdr.61",-0.0011268
"782","ran782.hdr.62",0.0002951
"782","ran782.hdr.63",-0.0014755
"782","ran782.hdr.64",-0.0004568
"782","ran782.hdr.65",-0.000571199999999997
"782","ran782.hdr.66",-0.0028671
"782","ran782.hdr.67",-0.0002389
"782","ran782.hdr.68",0.00000899999999999859
"782","ran782.hdr.69",-0.000121900000000001
"782","ran782.hdr.7",-0.0005346
"782","ran782.hdr.70",-0.000456100000000001
"782","ran782.hdr.71",-0.0003147
"782","ran782.hdr.72",-0.0005749
"782","ran782.hdr.73",-0.00119554
"782","ran782.hdr.74",-0.0003557
"782","ran782.hdr.75",-0.0010666
"782","ran782.hdr.76",-0.00028371
"782","ran782.hdr.77",-0.0010028
"782","ran782.hdr.78",-0.0014428
"782","ran782.hdr.8",-0.000077743
"782","ran782.hdr.9",-0.000290820000000001
"783","ran783.hdr.1",-0.000166100000000002
"783","ran783.hdr.10",-0.0032234
"783","ran783.hdr.11",-0.0134706
"783","ran783.hdr.12",-0.000578999999999998
"783","ran783.hdr.13",-0.0004364
"783","ran783.hdr.14",-0.000759340000000001
"783","ran783.hdr.15",-0.000303699999999999
"783","ran783.hdr.16",-0.00084943
"783","ran783.hdr.17",-0.00013827
"783","ran783.hdr.18",-0.0000805300000000005
"783","ran783.hdr.19",-0.0032049
"783","ran783.hdr.2",0.00013954
"783","ran783.hdr.20",0.000124599999999999
"783","ran783.hdr.21",0.000388599999999999
"783","ran783.hdr.22",-0.0049962
"783","ran783.hdr.23",-0.0023487
"783","ran783.hdr.24",0.0014784
"783","ran783.hdr.25",-0.0005219
"783","ran783.hdr.26",-0.00015702
"783","ran783.hdr.27",-0.00018951
"783","ran783.hdr.28",-0.000287379999999999
"783","ran783.hdr.29",-0.0007758
"783","ran783.hdr.3",-0.0049685
"783","ran783.hdr.30",-0.0007116
"783","ran783.hdr.31",NA
"783","ran783.hdr.32",-0.00102067
"783","ran783.hdr.33",-0.0007499
"783","ran783.hdr.34",-0.000569200000000002
"783","ran783.hdr.35",-0.000569900000000002
"783","ran783.hdr.36",-0.000408800000000001
"783","ran783.hdr.37",0.000137
"783","ran783.hdr.38",-0.0012528
"783","ran783.hdr.39",-0.000315939999999999
"783","ran783.hdr.4",-0.00018871
"783","ran783.hdr.40",-0.00021661
"783","ran783.hdr.41",0.000143500000000001
"783","ran783.hdr.42",-0.000274020000000001
"783","ran783.hdr.43",0.0000306500000000001
"783","ran783.hdr.44",-0.00035604
"783","ran783.hdr.45",0.0000576000000000014
"783","ran783.hdr.46",-0.0135865
"783","ran783.hdr.47",-0.0013153
"783","ran783.hdr.48",-0.00031891
"783","ran783.hdr.49",0.0000036291
"783","ran783.hdr.5",-0.000906130000000002
"783","ran783.hdr.50",0.0002728
"783","ran783.hdr.51",NA
"783","ran783.hdr.52",0.0002114
"783","ran783.hdr.53",-0.0010313
"783","ran783.hdr.55",-0.000602269999999999
"783","ran783.hdr.56",-0.001153
"783","ran783.hdr.57",-0.0001548
"783","ran783.hdr.58",0.000244869999999999
"783","ran783.hdr.59",-0.0006847
"783","ran783.hdr.6",-0.00056426
"783","ran783.hdr.60",-0.001971
"783","ran783.hdr.61",-0.0005466
"783","ran783.hdr.62",0.000127700000000001
"783","ran783.hdr.63",-0.0009259
"783","ran783.hdr.64",-0.001507
"783","ran783.hdr.65",-0.000331100000000001
"783","ran783.hdr.66",-0.00740309
"783","ran783.hdr.67",-0.000607500000000002
"783","ran783.hdr.68",-0.0046587
"783","ran783.hdr.69",-0.0010098
"783","ran783.hdr.7",-0.000701999999999999
"783","ran783.hdr.70",-0.000316540000000001
"783","ran783.hdr.71",-0.000039273
"783","ran783.hdr.72",-0.0053353
"783","ran783.hdr.73",-0.0011354
"783","ran783.hdr.74",-0.0016949
"783","ran783.hdr.75",-0.0022866
"783","ran783.hdr.76",-0.0014426
"783","ran783.hdr.77",-0.000961299999999998
"783","ran783.hdr.78",-0.0004975
"783","ran783.hdr.8",-0.000679800000000001
"783","ran783.hdr.9",-0.0011481
"784","ran784.hdr.1",-0.0011152
"784","ran784.hdr.10",-0.0048415
"784","ran784.hdr.11",0.0000743100000000002
"784","ran784.hdr.12",-0.0052846
"784","ran784.hdr.13",-0.0045035
"784","ran784.hdr.14",-0.0043666
"784","ran784.hdr.15",-0.0000411000000000005
"784","ran784.hdr.16",0.0000803000000000002
"784","ran784.hdr.17",0.0000928000000000005
"784","ran784.hdr.18",-0.00036672
"784","ran784.hdr.19",-0.00065658
"784","ran784.hdr.2",-0.0002678
"784","ran784.hdr.20",-0.0003143
"784","ran784.hdr.21",-0.00047623
"784","ran784.hdr.22",-0.00023695
"784","ran784.hdr.23",-0.000333099999999999
"784","ran784.hdr.24",-0.00036797
"784","ran784.hdr.25",-0.0002249
"784","ran784.hdr.26",-0.0004112
"784","ran784.hdr.27",-0.00038126
"784","ran784.hdr.28",-0.0035352
"784","ran784.hdr.29",-0.000846699999999999
"784","ran784.hdr.3",-0.000740699999999999
"784","ran784.hdr.30",0.0001004
"784","ran784.hdr.31",-0.000890400000000001
"784","ran784.hdr.32",-0.0006201
"784","ran784.hdr.33",-0.0009832
"784","ran784.hdr.34",-0.00013827
"784","ran784.hdr.35",-0.00018809
"784","ran784.hdr.36",-0.000341280000000001
"784","ran784.hdr.37",-0.000572599999999999
"784","ran784.hdr.38",-0.000297
"784","ran784.hdr.39",-0.0014853
"784","ran784.hdr.4",-0.0032872
"784","ran784.hdr.40",-0.000957299999999998
"784","ran784.hdr.41",-0.00033054
"784","ran784.hdr.42",-0.0000543000000000002
"784","ran784.hdr.43",-0.0019089
"784","ran784.hdr.44",-0.000247900000000001
"784","ran784.hdr.45",-0.000720200000000001
"784","ran784.hdr.46",-0.000569900000000002
"784","ran784.hdr.47",-0.000230900000000003
"784","ran784.hdr.48",-0.0018642
"784","ran784.hdr.49",0.0000045761
"784","ran784.hdr.5",-0.0001323
"784","ran784.hdr.50",-0.000153199999999999
"784","ran784.hdr.51",0.00077922
"784","ran784.hdr.52",0.0000683999999999997
"784","ran784.hdr.53",-0.000924000000000001
"784","ran784.hdr.54",-0.00021698
"784","ran784.hdr.55",-0.0012528
"784","ran784.hdr.56",0.00004863
"784","ran784.hdr.57",-0.0000351400000000003
"784","ran784.hdr.58",-0.000945399999999999
"784","ran784.hdr.59",-0.0035095
"784","ran784.hdr.6",-0.000621999999999998
"784","ran784.hdr.60",-0.000118309
"784","ran784.hdr.61",0.000032840000000001
"784","ran784.hdr.62",-0.000480699999999999
"784","ran784.hdr.63",-0.0007279
"784","ran784.hdr.64",-0.012746
"784","ran784.hdr.65",0.000314700000000001
"784","ran784.hdr.66",-0.00574057
"784","ran784.hdr.67",-0.0011457
"784","ran784.hdr.68",-0.000540200000000001
"784","ran784.hdr.69",0.0008086
"784","ran784.hdr.7",-0.0019788
"784","ran784.hdr.70",0.000150899999999999
"784","ran784.hdr.71",-0.000345399999999999
"784","ran784.hdr.72",0.00030916
"784","ran784.hdr.73",-0.0013741
"784","ran784.hdr.74",-0.0016911
"784","ran784.hdr.75",-0.0023484
"784","ran784.hdr.76",-0.0032753
"784","ran784.hdr.77",0.00013512
"784","ran784.hdr.78",0.000295999999999999
"784","ran784.hdr.8",-0.000831800000000001
"784","ran784.hdr.9",-0.000511400000000002
"785","ran785.hdr.1",-0.0001899
"785","ran785.hdr.10",-0.000376899999999999
"785","ran785.hdr.11",-0.0006677
"785","ran785.hdr.12",-0.00013877
"785","ran785.hdr.13",-0.0011481
"785","ran785.hdr.14",-0.0000692999999999996
"785","ran785.hdr.15",-0.000934500000000001
"785","ran785.hdr.16",-0.000357799999999998
"785","ran785.hdr.17",-0.0013108
"785","ran785.hdr.18",-0.0002506
"785","ran785.hdr.19",-0.000271739999999999
"785","ran785.hdr.2",-0.0014853
"785","ran785.hdr.20",-0.00020505
"785","ran785.hdr.21",-0.0005906
"785","ran785.hdr.22",-0.0045505
"785","ran785.hdr.23",NA
"785","ran785.hdr.24",-0.00029017
"785","ran785.hdr.25",-0.00010709
"785","ran785.hdr.26",-0.0001554
"785","ran785.hdr.27",0.0000772100000000012
"785","ran785.hdr.28",-0.000572599999999999
"785","ran785.hdr.29",-0.000962000000000001
"785","ran785.hdr.3",-0.0027476
"785","ran785.hdr.30",-0.000480399999999999
"785","ran785.hdr.31",-0.000409099999999999
"785","ran785.hdr.32",-0.0013695
"785","ran785.hdr.33",-0.000390949999999999
"785","ran785.hdr.34",-0.000214700000000002
"785","ran785.hdr.35",-0.0015749
"785","ran785.hdr.36",-0.000266000000000002
"785","ran785.hdr.37",-0.0012954
"785","ran785.hdr.38",-0.000463499999999999
"785","ran785.hdr.39",0.000355000000000001
"785","ran785.hdr.4",-0.000571100000000001
"785","ran785.hdr.40",0.0001554
"785","ran785.hdr.41",-0.0003076
"785","ran785.hdr.42",-0.000522599999999998
"785","ran785.hdr.43",-0.0016134
"785","ran785.hdr.44",-0.0001466
"785","ran785.hdr.45",-0.000001000000000001
"785","ran785.hdr.46",-0.0041082
"785","ran785.hdr.47",-0.00005857
"785","ran785.hdr.48",-0.000129839
"785","ran785.hdr.49",-0.000133000000000001
"785","ran785.hdr.5",-0.0006119
"785","ran785.hdr.50",-0.0000747000000000005
"785","ran785.hdr.51",-0.00010593
"785","ran785.hdr.52",-0.00074359
"785","ran785.hdr.53",-0.0014393
"785","ran785.hdr.54",-0.000643990000000001
"785","ran785.hdr.55",-0.00011554
"785","ran785.hdr.56",-0.0046284
"785","ran785.hdr.57",0.000447100000000001
"785","ran785.hdr.6",-0.0000151700000000001
"785","ran785.hdr.60",-0.00017852
"785","ran785.hdr.61",0.000129292
"785","ran785.hdr.62",-0.000447699999999999
"785","ran785.hdr.63",-0.000728699999999999
"785","ran785.hdr.64",-0.000544600000000003
"785","ran785.hdr.65",0.0000988399999999993
"785","ran785.hdr.66",-0.0009154
"785","ran785.hdr.67",-0.000546500000000002
"785","ran785.hdr.68",-0.0027675
"785","ran785.hdr.69",-0.0024046
"785","ran785.hdr.7",-0.0023044
"785","ran785.hdr.70",-0.0016013
"785","ran785.hdr.71",-0.0043812
"785","ran785.hdr.72",-0.000147399999999999
"785","ran785.hdr.73",0.00030567
"785","ran785.hdr.74",-0.0003579
"785","ran785.hdr.75",-0.0011035
"785","ran785.hdr.76",-0.000818700000000002
"785","ran785.hdr.77",-0.0008547
"785","ran785.hdr.78",-0.0014428
"785","ran785.hdr.8",-0.0009067
"785","ran785.hdr.9",0.00016704
"786","ran786.hdr.1",-0.0004119
"786","ran786.hdr.10",0.00016704
"786","ran786.hdr.11",-0.00006411
"786","ran786.hdr.12",-0.000046446
"786","ran786.hdr.13",-0.000409099999999999
"786","ran786.hdr.14",-0.0001554
"786","ran786.hdr.15",-0.00010295
"786","ran786.hdr.16",-0.000212299999999999
"786","ran786.hdr.17",-0.0008164
"786","ran786.hdr.18",-0.0011179
"786","ran786.hdr.19",-0.0003494
"786","ran786.hdr.2",-0.0003713
"786","ran786.hdr.20",-0.0017312
"786","ran786.hdr.21",-0.0021765
"786","ran786.hdr.22",-0.0002906
"786","ran786.hdr.23",-0.0003254
"786","ran786.hdr.24",-0.0024132
"786","ran786.hdr.25",-0.000114
"786","ran786.hdr.26",-0.0026503
"786","ran786.hdr.27",-0.0000960500000000003
"786","ran786.hdr.28",0.000162000000000001
"786","ran786.hdr.29",-0.000207189999999999
"786","ran786.hdr.3",-0.0000321599999999998
"786","ran786.hdr.30",-0.00000733999999999978
"786","ran786.hdr.31",-0.0004084
"786","ran786.hdr.32",-0.00005437
"786","ran786.hdr.33",0.000228300000000001
"786","ran786.hdr.34",-0.0013929
"786","ran786.hdr.35",-0.000643000000000001
"786","ran786.hdr.36",-0.0010845
"786","ran786.hdr.37",-0.0000891900000000003
"786","ran786.hdr.38",-0.0049962
"786","ran786.hdr.39",-0.0000137999999999978
"786","ran786.hdr.4",-0.0048653
"786","ran786.hdr.40",-0.0023193
"786","ran786.hdr.41",-0.000409099999999999
"786","ran786.hdr.42",-0.0018523
"786","ran786.hdr.43",-0.00023755
"786","ran786.hdr.44",0.00003065
"786","ran786.hdr.45",-0.0010504
"786","ran786.hdr.46",-0.0014594
"786","ran786.hdr.47",0.000206599999999999
"786","ran786.hdr.48",0.0000946999999999996
"786","ran786.hdr.49",-0.0006496
"786","ran786.hdr.5",-0.0038016
"786","ran786.hdr.50",-0.0010275
"786","ran786.hdr.51",-0.000189699999999999
"786","ran786.hdr.52",-0.000569900000000002
"786","ran786.hdr.53",0.0000792999999999992
"786","ran786.hdr.54",-0.0000747000000000005
"786","ran786.hdr.55",-0.0014392
"786","ran786.hdr.56",-0.000137489
"786","ran786.hdr.57",-0.00015901
"786","ran786.hdr.58",-0.000421599999999999
"786","ran786.hdr.59",-0.000293069999999999
"786","ran786.hdr.6",-0.0043666
"786","ran786.hdr.61",-0.0005766
"786","ran786.hdr.62",-0.0007711
"786","ran786.hdr.63",-0.0043602
"786","ran786.hdr.64",-0.000306000000000001
"786","ran786.hdr.65",-0.0012721
"786","ran786.hdr.66",-0.0003709
"786","ran786.hdr.67",-0.0003067
"786","ran786.hdr.68",-0.00017845
"786","ran786.hdr.69",-0.001831
"786","ran786.hdr.7",-0.000223299999999999
"786","ran786.hdr.70",-0.000290670000000001
"786","ran786.hdr.71",-0.00006251
"786","ran786.hdr.72",-0.0005272
"786","ran786.hdr.73",-0.000204899999999999
"786","ran786.hdr.74",-0.000798899999999998
"786","ran786.hdr.75",-0.0011354
"786","ran786.hdr.76",-0.0002862
"786","ran786.hdr.77",-0.0020513
"786","ran786.hdr.78",-0.00288578
"786","ran786.hdr.8",-0.000393299999999999
"786","ran786.hdr.9",-0.0004828
"787","ran787.hdr.1",-0.00100715
"787","ran787.hdr.10",-0.0005524
"787","ran787.hdr.11",-0.00047554
"787","ran787.hdr.12",-0.00037651
"787","ran787.hdr.13",0.0002302
"787","ran787.hdr.14",-0.00026025
"787","ran787.hdr.15",-0.00008435
"787","ran787.hdr.16",-0.0001248
"787","ran787.hdr.17",0.000150600000000001
"787","ran787.hdr.18",-0.000291369999999999
"787","ran787.hdr.19",-0.000167799999999999
"787","ran787.hdr.2",-0.0007518
"787","ran787.hdr.20",-0.00031687
"787","ran787.hdr.21",-0.0004364
"787","ran787.hdr.22",-0.00021033
"787","ran787.hdr.23",-0.0007861
"787","ran787.hdr.24",-0.000154699999999999
"787","ran787.hdr.25",0.0000703500000000003
"787","ran787.hdr.26",-0.0019493
"787","ran787.hdr.27",-0.000149440000000001
"787","ran787.hdr.28",-0.0000890999999999999
"787","ran787.hdr.29",0.0000686800000000007
"787","ran787.hdr.3",-0.0020013
"787","ran787.hdr.30",-0.01715588
"787","ran787.hdr.31",-0.0011609
"787","ran787.hdr.32",0.0000366999999999989
"787","ran787.hdr.33",-0.0010775
"787","ran787.hdr.34",-0.000505799999999999
"787","ran787.hdr.35",-0.000429500000000003
"787","ran787.hdr.36",-0.0003316
"787","ran787.hdr.37",0.0000105999999999995
"787","ran787.hdr.38",-0.000707100000000002
"787","ran787.hdr.39",-0.0011563
"787","ran787.hdr.4",-0.0026461
"787","ran787.hdr.40",-0.000360099999999999
"787","ran787.hdr.41",-0.0010777
"787","ran787.hdr.42",-0.0000330999999999994
"787","ran787.hdr.43",0.0001256
"787","ran787.hdr.44",-0.000755800000000001
"787","ran787.hdr.45",-0.00010923
"787","ran787.hdr.46",-0.000568100000000002
"787","ran787.hdr.47",-0.00155443
"787","ran787.hdr.48",-0.0000660599999999997
"787","ran787.hdr.49",-0.000253400000000001
"787","ran787.hdr.5",-0.000233200000000003
"787","ran787.hdr.50",-0.000313409999999999
"787","ran787.hdr.52",-0.0007846
"787","ran787.hdr.53",-0.0004551
"787","ran787.hdr.54",-0.0007746
"787","ran787.hdr.55",0.000223899999999999
"787","ran787.hdr.56",-0.00133806
"787","ran787.hdr.57",-0.001222
"787","ran787.hdr.58",-0.00194603
"787","ran787.hdr.59",0.000402600000000001
"787","ran787.hdr.6",-0.0044934
"787","ran787.hdr.60",0.000199399999999999
"787","ran787.hdr.61",-0.00017845
"787","ran787.hdr.62",-0.001507
"787","ran787.hdr.63",-0.001085
"787","ran787.hdr.64",-0.00740309
"787","ran787.hdr.65",-0.000345399999999999
"787","ran787.hdr.66",-0.0013312
"787","ran787.hdr.67",-0.000949499999999999
"787","ran787.hdr.68",-0.000955899999999999
"787","ran787.hdr.69",0.0000524000000000011
"787","ran787.hdr.7",-0.0005302
"787","ran787.hdr.70",-0.0014277
"787","ran787.hdr.71",-0.000794900000000001
"787","ran787.hdr.72",-0.0006096
"787","ran787.hdr.73",-0.000578
"787","ran787.hdr.74",-0.000185000000000001
"787","ran787.hdr.75",-0.0014426
"787","ran787.hdr.76",0.0000181999999999995
"787","ran787.hdr.77",-0.0014428
"787","ran787.hdr.78",-0.00027955
"787","ran787.hdr.8",0.0000762699999999998
"787","ran787.hdr.9",-0.0002307
"788","ran788.hdr.1",-0.00021007
"788","ran788.hdr.10",-0.00061467
"788","ran788.hdr.11",-0.00018433
"788","ran788.hdr.12",-0.000701999999999999
"788","ran788.hdr.13",-0.00012632
"788","ran788.hdr.14",-0.000807199999999999
"788","ran788.hdr.15",-0.000438800000000001
"788","ran788.hdr.16",-0.0006677
"788","ran788.hdr.17",-0.0000622000000000001
"788","ran788.hdr.18",-0.0002471
"788","ran788.hdr.19",-0.0001542
"788","ran788.hdr.2",-0.0012185
"788","ran788.hdr.20",-0.0011143
"788","ran788.hdr.21",-0.000919
"788","ran788.hdr.22",-0.001596
"788","ran788.hdr.23",-0.000556399999999999
"788","ran788.hdr.24",-0.000352700000000001
"788","ran788.hdr.25",0.00004944
"788","ran788.hdr.26",0.000197699999999999
"788","ran788.hdr.27",-0.0010873
"788","ran788.hdr.28",0.00000545000000000016
"788","ran788.hdr.29",-0.0000777700000000004
"788","ran788.hdr.3",0.000132
"788","ran788.hdr.30",-0.001167
"788","ran788.hdr.31",-0.00037474
"788","ran788.hdr.32",-0.0004084
"788","ran788.hdr.33",-0.0051598
"788","ran788.hdr.34",0.000265399999999999
"788","ran788.hdr.35",-0.000428899999999999
"788","ran788.hdr.36",0.00014836
"788","ran788.hdr.37",-0.000390949999999999
"788","ran788.hdr.38",NA
"788","ran788.hdr.39",-0.000316800000000001
"788","ran788.hdr.4",-0.000373100000000001
"788","ran788.hdr.40",-0.000942499999999999
"788","ran788.hdr.41",-0.0008214
"788","ran788.hdr.42",-0.000584600000000001
"788","ran788.hdr.43",-0.0022116
"788","ran788.hdr.44",-0.0009237
"788","ran788.hdr.45",-0.00025843
"788","ran788.hdr.46",-0.0014925
"788","ran788.hdr.47",-0.000730900000000001
"788","ran788.hdr.48",-0.000917999999999999
"788","ran788.hdr.49",-0.000988299999999998
"788","ran788.hdr.5",0.0000508000000000002
"788","ran788.hdr.50",-0.0017799
"788","ran788.hdr.51",-0.000408800000000001
"788","ran788.hdr.52",0.0000833999999999991
"788","ran788.hdr.53",-0.0011173
"788","ran788.hdr.54",-0.0001172
"788","ran788.hdr.55",0.00029457
"788","ran788.hdr.56",NA
"788","ran788.hdr.57",-0.0046284
"788","ran788.hdr.58",0.000159300000000001
"788","ran788.hdr.59",0.000126360000000001
"788","ran788.hdr.6",0.0006064
"788","ran788.hdr.60",0.00053361
"788","ran788.hdr.62",-0.000540700000000002
"788","ran788.hdr.63",-0.000849699999999998
"788","ran788.hdr.64",0.000223899999999999
"788","ran788.hdr.65",-0.0014755
"788","ran788.hdr.66",-0.0007712
"788","ran788.hdr.67",-0.000596799999999998
"788","ran788.hdr.68",-0.000348800000000002
"788","ran788.hdr.69",-0.000914999999999999
"788","ran788.hdr.7",-0.0014125
"788","ran788.hdr.70",-0.0027675
"788","ran788.hdr.71",-0.000525600000000001
"788","ran788.hdr.72",0.00010167
"788","ran788.hdr.73",-0.000126299999999999
"788","ran788.hdr.74",-0.000457200000000001
"788","ran788.hdr.75",-0.0014673
"788","ran788.hdr.76",-0.0032753
"788","ran788.hdr.77",-0.0012143
"788","ran788.hdr.78",-0.0016978
"788","ran788.hdr.8",-0.00163709
"788","ran788.hdr.9",-0.000653600000000001
"789","ran789.hdr.1",-0.000203000000000002
"789","ran789.hdr.10",-0.0004586
"789","ran789.hdr.11",-0.0000983000000000008
"789","ran789.hdr.12",-0.001596
"789","ran789.hdr.13",0.00016851
"789","ran789.hdr.14",0.0002092
"789","ran789.hdr.15",-0.0011926
"789","ran789.hdr.16",-0.000714700000000002
"789","ran789.hdr.17",-0.00081971
"789","ran789.hdr.18",0.0000948100000000007
"789","ran789.hdr.19",-0.000106800000000001
"789","ran789.hdr.2",-0.000849200000000001
"789","ran789.hdr.20",0.000505200000000001
"789","ran789.hdr.21",-0.0017763
"789","ran789.hdr.22",-0.000488699999999998
"789","ran789.hdr.23",-0.0019854
"789","ran789.hdr.24",-0.000607699999999999
"789","ran789.hdr.25",-0.000250599999999998
"789","ran789.hdr.26",-0.0023487
"789","ran789.hdr.27",-0.000382
"789","ran789.hdr.28",-0.001142
"789","ran789.hdr.29",-0.00046567
"789","ran789.hdr.3",0.00026852
"789","ran789.hdr.30",0.0001451
"789","ran789.hdr.31",0.000620799999999999
"789","ran789.hdr.32",-0.000340940000000001
"789","ran789.hdr.33",-0.000643399999999999
"789","ran789.hdr.34",-0.0013524
"789","ran789.hdr.35",-0.0009237
"789","ran789.hdr.36",-0.0037192
"789","ran789.hdr.37",-0.0016634
"789","ran789.hdr.38",-0.000917999999999999
"789","ran789.hdr.39",-0.0073875
"789","ran789.hdr.4",-0.0000849000000000006
"789","ran789.hdr.40",-0.0027946
"789","ran789.hdr.41",-0.0003643
"789","ran789.hdr.42",-0.000392
"789","ran789.hdr.43",-0.000408800000000001
"789","ran789.hdr.44",-0.0000328000000000004
"789","ran789.hdr.45",-0.0003459
"789","ran789.hdr.46",0.00023711
"789","ran789.hdr.47",0.00038056
"789","ran789.hdr.48",0.0000959300000000001
"789","ran789.hdr.49",-0.00029187
"789","ran789.hdr.5",-0.0003003
"789","ran789.hdr.50",-0.00057659
"789","ran789.hdr.51",-0.000510450000000001
"789","ran789.hdr.52",0.000215399
"789","ran789.hdr.53",0.0000326900000000001
"789","ran789.hdr.54",0.0000771000000000001
"789","ran789.hdr.55",0.00005185
"789","ran789.hdr.56",-0.0004198
"789","ran789.hdr.57",-0.0001099
"789","ran789.hdr.58",-0.000824100000000001
"789","ran789.hdr.59",-0.000518599999999999
"789","ran789.hdr.6",-0.000128
"789","ran789.hdr.60",-0.0003231
"789","ran789.hdr.61",-0.0029365
"789","ran789.hdr.62",-0.0044594
"789","ran789.hdr.63",-0.000348800000000002
"789","ran789.hdr.64",-0.0035597
"789","ran789.hdr.65",-0.0006041
"789","ran789.hdr.66",-0.000376000000000001
"789","ran789.hdr.67",-0.001084
"789","ran789.hdr.68",-0.001085
"789","ran789.hdr.69",-0.00672884
"789","ran789.hdr.7",-0.000602800000000001
"789","ran789.hdr.70",-0.0046587
"789","ran789.hdr.71",-0.000700800000000001
"789","ran789.hdr.72",-0.000316540000000001
"789","ran789.hdr.73",-0.0012665
"789","ran789.hdr.74",0.000326549999999999
"789","ran789.hdr.75",-0.000179259999999999
"789","ran789.hdr.76",-0.0014309
"789","ran789.hdr.77",-0.00050556
"789","ran789.hdr.78",-0.0014855
"789","ran789.hdr.8",-0.000554099999999998
"789","ran789.hdr.9",0.000321200000000001
"790","ran790.hdr.1",-0.0023043
"790","ran790.hdr.10",-0.00066134
"790","ran790.hdr.11",-0.0000232874
"790","ran790.hdr.12",-0.000419360000000001
"790","ran790.hdr.13",-0.00047623
"790","ran790.hdr.14",-0.000216849999999999
"790","ran790.hdr.15",-0.0010596
"790","ran790.hdr.16",0.0001315
"790","ran790.hdr.17",-0.0005968
"790","ran790.hdr.18",-0.000911199999999997
"790","ran790.hdr.19",0.000339799999999999
"790","ran790.hdr.2",-0.00000823000000000056
"790","ran790.hdr.20",-0.00049628
"790","ran790.hdr.21",-0.0013228
"790","ran790.hdr.22",-0.000111799999999999
"790","ran790.hdr.23",-0.000438299999999999
"790","ran790.hdr.24",-0.0003237
"790","ran790.hdr.25",-0.000110299999999999
"790","ran790.hdr.26",0.000365939999999999
"790","ran790.hdr.27",0.000386200000000001
"790","ran790.hdr.28",-0.0113291
"790","ran790.hdr.29",-0.0000626000000000012
"790","ran790.hdr.3",-0.000184100000000001
"790","ran790.hdr.30",-0.00130484
"790","ran790.hdr.31",-0.000397399999999999
"790","ran790.hdr.32",-0.000607699999999999
"790","ran790.hdr.33",-0.0023193
"790","ran790.hdr.34",-0.0000392999999999991
"790","ran790.hdr.35",-0.000687
"790","ran790.hdr.36",-0.000505799999999999
"790","ran790.hdr.37",0.0000929999999999993
"790","ran790.hdr.38",-0.0001264
"790","ran790.hdr.39",-0.0011573
"790","ran790.hdr.4",-0.00163709
"790","ran790.hdr.40",0.0000540300000000001
"790","ran790.hdr.41",0.000377580000000001
"790","ran790.hdr.42",-0.0071472
"790","ran790.hdr.43",-0.0000371
"790","ran790.hdr.44",0.0000683999999999997
"790","ran790.hdr.45",-0.0000128000000000003
"790","ran790.hdr.46",-0.0003459
"790","ran790.hdr.47",-0.000315939999999999
"790","ran790.hdr.48",-0.0010598
"790","ran790.hdr.49",-0.0013068
"790","ran790.hdr.5",-0.00059801
"790","ran790.hdr.50",0.0000326900000000001
"790","ran790.hdr.51",-0.0001172
"790","ran790.hdr.52",-0.000456100000000001
"790","ran790.hdr.53",-0.000652820000000001
"790","ran790.hdr.54",-0.000932299999999999
"790","ran790.hdr.55",-0.0046284
"790","ran790.hdr.56",-0.00047522
"790","ran790.hdr.58",-0.00023275
"790","ran790.hdr.59",-0.0043657
"790","ran790.hdr.6",-0.0005302
"790","ran790.hdr.60",-0.0004551
"790","ran790.hdr.61",-0.000694199999999999
"790","ran790.hdr.62",-0.000595
"790","ran790.hdr.63",NA
"790","ran790.hdr.64",-0.0000291000000000007
"790","ran790.hdr.65",-0.0007712
"790","ran790.hdr.66",-0.000124800000000001
"790","ran790.hdr.67",-0.000404369999999999
"790","ran790.hdr.68",-0.000187199999999998
"790","ran790.hdr.69",-0.00203165
"790","ran790.hdr.7",-0.000422980000000001
"790","ran790.hdr.70",-0.000589600000000003
"790","ran790.hdr.71",-0.00000250000000000077
"790","ran790.hdr.72",0.000268299999999999
"790","ran790.hdr.73",-0.000794900000000001
"790","ran790.hdr.74",-0.0001025
"790","ran790.hdr.75",-0.0005561
"790","ran790.hdr.76",-0.0023484
"790","ran790.hdr.77",-0.0011873
"790","ran790.hdr.78",0.0002778
"790","ran790.hdr.8",-0.000507480000000001
"790","ran790.hdr.9",-0.000602800000000001
"791","ran791.hdr.1",-0.0000470800000000006
"791","ran791.hdr.10",-0.000409400000000001
"791","ran791.hdr.11",-0.00041618
"791","ran791.hdr.12",-0.00045021
"791","ran791.hdr.13",-0.000217070000000001
"791","ran791.hdr.14",-0.0000950400000000011
"791","ran791.hdr.15",-0.000409099999999999
"791","ran791.hdr.16",0.00007186
"791","ran791.hdr.17",-0.0011143
"791","ran791.hdr.18",-0.00050998
"791","ran791.hdr.19",-0.00032312
"791","ran791.hdr.2",-0.000220599999999998
"791","ran791.hdr.20",-0.000336900000000001
"791","ran791.hdr.21",-0.000919
"791","ran791.hdr.22",-0.000696759999999999
"791","ran791.hdr.23",0.000197699999999999
"791","ran791.hdr.24",-0.000616499999999999
"791","ran791.hdr.25",-0.000013599999999999
"791","ran791.hdr.26",-0.0000766700000000009
"791","ran791.hdr.27",-0.000576
"791","ran791.hdr.28",0.0000672999999999993
"791","ran791.hdr.29",-0.000212320000000001
"791","ran791.hdr.3",0.000177399999999999
"791","ran791.hdr.30",-0.00020409
"791","ran791.hdr.31",-0.000258899999999999
"791","ran791.hdr.32",-0.0011573
"791","ran791.hdr.33",-0.000735299999999998
"791","ran791.hdr.34",0.000166100000000001
"791","ran791.hdr.35",-0.0001828
"791","ran791.hdr.36",-0.000627829999999999
"791","ran791.hdr.37",-0.000316800000000001
"791","ran791.hdr.38",0.0001796
"791","ran791.hdr.39",0.0001554
"791","ran791.hdr.4",0.0000508000000000002
"791","ran791.hdr.40",-0.0011
"791","ran791.hdr.41",-0.00037394
"791","ran791.hdr.42",-0.00013712
"791","ran791.hdr.43",-0.000207300000000001
"791","ran791.hdr.44",-0.00018774
"791","ran791.hdr.45",-0.000733699999999999
"791","ran791.hdr.46",0.0004708
"791","ran791.hdr.47",-0.000228000000000001
"791","ran791.hdr.48",-0.000315939999999999
"791","ran791.hdr.49",-0.00384145
"791","ran791.hdr.5",0.000534730000000001
"791","ran791.hdr.50",-0.0004037
"791","ran791.hdr.51",-0.000643990000000001
"791","ran791.hdr.52",-0.0000134699999999998
"791","ran791.hdr.53",-0.0004577
"791","ran791.hdr.54",-0.000270960000000001
"791","ran791.hdr.55",-0.000313299999999999
"791","ran791.hdr.56",0.0000941399999999995
"791","ran791.hdr.57",-0.000934999999999998
"791","ran791.hdr.58",-0.0010529
"791","ran791.hdr.59",-0.0001548
"791","ran791.hdr.6",-0.0001004
"791","ran791.hdr.60",-0.00016248
"791","ran791.hdr.61",-0.0011457
"791","ran791.hdr.62",0.0001358
"791","ran791.hdr.63",-0.0007712
"791","ran791.hdr.64",-0.0000215000000000007
"791","ran791.hdr.65",-0.0012721
"791","ran791.hdr.66",-0.0003059
"791","ran791.hdr.67",-0.000959399999999999
"791","ran791.hdr.68",-0.000382200000000003
"791","ran791.hdr.69",-0.0000420399999999999
"791","ran791.hdr.7",0.0000215299999999996
"791","ran791.hdr.70",-0.000093939999999999
"791","ran791.hdr.71",-0.002342
"791","ran791.hdr.72",-0.0003147
"791","ran791.hdr.73",-0.000039273
"791","ran791.hdr.74",-0.000283
"791","ran791.hdr.75",-0.000137399999999999
"791","ran791.hdr.76",-0.000302699999999999
"791","ran791.hdr.77",-0.000818700000000002
"791","ran791.hdr.78",-0.0018985
"791","ran791.hdr.8",-0.0000849000000000006
"791","ran791.hdr.9",-0.0003059
"792","ran792.hdr.1",-0.0013435
"792","ran792.hdr.10",0.00000611000000000014
"792","ran792.hdr.11",-0.0000801099999999996
"792","ran792.hdr.12",-0.0000844999999999995
"792","ran792.hdr.13",-0.0000542299999999997
"792","ran792.hdr.14",0.0002609
"792","ran792.hdr.15",-0.0013508
"792","ran792.hdr.16",-0.0000712300000000003
"792","ran792.hdr.17",-0.0008974
"792","ran792.hdr.18",0.0000490999999999998
"792","ran792.hdr.19",-0.0005795
"792","ran792.hdr.2",-0.0016743
"792","ran792.hdr.20",-0.000371099999999999
"792","ran792.hdr.21",-0.00015474
"792","ran792.hdr.22",-0.000714700000000002
"792","ran792.hdr.23",-0.0013929
"792","ran792.hdr.24",-0.0002664
"792","ran792.hdr.25",-0.00180704
"792","ran792.hdr.26",0.000310900000000001
"792","ran792.hdr.27",-0.000498499999999999
"792","ran792.hdr.28",-0.000548
"792","ran792.hdr.29",-0.0000392999999999991
"792","ran792.hdr.3",-0.0008068
"792","ran792.hdr.30",-0.0000881999999999966
"792","ran792.hdr.31",-0.001022
"792","ran792.hdr.32",-0.000423400000000001
"792","ran792.hdr.33",0.0000849600000000002
"792","ran792.hdr.34",-0.000041641
"792","ran792.hdr.35",-0.00035637
"792","ran792.hdr.36",-0.000307
"792","ran792.hdr.37",-0.0021188
"792","ran792.hdr.38",-0.000773600000000003
"792","ran792.hdr.39",-0.0011277
"792","ran792.hdr.4",-0.0002056
"792","ran792.hdr.40",-0.000565699999999999
"792","ran792.hdr.41",-0.0003967
"792","ran792.hdr.42",-0.00011256
"792","ran792.hdr.43",-0.0017799
"792","ran792.hdr.44",-0.000879130000000001
"792","ran792.hdr.45",0.00018271
"792","ran792.hdr.46",-0.000268079999999999
"792","ran792.hdr.47",-0.000578199999999999
"792","ran792.hdr.48",-0.0010844
"792","ran792.hdr.5",-0.000226799999999999
"792","ran792.hdr.50",-0.000492100000000002
"792","ran792.hdr.51",-0.00029748
"792","ran792.hdr.52",0.000172299999999998
"792","ran792.hdr.53",-0.0004551
"792","ran792.hdr.54",-0.000262800000000001
"792","ran792.hdr.55",-0.00038507
"792","ran792.hdr.56",-0.00133806
"792","ran792.hdr.57",-0.000746799999999999
"792","ran792.hdr.58",-0.0011268
"792","ran792.hdr.59",-0.0005466
"792","ran792.hdr.6",0.0000212699999999994
"792","ran792.hdr.60",-0.0017715
"792","ran792.hdr.61",-0.0011074
"792","ran792.hdr.62",-0.0003435
"792","ran792.hdr.63",-0.0015961
"792","ran792.hdr.64",-0.000376000000000001
"792","ran792.hdr.65",-0.000170999999999999
"792","ran792.hdr.66",-0.0003865
"792","ran792.hdr.67",-0.0015774
"792","ran792.hdr.68",-0.000949499999999999
"792","ran792.hdr.69",NA
"792","ran792.hdr.7",-0.000229759999999999
"792","ran792.hdr.70",-0.000276200000000001
"792","ran792.hdr.71",-0.00059999
"792","ran792.hdr.72",-0.0016673
"792","ran792.hdr.73",-0.0005033
"792","ran792.hdr.74",0.0000365999999999995
"792","ran792.hdr.75",-0.0009751
"792","ran792.hdr.76",-0.000606100000000002
"792","ran792.hdr.77",-0.000548699999999999
"792","ran792.hdr.78",-0.0006976
"792","ran792.hdr.8",-0.000195721
"792","ran792.hdr.9",-0.0009067
"793","ran793.hdr.1",0.000461199999999998
"793","ran793.hdr.10",0.00058855
"793","ran793.hdr.11",-0.0011219
"793","ran793.hdr.12",-0.000401799999999999
"793","ran793.hdr.13",-0.0001755
"793","ran793.hdr.14",-0.0011143
"793","ran793.hdr.15",-0.0000649700000000001
"793","ran793.hdr.16",-0.0001779
"793","ran793.hdr.17",-0.0001177
"793","ran793.hdr.18",-0.000136245
"793","ran793.hdr.19",-0.0013259
"793","ran793.hdr.2",-0.0016743
"793","ran793.hdr.20",-0.000397499999999999
"793","ran793.hdr.21",-0.0033496
"793","ran793.hdr.22",-0.0012838
"793","ran793.hdr.23",-0.000042361
"793","ran793.hdr.24",-0.000288400000000001
"793","ran793.hdr.25",-0.00032068
"793","ran793.hdr.26",-0.000810099999999998
"793","ran793.hdr.27",-0.0006865
"793","ran793.hdr.28",-0.00043048
"793","ran793.hdr.29",-0.000277900000000001
"793","ran793.hdr.3",0.0000670000000000011
"793","ran793.hdr.30",-0.000336700000000001
"793","ran793.hdr.31",-0.000148799999999999
"793","ran793.hdr.32",-0.000234649999999999
"793","ran793.hdr.33",-0.00018809
"793","ran793.hdr.34",0.0000134599999999999
"793","ran793.hdr.35",0.000035033
"793","ran793.hdr.36",-0.0013244
"793","ran793.hdr.37",-0.000844900000000001
"793","ran793.hdr.38",-0.0013224
"793","ran793.hdr.39",-0.000395299999999999
"793","ran793.hdr.4",-0.00449763
"793","ran793.hdr.40",-0.0034946
"793","ran793.hdr.41",0.0000463000000000009
"793","ran793.hdr.42",-0.0006228
"793","ran793.hdr.43",0.000104199999999999
"793","ran793.hdr.44",0.00008551
"793","ran793.hdr.45",0.0006941
"793","ran793.hdr.46",-0.000463499999999999
"793","ran793.hdr.47",-0.000419800000000001
"793","ran793.hdr.48",-0.0022116
"793","ran793.hdr.49",-0.0004679
"793","ran793.hdr.5",0.0000508000000000002
"793","ran793.hdr.50",-0.000571099999999998
"793","ran793.hdr.51",-0.000569999999999999
"793","ran793.hdr.52",-0.001747
"793","ran793.hdr.53",-0.000026974
"793","ran793.hdr.54",-0.0015836
"793","ran793.hdr.55",-0.00014185
"793","ran793.hdr.56",-0.000129839
"793","ran793.hdr.57",-0.00021661
"793","ran793.hdr.58",0.0000388099999999998
"793","ran793.hdr.59",-0.0072374
"793","ran793.hdr.6",-0.0053473
"793","ran793.hdr.60",-0.000434999999999998
"793","ran793.hdr.61",-0.0000833800000000001
"793","ran793.hdr.62",-0.00025195
"793","ran793.hdr.63",-0.00035154
"793","ran793.hdr.64",0.0000941399999999995
"793","ran793.hdr.66",-0.0000834000000000008
"793","ran793.hdr.67",-0.000728099999999999
"793","ran793.hdr.68",-0.0107924
"793","ran793.hdr.69",-0.0038969
"793","ran793.hdr.7",-0.00039892
"793","ran793.hdr.70",0.000119899999999999
"793","ran793.hdr.71",-0.0016152
"793","ran793.hdr.72",-0.0003058
"793","ran793.hdr.73",-0.0010769
"793","ran793.hdr.74",-0.0013741
"793","ran793.hdr.75",-0.0011354
"793","ran793.hdr.76",-0.0014309
"793","ran793.hdr.77",-0.0016949
"793","ran793.hdr.78",0.000203477
"793","ran793.hdr.8",0.0000280100000000002
"793","ran793.hdr.9",-0.000223299999999999
"794","ran794.hdr.1",-0.000740699999999999
"794","ran794.hdr.10",-0.00037709
"794","ran794.hdr.11",-0.000911199999999997
"794","ran794.hdr.12",-0.0011929
"794","ran794.hdr.13",-0.000516000000000001
"794","ran794.hdr.14",-0.0008164
"794","ran794.hdr.15",-0.000840899999999999
"794","ran794.hdr.16",-0.000432999999999999
"794","ran794.hdr.17",-0.000370000000000001
"794","ran794.hdr.18",-0.00045882
"794","ran794.hdr.19",-0.0015342
"794","ran794.hdr.2",0.0002001
"794","ran794.hdr.20",-0.0011853
"794","ran794.hdr.21",-0.000695099999999999
"794","ran794.hdr.22",-0.0000783900000000002
"794","ran794.hdr.23",-0.000429799999999999
"794","ran794.hdr.24",-0.000281900000000001
"794","ran794.hdr.25",-0.000232900000000001
"794","ran794.hdr.26",-0.00060842
"794","ran794.hdr.27",-0.00000733999999999978
"794","ran794.hdr.28",-0.0000208400000000003
"794","ran794.hdr.29",-0.0050666
"794","ran794.hdr.3",-0.0035328
"794","ran794.hdr.30",-0.0005206
"794","ran794.hdr.31",-0.0017371
"794","ran794.hdr.32",-0.0018962
"794","ran794.hdr.33",-0.00018951
"794","ran794.hdr.34",-0.0001545
"794","ran794.hdr.35",-0.001126
"794","ran794.hdr.36",-0.0006228
"794","ran794.hdr.37",-0.00053977
"794","ran794.hdr.38",0.0000105999999999995
"794","ran794.hdr.39",0.00004965
"794","ran794.hdr.4",-0.0056785
"794","ran794.hdr.40",-0.0008371
"794","ran794.hdr.41",-0.000259000000000002
"794","ran794.hdr.42",-0.000776499999999999
"794","ran794.hdr.43",-0.0002693
"794","ran794.hdr.44",-0.0047786
"794","ran794.hdr.45",-0.00206522
"794","ran794.hdr.46",0.00011506
"794","ran794.hdr.47",-0.0000955000000000001
"794","ran794.hdr.48",-0.000421599999999999
"794","ran794.hdr.49",-0.000193329999999999
"794","ran794.hdr.5",-0.00056552
"794","ran794.hdr.50",-0.000242100000000002
"794","ran794.hdr.51",-0.0018888
"794","ran794.hdr.52",-0.000580600000000001
"794","ran794.hdr.53",0.0005845
"794","ran794.hdr.54",-0.0003461
"794","ran794.hdr.55",-0.001971
"794","ran794.hdr.56",-0.000324099999999999
"794","ran794.hdr.57",-0.0002284
"794","ran794.hdr.58",-0.0003059
"794","ran794.hdr.59",-0.0005679
"794","ran794.hdr.6",-0.000461899999999998
"794","ran794.hdr.60",-0.0004148
"794","ran794.hdr.61",-0.000681889999999999
"794","ran794.hdr.62",-0.00672884
"794","ran794.hdr.63",0.0000832999999999997
"794","ran794.hdr.64",-0.0043812
"794","ran794.hdr.65",-0.000316540000000001
"794","ran794.hdr.66",NA
"794","ran794.hdr.67",-0.0006002
"794","ran794.hdr.68",0.0000821000000000016
"794","ran794.hdr.69",-0.0013232
"794","ran794.hdr.7",-0.0016948
"794","ran794.hdr.70",-0.0012012
"794","ran794.hdr.71",-0.0011035
"794","ran794.hdr.72",0.000299700000000002
"794","ran794.hdr.73",-0.0012473
"794","ran794.hdr.74",-0.0018985
"794","ran794.hdr.75",-0.000692410000000001
"794","ran794.hdr.76",-0.0018567
"794","ran794.hdr.77",0.00113068
"794","ran794.hdr.78",0.000196698
"794","ran794.hdr.8",0.0000191700000000006
"794","ran794.hdr.9",-0.000561900000000001
"795","ran795.hdr.1",-0.0011152
"795","ran795.hdr.10",0.000400569999999999
"795","ran795.hdr.11",-0.00038213
"795","ran795.hdr.12",0.00045414
"795","ran795.hdr.13",-0.0000844999999999995
"795","ran795.hdr.14",-0.000129899999999999
"795","ran795.hdr.15",-0.0011481
"795","ran795.hdr.16",-0.00071959
"795","ran795.hdr.17",-0.00049628
"795","ran795.hdr.18",-0.0017655
"795","ran795.hdr.19",-0.00045882
"795","ran795.hdr.2",-0.000366200000000001
"795","ran795.hdr.20",-0.000288400000000001
"795","ran795.hdr.21",-0.0003961
"795","ran795.hdr.22",-0.000379999999999998
"795","ran795.hdr.23",-0.00019286
"795","ran795.hdr.24",-0.00007594
"795","ran795.hdr.25",-0.000311800000000001
"795","ran795.hdr.26",-0.000347700000000001
"795","ran795.hdr.27",-0.000759340000000001
"795","ran795.hdr.28",-0.00141581
"795","ran795.hdr.29",0.00005104
"795","ran795.hdr.3",-0.0014413
"795","ran795.hdr.30",-0.000383960000000001
"795","ran795.hdr.31",0.00051959
"795","ran795.hdr.32",-0.000875799999999999
"795","ran795.hdr.33",-0.000469900000000001
"795","ran795.hdr.34",-0.00106
"795","ran795.hdr.35",-0.000276169999999999
"795","ran795.hdr.36",-0.0001545
"795","ran795.hdr.37",0.0000905000000000001
"795","ran795.hdr.38",-0.000399060000000001
"795","ran795.hdr.39",-0.000247900000000001
"795","ran795.hdr.4",0.000220700000000001
"795","ran795.hdr.40",-0.0003937
"795","ran795.hdr.41",-0.0010775
"795","ran795.hdr.42",-0.000291899999999999
"795","ran795.hdr.43",-0.000488300000000001
"795","ran795.hdr.44",-0.0010202
"795","ran795.hdr.45",0.0000336799999999999
"795","ran795.hdr.46",-0.0010598
"795","ran795.hdr.47",-0.000765099999999998
"795","ran795.hdr.48",-0.000456179999999999
"795","ran795.hdr.49",0.000217499999999999
"795","ran795.hdr.5",0.000177399999999999
"795","ran795.hdr.50",0.0003412
"795","ran795.hdr.51",0.0000326900000000001
"795","ran795.hdr.52",0.0000789999999999992
"795","ran795.hdr.53",-0.0040008
"795","ran795.hdr.55",-0.000162300000000001
"795","ran795.hdr.56",-0.000271219999999999
"795","ran795.hdr.57",0.0001806
"795","ran795.hdr.58",-0.0013104
"795","ran795.hdr.59",-0.0000748000000000016
"795","ran795.hdr.6",0.000346200000000001
"795","ran795.hdr.60",0.000366500000000001
"795","ran795.hdr.61",0.0000988399999999993
"795","ran795.hdr.62",-0.000477
"795","ran795.hdr.63",-0.0029365
"795","ran795.hdr.64",-0.0016226
"795","ran795.hdr.65",0.000230500000000002
"795","ran795.hdr.66",-0.0035597
"795","ran795.hdr.67",-0.000154400000000002
"795","ran795.hdr.68",-0.000420499999999999
"795","ran795.hdr.69",-0.0011256
"795","ran795.hdr.7",-0.0038288
"795","ran795.hdr.70",-0.0002646
"795","ran795.hdr.71",-0.0012556
"795","ran795.hdr.72",0.000323400000000001
"795","ran795.hdr.73",-0.000436499999999999
"795","ran795.hdr.74",-0.000432600000000002
"795","ran795.hdr.75",0.00015336
"795","ran795.hdr.76",-0.0027169
"795","ran795.hdr.77",-0.0015872
"795","ran795.hdr.78",-0.001383
"795","ran795.hdr.8",0.000234499999999999
"795","ran795.hdr.9",-0.0015386
"796","ran796.hdr.1",-0.000175400000000001
"796","ran796.hdr.10",-0.0045035
"796","ran796.hdr.11",-0.00033059
"796","ran796.hdr.12",-0.00071284
"796","ran796.hdr.13",-0.0006119
"796","ran796.hdr.14",-0.000428030000000001
"796","ran796.hdr.15",0.0000613000000000002
"796","ran796.hdr.16",-0.000598200000000001
"796","ran796.hdr.17",-0.000198540000000001
"796","ran796.hdr.18",-0.000209500000000001
"796","ran796.hdr.19",-0.00038553
"796","ran796.hdr.2",-0.0006076
"796","ran796.hdr.20",-0.000554099999999998
"796","ran796.hdr.21",-0.000515700000000001
"796","ran796.hdr.22",-0.0006385
"796","ran796.hdr.23",-0.00049628
"796","ran796.hdr.24",-0.000356
"796","ran796.hdr.25",-0.0005666
"796","ran796.hdr.26",-0.000257800000000001
"796","ran796.hdr.27",0.0000547099999999999
"796","ran796.hdr.28",-0.0001654
"796","ran796.hdr.29",0.00013487
"796","ran796.hdr.3",-0.0023191
"796","ran796.hdr.30",-0.0007861
"796","ran796.hdr.31",-0.00291982
"796","ran796.hdr.32",-0.000249299999999999
"796","ran796.hdr.33",-0.000112000000000001
"796","ran796.hdr.34",-0.0002813
"796","ran796.hdr.35",0.00024554
"796","ran796.hdr.36",0.0000111
"796","ran796.hdr.37",-0.00018774
"796","ran796.hdr.38",-0.000155240000000001
"796","ran796.hdr.39",-0.0000960000000000023
"796","ran796.hdr.4",0.0000508000000000002
"796","ran796.hdr.40",-0.0028198
"796","ran796.hdr.41",-0.00350844
"796","ran796.hdr.42",-0.000176700000000002
"796","ran796.hdr.43",-0.0000523299999999997
"796","ran796.hdr.44",-0.00023755
"796","ran796.hdr.45",-0.000623100000000001
"796","ran796.hdr.46",-0.0001115
"796","ran796.hdr.47",-0.000617899999999998
"796","ran796.hdr.48",-0.0000212000000000025
"796","ran796.hdr.49",-0.000638400000000001
"796","ran796.hdr.5",-0.0001004
"796","ran796.hdr.50",0.0000540300000000001
"796","ran796.hdr.51",-0.00017526
"796","ran796.hdr.52",-0.0006786
"796","ran796.hdr.53",-0.000735
"796","ran796.hdr.54",-0.0033085
"796","ran796.hdr.55",-0.0028342
"796","ran796.hdr.56",-0.000334300000000001
"796","ran796.hdr.57",-0.0000649399999999994
"796","ran796.hdr.58",-0.0003938
"796","ran796.hdr.59",-0.000343609999999999
"796","ran796.hdr.6",-0.00120107
"796","ran796.hdr.60",0.0000959300000000001
"796","ran796.hdr.61",-0.00166777
"796","ran796.hdr.62",-0.000175950000000001
"796","ran796.hdr.63",-0.000137699999999999
"796","ran796.hdr.64",0.0002778
"796","ran796.hdr.65",-0.000595
"796","ran796.hdr.66",-0.000404369999999999
"796","ran796.hdr.67",-0.000219229999999999
"796","ran796.hdr.68",-0.001084
"796","ran796.hdr.69",-0.0005761
"796","ran796.hdr.7",-0.0033457
"796","ran796.hdr.70",0.00000899999999999859
"796","ran796.hdr.71",0.000337199999999999
"796","ran796.hdr.72",-0.0008768
"796","ran796.hdr.73",-0.0008746
"796","ran796.hdr.74",-0.000586100000000003
"796","ran796.hdr.75",-0.0011354
"796","ran796.hdr.76",-0.0011873
"796","ran796.hdr.77",-0.000692399999999999
"796","ran796.hdr.78",-0.001318
"796","ran796.hdr.8",-0.0049685
"796","ran796.hdr.9",NA
"797","ran797.hdr.1",0.0001262
"797","ran797.hdr.10",0.000283200000000001
"797","ran797.hdr.11",-0.0007343
"797","ran797.hdr.12",-0.000713499999999999
"797","ran797.hdr.13",-0.000359400000000001
"797","ran797.hdr.14",-0.000657
"797","ran797.hdr.15",-0.000364
"797","ran797.hdr.16",-0.000356
"797","ran797.hdr.17",-0.0011183
"797","ran797.hdr.18",-0.0001443
"797","ran797.hdr.19",-0.0000704
"797","ran797.hdr.2",-0.0012185
"797","ran797.hdr.20",-0.000515720000000001
"797","ran797.hdr.21",-0.0019493
"797","ran797.hdr.22",-0.00046126
"797","ran797.hdr.23",-0.00009449
"797","ran797.hdr.24",-0.0107692
"797","ran797.hdr.25",-0.0017024
"797","ran797.hdr.26",-0.0000663499999999997
"797","ran797.hdr.27",0.000504300000000003
"797","ran797.hdr.28",-0.0007116
"797","ran797.hdr.29",-0.001126
"797","ran797.hdr.3",-0.0011965
"797","ran797.hdr.30",-0.000332000000000001
"797","ran797.hdr.31",0.0001042
"797","ran797.hdr.32",0.000104199999999999
"797","ran797.hdr.33",-0.0015749
"797","ran797.hdr.34",-0.0011
"797","ran797.hdr.35",-0.00037394
"797","ran797.hdr.36",-0.0000286999999999996
"797","ran797.hdr.37",-0.0011563
"797","ran797.hdr.38",-0.000379500000000001
"797","ran797.hdr.39",-0.0022656
"797","ran797.hdr.4",-0.002115
"797","ran797.hdr.40",-0.0017191
"797","ran797.hdr.41",-0.0000750999999999981
"797","ran797.hdr.42",-0.000917999999999999
"797","ran797.hdr.43",-0.0022371
"797","ran797.hdr.44",0.00002906
"797","ran797.hdr.45",-0.00005857
"797","ran797.hdr.46",-0.000198799999999999
"797","ran797.hdr.47",-0.0011337
"797","ran797.hdr.48",-0.000764300000000002
"797","ran797.hdr.49",-0.0000202000000000015
"797","ran797.hdr.5",-0.000311479999999999
"797","ran797.hdr.50",0.00029457
"797","ran797.hdr.51",-0.00016505
"797","ran797.hdr.52",-0.0003331
"797","ran797.hdr.53",-0.0010844
"797","ran797.hdr.55",-0.0001829
"797","ran797.hdr.56",-0.000588982
"797","ran797.hdr.57",-0.0004551
"797","ran797.hdr.58",0.000351000000000001
"797","ran797.hdr.59",0.000166699999999999
"797","ran797.hdr.6",-0.003143
"797","ran797.hdr.60",-0.000617400000000001
"797","ran797.hdr.61",-0.000420900000000002
"797","ran797.hdr.62",0.0001516
"797","ran797.hdr.63",-0.000103800000000001
"797","ran797.hdr.64",-0.000933400000000001
"797","ran797.hdr.65",-0.0005982
"797","ran797.hdr.66",-0.0021688
"797","ran797.hdr.67",-0.000889800000000001
"797","ran797.hdr.68",-0.0010098
"797","ran797.hdr.69",-0.000243999999999999
"797","ran797.hdr.7",-0.0066937
"797","ran797.hdr.70",-0.000386900000000003
"797","ran797.hdr.71",0.0004232
"797","ran797.hdr.72",-0.0020758
"797","ran797.hdr.73",-0.0064447
"797","ran797.hdr.74",-0.000584000000000001
"797","ran797.hdr.75",-0.0018567
"797","ran797.hdr.76",-0.0006976
"797","ran797.hdr.77",-0.0001776
"797","ran797.hdr.78",-0.000776900000000001
"797","ran797.hdr.8",-0.00062661
"797","ran797.hdr.9",-0.0000446999999999999
"798","ran798.hdr.1",-0.000451700000000001
"798","ran798.hdr.10",-0.0003359
"798","ran798.hdr.11",0.000201669999999999
"798","ran798.hdr.12",-0.000458999999999999
"798","ran798.hdr.13",0.00036382
"798","ran798.hdr.14",-0.0000347999999999998
"798","ran798.hdr.15",-0.0000713600000000003
"798","ran798.hdr.16",-0.000653000000000001
"798","ran798.hdr.17",-0.000438800000000001
"798","ran798.hdr.18",-0.000725689999999999
"798","ran798.hdr.19",-0.0000269599999999999
"798","ran798.hdr.2",-0.000115250000000001
"798","ran798.hdr.20",-0.00061751
"798","ran798.hdr.21",-0.0000983000000000008
"798","ran798.hdr.22",-0.000727600000000002
"798","ran798.hdr.23",-0.000184699999999999
"798","ran798.hdr.24",-0.000612299999999998
"798","ran798.hdr.25",-0.0014586
"798","ran798.hdr.26",-0.000595100000000001
"798","ran798.hdr.27",-0.00007594
"798","ran798.hdr.28",-0.0030857
"798","ran798.hdr.29",-0.0067609
"798","ran798.hdr.3",-0.0000470800000000006
"798","ran798.hdr.30",-0.0000722500000000003
"798","ran798.hdr.31",-0.00000923999999999999
"798","ran798.hdr.32",-0.0010791
"798","ran798.hdr.33",-0.00033577
"798","ran798.hdr.34",-0.000875799999999999
"798","ran798.hdr.35",-0.0035614
"798","ran798.hdr.36",-0.000962000000000001
"798","ran798.hdr.37",0.000114
"798","ran798.hdr.38",-0.00510713
"798","ran798.hdr.39",-0.0002734
"798","ran798.hdr.4",-0.00119054
"798","ran798.hdr.40",-0.0006558
"798","ran798.hdr.41",-0.000135
"798","ran798.hdr.42",-0.000285400000000002
"798","ran798.hdr.43",0.000214299999999999
"798","ran798.hdr.44",-0.0016634
"798","ran798.hdr.45",-0.000512
"798","ran798.hdr.46",-0.0000446000000000005
"798","ran798.hdr.47",-0.0015911
"798","ran798.hdr.48",-0.001384
"798","ran798.hdr.49",-0.000392399999999999
"798","ran798.hdr.5",-0.000149890000000001
"798","ran798.hdr.50",0.000012144
"798","ran798.hdr.51",-0.000473700000000001
"798","ran798.hdr.52",0.00010489
"798","ran798.hdr.53",-0.0001373
"798","ran798.hdr.54",-0.0005736
"798","ran798.hdr.55",0.00008457
"798","ran798.hdr.56",-0.000217699999999999
"798","ran798.hdr.57",0.000032840000000001
"798","ran798.hdr.6",-0.0015345
"798","ran798.hdr.60",-0.000492100000000002
"798","ran798.hdr.61",0.000502859999999999
"798","ran798.hdr.62",-0.0008541
"798","ran798.hdr.63",-0.000675199999999997
"798","ran798.hdr.64",0.000487100000000001
"798","ran798.hdr.65",-0.000350800000000002
"798","ran798.hdr.66",-0.00222635
"798","ran798.hdr.67",-0.0003709
"798","ran798.hdr.68",-0.0001876
"798","ran798.hdr.69",-0.000480599999999998
"798","ran798.hdr.7",-0.0052846
"798","ran798.hdr.70",-0.0003067
"798","ran798.hdr.71",-0.0010849
"798","ran798.hdr.72",-0.0028829
"798","ran798.hdr.73",-0.000870200000000002
"798","ran798.hdr.74",0.000659
"798","ran798.hdr.75",-0.000649899999999998
"798","ran798.hdr.76",-0.000788199999999999
"798","ran798.hdr.77",-0.000482799999999999
"798","ran798.hdr.78",-0.000511299999999999
"798","ran798.hdr.8",-0.00061467
"798","ran798.hdr.9",-0.00011542
"799","ran799.hdr.1",-0.0014444
"799","ran799.hdr.10",-0.000381399999999999
"799","ran799.hdr.11",0.0000511000000000001
"799","ran799.hdr.12",-0.0004419
"799","ran799.hdr.13",-0.00016992
"799","ran799.hdr.14",-0.000598200000000001
"799","ran799.hdr.15",-0.0005524
"799","ran799.hdr.16",-0.0005371
"799","ran799.hdr.17",-0.0000885999999999977
"799","ran799.hdr.18",-0.000242599999999999
"799","ran799.hdr.19",-0.00032312
"799","ran799.hdr.2",-0.0013435
"799","ran799.hdr.20",0.00036634
"799","ran799.hdr.21",-0.000419700000000002
"799","ran799.hdr.22",-0.000779799999999999
"799","ran799.hdr.23",-0.000397499999999999
"799","ran799.hdr.24",-0.000172199999999997
"799","ran799.hdr.25",-0.000634299999999999
"799","ran799.hdr.26",-0.000131599999999999
"799","ran799.hdr.27",-0.0000940000000000003
"799","ran799.hdr.28",-0.0003788
"799","ran799.hdr.29",-0.000397000000000002
"799","ran799.hdr.3",0.000214480000000001
"799","ran799.hdr.30",-0.0000994700000000008
"799","ran799.hdr.31",0.0000772100000000012
"799","ran799.hdr.32",-0.000119399999999999
"799","ran799.hdr.33",0.000720500000000002
"799","ran799.hdr.34",-0.000784
"799","ran799.hdr.35",-0.001081
"799","ran799.hdr.36",-0.0018392
"799","ran799.hdr.37",-0.0000624000000000006
"799","ran799.hdr.38",-0.000152599999999999
"799","ran799.hdr.39",-0.0019089
"799","ran799.hdr.4",0.00000720000000000061
"799","ran799.hdr.40",-0.00017519
"799","ran799.hdr.41",-0.0007461
"799","ran799.hdr.42",-0.0015749
"799","ran799.hdr.43",0.0000540300000000001
"799","ran799.hdr.44",-0.000402600000000001
"799","ran799.hdr.45",-0.0011545
"799","ran799.hdr.46",-0.0000572999999999997
"799","ran799.hdr.47",-0.00011256
"799","ran799.hdr.48",-0.000228000000000001
"799","ran799.hdr.49",-0.000879130000000001
"799","ran799.hdr.5",-0.00163709
"799","ran799.hdr.50",-0.0010527
"799","ran799.hdr.51",-0.0046402
"799","ran799.hdr.52",0.000120690000000001
"799","ran799.hdr.53",-0.0001647
"799","ran799.hdr.54",-0.0030547
"799","ran799.hdr.55",-0.0035095
"799","ran799.hdr.56",-0.00018672
"799","ran799.hdr.57",-0.0001373
"799","ran799.hdr.58",-0.00018941
"799","ran799.hdr.59",-0.0006508
"799","ran799.hdr.6",-0.000614400000000001
"799","ran799.hdr.60",-0.000697900000000001
"799","ran799.hdr.61",0.000136550000000001
"799","ran799.hdr.62",0.0000742
"799","ran799.hdr.63",-0.000604200000000001
"799","ran799.hdr.64",-0.0003826
"799","ran799.hdr.65",-0.00018396
"799","ran799.hdr.66",-0.000959399999999999
"799","ran799.hdr.67",-0.0011581
"799","ran799.hdr.68",-0.0010828
"799","ran799.hdr.69",-0.0000736999999999995
"799","ran799.hdr.7",-0.0032486
"799","ran799.hdr.70",-0.000890599999999998
"799","ran799.hdr.71",0.0000155000000000016
"799","ran799.hdr.72",-0.0019338
"799","ran799.hdr.73",-0.000161699999999999
"799","ran799.hdr.74",-0.0013232
"799","ran799.hdr.75",-0.000427900000000002
"799","ran799.hdr.76",-0.000297700000000001
"799","ran799.hdr.77",-0.0016911
"799","ran799.hdr.78",-0.000547499999999999
"799","ran799.hdr.8",-0.0061766
"799","ran799.hdr.9",-0.0029819
"800","ran800.hdr.1",-0.0003178
"800","ran800.hdr.10",-0.000681099999999999
"800","ran800.hdr.11",-0.000392959999999999
"800","ran800.hdr.12",-0.0011382
"800","ran800.hdr.13",-0.00025135
"800","ran800.hdr.14",-0.000824699999999999
"800","ran800.hdr.15",-0.000119060000000001
"800","ran800.hdr.16",-0.00030432
"800","ran800.hdr.17",-0.0011619
"800","ran800.hdr.18",-0.000509900000000001
"800","ran800.hdr.19",0.0003128
"800","ran800.hdr.2",-0.0001718
"800","ran800.hdr.20",0.0002092
"800","ran800.hdr.21",-0.00015958
"800","ran800.hdr.22",-0.0025984
"800","ran800.hdr.23",-0.00053928
"800","ran800.hdr.24",-0.0010791
"800","ran800.hdr.25",-0.00044134
"800","ran800.hdr.26",-0.0023372
"800","ran800.hdr.27",0.000144799999999999
"800","ran800.hdr.28",-0.000284
"800","ran800.hdr.29",0.000720500000000002
"800","ran800.hdr.3",-0.0002056
"800","ran800.hdr.30",-0.0005801
"800","ran800.hdr.31",0.0001677
"800","ran800.hdr.32",-0.000125399999999999
"800","ran800.hdr.33",-0.00015038
"800","ran800.hdr.34",-0.000975
"800","ran800.hdr.35",-0.00035637
"800","ran800.hdr.36",-0.000505799999999999
"800","ran800.hdr.37",-0.0001264
"800","ran800.hdr.38",0.000715
"800","ran800.hdr.39",-0.0002167
"800","ran800.hdr.4",-0.0027476
"800","ran800.hdr.40",-0.0037192
"800","ran800.hdr.41",-0.000707100000000002
"800","ran800.hdr.42",-0.0001607
"800","ran800.hdr.43",-0.00019346
"800","ran800.hdr.44",-0.000360099999999999
"800","ran800.hdr.45",0.000131700000000002
"800","ran800.hdr.46",-0.0000446000000000005
"800","ran800.hdr.47",-0.00029489
"800","ran800.hdr.48",-0.0039113
"800","ran800.hdr.49",0.000189099999999999
"800","ran800.hdr.5",-0.003143
"800","ran800.hdr.50",-0.000034158
"800","ran800.hdr.51",-0.00027312
"800","ran800.hdr.52",-0.00004207
"800","ran800.hdr.53",-0.000274020000000001
"800","ran800.hdr.54",-0.000749
"800","ran800.hdr.55",-0.000238039999999999
"800","ran800.hdr.56",0.00003759917
"800","ran800.hdr.57",-0.000602269999999999
"800","ran800.hdr.58",-0.000121599999999999
"800","ran800.hdr.59",-0.000907400000000001
"800","ran800.hdr.6",-0.00574258
"800","ran800.hdr.60",-0.000544600000000003
"800","ran800.hdr.61",0.000018042
"800","ran800.hdr.62",0.0007277
"800","ran800.hdr.63",-0.00274956
"800","ran800.hdr.64",-0.000540200000000001
"800","ran800.hdr.65",-0.000235900000000001
"800","ran800.hdr.66",-0.0002646
"800","ran800.hdr.67",-0.000417899999999999
"800","ran800.hdr.68",-0.0007215
"800","ran800.hdr.69",0.000100399999999999
"800","ran800.hdr.7",-0.0056035
"800","ran800.hdr.70",-0.0002956
"800","ran800.hdr.71",0.0000671999999999999
"800","ran800.hdr.72",-0.000825300000000001
"800","ran800.hdr.73",-0.000794900000000001
"800","ran800.hdr.74",-0.0005749
"800","ran800.hdr.75",-0.0003368
"800","ran800.hdr.76",-0.00288578
"800","ran800.hdr.77",-0.0025593
"800","ran800.hdr.78",-0.0004317
"800","ran800.hdr.8",-0.0031124
"800","ran800.hdr.9",-0.0039147
"801","ran801.hdr.1",0.000220700000000001
"801","ran801.hdr.10",0.000473700000000001
"801","ran801.hdr.11",-0.000392959999999999
"801","ran801.hdr.12",-0.000358290000000001
"801","ran801.hdr.13",-0.0009067
"801","ran801.hdr.14",-0.00013863
"801","ran801.hdr.15",0.0000749199999999992
"801","ran801.hdr.16",0.000288699999999999
"801","ran801.hdr.17",-0.0017655
"801","ran801.hdr.18",-0.000533099999999998
"801","ran801.hdr.19",-0.00019286
"801","ran801.hdr.2",-0.0054532
"801","ran801.hdr.20",-0.0000858199999999995
"801","ran801.hdr.21",-0.0006201
"801","ran801.hdr.22",-0.000496900000000002
"801","ran801.hdr.23",-0.000207189999999999
"801","ran801.hdr.24",-0.000468900000000001
"801","ran801.hdr.25",-0.0000985000000000014
"801","ran801.hdr.26",-0.00023903
"801","ran801.hdr.27",0.000468939999999999
"801","ran801.hdr.28",-0.0001338
"801","ran801.hdr.29",-0.00014519
"801","ran801.hdr.3",-0.000860900000000001
"801","ran801.hdr.30",-0.000113400000000001
"801","ran801.hdr.31",-0.00010227
"801","ran801.hdr.32",-0.00023069
"801","ran801.hdr.33",-0.0014904
"801","ran801.hdr.34",-0.0014869
"801","ran801.hdr.35",-0.000106800000000001
"801","ran801.hdr.36",-0.000193700000000002
"801","ran801.hdr.37",-0.0015268
"801","ran801.hdr.38",-0.0034946
"801","ran801.hdr.39",0.000071100000000001
"801","ran801.hdr.4",-0.0026538
"801","ran801.hdr.40",-0.00029242
"801","ran801.hdr.41",-0.000687
"801","ran801.hdr.42",-0.000627829999999999
"801","ran801.hdr.43",-0.000617899999999998
"801","ran801.hdr.44",-0.0010775
"801","ran801.hdr.45",-0.000135
"801","ran801.hdr.46",-0.0015749
"801","ran801.hdr.47",-0.000499899999999998
"801","ran801.hdr.48",-0.000080199999999999
"801","ran801.hdr.49",-0.0034509
"801","ran801.hdr.5",-0.00163709
"801","ran801.hdr.50",-0.0082206
"801","ran801.hdr.51",-0.000408800000000001
"801","ran801.hdr.52",-0.00017032
"801","ran801.hdr.53",-0.000390110000000001
"801","ran801.hdr.54",-0.00026183
"801","ran801.hdr.55",0.000118134
"801","ran801.hdr.56",-0.0010598
"801","ran801.hdr.57",0.00019544
"801","ran801.hdr.58",-0.0000256900000000001
"801","ran801.hdr.59",0.00025163
"801","ran801.hdr.6",-0.00259746
"801","ran801.hdr.60",-0.0002815
"801","ran801.hdr.61",-0.0041063
"801","ran801.hdr.62",-0.0012643
"801","ran801.hdr.63",0.000464999999999998
"801","ran801.hdr.64",-0.000103800000000001
"801","ran801.hdr.65",-0.0004037
"801","ran801.hdr.66",-0.0005761
"801","ran801.hdr.67",-0.000854299999999999
"801","ran801.hdr.68",0.000465300000000002
"801","ran801.hdr.69",-0.0028229
"801","ran801.hdr.7",0.0000711100000000001
"801","ran801.hdr.70",-0.0008682
"801","ran801.hdr.71",-0.00006251
"801","ran801.hdr.72",-0.000964700000000002
"801","ran801.hdr.73",-0.0004732
"801","ran801.hdr.74",-0.0053353
"801","ran801.hdr.75",-0.0004913
"801","ran801.hdr.76",-0.0002454
"801","ran801.hdr.77",-0.00118
"801","ran801.hdr.78",-0.0016978
"801","ran801.hdr.8",0.0000855000000000005
"801","ran801.hdr.9",-0.000507480000000001
"802","ran802.hdr.1",-0.0011092
"802","ran802.hdr.10",0.0000511000000000001
"802","ran802.hdr.11",0.0000245000000000002
"802","ran802.hdr.12",-0.00154022
"802","ran802.hdr.13",-0.000393299999999999
"802","ran802.hdr.14",0.0000479899999999999
"802","ran802.hdr.15",-0.00082745
"802","ran802.hdr.16",0.0000749199999999992
"802","ran802.hdr.17",-0.000220930000000001
"802","ran802.hdr.18",0.000220430000000001
"802","ran802.hdr.19",-0.000438299999999999
"802","ran802.hdr.2",0.000297800000000001
"802","ran802.hdr.20",-0.000771500000000001
"802","ran802.hdr.21",0.00038818
"802","ran802.hdr.22",-0.00043048
"802","ran802.hdr.23",-0.000327499999999998
"802","ran802.hdr.24",-0.0025984
"802","ran802.hdr.25",-0.00029545
"802","ran802.hdr.26",-0.0002538
"802","ran802.hdr.27",-0.000243760000000001
"802","ran802.hdr.28",-0.000191240000000001
"802","ran802.hdr.29",-0.0009823
"802","ran802.hdr.3",-0.0007133
"802","ran802.hdr.30",-0.0013929
"802","ran802.hdr.31",-0.000643000000000001
"802","ran802.hdr.32",0.0011602
"802","ran802.hdr.33",-0.0014502
"802","ran802.hdr.34",-0.00000899999999999859
"802","ran802.hdr.35",-0.0004601
"802","ran802.hdr.36",-0.000392100000000003
"802","ran802.hdr.37",-0.00020333
"802","ran802.hdr.38",-0.0007758
"802","ran802.hdr.39",0.0000463000000000009
"802","ran802.hdr.4",0.000727500000000001
"802","ran802.hdr.40",0.000033677
"802","ran802.hdr.41",-0.00015807
"802","ran802.hdr.42",-0.0000657999999999995
"802","ran802.hdr.43",-0.0007461
"802","ran802.hdr.44",-0.000617899999999998
"802","ran802.hdr.45",-0.0012739
"802","ran802.hdr.46",NA
"802","ran802.hdr.47",0.000441799999999999
"802","ran802.hdr.48",0.0000297000000000006
"802","ran802.hdr.49",0.000185100000000001
"802","ran802.hdr.5",-0.0002056
"802","ran802.hdr.50",-0.000551099999999999
"802","ran802.hdr.51",0.00002906
"802","ran802.hdr.52",-0.000336299999999999
"802","ran802.hdr.53",-0.0024639
"802","ran802.hdr.54",-0.000713800000000001
"802","ran802.hdr.55",-0.0012528
"802","ran802.hdr.56",-0.0000958000000000001
"802","ran802.hdr.57",-0.000343609999999999
"802","ran802.hdr.58",-0.0009494
"802","ran802.hdr.59",-0.0023439
"802","ran802.hdr.6",-0.0037929
"802","ran802.hdr.60",-0.0013068
"802","ran802.hdr.61",0.0000691835
"802","ran802.hdr.62",-0.00016562
"802","ran802.hdr.63",0.0000326900000000001
"802","ran802.hdr.64",-0.00013051
"802","ran802.hdr.65",0.00000257936
"802","ran802.hdr.66",-0.0010313
"802","ran802.hdr.67",-0.00016504
"802","ran802.hdr.68",0.000223899999999999
"802","ran802.hdr.69",-0.000184699999999999
"802","ran802.hdr.7",-0.0035075
"802","ran802.hdr.70",-0.00024505
"802","ran802.hdr.71",-0.0001492
"802","ran802.hdr.72",-0.000389500000000001
"802","ran802.hdr.73",-0.000198200000000001
"802","ran802.hdr.74",0.0000415999999999993
"802","ran802.hdr.75",-0.0003706
"802","ran802.hdr.76",-0.0013547
"802","ran802.hdr.77",-0.0018985
"802","ran802.hdr.78",-0.004726
"802","ran802.hdr.8",-0.0040521
"802","ran802.hdr.9",-0.0031124
"803","ran803.hdr.1",-0.000115250000000001
"803","ran803.hdr.10",0.0000803000000000002
"803","ran803.hdr.11",-0.000480399999999999
"803","ran803.hdr.12",-0.000223299999999999
"803","ran803.hdr.13",-0.000405638
"803","ran803.hdr.14",-0.000456600000000001
"803","ran803.hdr.15",0.0000833300000000004
"803","ran803.hdr.16",0.00000119999999999981
"803","ran803.hdr.17",-0.000539240000000002
"803","ran803.hdr.18",-0.00020058
"803","ran803.hdr.19",-0.0011143
"803","ran803.hdr.2",-0.0000470800000000006
"803","ran803.hdr.20",0.0000243300000000001
"803","ran803.hdr.21",-0.000864889999999999
"803","ran803.hdr.22",-0.0000923199999999999
"803","ran803.hdr.23",-0.0016591
"803","ran803.hdr.24",-0.000199
"803","ran803.hdr.25",-0.0010563
"803","ran803.hdr.26",-0.000578999999999998
"803","ran803.hdr.27",0.0003538
"803","ran803.hdr.28",0.0001411
"803","ran803.hdr.29",-0.00032336
"803","ran803.hdr.3",-0.000591300000000003
"803","ran803.hdr.30",-0.000890400000000001
"803","ran803.hdr.31",0.00018248
"803","ran803.hdr.32",-0.000267669999999999
"803","ran803.hdr.33",-0.0001785
"803","ran803.hdr.34",0.0000585400000000002
"803","ran803.hdr.35",-0.00023903
"803","ran803.hdr.36",-0.00033577
"803","ran803.hdr.37",-0.000420199999999999
"803","ran803.hdr.38",0.0000189999999999999
"803","ran803.hdr.39",0.000119000000000001
"803","ran803.hdr.4",0.000555399999999998
"803","ran803.hdr.40",0.0004048
"803","ran803.hdr.41",-0.0000805300000000005
"803","ran803.hdr.42",-0.002242
"803","ran803.hdr.43",-0.0000245000000000002
"803","ran803.hdr.44",0.0005319
"803","ran803.hdr.45",-0.00018085
"803","ran803.hdr.46",-0.00018951
"803","ran803.hdr.47",0.00003065
"803","ran803.hdr.48",-0.000291899999999999
"803","ran803.hdr.49",-0.0010202
"803","ran803.hdr.5",-0.0019788
"803","ran803.hdr.50",-0.0010777
"803","ran803.hdr.51",0.0005076
"803","ran803.hdr.52",-0.0034509
"803","ran803.hdr.53",-0.0000747000000000005
"803","ran803.hdr.54",-0.000343609999999999
"803","ran803.hdr.55",0.0001256
"803","ran803.hdr.56",0.000032840000000001
"803","ran803.hdr.58",-0.000102700000000001
"803","ran803.hdr.59",-0.000967699999999998
"803","ran803.hdr.6",-0.0052846
"803","ran803.hdr.60",0.0000782999999999999
"803","ran803.hdr.61",-0.000706399999999999
"803","ran803.hdr.62",-0.0019575
"803","ran803.hdr.63",-0.00051952
"803","ran803.hdr.64",-0.0010234
"803","ran803.hdr.65",-0.0043602
"803","ran803.hdr.66",-0.001971
"803","ran803.hdr.67",-0.0003359
"803","ran803.hdr.68",0.000193599999999999
"803","ran803.hdr.69",-0.0017715
"803","ran803.hdr.7",-0.0045035
"803","ran803.hdr.70",0.000228300000000001
"803","ran803.hdr.71",-0.0016696
"803","ran803.hdr.72",0.000455399999999998
"803","ran803.hdr.73",-0.0014372
"803","ran803.hdr.74",0.0001706
"803","ran803.hdr.75",-0.0016673
"803","ran803.hdr.76",0.000147280000000001
"803","ran803.hdr.77",-0.00010929
"803","ran803.hdr.78",0.0000376999999999982
"803","ran803.hdr.8",-0.0034399
"803","ran803.hdr.9",-0.00278592
"804","ran804.hdr.1",0.00000320000000000008
"804","ran804.hdr.10",-0.000409099999999999
"804","ran804.hdr.11",-0.00047623
"804","ran804.hdr.12",-0.000118400000000001
"804","ran804.hdr.13",-0.00018214
"804","ran804.hdr.14",-0.0011929
"804","ran804.hdr.15",-0.0008602
"804","ran804.hdr.16",-0.0003756
"804","ran804.hdr.17",-0.000454400000000001
"804","ran804.hdr.18",-0.0005666
"804","ran804.hdr.19",-0.00031687
"804","ran804.hdr.2",0.000230070000000001
"804","ran804.hdr.20",-0.00007594
"804","ran804.hdr.21",0.0003444
"804","ran804.hdr.22",-0.0045505
"804","ran804.hdr.23",-0.000458800000000001
"804","ran804.hdr.24",-0.0025725
"804","ran804.hdr.25",-0.0025984
"804","ran804.hdr.26",0.0001919
"804","ran804.hdr.27",-0.0002538
"804","ran804.hdr.28",-0.00029017
"804","ran804.hdr.29",-0.00010709
"804","ran804.hdr.3",-0.000401799999999999
"804","ran804.hdr.30",-0.0001764
"804","ran804.hdr.31",-0.000292799999999999
"804","ran804.hdr.32",-0.0003193
"804","ran804.hdr.33",-0.0009332
"804","ran804.hdr.34",0.0000586000000000024
"804","ran804.hdr.35",-0.0034946
"804","ran804.hdr.36",0.00014809
"804","ran804.hdr.37",-0.002021
"804","ran804.hdr.38",-0.000704999999999997
"804","ran804.hdr.39",-0.000584600000000001
"804","ran804.hdr.4",-0.000549999999999998
"804","ran804.hdr.40",-0.0001046
"804","ran804.hdr.41",-0.00037394
"804","ran804.hdr.42",-0.00025843
"804","ran804.hdr.43",-0.001261
"804","ran804.hdr.44",-0.00065478
"804","ran804.hdr.45",-0.000717699999999998
"804","ran804.hdr.46",-0.00022449
"804","ran804.hdr.47",-0.0073875
"804","ran804.hdr.48",-0.000313399999999998
"804","ran804.hdr.49",-0.0006887
"804","ran804.hdr.5",-0.0001898
"804","ran804.hdr.50",-0.0012528
"804","ran804.hdr.51",-0.0001382
"804","ran804.hdr.52",-0.0072374
"804","ran804.hdr.53",-0.000565199999999998
"804","ran804.hdr.54",-0.00055
"804","ran804.hdr.55",-0.00018672
"804","ran804.hdr.56",-0.00031891
"804","ran804.hdr.57",0.00015462
"804","ran804.hdr.58",-0.0000833800000000001
"804","ran804.hdr.59",-0.0006508
"804","ran804.hdr.6",-0.0000108700000000005
"804","ran804.hdr.60",-0.000141199999999999
"804","ran804.hdr.61",0.00041589
"804","ran804.hdr.62",-0.0007746
"804","ran804.hdr.63",0.000223899999999999
"804","ran804.hdr.64",-0.0010605
"804","ran804.hdr.65",-0.000406799999999999
"804","ran804.hdr.66",-0.000964599999999999
"804","ran804.hdr.67",-0.0040338
"804","ran804.hdr.68",-0.0180869
"804","ran804.hdr.69",-0.0003231
"804","ran804.hdr.7",-0.0000801099999999996
"804","ran804.hdr.70",0.0005287
"804","ran804.hdr.71",-0.0006041
"804","ran804.hdr.72",-0.001831
"804","ran804.hdr.73",-0.00059999
"804","ran804.hdr.74",-0.000454899999999998
"804","ran804.hdr.75",-0.000333699999999999
"804","ran804.hdr.76",-0.0020758
"804","ran804.hdr.77",-0.0001402
"804","ran804.hdr.78",-0.0007764
"804","ran804.hdr.8",0.000530300000000001
"804","ran804.hdr.9",-0.0015955
"805","ran805.hdr.1",-0.0004317
"805","ran805.hdr.10",-0.000393299999999999
"805","ran805.hdr.11",0.00035726
"805","ran805.hdr.12",-0.000561900000000001
"805","ran805.hdr.13",-0.000187099999999999
"805","ran805.hdr.14",-0.000339470000000001
"805","ran805.hdr.15",-0.0134706
"805","ran805.hdr.16",-0.0010476
"805","ran805.hdr.17",-0.000253800000000002
"805","ran805.hdr.18",-0.000150659999999999
"805","ran805.hdr.19",-0.0014586
"805","ran805.hdr.2",-0.0008533
"805","ran805.hdr.20",-0.0000985999999999973
"805","ran805.hdr.21",-0.000306000000000001
"805","ran805.hdr.22",-0.000595100000000001
"805","ran805.hdr.23",-0.0004899
"805","ran805.hdr.24",-0.000249299999999999
"805","ran805.hdr.25",-0.00055319
"805","ran805.hdr.26",-0.000450470000000001
"805","ran805.hdr.27",-0.0009823
"805","ran805.hdr.28",-0.0013929
"805","ran805.hdr.29",-0.0002793
"805","ran805.hdr.3",-0.0033457
"805","ran805.hdr.30",-0.0008652
"805","ran805.hdr.31",0.000205900000000002
"805","ran805.hdr.32",-0.000962000000000001
"805","ran805.hdr.33",-0.0013244
"805","ran805.hdr.34",-0.0001159
"805","ran805.hdr.35",-0.000557099999999998
"805","ran805.hdr.36",-0.000803359999999999
"805","ran805.hdr.37",-0.0015552
"805","ran805.hdr.38",0.0003309
"805","ran805.hdr.39",-0.0004551
"805","ran805.hdr.4",-0.01685291
"805","ran805.hdr.40",-0.0002126
"805","ran805.hdr.41",-0.000522599999999998
"805","ran805.hdr.42",0.000373499999999999
"805","ran805.hdr.43",-0.00034381
"805","ran805.hdr.44",0.000590500000000001
"805","ran805.hdr.45",-0.0000627999999999983
"805","ran805.hdr.46",0.000856300000000001
"805","ran805.hdr.47",-0.0000114000000000017
"805","ran805.hdr.48",-0.000670899999999999
"805","ran805.hdr.49",-0.00003691
"805","ran805.hdr.5",-0.0052846
"805","ran805.hdr.50",0.0000226999999999988
"805","ran805.hdr.51",-0.0030547
"805","ran805.hdr.52",-0.01768098
"805","ran805.hdr.53",-0.0023439
"805","ran805.hdr.54",-0.00038213
"805","ran805.hdr.55",-0.0000712000000000004
"805","ran805.hdr.56",0.00029457
"805","ran805.hdr.57",-0.0011511
"805","ran805.hdr.58",-0.0003833
"805","ran805.hdr.6",-0.000409400000000001
"805","ran805.hdr.61",-0.00038507
"805","ran805.hdr.62",-0.0039716
"805","ran805.hdr.63",-0.0001288
"805","ran805.hdr.64",-0.000546500000000002
"805","ran805.hdr.65",-0.0035597
"805","ran805.hdr.66",-0.0016152
"805","ran805.hdr.67",-0.000315199999999998
"805","ran805.hdr.68",-0.0000303999999999999
"805","ran805.hdr.69",-0.0004743
"805","ran805.hdr.7",-0.00066134
"805","ran805.hdr.70",-0.000889800000000001
"805","ran805.hdr.71",0.0000553699999999999
"805","ran805.hdr.72",0.00003549
"805","ran805.hdr.73",-0.000297700000000001
"805","ran805.hdr.74",-0.0023484
"805","ran805.hdr.75",-0.0032753
"805","ran805.hdr.76",-0.000676700000000002
"805","ran805.hdr.77",-0.0057067
"805","ran805.hdr.78",-0.000678990000000001
"805","ran805.hdr.8",-0.00012632
"805","ran805.hdr.9",-0.0001297
"806","ran806.hdr.1",-0.0014785
"806","ran806.hdr.10",-0.00154022
"806","ran806.hdr.11",0.00044537
"806","ran806.hdr.12",-0.00045021
"806","ran806.hdr.13",-0.000207199999999999
"806","ran806.hdr.14",-0.000625899999999999
"806","ran806.hdr.15",-0.000130770000000001
"806","ran806.hdr.16",-0.0000977999999999986
"806","ran806.hdr.17",-0.0010992
"806","ran806.hdr.18",-0.00161496
"806","ran806.hdr.19",-0.000431160000000002
"806","ran806.hdr.2",-0.0004633
"806","ran806.hdr.20",-0.0007775
"806","ran806.hdr.21",-0.0004889
"806","ran806.hdr.22",-0.000769800000000001
"806","ran806.hdr.23",-0.000167799999999999
"806","ran806.hdr.24",-0.0026503
"806","ran806.hdr.25",-0.0004364
"806","ran806.hdr.26",-0.002999
"806","ran806.hdr.27",-0.00029545
"806","ran806.hdr.28",-0.000453249999999999
"806","ran806.hdr.29",-0.0023372
"806","ran806.hdr.3",-0.0000760899999999991
"806","ran806.hdr.30",-0.0013929
"806","ran806.hdr.31",-0.000777899999999998
"806","ran806.hdr.32",-0.0012418
"806","ran806.hdr.33",-0.000119399999999999
"806","ran806.hdr.34",-0.01414423
"806","ran806.hdr.35",0.00069544
"806","ran806.hdr.36",0.00004498
"806","ran806.hdr.37",-0.000469900000000001
"806","ran806.hdr.38",-0.000507200000000003
"806","ran806.hdr.39",-0.0001828
"806","ran806.hdr.4",-0.00120107
"806","ran806.hdr.40",-0.001126
"806","ran806.hdr.41",-0.000247789999999999
"806","ran806.hdr.42",-0.000480400000000001
"806","ran806.hdr.43",-0.00015098
"806","ran806.hdr.44",-0.0010775
"806","ran806.hdr.45",-0.0009972
"806","ran806.hdr.46",-0.0001145
"806","ran806.hdr.47",-0.00112666
"806","ran806.hdr.48",-0.0005363
"806","ran806.hdr.49",-0.00022449
"806","ran806.hdr.5",-0.00017145
"806","ran806.hdr.50",-0.000336299999999999
"806","ran806.hdr.51",-0.00016393
"806","ran806.hdr.52",-0.000691199999999999
"806","ran806.hdr.53",-0.0011173
"806","ran806.hdr.54",0.0000010642
"806","ran806.hdr.55",-0.00384145
"806","ran806.hdr.56",-0.00013051
"806","ran806.hdr.57",-0.000395
"806","ran806.hdr.58",-0.0010767
"806","ran806.hdr.59",0.0000164000000000006
"806","ran806.hdr.6",-0.00259746
"806","ran806.hdr.60",-0.0020265
"806","ran806.hdr.61",-0.0000834000000000008
"806","ran806.hdr.62",-0.000102700000000001
"806","ran806.hdr.63",-0.000967699999999998
"806","ran806.hdr.64",-0.000849699999999998
"806","ran806.hdr.65",-0.0012684
"806","ran806.hdr.66",-0.0010234
"806","ran806.hdr.67",-0.000617400000000001
"806","ran806.hdr.68",-0.000557700000000001
"806","ran806.hdr.69",-0.000738799999999998
"806","ran806.hdr.7",-0.0038288
"806","ran806.hdr.70",-0.0015961
"806","ran806.hdr.71",-0.000376000000000001
"806","ran806.hdr.72",-0.000157000000000001
"806","ran806.hdr.73",-0.0007592
"806","ran806.hdr.74",0.00028892
"806","ran806.hdr.75",-0.0053353
"806","ran806.hdr.76",-0.000406
"806","ran806.hdr.77",-0.0017455
"806","ran806.hdr.78",-0.000309
"806","ran806.hdr.8",-0.000507480000000001
"806","ran806.hdr.9",-0.000392959999999999
"807","ran807.hdr.1",-0.000740699999999999
"807","ran807.hdr.10",-0.0044797
"807","ran807.hdr.11",-0.0011219
"807","ran807.hdr.12",-0.0000151700000000001
"807","ran807.hdr.13",0.0000613000000000002
"807","ran807.hdr.14",-0.0004828
"807","ran807.hdr.15",-0.00018564
"807","ran807.hdr.16",-0.000431040000000001
"807","ran807.hdr.17",-0.0000622000000000001
"807","ran807.hdr.18",-0.0015955
"807","ran807.hdr.19",-0.0002322
"807","ran807.hdr.2",-0.0001332
"807","ran807.hdr.20",-0.00047309
"807","ran807.hdr.21",-0.00026376
"807","ran807.hdr.22",0.000152999999999999
"807","ran807.hdr.23",-0.0010564
"807","ran807.hdr.24",-0.0017312
"807","ran807.hdr.25",-0.0015342
"807","ran807.hdr.26",0.00017578
"807","ran807.hdr.27",-0.000154699999999999
"807","ran807.hdr.28",-0.000327499999999998
"807","ran807.hdr.29",-0.00039436
"807","ran807.hdr.3",-0.000637099999999998
"807","ran807.hdr.30",-0.00130484
"807","ran807.hdr.31",-0.00013827
"807","ran807.hdr.32",-0.000292629999999999
"807","ran807.hdr.33",-0.00045666
"807","ran807.hdr.34",-0.000505799999999999
"807","ran807.hdr.35",-0.0076907
"807","ran807.hdr.36",-0.000875799999999999
"807","ran807.hdr.37",-0.0061377
"807","ran807.hdr.38",-0.001677
"807","ran807.hdr.39",0.00010941
"807","ran807.hdr.4",0.0009303
"807","ran807.hdr.40",-0.000115799999999999
"807","ran807.hdr.41",-0.00013927
"807","ran807.hdr.42",-0.0007461
"807","ran807.hdr.43",-0.0021188
"807","ran807.hdr.44",-0.00018774
"807","ran807.hdr.45",-0.0021208
"807","ran807.hdr.46",-0.000973700000000001
"807","ran807.hdr.47",-0.000730900000000001
"807","ran807.hdr.48",-0.0016596
"807","ran807.hdr.49",0.000296999999999999
"807","ran807.hdr.5",-0.0053867
"807","ran807.hdr.50",-0.0017191
"807","ran807.hdr.51",0.000947
"807","ran807.hdr.52",0.0000156399999999999
"807","ran807.hdr.53",-0.00270844
"807","ran807.hdr.54",-0.00027166
"807","ran807.hdr.55",0.000114200000000002
"807","ran807.hdr.56",-0.000569500000000001
"807","ran807.hdr.57",0.00000550000000000203
"807","ran807.hdr.58",-0.001061
"807","ran807.hdr.59",-0.000534000000000001
"807","ran807.hdr.6",-0.000295900000000002
"807","ran807.hdr.60",-0.000737700000000001
"807","ran807.hdr.61",-0.0051112
"807","ran807.hdr.62",-0.0001548
"807","ran807.hdr.63",0.00089
"807","ran807.hdr.64",-0.0014681
"807","ran807.hdr.65",-0.0005466
"807","ran807.hdr.66",0.0007899
"807","ran807.hdr.67",-0.000110099999999998
"807","ran807.hdr.68",-0.0000582000000000013
"807","ran807.hdr.69",-0.000738799999999998
"807","ran807.hdr.7",-0.000892799999999999
"807","ran807.hdr.70",-0.0035597
"807","ran807.hdr.71",-0.0010828
"807","ran807.hdr.72",0.0000262700000000001
"807","ran807.hdr.73",-0.0000461999999999997
"807","ran807.hdr.74",-0.0003147
"807","ran807.hdr.75",-0.000333699999999999
"807","ran807.hdr.76",-0.00039613
"807","ran807.hdr.77",-0.0046933
"807","ran807.hdr.78",-0.000399129999999999
"807","ran807.hdr.8",0.000691599999999999
"807","ran807.hdr.9",-0.000226799999999999
"808","ran808.hdr.1",-0.000571
"808","ran808.hdr.10",-0.000146299999999999
"808","ran808.hdr.11",0.0002302
"808","ran808.hdr.12",-0.00026025
"808","ran808.hdr.13",-0.0002013
"808","ran808.hdr.14",-0.0032234
"808","ran808.hdr.15",-0.00015777
"808","ran808.hdr.16",0.000213399999999999
"808","ran808.hdr.17",-0.0033496
"808","ran808.hdr.18",-0.000581499999999999
"808","ran808.hdr.19",-0.0005077
"808","ran808.hdr.2",-0.0007133
"808","ran808.hdr.20",-0.000347700000000001
"808","ran808.hdr.21",-0.0006201
"808","ran808.hdr.22",-0.000576
"808","ran808.hdr.23",-0.00012519
"808","ran808.hdr.24",-0.0002538
"808","ran808.hdr.25",-0.00031339
"808","ran808.hdr.26",0.000180019999999999
"808","ran808.hdr.27",-0.000359799999999999
"808","ran808.hdr.28",-0.0011074
"808","ran808.hdr.29",-0.0014222
"808","ran808.hdr.3",-0.0003254
"808","ran808.hdr.30",-0.000709920000000001
"808","ran808.hdr.31",-0.000359199999999999
"808","ran808.hdr.32",-0.0010093
"808","ran808.hdr.33",-0.0003347
"808","ran808.hdr.34",0.00023342
"808","ran808.hdr.35",0.0003538
"808","ran808.hdr.36",-0.0012739
"808","ran808.hdr.37",-0.000584600000000001
"808","ran808.hdr.38",-0.000499899999999998
"808","ran808.hdr.39",0.00004965
"808","ran808.hdr.4",-0.00018871
"808","ran808.hdr.40",-0.00057255
"808","ran808.hdr.41",0.000131700000000002
"808","ran808.hdr.42",-0.0010611
"808","ran808.hdr.43",-0.000107803
"808","ran808.hdr.44",0.0000839000000000013
"808","ran808.hdr.45",-0.000343609999999999
"808","ran808.hdr.46",-0.000434999999999998
"808","ran808.hdr.47",-0.000175950000000001
"808","ran808.hdr.48",-0.000652820000000001
"808","ran808.hdr.49",-0.000395
"808","ran808.hdr.5",-0.0038288
"808","ran808.hdr.50",-0.000421599999999999
"808","ran808.hdr.51",-0.000118309
"808","ran808.hdr.52",-0.001074
"808","ran808.hdr.54",-0.0004014
"808","ran808.hdr.55",-0.000137030000000001
"808","ran808.hdr.56",-0.000964599999999999
"808","ran808.hdr.57",-0.00084326
"808","ran808.hdr.58",-0.000556319999999999
"808","ran808.hdr.59",0.0002951
"808","ran808.hdr.6",0.00000526999999999993
"808","ran808.hdr.60",-0.0001259
"808","ran808.hdr.61",-0.000781200000000003
"808","ran808.hdr.62",-0.00018716
"808","ran808.hdr.63",-0.000540200000000001
"808","ran808.hdr.64",-0.0016847
"808","ran808.hdr.65",-0.0011581
"808","ran808.hdr.66",-0.000188000000000001
"808","ran808.hdr.67",-0.0016696
"808","ran808.hdr.68",-0.0009818
"808","ran808.hdr.69",-0.0007215
"808","ran808.hdr.7",0.00017809
"808","ran808.hdr.70",-0.00092503
"808","ran808.hdr.71",-0.000955899999999999
"808","ran808.hdr.72",0.000268299999999999
"808","ran808.hdr.73",-0.0038792
"808","ran808.hdr.74",-0.0009751
"808","ran808.hdr.75",-0.0011097
"808","ran808.hdr.76",-0.000137399999999999
"808","ran808.hdr.77",-0.000584000000000001
"808","ran808.hdr.78",-0.0012827
"808","ran808.hdr.8",0.00034144
"808","ran808.hdr.9",-0.000434459999999999
"809","ran809.hdr.1",-0.0003459
"809","ran809.hdr.10",-0.0004673
"809","ran809.hdr.11",-0.000168099999999999
"809","ran809.hdr.12",-0.00036797
"809","ran809.hdr.13",-0.0002006
"809","ran809.hdr.14",-0.000840899999999999
"809","ran809.hdr.15",NA
"809","ran809.hdr.16",-0.000533099999999998
"809","ran809.hdr.17",-0.00043339
"809","ran809.hdr.18",-0.0015342
"809","ran809.hdr.19",-0.000556399999999999
"809","ran809.hdr.2",-0.0011965
"809","ran809.hdr.20",-0.000257800000000001
"809","ran809.hdr.21",0.00013487
"809","ran809.hdr.22",-0.0010873
"809","ran809.hdr.23",-0.0000746700000000006
"809","ran809.hdr.24",-0.0003751
"809","ran809.hdr.25",-0.00068852
"809","ran809.hdr.26",-0.00018809
"809","ran809.hdr.27",-0.000292799999999999
"809","ran809.hdr.28",-0.00025349
"809","ran809.hdr.29",-0.00044134
"809","ran809.hdr.3",-0.000833500000000001
"809","ran809.hdr.30",-0.000488699999999998
"809","ran809.hdr.31",-0.0008564
"809","ran809.hdr.32",-0.0005219
"809","ran809.hdr.33",-0.000104399999999999
"809","ran809.hdr.34",0.000156699999999999
"809","ran809.hdr.35",-0.0001828
"809","ran809.hdr.36",0.000381299999999999
"809","ran809.hdr.37",-0.0012739
"809","ran809.hdr.38",-0.0008214
"809","ran809.hdr.39",0.000237399999999999
"809","ran809.hdr.4",-0.000571100000000001
"809","ran809.hdr.40",-0.0010275
"809","ran809.hdr.41",0.000262999999999999
"809","ran809.hdr.42",-0.00000705000000000063
"809","ran809.hdr.43",-0.00057255
"809","ran809.hdr.44",-0.0015836
"809","ran809.hdr.45",-0.0000261999999999971
"809","ran809.hdr.46",-0.000988299999999998
"809","ran809.hdr.47",0.0001191
"809","ran809.hdr.48",-0.0020892
"809","ran809.hdr.49",0.0000835000000000002
"809","ran809.hdr.5",-0.0003003
"809","ran809.hdr.50",NA
"809","ran809.hdr.51",-0.0007247
"809","ran809.hdr.52",-0.0009494
"809","ran809.hdr.53",-0.01111509
"809","ran809.hdr.54",-0.00188647
"809","ran809.hdr.55",0.00019544
"809","ran809.hdr.56",-0.000932299999999999
"809","ran809.hdr.57",-0.000395
"809","ran809.hdr.58",-0.0000195000000000004
"809","ran809.hdr.59",-0.0017637
"809","ran809.hdr.6",-0.00045021
"809","ran809.hdr.60",-0.00039517
"809","ran809.hdr.61",0.000413299999999998
"809","ran809.hdr.62",-0.000320829999999999
"809","ran809.hdr.63",-0.000742700000000001
"809","ran809.hdr.64",0.000135650000000001
"809","ran809.hdr.65",-0.0008821
"809","ran809.hdr.66",-0.0000779999999999999
"809","ran809.hdr.67",-0.0003563
"809","ran809.hdr.68",0.00027925
"809","ran809.hdr.69",-0.0012827
"809","ran809.hdr.7",0.0000170000000000014
"809","ran809.hdr.70",-0.0014855
"809","ran809.hdr.71",-0.0013547
"809","ran809.hdr.72",-0.00089669
"809","ran809.hdr.73",-0.000961299999999998
"809","ran809.hdr.74",-0.0018985
"809","ran809.hdr.75",-0.00028371
"809","ran809.hdr.76",-0.000314699999999999
"809","ran809.hdr.77",-0.0014428
"809","ran809.hdr.78",-0.00021593
"809","ran809.hdr.8",-0.000413510000000001
"809","ran809.hdr.9",-0.0004688
"810","ran810.hdr.1",-0.0003178
"810","ran810.hdr.10",-0.0004092
"810","ran810.hdr.11",-0.0000870999999999997
"810","ran810.hdr.12",0.000032540000000001
"810","ran810.hdr.13",-0.0000204900000000002
"810","ran810.hdr.14",-0.000446700000000001
"810","ran810.hdr.15",0.00017944
"810","ran810.hdr.16",-0.00036672
"810","ran810.hdr.17",-0.000824699999999999
"810","ran810.hdr.18",-0.000262800000000001
"810","ran810.hdr.19",-0.0012819
"810","ran810.hdr.2",0.000183300000000001
"810","ran810.hdr.20",-0.0000896400000000002
"810","ran810.hdr.21",-0.0002947
"810","ran810.hdr.22",-0.0011179
"810","ran810.hdr.23",0.0001817
"810","ran810.hdr.24",-0.0007279
"810","ran810.hdr.25",0.0005602
"810","ran810.hdr.26",-0.0025867
"810","ran810.hdr.27",-0.000825099999999999
"810","ran810.hdr.28",-0.0025725
"810","ran810.hdr.29",-0.0001771
"810","ran810.hdr.3",-0.000290729999999999
"810","ran810.hdr.30",-0.0001311
"810","ran810.hdr.31",0.000445849999999999
"810","ran810.hdr.32",-0.00017027
"810","ran810.hdr.33",-0.0012418
"810","ran810.hdr.34",-0.0028198
"810","ran810.hdr.35",-0.0050666
"810","ran810.hdr.36",-0.0049962
"810","ran810.hdr.37",-0.00015807
"810","ran810.hdr.38",-0.000125399999999999
"810","ran810.hdr.39",-0.0005466
"810","ran810.hdr.4",0.000214600000000002
"810","ran810.hdr.40",-0.0002126
"810","ran810.hdr.41",-0.0015782
"810","ran810.hdr.42",-0.000569900000000002
"810","ran810.hdr.43",0.000017147
"810","ran810.hdr.44",0.0000551000000000024
"810","ran810.hdr.45",-0.0000750999999999981
"810","ran810.hdr.46",0.00066033
"810","ran810.hdr.47",-0.0087713
"810","ran810.hdr.48",-0.0000371
"810","ran810.hdr.49",-0.001384
"810","ran810.hdr.5",-0.0011761
"810","ran810.hdr.50",-0.000034158
"810","ran810.hdr.51",-0.000315939999999999
"810","ran810.hdr.52",-0.0030254
"810","ran810.hdr.53",-0.000914999999999999
"810","ran810.hdr.54",-0.0031055
"810","ran810.hdr.55",-0.0011708
"810","ran810.hdr.56",0.00029457
"810","ran810.hdr.57",-0.000753399999999998
"810","ran810.hdr.58",-0.0000202999999999991
"810","ran810.hdr.59",-0.0013104
"810","ran810.hdr.6",-0.00058927
"810","ran810.hdr.60",-0.000406799999999999
"810","ran810.hdr.61",-0.00685775
"810","ran810.hdr.62",-0.012746
"810","ran810.hdr.63",0.000112359999999999
"810","ran810.hdr.64",-0.0000829000000000003
"810","ran810.hdr.65",-0.0007712
"810","ran810.hdr.66",-0.0017715
"810","ran810.hdr.67",-0.0028229
"810","ran810.hdr.68",-0.0035232
"810","ran810.hdr.69",-0.0010284
"810","ran810.hdr.7",-0.00041681
"810","ran810.hdr.70",-0.0000461999999999997
"810","ran810.hdr.71",0.000385160000000001
"810","ran810.hdr.72",-0.0013741
"810","ran810.hdr.73",-0.0002688
"810","ran810.hdr.74",-0.000630200000000001
"810","ran810.hdr.75",-0.000481599999999999
"810","ran810.hdr.76",-0.002875
"810","ran810.hdr.77",-0.0013901
"810","ran810.hdr.78",-0.0001402
"810","ran810.hdr.8",-0.0000776700000000002
"810","ran810.hdr.9",-0.0001706
"811","ran811.hdr.1",-0.0014785
"811","ran811.hdr.10",-0.0006642
"811","ran811.hdr.11",-0.000393299999999999
"811","ran811.hdr.12",-0.00065658
"811","ran811.hdr.13",-0.0011243
"811","ran811.hdr.14",-0.000359400000000001
"811","ran811.hdr.15",-0.0006719
"811","ran811.hdr.16",0.00023279
"811","ran811.hdr.17",0.00048559
"811","ran811.hdr.18",-0.000126800000000002
"811","ran811.hdr.19",-0.000600499999999999
"811","ran811.hdr.2",-0.00449763
"811","ran811.hdr.20",-0.0019612
"811","ran811.hdr.21",-0.0005983
"811","ran811.hdr.22",-0.001596
"811","ran811.hdr.23",-0.0015342
"811","ran811.hdr.24",-0.000257510000000001
"811","ran811.hdr.25",0.0001919
"811","ran811.hdr.26",-0.000376700000000001
"811","ran811.hdr.27",-0.000155240000000001
"811","ran811.hdr.28",-0.0003797
"811","ran811.hdr.29",-0.000420199999999999
"811","ran811.hdr.3",-0.000831800000000001
"811","ran811.hdr.30",-0.0014853
"811","ran811.hdr.31",-0.01715588
"811","ran811.hdr.32",-0.0050666
"811","ran811.hdr.33",-0.0000660000000000001
"811","ran811.hdr.34",-0.00012828
"811","ran811.hdr.35",-0.00020889
"811","ran811.hdr.36",NA
"811","ran811.hdr.37",-0.00082841
"811","ran811.hdr.38",-0.0001264
"811","ran811.hdr.39",-0.0003316
"811","ran811.hdr.4",-0.0054872
"811","ran811.hdr.40",-0.0009972
"811","ran811.hdr.41",-0.0000485800000000003
"811","ran811.hdr.42",-0.00011256
"811","ran811.hdr.43",0.000215299999999998
"811","ran811.hdr.44",-0.000026974
"811","ran811.hdr.45",0.0000346000000000009
"811","ran811.hdr.46",0.0000691835
"811","ran811.hdr.47",0.000078332
"811","ran811.hdr.48",-0.0003295
"811","ran811.hdr.49",-0.000313409999999999
"811","ran811.hdr.5",-0.0028274
"811","ran811.hdr.50",0.000032840000000001
"811","ran811.hdr.51",-0.0010844
"811","ran811.hdr.52",-0.000753399999999998
"811","ran811.hdr.53",0.00015665
"811","ran811.hdr.54",-0.000999000000000003
"811","ran811.hdr.55",-0.0007746
"811","ran811.hdr.56",0.0000782999999999999
"811","ran811.hdr.57",-0.001222
"811","ran811.hdr.58",0.000413299999999998
"811","ran811.hdr.59",-0.0084385
"811","ran811.hdr.6",-0.0056785
"811","ran811.hdr.60",-0.00039282
"811","ran811.hdr.61",-0.00104738
"811","ran811.hdr.62",-0.0012643
"811","ran811.hdr.63",-0.001278
"811","ran811.hdr.64",-0.0004568
"811","ran811.hdr.65",-0.00056939
"811","ran811.hdr.66",-0.000681889999999999
"811","ran811.hdr.67",-0.0019411
"811","ran811.hdr.68",-0.0037006
"811","ran811.hdr.69",-0.000407100000000001
"811","ran811.hdr.7",-0.0000191500000000008
"811","ran811.hdr.70",-0.0003493
"811","ran811.hdr.71",-0.00063214
"811","ran811.hdr.72",0.0000233799999999999
"811","ran811.hdr.73",-0.000406
"811","ran811.hdr.74",-0.0014309
"811","ran811.hdr.75",-0.0003706
"811","ran811.hdr.76",-0.0000552000000000018
"811","ran811.hdr.77",-0.000748700000000001
"811","ran811.hdr.78",-0.0018567
"811","ran811.hdr.8",0.00024838
"811","ran811.hdr.9",-0.000428030000000001
"812","ran812.hdr.1",-0.000391299999999997
"812","ran812.hdr.10",-0.000320800000000001
"812","ran812.hdr.11",-0.0003458
"812","ran812.hdr.12",-0.000935750000000001
"812","ran812.hdr.13",-0.000919
"812","ran812.hdr.14",-0.0002758
"812","ran812.hdr.15",-0.0035352
"812","ran812.hdr.16",-0.00158129
"812","ran812.hdr.17",-0.0015342
"812","ran812.hdr.18",-0.000846699999999999
"812","ran812.hdr.19",-0.0011853
"812","ran812.hdr.2",-0.00119054
"812","ran812.hdr.20",-0.0084394
"812","ran812.hdr.21",-0.0010804
"812","ran812.hdr.22",-0.0004364
"812","ran812.hdr.23",0.00004944
"812","ran812.hdr.24",-0.000231400000000001
"812","ran812.hdr.25",-0.00020663
"812","ran812.hdr.26",0.0000353899999999997
"812","ran812.hdr.27",-0.000166349999999999
"812","ran812.hdr.28",0.0000228799999999994
"812","ran812.hdr.29",-0.00010144
"812","ran812.hdr.3",-0.0024371
"812","ran812.hdr.30",0.000188999999999998
"812","ran812.hdr.31",-0.0000146999999999994
"812","ran812.hdr.32",-0.0000865999999999992
"812","ran812.hdr.33",-0.000140850000000001
"812","ran812.hdr.34",-0.000735299999999998
"812","ran812.hdr.35",-0.000757799999999999
"812","ran812.hdr.36",-0.000184700000000001
"812","ran812.hdr.37",-0.0001752
"812","ran812.hdr.38",-0.000202600000000001
"812","ran812.hdr.39",-0.0008214
"812","ran812.hdr.4",-0.0032872
"812","ran812.hdr.40",0.0000540300000000001
"812","ran812.hdr.41",-0.0015782
"812","ran812.hdr.42",-0.0022477
"812","ran812.hdr.43",-0.0022656
"812","ran812.hdr.44",-0.00010706
"812","ran812.hdr.45",-0.0022371
"812","ran812.hdr.46",0.00013057
"812","ran812.hdr.47",0.000113700000000001
"812","ran812.hdr.48",-0.000713800000000001
"812","ran812.hdr.49",0.00015967
"812","ran812.hdr.5",-0.0004437
"812","ran812.hdr.50",-0.0001647
"812","ran812.hdr.51",-0.01768098
"812","ran812.hdr.52",-0.0034143
"812","ran812.hdr.53",-0.000643990000000001
"812","ran812.hdr.54",-0.000456100000000001
"812","ran812.hdr.55",0.00008457
"812","ran812.hdr.56",-0.00073559
"812","ran812.hdr.57",-0.0040008
"812","ran812.hdr.6",-0.004515
"812","ran812.hdr.61",-0.00016504
"812","ran812.hdr.62",-0.000849699999999998
"812","ran812.hdr.63",-0.000455400000000002
"812","ran812.hdr.64",-0.000163490000000001
"812","ran812.hdr.65",-0.0022371
"812","ran812.hdr.66",-0.00424687
"812","ran812.hdr.67",-0.0013718
"812","ran812.hdr.68",-0.001971
"812","ran812.hdr.69",0.0000855000000000022
"812","ran812.hdr.7",-0.0028274
"812","ran812.hdr.70",-0.0006633
"812","ran812.hdr.71",-0.0003058
"812","ran812.hdr.72",-0.0011299
"812","ran812.hdr.73",-0.000328200000000001
"812","ran812.hdr.74",-0.00124621
"812","ran812.hdr.75",-0.000052345
"812","ran812.hdr.76",-0.0007697
"812","ran812.hdr.77",-0.0020758
"812","ran812.hdr.78",-0.0005602
"812","ran812.hdr.8",-0.00020486
"812","ran812.hdr.9",-0.00023279
"813","ran813.hdr.1",-0.0034482
"813","ran813.hdr.10",-0.0010879
"813","ran813.hdr.11",-0.0001224
"813","ran813.hdr.12",-0.000262800000000001
"813","ran813.hdr.13",-0.0002725
"813","ran813.hdr.14",-0.000934500000000001
"813","ran813.hdr.15",-0.0032234
"813","ran813.hdr.16",-0.0013259
"813","ran813.hdr.17",-0.0017312
"813","ran813.hdr.18",-0.0004889
"813","ran813.hdr.19",0.0002964
"813","ran813.hdr.2",0.000443500000000001
"813","ran813.hdr.20",-0.0004899
"813","ran813.hdr.21",-0.000114
"813","ran813.hdr.22",-0.00742042
"813","ran813.hdr.23",-0.0012522
"813","ran813.hdr.24",-0.0007746
"813","ran813.hdr.25",-0.0006158
"813","ran813.hdr.26",-0.0002773
"813","ran813.hdr.27",-0.00029554
"813","ran813.hdr.28",-0.00019075
"813","ran813.hdr.29",-0.000207189999999999
"813","ran813.hdr.3",-0.0049685
"813","ran813.hdr.30",-0.00016391
"813","ran813.hdr.31",-0.00037474
"813","ran813.hdr.32",-0.0003193
"813","ran813.hdr.33",-0.0076907
"813","ran813.hdr.34",-0.0010452
"813","ran813.hdr.35",-0.000252799999999999
"813","ran813.hdr.36",-0.0007758
"813","ran813.hdr.37",0.000342240000000001
"813","ran813.hdr.38",-0.0006558
"813","ran813.hdr.39",-0.0005632
"813","ran813.hdr.4",-0.0051096
"813","ran813.hdr.40",-0.0004551
"813","ran813.hdr.41",-0.0002126
"813","ran813.hdr.42",-0.0001811
"813","ran813.hdr.43",-0.0009266
"813","ran813.hdr.44",-0.000688599999999999
"813","ran813.hdr.45",0.000389899999999999
"813","ran813.hdr.46",0.0000818099999999999
"813","ran813.hdr.47",-0.000473700000000001
"813","ran813.hdr.48",-0.00077464
"813","ran813.hdr.49",0.00045804
"813","ran813.hdr.5",-0.00013959
"813","ran813.hdr.50",-0.0004037
"813","ran813.hdr.51",-0.00019336
"813","ran813.hdr.52",0.0000982199999999996
"813","ran813.hdr.53",-0.00025195
"813","ran813.hdr.54",-0.000796399999999999
"813","ran813.hdr.55",-0.00050929
"813","ran813.hdr.56",0.00016133
"813","ran813.hdr.57",-0.00095777
"813","ran813.hdr.58",-0.00015495
"813","ran813.hdr.59",0.000449599999999998
"813","ran813.hdr.6",-0.0000411000000000005
"813","ran813.hdr.60",-0.0180869
"813","ran813.hdr.61",-0.0004607
"813","ran813.hdr.62",-0.00019203
"813","ran813.hdr.63",-0.00039282
"813","ran813.hdr.64",-0.00104738
"813","ran813.hdr.65",-0.000154400000000002
"813","ran813.hdr.66",-0.0005631
"813","ran813.hdr.67",-0.000093939999999999
"813","ran813.hdr.68",-0.0003088
"813","ran813.hdr.69",0.00011249
"813","ran813.hdr.7",0.0000803000000000002
"813","ran813.hdr.70",-0.000639000000000001
"813","ran813.hdr.71",-0.0008746
"813","ran813.hdr.72",-0.000333699999999999
"813","ran813.hdr.73",-0.000590700000000003
"813","ran813.hdr.74",0.000326549999999999
"813","ran813.hdr.75",0.0004451
"813","ran813.hdr.76",-0.000471699999999999
"813","ran813.hdr.77",-0.0013233
"813","ran813.hdr.78",-0.000676700000000002
"813","ran813.hdr.8",0.0000762699999999998
"813","ran813.hdr.9",-0.00012632
"814","ran814.hdr.1",-0.00011342
"814","ran814.hdr.10",-0.000032131
"814","ran814.hdr.11",-0.000374649999999999
"814","ran814.hdr.12",-0.000204939999999999
"814","ran814.hdr.13",-0.00045021
"814","ran814.hdr.14",-0.0005524
"814","ran814.hdr.15",0.00000960000000000023
"814","ran814.hdr.16",-0.000351200000000001
"814","ran814.hdr.17",-0.000477
"814","ran814.hdr.18",-0.000377500000000001
"814","ran814.hdr.19",-0.000682600000000002
"814","ran814.hdr.2",-0.0053867
"814","ran814.hdr.20",-0.000102600000000001
"814","ran814.hdr.21",-0.00158129
"814","ran814.hdr.22",-0.000747600000000001
"814","ran814.hdr.23",0.00007953
"814","ran814.hdr.24",-0.0000257999999999994
"814","ran814.hdr.25",0.00025468
"814","ran814.hdr.26",-0.002522
"814","ran814.hdr.27",-0.00031339
"814","ran814.hdr.28",-0.000420199999999999
"814","ran814.hdr.29",-0.0000701
"814","ran814.hdr.3",-0.0007133
"814","ran814.hdr.30",-0.0018846
"814","ran814.hdr.31",-0.0012989
"814","ran814.hdr.32",-0.0036419
"814","ran814.hdr.33",-0.000478900000000001
"814","ran814.hdr.34",-0.0005059
"814","ran814.hdr.35",-0.00028523
"814","ran814.hdr.36",-0.00013875
"814","ran814.hdr.37",-0.000104
"814","ran814.hdr.38",0.000207600000000002
"814","ran814.hdr.39",-0.0026491
"814","ran814.hdr.4",-0.00034287
"814","ran814.hdr.40",-0.000752999999999998
"814","ran814.hdr.41",NA
"814","ran814.hdr.42",-0.00641689
"814","ran814.hdr.43",-0.000315939999999999
"814","ran814.hdr.44",0.00010489
"814","ran814.hdr.45",0.0000959300000000001
"814","ran814.hdr.46",-0.0018136
"814","ran814.hdr.47",-0.000212240000000001
"814","ran814.hdr.48",0.000169599999999999
"814","ran814.hdr.49",-0.00012336
"814","ran814.hdr.5",-0.0048415
"814","ran814.hdr.50",-0.000248099999999999
"814","ran814.hdr.51",-0.00000580000000000025
"814","ran814.hdr.52",-0.00047522
"814","ran814.hdr.53",-0.000217699999999999
"814","ran814.hdr.54",-0.000146299999999999
"814","ran814.hdr.55",-0.001074
"814","ran814.hdr.57",-0.000136499999999999
"814","ran814.hdr.58",-0.0000788000000000004
"814","ran814.hdr.59",-0.000448199999999999
"814","ran814.hdr.6",-0.000301300000000001
"814","ran814.hdr.60",-0.0017637
"814","ran814.hdr.61",-0.0007279
"814","ran814.hdr.62",0.000244869999999999
"814","ran814.hdr.63",-0.0001464
"814","ran814.hdr.64",-0.0003359
"814","ran814.hdr.65",-0.0014307
"814","ran814.hdr.66",-0.00039478
"814","ran814.hdr.67",-0.000165360000000001
"814","ran814.hdr.68",0.0004872
"814","ran814.hdr.69",-0.0006
"814","ran814.hdr.7",-0.000602800000000001
"814","ran814.hdr.70",-0.000420299999999998
"814","ran814.hdr.71",-0.000388300000000001
"814","ran814.hdr.72",-0.0017992
"814","ran814.hdr.73",0.000326549999999999
"814","ran814.hdr.74",-0.0021382
"814","ran814.hdr.75",-0.000302699999999999
"814","ran814.hdr.76",-0.0011873
"814","ran814.hdr.77",-0.0016399
"814","ran814.hdr.78",-0.0006941
"814","ran814.hdr.8",-0.00024783
"814","ran814.hdr.9",-0.000437670000000001
"815","ran815.hdr.1",-0.00020446
"815","ran815.hdr.10",0.0000509400000000002
"815","ran815.hdr.11",-0.00039314
"815","ran815.hdr.12",-0.000320599999999999
"815","ran815.hdr.13",-0.0000977999999999986
"815","ran815.hdr.14",-0.0005968
"815","ran815.hdr.15",-0.000336900000000001
"815","ran815.hdr.16",-0.00008435
"815","ran815.hdr.17",-0.0006555
"815","ran815.hdr.18",-0.0017674
"815","ran815.hdr.19",-0.0007122
"815","ran815.hdr.2",0.0000508000000000002
"815","ran815.hdr.20",0.0009569
"815","ran815.hdr.21",-0.0005666
"815","ran815.hdr.22",-0.00034284
"815","ran815.hdr.23",0.00004039
"815","ran815.hdr.24",0.0001034
"815","ran815.hdr.25",-0.00000570000000000084
"815","ran815.hdr.26",-0.000397399999999999
"815","ran815.hdr.27",-0.0013929
"815","ran815.hdr.28",-0.000106800000000001
"815","ran815.hdr.29",-0.0011573
"815","ran815.hdr.3",-0.0005745
"815","ran815.hdr.30",-0.000359199999999999
"815","ran815.hdr.31",-0.000394099999999998
"815","ran815.hdr.32",-0.0007116
"815","ran815.hdr.33",-0.0008168
"815","ran815.hdr.34",-0.000469799999999999
"815","ran815.hdr.35",0.00013619
"815","ran815.hdr.36",-0.000259789999999999
"815","ran815.hdr.37",-0.000643399999999999
"815","ran815.hdr.38",-0.0001811
"815","ran815.hdr.39",-0.000616299999999997
"815","ran815.hdr.4",-0.0014125
"815","ran815.hdr.40",-0.000522199999999999
"815","ran815.hdr.41",-0.0006786
"815","ran815.hdr.42",-0.0010202
"815","ran815.hdr.43",-0.0076935
"815","ran815.hdr.44",-0.0000250599999999999
"815","ran815.hdr.45",0.00013033
"815","ran815.hdr.46",-0.0016606
"815","ran815.hdr.47",-0.000564
"815","ran815.hdr.48",-0.00000727000000000019
"815","ran815.hdr.49",NA
"815","ran815.hdr.5",-0.0053473
"815","ran815.hdr.50",-0.00016505
"815","ran815.hdr.51",0.0000941399999999995
"815","ran815.hdr.52",-0.00029748
"815","ran815.hdr.53",-0.00011027
"815","ran815.hdr.54",-0.000363600000000002
"815","ran815.hdr.55",-0.000602269999999999
"815","ran815.hdr.56",0.00041589
"815","ran815.hdr.57",-0.000967699999999998
"815","ran815.hdr.58",NA
"815","ran815.hdr.59",-0.0011376
"815","ran815.hdr.6",-0.0028274
"815","ran815.hdr.60",-0.000337039999999999
"815","ran815.hdr.61",-0.000567400000000001
"815","ran815.hdr.62",0.000324999999999999
"815","ran815.hdr.63",-0.001278
"815","ran815.hdr.64",-0.0028671
"815","ran815.hdr.65",-0.0019411
"815","ran815.hdr.66",-0.0005631
"815","ran815.hdr.67",-0.0023424
"815","ran815.hdr.68",0.0000622999999999995
"815","ran815.hdr.69",-0.0015712
"815","ran815.hdr.7",-0.000130499999999999
"815","ran815.hdr.70",-0.0000532100000000015
"815","ran815.hdr.71",-0.0010769
"815","ran815.hdr.72",-0.0018724
"815","ran815.hdr.73",-0.0007229
"815","ran815.hdr.74",-0.000126299999999999
"815","ran815.hdr.75",-0.0006096
"815","ran815.hdr.76",-0.0012473
"815","ran815.hdr.77",-0.0007366
"815","ran815.hdr.78",-0.0032639
"815","ran815.hdr.8",-0.00015088
"815","ran815.hdr.9",0.000140100000000001
"816","ran816.hdr.1",-0.0003178
"816","ran816.hdr.10",-0.000315299999999999
"816","ran816.hdr.11",-0.000280100000000002
"816","ran816.hdr.12",-0.0011481
"816","ran816.hdr.13",-0.0013661
"816","ran816.hdr.14",-0.00062684
"816","ran816.hdr.15",-0.000934500000000001
"816","ran816.hdr.16",-0.000840899999999999
"816","ran816.hdr.17",-0.000919
"816","ran816.hdr.18",-0.00035428
"816","ran816.hdr.19",-0.0035352
"816","ran816.hdr.2",-0.0013435
"816","ran816.hdr.20",-0.0000985999999999973
"816","ran816.hdr.21",-0.000257800000000001
"816","ran816.hdr.22",-0.000616499999999999
"816","ran816.hdr.23",-0.0006806
"816","ran816.hdr.24",-0.0005926
"816","ran816.hdr.25",-0.00043048
"816","ran816.hdr.26",-0.000347700000000001
"816","ran816.hdr.27",-0.00031138
"816","ran816.hdr.28",-0.000212320000000001
"816","ran816.hdr.29",-0.000383960000000001
"816","ran816.hdr.3",-0.0004381
"816","ran816.hdr.30",-0.000292799999999999
"816","ran816.hdr.31",-0.00014131
"816","ran816.hdr.32",-0.0002396
"816","ran816.hdr.33",0.0000355000000000008
"816","ran816.hdr.34",-0.0004031
"816","ran816.hdr.35",0.000069399999999999
"816","ran816.hdr.36",-0.00028523
"816","ran816.hdr.37",-0.000332000000000001
"816","ran816.hdr.38",-0.00087888
"816","ran816.hdr.39",-0.0011052
"816","ran816.hdr.4",-0.000290820000000001
"816","ran816.hdr.40",-0.000617899999999998
"816","ran816.hdr.41",0.000375199999999999
"816","ran816.hdr.42",-0.000720500000000002
"816","ran816.hdr.43",-0.0015247
"816","ran816.hdr.44",-0.0016634
"816","ran816.hdr.45",-0.0002384
"816","ran816.hdr.46",-0.00034381
"816","ran816.hdr.47",-0.00022449
"816","ran816.hdr.48",-0.02102894
"816","ran816.hdr.49",-0.00270844
"816","ran816.hdr.5",-0.0056027
"816","ran816.hdr.50",0.0001302
"816","ran816.hdr.51",-0.01111509
"816","ran816.hdr.52",-0.0013068
"816","ran816.hdr.53",-0.00166777
"816","ran816.hdr.54",-0.00022903
"816","ran816.hdr.56",0.0000331799999999998
"816","ran816.hdr.57",-0.000448199999999999
"816","ran816.hdr.58",-0.00016504
"816","ran816.hdr.59",-0.01078825
"816","ran816.hdr.6",-0.0053473
"816","ran816.hdr.60",-0.000746799999999999
"816","ran816.hdr.61",-0.0009154
"816","ran816.hdr.62",-0.0011268
"816","ran816.hdr.63",-0.0008071
"816","ran816.hdr.64",-0.000334099999999999
"816","ran816.hdr.65",-0.000420499999999999
"816","ran816.hdr.66",-0.0023928
"816","ran816.hdr.67",-0.0024046
"816","ran816.hdr.68",-0.0008821
"816","ran816.hdr.69",-0.0009932
"816","ran816.hdr.7",-0.0031465
"816","ran816.hdr.70",-0.000276200000000001
"816","ran816.hdr.71",-0.000955899999999999
"816","ran816.hdr.72",-0.000825300000000001
"816","ran816.hdr.73",-0.00032338
"816","ran816.hdr.74",-0.000639000000000001
"816","ran816.hdr.75",-0.000427900000000002
"816","ran816.hdr.76",-0.00000950000000000083
"816","ran816.hdr.77",-0.0021382
"816","ran816.hdr.78",-0.000809499999999998
"816","ran816.hdr.8",-0.002828
"816","ran816.hdr.9",-0.00061467
"817","ran817.hdr.1",-0.000154699999999999
"817","ran817.hdr.10",-0.0000281999999999991
"817","ran817.hdr.11",-0.000515700000000001
"817","ran817.hdr.12",-0.0005968
"817","ran817.hdr.13",-0.0000712300000000003
"817","ran817.hdr.14",-0.00008435
"817","ran817.hdr.15",-0.0134706
"817","ran817.hdr.16",-0.000948300000000003
"817","ran817.hdr.17",-0.000846999999999997
"817","ran817.hdr.18",-0.000846699999999999
"817","ran817.hdr.19",0.00007813
"817","ran817.hdr.2",-0.0032872
"817","ran817.hdr.20",-0.0004995
"817","ran817.hdr.21",-0.000327499999999998
"817","ran817.hdr.22",-0.00107892
"817","ran817.hdr.23",-0.00055319
"817","ran817.hdr.24",-0.000292629999999999
"817","ran817.hdr.25",-0.000643000000000001
"817","ran817.hdr.26",-0.0001799
"817","ran817.hdr.27",-0.00087039
"817","ran817.hdr.28",-0.000193700000000002
"817","ran817.hdr.29",-0.0023193
"817","ran817.hdr.3",0.000367099999999999
"817","ran817.hdr.30",-0.0009332
"817","ran817.hdr.31",-0.0013224
"817","ran817.hdr.32",-0.001142
"817","ran817.hdr.33",-0.0001828
"817","ran817.hdr.34",-0.0011115
"817","ran817.hdr.35",-0.0005509
"817","ran817.hdr.36",0.000237449999999998
"817","ran817.hdr.37",-0.000638400000000001
"817","ran817.hdr.38",-0.0002126
"817","ran817.hdr.39",0.0000248600000000015
"817","ran817.hdr.4",-0.000713199999999999
"817","ran817.hdr.40",-0.0022656
"817","ran817.hdr.41",0.0004708
"817","ran817.hdr.42",0.000012144
"817","ran817.hdr.43",-0.000473700000000001
"817","ran817.hdr.44",-0.00035604
"817","ran817.hdr.45",-0.000209999999999998
"817","ran817.hdr.46",-0.0023439
"817","ran817.hdr.47",-0.000564
"817","ran817.hdr.48",-0.0004198
"817","ran817.hdr.49",-0.0013817
"817","ran817.hdr.5",-0.01541877
"817","ran817.hdr.50",-0.000313409999999999
"817","ran817.hdr.51",0.000032840000000001
"817","ran817.hdr.52",-0.000753399999999998
"817","ran817.hdr.53",-0.000297500000000001
"817","ran817.hdr.54",-0.0001099
"817","ran817.hdr.55",-0.0004551
"817","ran817.hdr.56",-0.000694199999999999
"817","ran817.hdr.57",0.000543500000000001
"817","ran817.hdr.58",-0.0011885
"817","ran817.hdr.59",-0.000617400000000001
"817","ran817.hdr.6",-0.0109775
"817","ran817.hdr.60",0.000115799999999999
"817","ran817.hdr.61",-0.00274956
"817","ran817.hdr.62",0.000190600000000003
"817","ran817.hdr.63",-0.000266830000000001
"817","ran817.hdr.64",-0.00045068
"817","ran817.hdr.65",-0.000376000000000001
"817","ran817.hdr.66",0.0000275999999999992
"817","ran817.hdr.67",-0.0037745
"817","ran817.hdr.68",0.0000553699999999999
"817","ran817.hdr.69",-0.0018724
"817","ran817.hdr.7",0.0000479499999999997
"817","ran817.hdr.70",-0.000579
"817","ran817.hdr.71",-0.00086876
"817","ran817.hdr.72",-0.0019926
"817","ran817.hdr.73",-0.000580499999999999
"817","ran817.hdr.74",0.00017466
"817","ran817.hdr.75",-0.000973600000000002
"817","ran817.hdr.76",-0.000584000000000001
"817","ran817.hdr.77",-0.0006941
"817","ran817.hdr.78",-0.000776900000000001
"817","ran817.hdr.8",-0.000979900000000001
"817","ran817.hdr.9",-0.0003821
"818","ran818.hdr.1",-0.000332499999999999
"818","ran818.hdr.10",-0.00058509
"818","ran818.hdr.11",-0.000428030000000001
"818","ran818.hdr.12",-0.000419360000000001
"818","ran818.hdr.13",-0.000808199999999999
"818","ran818.hdr.14",0.00000960000000000023
"818","ran818.hdr.15",0.0001871
"818","ran818.hdr.16",-0.0005968
"818","ran818.hdr.17",-0.00008435
"818","ran818.hdr.18",-0.0018782
"818","ran818.hdr.19",-0.0008164
"818","ran818.hdr.2",0.000177399999999999
"818","ran818.hdr.20",-0.0011179
"818","ran818.hdr.21",-0.0002489
"818","ran818.hdr.22",-0.0017312
"818","ran818.hdr.23",-0.0039813
"818","ran818.hdr.24",-0.000369699999999999
"818","ran818.hdr.25",-0.000598599999999998
"818","ran818.hdr.26",-0.000473700000000001
"818","ran818.hdr.27",-0.000190700000000002
"818","ran818.hdr.28",-0.000576
"818","ran818.hdr.29",-0.000207189999999999
"818","ran818.hdr.3",-0.00041678
"818","ran818.hdr.30",0.0000553900000000002
"818","ran818.hdr.31",-0.0000410300000000001
"818","ran818.hdr.32",0.0002503
"818","ran818.hdr.33",0.0004945
"818","ran818.hdr.34",-0.000803500000000002
"818","ran818.hdr.35",0.000114
"818","ran818.hdr.36",-0.0013244
"818","ran818.hdr.37",-0.0000245000000000002
"818","ran818.hdr.38",-0.0000142300000000005
"818","ran818.hdr.39",-0.0014027
"818","ran818.hdr.4",-0.000831800000000001
"818","ran818.hdr.40",-0.0010048
"818","ran818.hdr.41",-0.000787299999999999
"818","ran818.hdr.42",-0.0001203
"818","ran818.hdr.43",-0.0001434
"818","ran818.hdr.44",-0.000522199999999999
"818","ran818.hdr.45",-0.000730900000000001
"818","ran818.hdr.46",-0.000404300000000002
"818","ran818.hdr.47",-0.000308399999999999
"818","ran818.hdr.48",-0.0001393
"818","ran818.hdr.49",-0.0006733
"818","ran818.hdr.5",-0.0008533
"818","ran818.hdr.50",-0.00022449
"818","ran818.hdr.51",-0.000034158
"818","ran818.hdr.52",-0.000315939999999999
"818","ran818.hdr.53",-0.0015804
"818","ran818.hdr.54",-0.000299799999999999
"818","ran818.hdr.55",-0.000568100000000002
"818","ran818.hdr.56",-0.000586400000000001
"818","ran818.hdr.57",-0.000270960000000001
"818","ran818.hdr.58",-0.000313299999999999
"818","ran818.hdr.59",-0.0005766
"818","ran818.hdr.6",-0.0002132
"818","ran818.hdr.60",-0.000136499999999999
"818","ran818.hdr.61",0.000129292
"818","ran818.hdr.62",-0.0011376
"818","ran818.hdr.63",0.000291260000000001
"818","ran818.hdr.64",-0.00016
"818","ran818.hdr.65",0.000052410000000001
"818","ran818.hdr.66",-0.00045068
"818","ran818.hdr.67",0.000135650000000001
"818","ran818.hdr.68",-0.001085
"818","ran818.hdr.69",-0.000839700000000002
"818","ran818.hdr.7",-0.0044934
"818","ran818.hdr.70",0.000337199999999999
"818","ran818.hdr.71",-0.0003088
"818","ran818.hdr.72",-0.0010769
"818","ran818.hdr.73",-0.0004414
"818","ran818.hdr.74",-0.000794900000000001
"818","ran818.hdr.75",-0.00033557
"818","ran818.hdr.76",-0.0018985
"818","ran818.hdr.77",-0.0005602
"818","ran818.hdr.78",-0.0003888
"818","ran818.hdr.8",0.00011623
"818","ran818.hdr.9",-0.0001052
"819","ran819.hdr.1",-0.0032872
"819","ran819.hdr.10",-0.0011219
"819","ran819.hdr.11",-0.000204939999999999
"819","ran819.hdr.12",-0.000194699999999999
"819","ran819.hdr.13",-0.0010879
"819","ran819.hdr.14",-0.0000108700000000005
"819","ran819.hdr.15",0.0000442999999999989
"819","ran819.hdr.16",-0.0011386
"819","ran819.hdr.17",-0.000506029999999999
"819","ran819.hdr.18",-0.00021029
"819","ran819.hdr.19",-0.00061751
"819","ran819.hdr.2",-0.0054532
"819","ran819.hdr.20",-0.00023074
"819","ran819.hdr.21",-0.0003257
"819","ran819.hdr.22",-0.0000896400000000002
"819","ran819.hdr.23",-0.0011179
"819","ran819.hdr.24",0.000948000000000001
"819","ran819.hdr.25",-0.0013259
"819","ran819.hdr.26",0.0000230999999999981
"819","ran819.hdr.27",NA
"819","ran819.hdr.28",-0.0010563
"819","ran819.hdr.29",-0.0017045
"819","ran819.hdr.3",-0.000295900000000002
"819","ran819.hdr.30",-0.0015342
"819","ran819.hdr.31",-0.0005906
"819","ran819.hdr.32",-0.0004445
"819","ran819.hdr.33",-0.0113291
"819","ran819.hdr.34",-0.000327499999999998
"819","ran819.hdr.35",0.0000853599999999996
"819","ran819.hdr.36",-0.00005437
"819","ran819.hdr.37",-0.0000960000000000023
"819","ran819.hdr.38",-0.0011074
"819","ran819.hdr.39",-0.0018846
"819","ran819.hdr.4",-0.000831800000000001
"819","ran819.hdr.40",-0.000504299999999999
"819","ran819.hdr.41",0.000166100000000001
"819","ran819.hdr.42",-0.00028523
"819","ran819.hdr.43",-0.0005707
"819","ran819.hdr.44",-0.0012954
"819","ran819.hdr.45",-0.000250999999999999
"819","ran819.hdr.46",0.0001577
"819","ran819.hdr.47",-0.000026974
"819","ran819.hdr.48",-0.0022371
"819","ran819.hdr.49",0.000704900000000001
"819","ran819.hdr.5",-0.00015088
"819","ran819.hdr.50",0.0003682
"819","ran819.hdr.51",-0.0003341
"819","ran819.hdr.52",-0.000551949999999999
"819","ran819.hdr.53",-0.0005042
"819","ran819.hdr.54",-0.000238039999999999
"819","ran819.hdr.55",-0.000000799999999999586
"819","ran819.hdr.56",0.0001157
"819","ran819.hdr.57",-0.000796399999999999
"819","ran819.hdr.6",-0.00036891
"819","ran819.hdr.61",-0.00039517
"819","ran819.hdr.62",0.0002951
"819","ran819.hdr.63",-0.0001542
"819","ran819.hdr.64",-0.0006961
"819","ran819.hdr.65",0.0000194084
"819","ran819.hdr.66",-0.000382200000000003
"819","ran819.hdr.67",-0.0010828
"819","ran819.hdr.68",-0.0004463
"819","ran819.hdr.69",-0.0068051
"819","ran819.hdr.7",-0.000128
"819","ran819.hdr.70",-0.0014327
"819","ran819.hdr.71",-0.000161699999999999
"819","ran819.hdr.72",-0.0001911
"819","ran819.hdr.73",-0.0002524
"819","ran819.hdr.74",-0.00118788
"819","ran819.hdr.75",-0.000623599999999998
"819","ran819.hdr.76",-0.0014027
"819","ran819.hdr.77",-0.0017455
"819","ran819.hdr.78",0.000196698
"819","ran819.hdr.8",-0.000602800000000001
"819","ran819.hdr.9",0.000422629999999998
"820","ran820.hdr.1",-0.0004317
"820","ran820.hdr.10",-0.0010564
"820","ran820.hdr.11",-0.0015418
"820","ran820.hdr.12",-0.00035428
"820","ran820.hdr.13",-0.000668999999999999
"820","ran820.hdr.14",-0.0003961
"820","ran820.hdr.15",-0.00015683
"820","ran820.hdr.16",0.0000993499999999998
"820","ran820.hdr.17",-0.0002792
"820","ran820.hdr.18",-0.0001723
"820","ran820.hdr.19",-0.0000682000000000009
"820","ran820.hdr.2",-0.0012185
"820","ran820.hdr.20",-0.0005926
"820","ran820.hdr.21",-0.000429799999999999
"820","ran820.hdr.22",0.00017261
"820","ran820.hdr.23",0.000435100000000001
"820","ran820.hdr.24",-0.00060842
"820","ran820.hdr.25",-0.000243760000000001
"820","ran820.hdr.26",-0.0002091
"820","ran820.hdr.27",-0.00016025
"820","ran820.hdr.28",-0.00037474
"820","ran820.hdr.29",-0.00035023
"820","ran820.hdr.3",-0.000236699999999999
"820","ran820.hdr.30",-0.00033577
"820","ran820.hdr.31",-0.0023372
"820","ran820.hdr.32",-0.001093
"820","ran820.hdr.33",-0.0011074
"820","ran820.hdr.34",-0.0013224
"820","ran820.hdr.35",-0.0002968
"820","ran820.hdr.36",-0.000394099999999998
"820","ran820.hdr.37",-0.0001752
"820","ran820.hdr.38",-0.0014027
"820","ran820.hdr.39",-0.0008745
"820","ran820.hdr.4",-0.0000411000000000005
"820","ran820.hdr.40",-0.0008214
"820","ran820.hdr.41",-0.00102067
"820","ran820.hdr.42",0.000219559999999999
"820","ran820.hdr.43",-0.000129839
"820","ran820.hdr.44",-0.000343609999999999
"820","ran820.hdr.45",-0.000749
"820","ran820.hdr.46",-0.000209999999999998
"820","ran820.hdr.47",-0.0025824
"820","ran820.hdr.48",-0.0013068
"820","ran820.hdr.49",-0.00016562
"820","ran820.hdr.5",-0.000198540000000001
"820","ran820.hdr.50",-0.000643990000000001
"820","ran820.hdr.51",0.0000692499999999999
"820","ran820.hdr.52",-0.0001172
"820","ran820.hdr.53",-0.000193199999999999
"820","ran820.hdr.54",-0.000293069999999999
"820","ran820.hdr.56",0.00006119
"820","ran820.hdr.57",-0.000658
"820","ran820.hdr.58",-0.000473699999999999
"820","ran820.hdr.59",-0.0020934
"820","ran820.hdr.6",-0.0000801099999999996
"820","ran820.hdr.60",-0.000763170000000001
"820","ran820.hdr.61",0.0000120000000000016
"820","ran820.hdr.62",0.000404499999999999
"820","ran820.hdr.63",-0.0016226
"820","ran820.hdr.64",-0.0011892
"820","ran820.hdr.65",-0.000261899999999999
"820","ran820.hdr.66",-0.000958700000000002
"820","ran820.hdr.67",-0.00740309
"820","ran820.hdr.68",-0.0015712
"820","ran820.hdr.69",-0.0010098
"820","ran820.hdr.7",0.0000442999999999989
"820","ran820.hdr.70",0.00040844
"820","ran820.hdr.71",-0.0013792
"820","ran820.hdr.72",-0.00029
"820","ran820.hdr.73",-0.000825300000000001
"820","ran820.hdr.74",-0.0011943
"820","ran820.hdr.75",0.000000699999999999312
"820","ran820.hdr.76",-0.0011035
"820","ran820.hdr.77",-0.000894099999999998
"820","ran820.hdr.78",-0.000548699999999999
"820","ran820.hdr.8",-0.00023309
"820","ran820.hdr.9",-0.0002267
"821","ran821.hdr.1",-0.0014444
"821","ran821.hdr.10",-0.00143173
"821","ran821.hdr.11",-0.00013425
"821","ran821.hdr.12",-0.0003059
"821","ran821.hdr.13",-0.0003003
"821","ran821.hdr.14",-0.000480399999999999
"821","ran821.hdr.15",0.000234499999999999
"821","ran821.hdr.16",-0.0000764000000000008
"821","ran821.hdr.17",0.000462899999999999
"821","ran821.hdr.18",-0.0010992
"821","ran821.hdr.19",-0.000935750000000001
"821","ran821.hdr.2",-0.0003084
"821","ran821.hdr.20",-0.00061751
"821","ran821.hdr.21",0.000128900000000001
"821","ran821.hdr.22",-0.0021765
"821","ran821.hdr.23",-0.000140599999999999
"821","ran821.hdr.24",-0.0000348000000000015
"821","ran821.hdr.25",-0.0003756
"821","ran821.hdr.26",-0.0013895
"821","ran821.hdr.27",-0.0024928
"821","ran821.hdr.28",-0.0005926
"821","ran821.hdr.29",0.00000545000000000016
"821","ran821.hdr.3",0.0000845999999999989
"821","ran821.hdr.30",-0.0004121
"821","ran821.hdr.31",-0.0019493
"821","ran821.hdr.32",-0.00025349
"821","ran821.hdr.33",-0.0000202099999999997
"821","ran821.hdr.34",-0.000572599999999999
"821","ran821.hdr.35",-0.000531400000000001
"821","ran821.hdr.36",-0.00018951
"821","ran821.hdr.37",-0.0007116
"821","ran821.hdr.38",-0.001126
"821","ran821.hdr.39",-0.0005707
"821","ran821.hdr.4",-0.0011152
"821","ran821.hdr.40",-0.000788499999999999
"821","ran821.hdr.41",-0.0000886700000000001
"821","ran821.hdr.42",0.0000540300000000001
"821","ran821.hdr.43",-0.0001434
"821","ran821.hdr.44",-0.000206699999999999
"821","ran821.hdr.45",-0.00065478
"821","ran821.hdr.46",NA
"821","ran821.hdr.47",-0.0000724000000000002
"821","ran821.hdr.48",-0.01714898
"821","ran821.hdr.49",-0.0001508
"821","ran821.hdr.5",-0.000282899999999999
"821","ran821.hdr.50",0.0000833999999999991
"821","ran821.hdr.51",-0.000473700000000001
"821","ran821.hdr.52",-0.01111509
"821","ran821.hdr.53",0.00019544
"821","ran821.hdr.54",-0.00013051
"821","ran821.hdr.55",0.000269429999999999
"821","ran821.hdr.56",-0.0006896
"821","ran821.hdr.57",0.00016363
"821","ran821.hdr.58",-0.0010297
"821","ran821.hdr.59",-0.0015112
"821","ran821.hdr.6",-0.0013435
"821","ran821.hdr.60",-0.000513100000000002
"821","ran821.hdr.61",-0.000907400000000001
"821","ran821.hdr.62",-0.001222
"821","ran821.hdr.63",-0.00574057
"821","ran821.hdr.64",-0.0001422
"821","ran821.hdr.65",-0.000312099999999999
"821","ran821.hdr.66",-0.0000573999999999991
"821","ran821.hdr.67",-0.000376000000000001
"821","ran821.hdr.68",-0.000674876
"821","ran821.hdr.69",0.00000899999999999859
"821","ran821.hdr.7",0.000214480000000001
"821","ran821.hdr.70",-0.0004049
"821","ran821.hdr.71",-0.0002956
"821","ran821.hdr.72",-0.000389500000000001
"821","ran821.hdr.73",-0.000161699999999999
"821","ran821.hdr.74",-0.0007229
"821","ran821.hdr.75",-0.0008746
"821","ran821.hdr.76",-0.000578
"821","ran821.hdr.77",-0.0016949
"821","ran821.hdr.78",-0.0016621
"821","ran821.hdr.8",-0.0005346
"821","ran821.hdr.9",-0.0008533
"822","ran822.hdr.1",-0.0000461999999999997
"822","ran822.hdr.10",-0.000428030000000001
"822","ran822.hdr.11",-0.0000870999999999997
"822","ran822.hdr.12",-0.00038553
"822","ran822.hdr.13",-0.000547299999999997
"822","ran822.hdr.14",-0.001162
"822","ran822.hdr.15",-0.00019458
"822","ran822.hdr.16",-0.0000885999999999977
"822","ran822.hdr.17",-0.0005193
"822","ran822.hdr.18",-0.000333099999999999
"822","ran822.hdr.19",-0.000935750000000001
"822","ran822.hdr.2",0.0005936
"822","ran822.hdr.20",-0.00049628
"822","ran822.hdr.21",-0.000779799999999999
"822","ran822.hdr.22",-0.0000309000000000004
"822","ran822.hdr.23",-0.000187900000000001
"822","ran822.hdr.24",-0.000167799999999999
"822","ran822.hdr.25",-0.000554499999999999
"822","ran822.hdr.26",-0.0001443
"822","ran822.hdr.27",-0.000347700000000001
"822","ran822.hdr.28",-0.00022216
"822","ran822.hdr.29",-0.0006201
"822","ran822.hdr.3",0.000856199999999998
"822","ran822.hdr.30",-0.00141581
"822","ran822.hdr.31",-0.000232109999999999
"822","ran822.hdr.32",0.000230600000000001
"822","ran822.hdr.33",-0.0000163099999999994
"822","ran822.hdr.34",-0.000119399999999999
"822","ran822.hdr.35",-0.000875799999999999
"822","ran822.hdr.36",-0.0000631999999999994
"822","ran822.hdr.37",-0.000510400000000001
"822","ran822.hdr.38",-0.0015749
"822","ran822.hdr.39",-0.0010275
"822","ran822.hdr.4",-0.01685291
"822","ran822.hdr.40",-0.002171
"822","ran822.hdr.41",-0.0016596
"822","ran822.hdr.42",0.0000200999999999986
"822","ran822.hdr.43",-0.00016772
"822","ran822.hdr.44",-0.000551100000000002
"822","ran822.hdr.45",-0.0014471
"822","ran822.hdr.46",-0.0000649599999999993
"822","ran822.hdr.47",-0.00270844
"822","ran822.hdr.48",0.0000680000000000004
"822","ran822.hdr.49",-0.000070321
"822","ran822.hdr.5",-0.0051096
"822","ran822.hdr.50",-0.000362299999999999
"822","ran822.hdr.54",-0.0004014
"822","ran822.hdr.55",0.000090208
"822","ran822.hdr.56",-0.0004641
"822","ran822.hdr.57",-0.0017637
"822","ran822.hdr.58",-0.000595
"822","ran822.hdr.59",0.000366500000000001
"822","ran822.hdr.6",-0.0003134
"822","ran822.hdr.60",-0.000534000000000001
"822","ran822.hdr.61",0.000118699999999999
"822","ran822.hdr.62",-0.0003154
"822","ran822.hdr.63",-0.0013065
"822","ran822.hdr.64",-0.000350800000000002
"822","ran822.hdr.65",-0.000535400000000002
"822","ran822.hdr.66",-0.0012643
"822","ran822.hdr.67",0.000246699999999999
"822","ran822.hdr.68",-0.0011892
"822","ran822.hdr.69",-0.0001876
"822","ran822.hdr.7",-0.000437670000000001
"822","ran822.hdr.70",-0.0003382
"822","ran822.hdr.71",-0.0000677999999999998
"822","ran822.hdr.72",-0.00021431
"822","ran822.hdr.73",-0.0013741
"822","ran822.hdr.74",-0.000590700000000003
"822","ran822.hdr.75",-0.000424799999999999
"822","ran822.hdr.76",-0.00119554
"822","ran822.hdr.77",-0.0010028
"822","ran822.hdr.78",-0.0005602
"822","ran822.hdr.8",-0.0015953
"822","ran822.hdr.9",-0.0003446
"823","ran823.hdr.1",-0.0014444
"823","ran823.hdr.10",0.00000960000000000023
"823","ran823.hdr.11",-0.0000475000000000007
"823","ran823.hdr.12",-0.0032234
"823","ran823.hdr.13",-0.0134706
"823","ran823.hdr.14",-0.000533099999999998
"823","ran823.hdr.15",-0.0000569000000000021
"823","ran823.hdr.16",-0.000110299999999999
"823","ran823.hdr.17",-0.00034284
"823","ran823.hdr.18",-0.000747600000000001
"823","ran823.hdr.19",-0.000616499999999999
"823","ran823.hdr.2",-0.000740699999999999
"823","ran823.hdr.20",-0.000561900000000001
"823","ran823.hdr.21",0.00000545000000000016
"823","ran823.hdr.22",-0.000495500000000001
"823","ran823.hdr.23",0.0005156
"823","ran823.hdr.24",-0.000303699999999999
"823","ran823.hdr.25",-0.00024082
"823","ran823.hdr.26",-0.0019613
"823","ran823.hdr.27",-0.000480399999999999
"823","ran823.hdr.28",-0.00510713
"823","ran823.hdr.29",0.0000193999999999993
"823","ran823.hdr.3",-0.000181799999999999
"823","ran823.hdr.30",-0.0013224
"823","ran823.hdr.31",-0.00018951
"823","ran823.hdr.32",0.000049999999999998
"823","ran823.hdr.33",0.00003065
"823","ran823.hdr.34",-0.000803359999999999
"823","ran823.hdr.35",-0.000768999999999999
"823","ran823.hdr.36",-0.0023716
"823","ran823.hdr.37",-0.000429500000000003
"823","ran823.hdr.38",-0.0013524
"823","ran823.hdr.39",-0.000419800000000001
"823","ran823.hdr.4",-0.0049685
"823","ran823.hdr.40",-0.0015782
"823","ran823.hdr.41",-0.0011545
"823","ran823.hdr.42",-0.0022371
"823","ran823.hdr.43",-0.00074314
"823","ran823.hdr.44",-0.00021661
"823","ran823.hdr.45",-0.0000330999999999994
"823","ran823.hdr.46",-0.00270844
"823","ran823.hdr.47",-0.000369599999999999
"823","ran823.hdr.48",-0.000643990000000001
"823","ran823.hdr.49",-0.000227100000000001
"823","ran823.hdr.5",-0.0028486
"823","ran823.hdr.51",-0.000162300000000001
"823","ran823.hdr.52",-0.000934999999999998
"823","ran823.hdr.53",-0.000137
"823","ran823.hdr.54",-0.0000770000000000007
"823","ran823.hdr.55",-0.000728699999999999
"823","ran823.hdr.56",-0.0001464
"823","ran823.hdr.57",-0.000617400000000001
"823","ran823.hdr.58",-0.0021629
"823","ran823.hdr.59",-0.00018396
"823","ran823.hdr.6",-0.0030406
"823","ran823.hdr.60",-0.0000015000000000015
"823","ran823.hdr.61",-0.0003067
"823","ran823.hdr.62",-0.0000186000000000006
"823","ran823.hdr.63",-0.000420499999999999
"823","ran823.hdr.64",-0.0006034
"823","ran823.hdr.65",-0.0019665
"823","ran823.hdr.66",-0.0010706
"823","ran823.hdr.67",-0.0096339
"823","ran823.hdr.68",-0.000134699999999998
"823","ran823.hdr.69",-0.000870200000000002
"823","ran823.hdr.7",-0.0013379
"823","ran823.hdr.70",-0.000293000000000002
"823","ran823.hdr.71",-0.000316540000000001
"823","ran823.hdr.72",-0.0007229
"823","ran823.hdr.73",0.000430199999999999
"823","ran823.hdr.74",0.000299700000000002
"823","ran823.hdr.75",-0.0012827
"823","ran823.hdr.76",0.0004966
"823","ran823.hdr.77",-0.000498099999999998
"823","ran823.hdr.78",-0.0001402
"823","ran823.hdr.8",-0.0005302
"823","ran823.hdr.9",-0.000456600000000001
"824","ran824.hdr.1",-0.000166100000000002
"824","ran824.hdr.10",-0.00008435
"824","ran824.hdr.11",-0.0032234
"824","ran824.hdr.12",-0.000629900000000001
"824","ran824.hdr.13",-0.0009639
"824","ran824.hdr.14",-0.000369699999999999
"824","ran824.hdr.15",-0.000498100000000001
"824","ran824.hdr.16",-0.0015342
"824","ran824.hdr.17",-0.0014492
"824","ran824.hdr.18",-0.000064715
"824","ran824.hdr.19",-0.0001239
"824","ran824.hdr.2",0.000132
"824","ran824.hdr.20",-0.0001887
"824","ran824.hdr.21",-0.00029545
"824","ran824.hdr.22",-0.00023903
"824","ran824.hdr.23",-0.0001338
"824","ran824.hdr.24",-0.000572599999999999
"824","ran824.hdr.25",-0.000359799999999999
"824","ran824.hdr.26",-0.000660600000000001
"824","ran824.hdr.27",-0.000777899999999998
"824","ran824.hdr.28",0.0000948100000000007
"824","ran824.hdr.29",-0.01715588
"824","ran824.hdr.3",-0.0044934
"824","ran824.hdr.30",-0.0000865999999999992
"824","ran824.hdr.31",-0.00180704
"824","ran824.hdr.32",-0.00620406
"824","ran824.hdr.33",-0.001081
"824","ran824.hdr.34",0.000271899999999999
"824","ran824.hdr.35",-0.000627829999999999
"824","ran824.hdr.36",-0.000307
"824","ran824.hdr.37",-0.0015054
"824","ran824.hdr.38",-0.0013524
"824","ran824.hdr.39",-0.0015836
"824","ran824.hdr.4",-0.0038288
"824","ran824.hdr.40",-0.0002384
"824","ran824.hdr.41",-0.0002047
"824","ran824.hdr.42",-0.000635
"824","ran824.hdr.43",-0.0022353
"824","ran824.hdr.44",-0.0022371
"824","ran824.hdr.45",-0.0015836
"824","ran824.hdr.46",-0.0025824
"824","ran824.hdr.47",-0.00015901
"824","ran824.hdr.48",0.00011506
"824","ran824.hdr.49",0.00019544
"824","ran824.hdr.5",-0.000374649999999999
"824","ran824.hdr.50",-0.000248099999999999
"824","ran824.hdr.51",0.0002778
"824","ran824.hdr.52",-0.0000955000000000001
"824","ran824.hdr.53",-0.00047522
"824","ran824.hdr.57",-0.000117300000000001
"824","ran824.hdr.58",-0.000141199999999999
"824","ran824.hdr.59",-0.0000788000000000004
"824","ran824.hdr.6",0.00017809
"824","ran824.hdr.60",-0.000934999999999998
"824","ran824.hdr.61",-0.000455400000000002
"824","ran824.hdr.62",0.000413299999999998
"824","ran824.hdr.63",0.0000171200000000002
"824","ran824.hdr.64",-0.0005504
"824","ran824.hdr.65",-0.0035597
"824","ran824.hdr.66",0.000275600000000001
"824","ran824.hdr.67",-0.00045068
"824","ran824.hdr.68",-0.000834999999999999
"824","ran824.hdr.69",-0.000170999999999999
"824","ran824.hdr.7",0.000711470000000001
"824","ran824.hdr.70",-0.0068051
"824","ran824.hdr.71",-0.0015557
"824","ran824.hdr.72",-0.000268999999999998
"824","ran824.hdr.73",0.0000275999999999992
"824","ran824.hdr.74",-0.0020861
"824","ran824.hdr.75",-0.000389500000000001
"824","ran824.hdr.76",-0.0005561
"824","ran824.hdr.77",-0.000818700000000002
"824","ran824.hdr.78",-0.000776900000000001
"824","ran824.hdr.8",-0.00021777
"824","ran824.hdr.9",-0.0000736000000000001
"825","ran825.hdr.1",-0.0004317
"825","ran825.hdr.10",-0.0001569
"825","ran825.hdr.11",-0.000422980000000001
"825","ran825.hdr.12",-0.000429499999999999
"825","ran825.hdr.13",-0.0002471
"825","ran825.hdr.14",-0.000118400000000001
"825","ran825.hdr.15",-0.0002961
"825","ran825.hdr.16",-0.0000712300000000003
"825","ran825.hdr.17",-0.000919
"825","ran825.hdr.18",-0.0000309000000000004
"825","ran825.hdr.19",0.00011082
"825","ran825.hdr.2",-0.0012185
"825","ran825.hdr.20",-0.000612299999999998
"825","ran825.hdr.21",-0.000288400000000001
"825","ran825.hdr.22",-0.000257510000000001
"825","ran825.hdr.23",0.00004944
"825","ran825.hdr.24",0.0003987
"825","ran825.hdr.25",-0.00107892
"825","ran825.hdr.26",-0.000576
"825","ran825.hdr.27",-0.000292799999999999
"825","ran825.hdr.28",-0.00010012
"825","ran825.hdr.29",-0.0000851000000000011
"825","ran825.hdr.3",0.000664899999999998
"825","ran825.hdr.30",-0.0000683100000000002
"825","ran825.hdr.31",-0.0000146999999999994
"825","ran825.hdr.32",-0.0005219
"825","ran825.hdr.33",0.00036546
"825","ran825.hdr.34",-0.0008168
"825","ran825.hdr.35",0.000276050000000002
"825","ran825.hdr.36",-0.000277899999999998
"825","ran825.hdr.37",-0.0002126
"825","ran825.hdr.38",-0.000720500000000002
"825","ran825.hdr.39",-0.00013712
"825","ran825.hdr.4",-0.000849200000000001
"825","ran825.hdr.40",-0.0014925
"825","ran825.hdr.41",-0.000973700000000001
"825","ran825.hdr.42",-0.000001000000000001
"825","ran825.hdr.43",-0.000313399999999998
"825","ran825.hdr.44",0.000189099999999999
"825","ran825.hdr.45",-0.0000889000000000011
"825","ran825.hdr.46",0.00019344
"825","ran825.hdr.47",0.00004863
"825","ran825.hdr.48",0.00019087
"825","ran825.hdr.49",0.00010489
"825","ran825.hdr.5",-0.0053867
"825","ran825.hdr.50",-0.00029094
"825","ran825.hdr.51",-0.0031055
"825","ran825.hdr.52",-0.00011554
"825","ran825.hdr.53",-0.0004577
"825","ran825.hdr.54",-0.000586400000000001
"825","ran825.hdr.56",-0.000753399999999998
"825","ran825.hdr.57",0.0000255384
"825","ran825.hdr.58",-0.000157900000000002
"825","ran825.hdr.59",-0.0000280999999999997
"825","ran825.hdr.6",-0.0007992
"825","ran825.hdr.60",-0.000775500000000002
"825","ran825.hdr.61",0.000244869999999999
"825","ran825.hdr.62",-0.000557700000000001
"825","ran825.hdr.63",0.000324999999999999
"825","ran825.hdr.64",-0.0012643
"825","ran825.hdr.65",0.0006791
"825","ran825.hdr.66",-0.000328449999999999
"825","ran825.hdr.67",-0.0068051
"825","ran825.hdr.68",-0.000839700000000002
"825","ran825.hdr.69",-0.000345399999999999
"825","ran825.hdr.7",0.000455900000000002
"825","ran825.hdr.70",-0.0013792
"825","ran825.hdr.71",-0.00025328
"825","ran825.hdr.72",-0.0006286
"825","ran825.hdr.73",-0.000590700000000003
"825","ran825.hdr.74",-0.0006096
"825","ran825.hdr.75",-0.0005749
"825","ran825.hdr.76",-0.000694699999999999
"825","ran825.hdr.77",-0.000806600000000001
"825","ran825.hdr.78",-0.000894099999999998
"825","ran825.hdr.8",-0.0000530499999999998
"825","ran825.hdr.9",-0.0042194
"826","ran826.hdr.1",-0.000184100000000001
"826","ran826.hdr.10",-0.0008879
"826","ran826.hdr.11",-0.000808199999999999
"826","ran826.hdr.12",-0.0000950400000000011
"826","ran826.hdr.13",-0.0000749899999999996
"826","ran826.hdr.14",-0.000713499999999999
"826","ran826.hdr.15",-0.00102123
"826","ran826.hdr.16",-0.0008164
"826","ran826.hdr.17",-0.000111799999999999
"826","ran826.hdr.18",-0.0010173
"826","ran826.hdr.19",-0.0035352
"826","ran826.hdr.2",-0.0011761
"826","ran826.hdr.20",-0.000369699999999999
"826","ran826.hdr.21",-0.000581499999999999
"826","ran826.hdr.22",-0.000416699999999999
"826","ran826.hdr.23",-0.0084394
"826","ran826.hdr.24",-0.0000783900000000002
"826","ran826.hdr.25",-0.0002542
"826","ran826.hdr.26",-0.000177500000000001
"826","ran826.hdr.27",0.00037395
"826","ran826.hdr.28",-0.000643000000000001
"826","ran826.hdr.29",-0.0048341
"826","ran826.hdr.3",-0.0026628
"826","ran826.hdr.30",0.00004185
"826","ran826.hdr.31",0.0000578999999999996
"826","ran826.hdr.32",0.000271899999999999
"826","ran826.hdr.33",-0.0005964
"826","ran826.hdr.34",-0.00106
"826","ran826.hdr.35",-0.00016097
"826","ran826.hdr.36",-0.000507200000000003
"826","ran826.hdr.37",-0.0023716
"826","ran826.hdr.38",0.0003563
"826","ran826.hdr.39",0.0002079
"826","ran826.hdr.4",-0.0004966
"826","ran826.hdr.40",-0.0016634
"826","ran826.hdr.41",0.000061799999999999
"826","ran826.hdr.42",-0.0005363
"826","ran826.hdr.43",-0.0007551
"826","ran826.hdr.44",-0.000933099999999999
"826","ran826.hdr.45",-0.000692699999999999
"826","ran826.hdr.46",-0.000691199999999999
"826","ran826.hdr.47",0.000121899999999999
"826","ran826.hdr.48",0.000439200000000001
"826","ran826.hdr.49",-0.00029094
"826","ran826.hdr.5",-0.0003186
"826","ran826.hdr.50",-0.0112283
"826","ran826.hdr.51",-0.000764300000000002
"826","ran826.hdr.52",0.00029457
"826","ran826.hdr.53",-0.000652820000000001
"826","ran826.hdr.54",-0.000568100000000002
"826","ran826.hdr.55",-0.000586400000000001
"826","ran826.hdr.56",0.000215660000000001
"826","ran826.hdr.57",-0.000796399999999999
"826","ran826.hdr.58",-0.000125780000000001
"826","ran826.hdr.59",-0.0040008
"826","ran826.hdr.6",-0.0000559100000000002
"826","ran826.hdr.60",-0.00000449999999999995
"826","ran826.hdr.61",-0.0000736000000000001
"826","ran826.hdr.62",0.0000100400000000002
"826","ran826.hdr.63",0.0002951
"826","ran826.hdr.64",-0.000194100000000003
"826","ran826.hdr.65",-0.0010749
"826","ran826.hdr.66",-0.0012643
"826","ran826.hdr.67",-0.00040548
"826","ran826.hdr.68",-0.000256870000000001
"826","ran826.hdr.69",0.0000251000000000001
"826","ran826.hdr.7",0.00010593
"826","ran826.hdr.70",-0.0015557
"826","ran826.hdr.71",-0.0001911
"826","ran826.hdr.72",-0.000401100000000001
"826","ran826.hdr.73",-0.000424799999999999
"826","ran826.hdr.74",-0.0007951
"826","ran826.hdr.75",-0.0002524
"826","ran826.hdr.76",-0.0026397
"826","ran826.hdr.77",-0.00028371
"826","ran826.hdr.78",-0.000289600000000001
"826","ran826.hdr.8",0.000422629999999998
"826","ran826.hdr.9",0.0000833300000000004
"827","ran827.hdr.1",-0.000175400000000001
"827","ran827.hdr.10",-0.000549999999999998
"827","ran827.hdr.11",-0.0003143
"827","ran827.hdr.12",-0.0000885999999999977
"827","ran827.hdr.13",-0.0002021
"827","ran827.hdr.14",0.000341380000000001
"827","ran827.hdr.15",-0.000333099999999999
"827","ran827.hdr.16",0.000000299999999998218
"827","ran827.hdr.17",-0.0000643999999999992
"827","ran827.hdr.18",0.000846410000000001
"827","ran827.hdr.19",0.000513299999999998
"827","ran827.hdr.2",-0.000451700000000001
"827","ran827.hdr.20",-0.00015958
"827","ran827.hdr.21",0.0001235
"827","ran827.hdr.22",0.00006777
"827","ran827.hdr.23",-0.000303699999999999
"827","ran827.hdr.24",-0.0000251800000000005
"827","ran827.hdr.25",0.0000228799999999994
"827","ran827.hdr.26",-0.00060842
"827","ran827.hdr.27",-0.00010144
"827","ran827.hdr.28",-0.00000689999999999892
"827","ran827.hdr.29",-0.000175300000000001
"827","ran827.hdr.3",-0.0000463000000000026
"827","ran827.hdr.30",-0.01715588
"827","ran827.hdr.31",0.000316899999999998
"827","ran827.hdr.32",-0.0008564
"827","ran827.hdr.33",-0.000344299999999999
"827","ran827.hdr.34",0.0000878500000000004
"827","ran827.hdr.35",-0.000671999999999999
"827","ran827.hdr.36",-0.0015552
"827","ran827.hdr.37",-0.0000961299999999998
"827","ran827.hdr.38",-0.00102067
"827","ran827.hdr.39",-0.000115199999999999
"827","ran827.hdr.4",-0.0011965
"827","ran827.hdr.40",-0.00018774
"827","ran827.hdr.41",-0.000379500000000001
"827","ran827.hdr.42",-0.0018642
"827","ran827.hdr.43",-0.0020892
"827","ran827.hdr.44",-0.0000828000000000009
"827","ran827.hdr.45",-0.00041977
"827","ran827.hdr.46",-0.0070655
"827","ran827.hdr.47",-0.005927
"827","ran827.hdr.48",-0.0047786
"827","ran827.hdr.49",-0.000395700000000001
"827","ran827.hdr.5",-0.00011342
"827","ran827.hdr.50",-0.000238039999999999
"827","ran827.hdr.51",-0.000932299999999999
"827","ran827.hdr.52",0.0000789999999999992
"827","ran827.hdr.53",-0.00048754
"827","ran827.hdr.55",-0.000143399999999998
"827","ran827.hdr.56",-0.000964599999999999
"827","ran827.hdr.57",-0.0000736000000000001
"827","ran827.hdr.58",-0.00685775
"827","ran827.hdr.59",-0.01281643
"827","ran827.hdr.6",-0.000430400000000001
"827","ran827.hdr.60",-0.0107924
"827","ran827.hdr.61",-0.00019203
"827","ran827.hdr.62",-0.0007712
"827","ran827.hdr.63",-0.000350800000000002
"827","ran827.hdr.64",-0.000838799999999997
"827","ran827.hdr.65",-0.000320829999999999
"827","ran827.hdr.66",0.00013643
"827","ran827.hdr.67",-0.000445299999999999
"827","ran827.hdr.68",-0.00056939
"827","ran827.hdr.69",-0.0019411
"827","ran827.hdr.7",-0.000171609999999999
"827","ran827.hdr.70",-0.0002389
"827","ran827.hdr.71",-0.0033564
"827","ran827.hdr.72",-0.000347499999999997
"827","ran827.hdr.73",-0.000252499999999999
"827","ran827.hdr.74",-0.0019338
"827","ran827.hdr.75",-0.0018724
"827","ran827.hdr.76",-0.0013547
"827","ran827.hdr.77",-0.0020513
"827","ran827.hdr.78",-0.0010028
"827","ran827.hdr.8",-0.0001004
"827","ran827.hdr.9",0.000109000000000001
"828","ran828.hdr.1",-0.0014785
"828","ran828.hdr.10",-0.00021
"828","ran828.hdr.11",-0.00046459
"828","ran828.hdr.12",-0.0008936
"828","ran828.hdr.13",-0.00126458
"828","ran828.hdr.14",-0.0008879
"828","ran828.hdr.15",-0.000341899999999999
"828","ran828.hdr.16",-0.00026025
"828","ran828.hdr.17",-0.000651099999999998
"828","ran828.hdr.18",-0.0010564
"828","ran828.hdr.19",-0.0015418
"828","ran828.hdr.2",-0.000326900000000001
"828","ran828.hdr.20",-0.000397499999999999
"828","ran828.hdr.21",-0.0017312
"828","ran828.hdr.22",-0.00043339
"828","ran828.hdr.23",0.0000270699999999997
"828","ran828.hdr.24",0.0000070999999999999
"828","ran828.hdr.25",-0.000890400000000001
"828","ran828.hdr.26",-0.000686299999999999
"828","ran828.hdr.27",-0.00060842
"828","ran828.hdr.28",-0.00081971
"828","ran828.hdr.29",-0.002134
"828","ran828.hdr.3",0.000220700000000001
"828","ran828.hdr.30",0.0009695
"828","ran828.hdr.31",-0.00087039
"828","ran828.hdr.32",0.000432699999999998
"828","ran828.hdr.33",-0.0018962
"828","ran828.hdr.34",-0.0030608
"828","ran828.hdr.35",-0.00025217
"828","ran828.hdr.36",-0.00028523
"828","ran828.hdr.37",-0.0006558
"828","ran828.hdr.38",-0.0013204
"828","ran828.hdr.39",0.0002453
"828","ran828.hdr.4",-0.0002114
"828","ran828.hdr.40",-0.000924100000000001
"828","ran828.hdr.41",-0.0002167
"828","ran828.hdr.42",-0.0000555999999999994
"828","ran828.hdr.43",-0.00065478
"828","ran828.hdr.44",-0.0028342
"828","ran828.hdr.45",-0.0012169
"828","ran828.hdr.46",-0.000464200000000001
"828","ran828.hdr.47",0.000121899999999999
"828","ran828.hdr.48",0.0000555999999999994
"828","ran828.hdr.49",-0.000232899999999999
"828","ran828.hdr.5",0.000214480000000001
"828","ran828.hdr.50",0.00023711
"828","ran828.hdr.51",-0.000425500000000001
"828","ran828.hdr.52",0.00009
"828","ran828.hdr.53",0.000065599999999999
"828","ran828.hdr.55",-0.00114221
"828","ran828.hdr.56",0.00010536
"828","ran828.hdr.57",-0.0010529
"828","ran828.hdr.58",-0.0073105
"828","ran828.hdr.59",-0.0000438000000000001
"828","ran828.hdr.6",-0.0020795
"828","ran828.hdr.60",-0.0001259
"828","ran828.hdr.61",-0.0013776
"828","ran828.hdr.62",-0.000373099999999998
"828","ran828.hdr.63",-0.0005679
"828","ran828.hdr.64",-0.001278
"828","ran828.hdr.65",0.000199399999999999
"828","ran828.hdr.66",-0.000328449999999999
"828","ran828.hdr.67",-0.0013204
"828","ran828.hdr.68",-0.0002646
"828","ran828.hdr.69",0.000253999999999999
"828","ran828.hdr.7",-0.0020013
"828","ran828.hdr.70",0.0003701
"828","ran828.hdr.71",0.00030567
"828","ran828.hdr.72",-0.0011097
"828","ran828.hdr.73",-0.0016949
"828","ran828.hdr.74",-0.000231200000000001
"828","ran828.hdr.75",-0.0013901
"828","ran828.hdr.76",0.000228859999999999
"828","ran828.hdr.77",-0.0016399
"828","ran828.hdr.78",-0.0001776
"828","ran828.hdr.8",-0.002115
"828","ran828.hdr.9",-0.000311479999999999
"829","ran829.hdr.1",-0.000142300000000001
"829","ran829.hdr.10",-0.01685291
"829","ran829.hdr.11",-0.0052846
"829","ran829.hdr.12",-0.0037449
"829","ran829.hdr.13",-0.000571100000000001
"829","ran829.hdr.14",-0.000405638
"829","ran829.hdr.15",0.0000170000000000014
"829","ran829.hdr.16",-0.0000844999999999995
"829","ran829.hdr.17",-0.0001755
"829","ran829.hdr.18",-0.00032687
"829","ran829.hdr.19",-0.00032312
"829","ran829.hdr.2",-0.0004317
"829","ran829.hdr.20",-0.00008435
"829","ran829.hdr.21",-0.0018782
"829","ran829.hdr.22",-0.0032234
"829","ran829.hdr.23",-0.00030432
"829","ran829.hdr.24",-0.000556399999999999
"829","ran829.hdr.25",-0.00000579400000000005
"829","ran829.hdr.26",-0.0003788
"829","ran829.hdr.27",-0.0014725
"829","ran829.hdr.28",0.0001919
"829","ran829.hdr.29",-0.0002538
"829","ran829.hdr.3",-0.00119054
"829","ran829.hdr.30",-0.00018809
"829","ran829.hdr.31",-0.00010144
"829","ran829.hdr.32",-0.000420199999999999
"829","ran829.hdr.33",-0.0003333
"829","ran829.hdr.34",-0.0003861
"829","ran829.hdr.35",0.0000735600000000003
"829","ran829.hdr.36",-0.000944
"829","ran829.hdr.37",-0.0014594
"829","ran829.hdr.38",-0.0013524
"829","ran829.hdr.39",0.0000144999999999989
"829","ran829.hdr.4",-0.0014413
"829","ran829.hdr.40",-0.000870699999999999
"829","ran829.hdr.41",-0.0015782
"829","ran829.hdr.42",-0.000616299999999997
"829","ran829.hdr.43",-0.0010202
"829","ran829.hdr.44",-0.0033085
"829","ran829.hdr.45",-0.0018642
"829","ran829.hdr.46",-0.000710199999999999
"829","ran829.hdr.47",0.0000297000000000006
"829","ran829.hdr.48",-0.0034509
"829","ran829.hdr.49",0.000147100000000001
"829","ran829.hdr.5",-0.0008068
"829","ran829.hdr.50",-0.000107300000000001
"829","ran829.hdr.51",-0.000464200000000001
"829","ran829.hdr.52",-0.000274020000000001
"829","ran829.hdr.53",-0.00074359
"829","ran829.hdr.54",-0.0016606
"829","ran829.hdr.55",-0.00030034
"829","ran829.hdr.56",-0.000568100000000002
"829","ran829.hdr.57",-0.00000102000000000088
"829","ran829.hdr.58",-0.000293069999999999
"829","ran829.hdr.6",0.00015914
"829","ran829.hdr.60",0.0004644
"829","ran829.hdr.61",-0.0000972000000000004
"829","ran829.hdr.62",-0.0012438
"829","ran829.hdr.63",0.0000525999999999999
"829","ran829.hdr.64",-0.0080575
"829","ran829.hdr.65",-0.0011457
"829","ran829.hdr.66",-0.00017847
"829","ran829.hdr.67",-0.0017715
"829","ran829.hdr.68",-0.000110100000000002
"829","ran829.hdr.69",-0.0000850799999999995
"829","ran829.hdr.7",-0.0000321599999999998
"829","ran829.hdr.70",-0.001085
"829","ran829.hdr.71",-0.0014151
"829","ran829.hdr.72",-0.00033557
"829","ran829.hdr.73",-0.000766199999999998
"829","ran829.hdr.74",-0.0015886
"829","ran829.hdr.75",-0.0025593
"829","ran829.hdr.76",0.0000627000000000023
"829","ran829.hdr.77",-0.0005872
"829","ran829.hdr.78",0.0000916000000000007
"829","ran829.hdr.8",0.000367099999999999
"829","ran829.hdr.9",-0.0036814
"830","ran830.hdr.1",-0.000892799999999999
"830","ran830.hdr.10",0.0001031
"830","ran830.hdr.11",0.0000198799999999999
"830","ran830.hdr.12",-0.0002471
"830","ran830.hdr.13",-0.000824699999999999
"830","ran830.hdr.14",-0.0000559799999999997
"830","ran830.hdr.15",-0.000457879999999999
"830","ran830.hdr.16",-0.0005193
"830","ran830.hdr.17",-0.000874099999999999
"830","ran830.hdr.18",-0.0000923199999999999
"830","ran830.hdr.19",-0.0014586
"830","ran830.hdr.2",-0.000160799999999999
"830","ran830.hdr.20",-0.0013895
"830","ran830.hdr.21",-0.00021087
"830","ran830.hdr.22",0.000190640000000001
"830","ran830.hdr.23",0.0000328100000000012
"830","ran830.hdr.24",-0.00026931
"830","ran830.hdr.25",-0.00084943
"830","ran830.hdr.26",-0.000243760000000001
"830","ran830.hdr.27",0.0000461000000000003
"830","ran830.hdr.28",-0.0012418
"830","ran830.hdr.29",-0.01715588
"830","ran830.hdr.3",-0.00044229
"830","ran830.hdr.30",-0.000106800000000001
"830","ran830.hdr.31",-0.000531400000000001
"830","ran830.hdr.32",-0.00665937
"830","ran830.hdr.33",-0.0013637
"830","ran830.hdr.34",-0.000962000000000001
"830","ran830.hdr.35",0.00011464
"830","ran830.hdr.36",-0.000423400000000001
"830","ran830.hdr.37",-0.0005707
"830","ran830.hdr.38",-0.000773600000000003
"830","ran830.hdr.39",-0.00037394
"830","ran830.hdr.4",0.00011623
"830","ran830.hdr.40",-0.000291899999999999
"830","ran830.hdr.41",-0.00000561000000000008
"830","ran830.hdr.42",-0.0000572999999999997
"830","ran830.hdr.43",-0.000569900000000002
"830","ran830.hdr.44",-0.000298000000000001
"830","ran830.hdr.45",-0.0012963
"830","ran830.hdr.46",-0.0073875
"830","ran830.hdr.47",-0.000988299999999998
"830","ran830.hdr.48",-0.001384
"830","ran830.hdr.49",0.00015609
"830","ran830.hdr.5",-0.00029199
"830","ran830.hdr.50",0.0000306500000000001
"830","ran830.hdr.51",-0.00027166
"830","ran830.hdr.52",-0.00021492
"830","ran830.hdr.53",-0.0011173
"830","ran830.hdr.54",-0.0030547
"830","ran830.hdr.55",-0.000764300000000002
"830","ran830.hdr.56",-0.000643990000000001
"830","ran830.hdr.57",-0.0040008
"830","ran830.hdr.58",-0.00000449999999999995
"830","ran830.hdr.59",-0.000313409999999999
"830","ran830.hdr.6",-0.0008936
"830","ran830.hdr.60",-0.000293069999999999
"830","ran830.hdr.61",-0.000999000000000003
"830","ran830.hdr.62",-0.000964599999999999
"830","ran830.hdr.63",-0.0010234
"830","ran830.hdr.64",-0.0000494999999999992
"830","ran830.hdr.65",0.000112299999999999
"830","ran830.hdr.66",-0.0068051
"830","ran830.hdr.67",-0.00740309
"830","ran830.hdr.68",-0.0016013
"830","ran830.hdr.69",-0.0004747
"830","ran830.hdr.7",0.00058855
"830","ran830.hdr.70",-0.0024852
"830","ran830.hdr.71",-0.0008821
"830","ran830.hdr.72",0.000300799999999999
"830","ran830.hdr.73",0.000118210000000001
"830","ran830.hdr.74",0.0000155000000000016
"830","ran830.hdr.75",-0.000471699999999999
"830","ran830.hdr.76",-0.000580499999999999
"830","ran830.hdr.77",-0.0012827
"830","ran830.hdr.78",0.0004966
"830","ran830.hdr.8",-0.00020486
"830","ran830.hdr.9",-0.000230000000000001
"831","ran831.hdr.1",-0.0004633
"831","ran831.hdr.10",-0.000128
"831","ran831.hdr.11",0.00027519
"831","ran831.hdr.12",-0.0004828
"831","ran831.hdr.13",-0.0000582479999999999
"831","ran831.hdr.14",-0.00019689
"831","ran831.hdr.15",-0.00161496
"831","ran831.hdr.16",-0.0000234100000000002
"831","ran831.hdr.17",-0.000348220000000002
"831","ran831.hdr.18",-0.0012819
"831","ran831.hdr.19",-0.000318300000000001
"831","ran831.hdr.2",0.000125500000000001
"831","ran831.hdr.20",-0.0004121
"831","ran831.hdr.21",-0.000327499999999998
"831","ran831.hdr.22",-0.00055601
"831","ran831.hdr.23",-0.0004084
"831","ran831.hdr.24",-0.002134
"831","ran831.hdr.25",-0.000284
"831","ran831.hdr.26",0.000035033
"831","ran831.hdr.27",0.000252
"831","ran831.hdr.28",-0.0000805300000000005
"831","ran831.hdr.29",0.0002967
"831","ran831.hdr.3",-0.0001729
"831","ran831.hdr.30",-0.0006549
"831","ran831.hdr.31",-0.0006306
"831","ran831.hdr.32",-0.0002396
"831","ran831.hdr.33",-0.0002968
"831","ran831.hdr.34",-0.000653770000000001
"831","ran831.hdr.35",-0.00011013
"831","ran831.hdr.36",-0.000332000000000001
"831","ran831.hdr.37",-0.0006558
"831","ran831.hdr.38",-0.0012186
"831","ran831.hdr.39",-0.0008214
"831","ran831.hdr.4",-0.0000346800000000005
"831","ran831.hdr.40",-0.000522599999999998
"831","ran831.hdr.41",-0.000402600000000001
"831","ran831.hdr.42",-0.000124599999999999
"831","ran831.hdr.43",-0.000289599999999999
"831","ran831.hdr.44",-0.00011256
"831","ran831.hdr.45",NA
"831","ran831.hdr.46",-0.0010009
"831","ran831.hdr.47",0.0005374
"831","ran831.hdr.48",0.0000683999999999997
"831","ran831.hdr.49",-0.0012528
"831","ran831.hdr.5",-0.000311479999999999
"831","ran831.hdr.50",-0.000231500000000003
"831","ran831.hdr.51",-0.00074359
"831","ran831.hdr.52",-0.0030547
"831","ran831.hdr.53",-0.0009605
"831","ran831.hdr.54",-0.00011554
"831","ran831.hdr.55",-0.0013645
"831","ran831.hdr.57",-0.000141199999999999
"831","ran831.hdr.58",-0.000203699999999999
"831","ran831.hdr.59",-0.000746799999999999
"831","ran831.hdr.6",-0.0043666
"831","ran831.hdr.60",-0.000556319999999999
"831","ran831.hdr.61",-0.0107924
"831","ran831.hdr.62",-0.000477
"831","ran831.hdr.63",0.000404499999999999
"831","ran831.hdr.64",-0.0017715
"831","ran831.hdr.65",0.000556880000000001
"831","ran831.hdr.66",-0.0003709
"831","ran831.hdr.67",-0.0003067
"831","ran831.hdr.68",0.0000640999999999975
"831","ran831.hdr.69",-0.000870200000000002
"831","ran831.hdr.7",0.0000174000000000007
"831","ran831.hdr.70",-0.0011097
"831","ran831.hdr.71",-0.0018724
"831","ran831.hdr.72",-0.000871399999999998
"831","ran831.hdr.73",-0.00000950000000000083
"831","ran831.hdr.74",-0.0000305000000000027
"831","ran831.hdr.75",-0.0027169
"831","ran831.hdr.76",-0.0022821
"831","ran831.hdr.77",-0.000118658
"831","ran831.hdr.78",-0.000314699999999999
"831","ran831.hdr.8",-0.0005444
"831","ran831.hdr.9",-0.00033059
"832","ran832.hdr.1",-0.0026658
"832","ran832.hdr.10",0.00000526999999999993
"832","ran832.hdr.11",-0.000461899999999998
"832","ran832.hdr.12",-0.00000794000000000012
"832","ran832.hdr.13",-0.0005444
"832","ran832.hdr.14",-0.000223299999999999
"832","ran832.hdr.15",-0.000428030000000001
"832","ran832.hdr.16",-0.0001706
"832","ran832.hdr.17",0.0005962
"832","ran832.hdr.18",-0.00065658
"832","ran832.hdr.19",-0.00038553
"832","ran832.hdr.2",-0.00053983
"832","ran832.hdr.20",-0.0011243
"832","ran832.hdr.21",0.0001315
"832","ran832.hdr.22",0.000292300000000002
"832","ran832.hdr.23",-0.0008164
"832","ran832.hdr.24",-0.0004586
"832","ran832.hdr.25",-0.000919
"832","ran832.hdr.26",-0.0035352
"832","ran832.hdr.27",-0.00043339
"832","ran832.hdr.28",0.00016851
"832","ran832.hdr.29",-0.000551599999999999
"832","ran832.hdr.3",-0.0004513
"832","ran832.hdr.30",-0.000108899999999999
"832","ran832.hdr.31",-0.0024928
"832","ran832.hdr.32",-0.0003788
"832","ran832.hdr.33",0.000386200000000001
"832","ran832.hdr.34",-0.000013599999999999
"832","ran832.hdr.35",-0.000582599999999999
"832","ran832.hdr.36",-0.0019493
"832","ran832.hdr.37",-0.0009823
"832","ran832.hdr.38",0.000035033
"832","ran832.hdr.39",0.00039719
"832","ran832.hdr.4",-0.000621999999999998
"832","ran832.hdr.40",-0.0003861
"832","ran832.hdr.41",0.0003162
"832","ran832.hdr.42",-0.000423400000000001
"832","ran832.hdr.43",0.000121800000000002
"832","ran832.hdr.44",-0.0004983
"832","ran832.hdr.45",-0.0012357
"832","ran832.hdr.46",-0.00035147
"832","ran832.hdr.47",-0.0020892
"832","ran832.hdr.48",0.0000712999999999998
"832","ran832.hdr.49",-0.000392399999999999
"832","ran832.hdr.5",0.000297800000000001
"832","ran832.hdr.50",-0.000101500000000001
"832","ran832.hdr.51",0.0000833999999999991
"832","ran832.hdr.52",-0.00041977
"832","ran832.hdr.53",-0.0001647
"832","ran832.hdr.54",-0.0011173
"832","ran832.hdr.55",-0.0072374
"832","ran832.hdr.56",-0.0023439
"832","ran832.hdr.57",-0.0015158
"832","ran832.hdr.58",-0.000991599999999999
"832","ran832.hdr.59",-0.00111662
"832","ran832.hdr.6",-0.0054532
"832","ran832.hdr.60",0.00017218
"832","ran832.hdr.61",-0.00025195
"832","ran832.hdr.63",-0.0001829
"832","ran832.hdr.64",-0.000137030000000001
"832","ran832.hdr.65",-0.000448199999999999
"832","ran832.hdr.66",-0.000728099999999999
"832","ran832.hdr.67",-0.000121599999999999
"832","ran832.hdr.68",0.0001308
"832","ran832.hdr.69",-0.0020934
"832","ran832.hdr.7",-0.0058806
"832","ran832.hdr.70",-0.01280889
"832","ran832.hdr.71",0.000569800000000001
"832","ran832.hdr.72",-0.0013204
"832","ran832.hdr.73",-0.0028671
"832","ran832.hdr.74",-0.000228699999999998
"832","ran832.hdr.75",-0.0018724
"832","ran832.hdr.76",0.000326549999999999
"832","ran832.hdr.77",-0.0032753
"832","ran832.hdr.78",-0.0000949000000000002
"832","ran832.hdr.8",-0.0051698
"832","ran832.hdr.9",-0.00061467
"833","ran833.hdr.1",-0.000175400000000001
"833","ran833.hdr.10",-0.0001604
"833","ran833.hdr.11",-0.000534900000000001
"833","ran833.hdr.12",-0.0000253000000000007
"833","ran833.hdr.13",-0.00129969
"833","ran833.hdr.14",-0.0002024
"833","ran833.hdr.15",-0.0001177
"833","ran833.hdr.16",-0.0016769
"833","ran833.hdr.17",-0.0015418
"833","ran833.hdr.18",-0.0016952
"833","ran833.hdr.19",-0.0010173
"833","ran833.hdr.2",-0.000849200000000001
"833","ran833.hdr.20",-0.000533099999999998
"833","ran833.hdr.21",-0.000846999999999997
"833","ran833.hdr.22",-0.0007817
"833","ran833.hdr.23",-0.0004364
"833","ran833.hdr.24",-0.002999
"833","ran833.hdr.25",-0.0002137
"833","ran833.hdr.26",-0.00060842
"833","ran833.hdr.27",-0.000541900000000001
"833","ran833.hdr.28",-0.0050804
"833","ran833.hdr.29",-0.0014222
"833","ran833.hdr.3",-0.0027813
"833","ran833.hdr.30",-0.0035614
"833","ran833.hdr.31",-0.0000700600000000003
"833","ran833.hdr.32",0.0000920999999999995
"833","ran833.hdr.33",-0.000574999999999999
"833","ran833.hdr.34",-0.000202600000000001
"833","ran833.hdr.35",0.00020773
"833","ran833.hdr.36",-0.0001811
"833","ran833.hdr.37",-0.000752999999999998
"833","ran833.hdr.38",-0.00035147
"833","ran833.hdr.39",-0.000230900000000003
"833","ran833.hdr.4",-0.00030613
"833","ran833.hdr.40",-0.000692699999999999
"833","ran833.hdr.41",0.0000501999999999985
"833","ran833.hdr.42",-0.0002033
"833","ran833.hdr.43",-0.000334300000000001
"833","ran833.hdr.44",-0.0067332
"833","ran833.hdr.45",-0.0000781000000000011
"833","ran833.hdr.46",-0.0011173
"833","ran833.hdr.47",-0.0019361
"833","ran833.hdr.48",-0.0015158
"833","ran833.hdr.49",-0.000569500000000001
"833","ran833.hdr.5",-0.00056552
"833","ran833.hdr.50",0.0001378
"833","ran833.hdr.51",-0.0000363999999999989
"833","ran833.hdr.52",-0.00075796
"833","ran833.hdr.53",-0.00047522
"833","ran833.hdr.54",-0.000193199999999999
"833","ran833.hdr.56",-0.0002095
"833","ran833.hdr.57",-0.000551000000000001
"833","ran833.hdr.58",-0.000688000000000001
"833","ran833.hdr.59",-0.0011376
"833","ran833.hdr.6",-0.00013959
"833","ran833.hdr.60",0.0000303000000000005
"833","ran833.hdr.61",-0.0001288
"833","ran833.hdr.62",0.0000120000000000016
"833","ran833.hdr.63",-0.0000829000000000003
"833","ran833.hdr.64",0.000127700000000001
"833","ran833.hdr.65",-0.00040548
"833","ran833.hdr.66",-0.00672884
"833","ran833.hdr.67",-0.0007215
"833","ran833.hdr.68",-0.00000889999999999919
"833","ran833.hdr.69",-0.000386900000000003
"833","ran833.hdr.7",0.00000320000000000008
"833","ran833.hdr.70",-0.000228699999999998
"833","ran833.hdr.71",0.0001838
"833","ran833.hdr.72",-0.0014327
"833","ran833.hdr.73",-0.0018724
"833","ran833.hdr.74",-0.000170780000000001
"833","ran833.hdr.75",-0.0015886
"833","ran833.hdr.76",-0.0032753
"833","ran833.hdr.77",-0.0046933
"833","ran833.hdr.78",-0.000547499999999999
"833","ran833.hdr.8",-0.00062661
"833","ran833.hdr.9",-0.0002009
"834","ran834.hdr.1",-0.00036043
"834","ran834.hdr.10",-0.00041681
"834","ran834.hdr.11",-0.0000232874
"834","ran834.hdr.12",-0.000725689999999999
"834","ran834.hdr.13",-0.00013319
"834","ran834.hdr.14",0.000194069999999999
"834","ran834.hdr.15",-0.000934500000000001
"834","ran834.hdr.16",-0.0011619
"834","ran834.hdr.17",-0.0003148
"834","ran834.hdr.18",-0.000997100000000001
"834","ran834.hdr.19",-0.0005322
"834","ran834.hdr.2",-0.000287600000000001
"834","ran834.hdr.20",-0.0007223
"834","ran834.hdr.21",-0.0005906
"834","ran834.hdr.22",-0.0024928
"834","ran834.hdr.23",-0.002999
"834","ran834.hdr.24",-0.0045505
"834","ran834.hdr.25",0.0001235
"834","ran834.hdr.26",-0.0016281
"834","ran834.hdr.27",-0.00046126
"834","ran834.hdr.28",-0.000576
"834","ran834.hdr.29",-0.00029545
"834","ran834.hdr.3",-0.0007566
"834","ran834.hdr.30",-0.00022865
"834","ran834.hdr.31",-0.000686299999999999
"834","ran834.hdr.32",-0.0000373999999999999
"834","ran834.hdr.33",0.0000383999999999992
"834","ran834.hdr.34",0.0000242300000000001
"834","ran834.hdr.35",-0.00025349
"834","ran834.hdr.36",-0.00044134
"834","ran834.hdr.37",-0.0011573
"834","ran834.hdr.38",-0.0035614
"834","ran834.hdr.39",-0.000735299999999998
"834","ran834.hdr.4",-0.0001004
"834","ran834.hdr.40",0.000071100000000001
"834","ran834.hdr.41",0.0003423
"834","ran834.hdr.42",-0.00035637
"834","ran834.hdr.43",-0.0001264
"834","ran834.hdr.44",-0.00112666
"834","ran834.hdr.45",-0.000522199999999999
"834","ran834.hdr.46",-0.0006786
"834","ran834.hdr.47",-0.00065478
"834","ran834.hdr.48",-0.0076935
"834","ran834.hdr.49",-0.004276
"834","ran834.hdr.5",-0.00163709
"834","ran834.hdr.50",-0.00021661
"834","ran834.hdr.51",0.0000703000000000006
"834","ran834.hdr.52",-0.00003691
"834","ran834.hdr.53",-0.0030547
"834","ran834.hdr.54",-0.0000363999999999989
"834","ran834.hdr.55",NA
"834","ran834.hdr.56",-0.000270960000000001
"834","ran834.hdr.57",-0.000118309
"834","ran834.hdr.58",-0.00021611
"834","ran834.hdr.6",-0.00044229
"834","ran834.hdr.60",0.000435669999999999
"834","ran834.hdr.61",-0.0018888
"834","ran834.hdr.62",-0.00133806
"834","ran834.hdr.63",-0.0012438
"834","ran834.hdr.64",-0.0043602
"834","ran834.hdr.65",-0.00017358
"834","ran834.hdr.66",-0.0006961
"834","ran834.hdr.67",-0.000535400000000002
"834","ran834.hdr.68",-0.000481499999999999
"834","ran834.hdr.69",0.0005287
"834","ran834.hdr.7",-0.000585499999999999
"834","ran834.hdr.70",-0.000256870000000001
"834","ran834.hdr.71",-0.000361200000000001
"834","ran834.hdr.72",-0.0096339
"834","ran834.hdr.73",-0.000267199999999999
"834","ran834.hdr.74",-0.000428600000000001
"834","ran834.hdr.75",-0.000933900000000001
"834","ran834.hdr.76",-0.0012544
"834","ran834.hdr.77",-0.0011873
"834","ran834.hdr.78",0.000023200000000001
"834","ran834.hdr.8",-0.00046459
"834","ran834.hdr.9",-0.000602800000000001
"835","ran835.hdr.1",-0.000870900000000001
"835","ran835.hdr.10",0.000328999999999999
"835","ran835.hdr.11",-0.0002877
"835","ran835.hdr.12",0.0003306
"835","ran835.hdr.13",-0.00010295
"835","ran835.hdr.14",-0.000223230000000001
"835","ran835.hdr.15",-0.000130699999999999
"835","ran835.hdr.16",-0.000581499999999999
"835","ran835.hdr.17",-0.0014586
"835","ran835.hdr.18",-0.0011853
"835","ran835.hdr.19",-0.0005666
"835","ran835.hdr.2",-0.0011965
"835","ran835.hdr.20",-0.000551599999999999
"835","ran835.hdr.21",-0.000013599999999999
"835","ran835.hdr.22",-0.0004121
"835","ran835.hdr.23",-0.0016281
"835","ran835.hdr.24",-0.000021199999999999
"835","ran835.hdr.25",-0.000155240000000001
"835","ran835.hdr.26",-0.000450470000000001
"835","ran835.hdr.27",-0.0008652
"835","ran835.hdr.28",-0.0000865999999999992
"835","ran835.hdr.29",0.0001729
"835","ran835.hdr.3",-0.0018038
"835","ran835.hdr.30",-0.000176700000000002
"835","ran835.hdr.31",-0.000287379999999999
"835","ran835.hdr.32",-0.0021188
"835","ran835.hdr.33",-0.000202600000000001
"835","ran835.hdr.34",-0.0009237
"835","ran835.hdr.35",-0.0000784999999999987
"835","ran835.hdr.36",0.000715
"835","ran835.hdr.37",-0.0001411
"835","ran835.hdr.38",-0.0004983
"835","ran835.hdr.39",-0.00013614
"835","ran835.hdr.4",-0.0056027
"835","ran835.hdr.40",-0.0017191
"835","ran835.hdr.41",-0.0003643
"835","ran835.hdr.42",0.000526560000000001
"835","ran835.hdr.43",0.0000662000000000006
"835","ran835.hdr.44",-0.0023048
"835","ran835.hdr.45",-0.00017999
"835","ran835.hdr.46",0.00010489
"835","ran835.hdr.47",-0.000435700000000001
"835","ran835.hdr.48",-0.0015158
"835","ran835.hdr.49",-0.00018
"835","ran835.hdr.5",-0.0034598
"835","ran835.hdr.50",-0.00013051
"835","ran835.hdr.51",0.0000281999999999999
"835","ran835.hdr.52",-0.00024603
"835","ran835.hdr.53",-0.0011511
"835","ran835.hdr.54",-0.000395
"835","ran835.hdr.55",0.000032840000000001
"835","ran835.hdr.57",-0.0000330300000000016
"835","ran835.hdr.58",-0.0007279
"835","ran835.hdr.59",-0.0022371
"835","ran835.hdr.6",-0.00056552
"835","ran835.hdr.60",-0.0011067
"835","ran835.hdr.61",-0.0009154
"835","ran835.hdr.62",-0.0002054
"835","ran835.hdr.63",-0.000350800000000002
"835","ran835.hdr.64",-0.000420900000000002
"835","ran835.hdr.65",0.0000879000000000001
"835","ran835.hdr.66",-0.0005631
"835","ran835.hdr.67",-0.000356599999999999
"835","ran835.hdr.68",-0.0001385
"835","ran835.hdr.69",0.000114399999999999
"835","ran835.hdr.7",-0.0000302099999999993
"835","ran835.hdr.70",-0.0021688
"835","ran835.hdr.71",-0.0011431
"835","ran835.hdr.72",-0.000870200000000002
"835","ran835.hdr.73",-0.000955899999999999
"835","ran835.hdr.74",-0.000746199999999999
"835","ran835.hdr.75",-0.0006002
"835","ran835.hdr.76",-0.0006286
"835","ran835.hdr.77",-0.00033439
"835","ran835.hdr.78",-0.000000800000000000453
"835","ran835.hdr.8",-0.00066134
"835","ran835.hdr.9",-0.00042711
"836","ran836.hdr.1",-0.00119054
"836","ran836.hdr.10",-0.000392959999999999
"836","ran836.hdr.11",-0.0000870999999999997
"836","ran836.hdr.12",-0.0000117999999999993
"836","ran836.hdr.13",0.0002302
"836","ran836.hdr.14",-0.00062684
"836","ran836.hdr.15",0.0000642799999999999
"836","ran836.hdr.16",-0.000356
"836","ran836.hdr.17",0.0002261
"836","ran836.hdr.18",-0.0025867
"836","ran836.hdr.19",-0.0003534
"836","ran836.hdr.2",-0.00143173
"836","ran836.hdr.20",0.0001004
"836","ran836.hdr.21",-0.0028616
"836","ran836.hdr.22",0.000304199999999999
"836","ran836.hdr.23",-0.00022216
"836","ran836.hdr.24",-0.000292629999999999
"836","ran836.hdr.25",0.000128130000000001
"836","ran836.hdr.26",-0.0023372
"836","ran836.hdr.27",-0.0012418
"836","ran836.hdr.28",-0.0000333999999999994
"836","ran836.hdr.29",-0.00620406
"836","ran836.hdr.3",-0.002287
"836","ran836.hdr.30",-0.0023193
"836","ran836.hdr.31",-0.0000897299999999997
"836","ran836.hdr.32",-0.000390949999999999
"836","ran836.hdr.33",-0.0009637
"836","ran836.hdr.34",-0.0010504
"836","ran836.hdr.35",-0.0013204
"836","ran836.hdr.36",-0.001986
"836","ran836.hdr.37",-0.0009972
"836","ran836.hdr.38",-0.0022116
"836","ran836.hdr.39",-0.00013712
"836","ran836.hdr.4",-0.0042194
"836","ran836.hdr.40",-0.0011836
"836","ran836.hdr.41",-0.0015836
"836","ran836.hdr.42",-0.000735400000000001
"836","ran836.hdr.43",0.00002906
"836","ran836.hdr.44",-0.000334300000000001
"836","ran836.hdr.45",-0.0012528
"836","ran836.hdr.46",0.000143500000000001
"836","ran836.hdr.47",-0.0011173
"836","ran836.hdr.48",-0.0009494
"836","ran836.hdr.49",-0.0034143
"836","ran836.hdr.5",-0.0037929
"836","ran836.hdr.50",-0.000599799999999999
"836","ran836.hdr.51",0.00009
"836","ran836.hdr.53",-0.0000914999999999996
"836","ran836.hdr.54",-0.000162300000000001
"836","ran836.hdr.55",-0.0003339
"836","ran836.hdr.56",-0.0015112
"836","ran836.hdr.57",-0.000284700000000002
"836","ran836.hdr.58",0.000229100000000001
"836","ran836.hdr.59",0.000632799999999999
"836","ran836.hdr.6",-0.0009196
"836","ran836.hdr.60",-0.01281643
"836","ran836.hdr.61",-0.0003064
"836","ran836.hdr.62",0.0000303000000000005
"836","ran836.hdr.63",-0.0013776
"836","ran836.hdr.64",-0.0003709
"836","ran836.hdr.65",-0.00056939
"836","ran836.hdr.66",0.0000855000000000022
"836","ran836.hdr.67",-0.0037006
"836","ran836.hdr.68",-0.0000532100000000015
"836","ran836.hdr.69",-0.00124621
"836","ran836.hdr.7",-0.000130499999999999
"836","ran836.hdr.70",-0.000276200000000001
"836","ran836.hdr.71",-0.000388300000000001
"836","ran836.hdr.72",-0.0044168
"836","ran836.hdr.73",0.0006128
"836","ran836.hdr.74",-0.0005561
"836","ran836.hdr.75",-0.000584000000000001
"836","ran836.hdr.76",-0.000424799999999999
"836","ran836.hdr.77",-0.00444969
"836","ran836.hdr.78",-0.0014428
"836","ran836.hdr.8",-0.000437670000000001
"836","ran836.hdr.9",-0.000349700000000001
"837","ran837.hdr.1",-0.0009493
"837","ran837.hdr.10",-0.0000005000000000005
"837","ran837.hdr.11",-0.000339470000000001
"837","ran837.hdr.12",-0.0000977999999999986
"837","ran837.hdr.13",-0.0000381699999999997
"837","ran837.hdr.14",-0.000168099999999999
"837","ran837.hdr.15",0.00002439
"837","ran837.hdr.16",-0.0002249
"837","ran837.hdr.17",-0.000382
"837","ran837.hdr.18",-0.000397499999999999
"837","ran837.hdr.19",-0.0005983
"837","ran837.hdr.2",-0.000675
"837","ran837.hdr.20",-0.00182421
"837","ran837.hdr.21",-0.000234999999999999
"837","ran837.hdr.22",-0.000214800000000001
"837","ran837.hdr.23",-0.0000809000000000001
"837","ran837.hdr.24",-0.000286719999999999
"837","ran837.hdr.25",-0.0000682000000000009
"837","ran837.hdr.26",0.0001639
"837","ran837.hdr.27",-0.0001559
"837","ran837.hdr.28",-0.0006335
"837","ran837.hdr.29",-0.00022865
"837","ran837.hdr.3",-0.000739499999999999
"837","ran837.hdr.30",0.00010872
"837","ran837.hdr.31",-0.0000994700000000008
"837","ran837.hdr.32",0.00066944
"837","ran837.hdr.33",-0.000777899999999998
"837","ran837.hdr.34",-0.0036746
"837","ran837.hdr.35",-0.0019572
"837","ran837.hdr.36",0.0000586000000000024
"837","ran837.hdr.37",-0.00014048
"837","ran837.hdr.38",-0.0001545
"837","ran837.hdr.39",-0.0003861
"837","ran837.hdr.4",-0.002469
"837","ran837.hdr.40",-0.0024974
"837","ran837.hdr.41",0.00001051
"837","ran837.hdr.42",-0.0006558
"837","ran837.hdr.43",-0.0002614
"837","ran837.hdr.44",-0.000259789999999999
"837","ran837.hdr.45",-0.000942499999999999
"837","ran837.hdr.46",-0.0021188
"837","ran837.hdr.47",-0.0011
"837","ran837.hdr.48",-0.0000750999999999981
"837","ran837.hdr.49",-0.000294639999999999
"837","ran837.hdr.5",-0.0003713
"837","ran837.hdr.50",-0.005927
"837","ran837.hdr.51",-0.000643990000000001
"837","ran837.hdr.52",-0.00013051
"837","ran837.hdr.53",0.00010445
"837","ran837.hdr.54",-0.0002716
"837","ran837.hdr.56",-0.000492100000000002
"837","ran837.hdr.57",0.000165
"837","ran837.hdr.58",-0.000999000000000003
"837","ran837.hdr.59",-0.000134499999999999
"837","ran837.hdr.6",-0.0053473
"837","ran837.hdr.60",-0.0040338
"837","ran837.hdr.61",-0.0002054
"837","ran837.hdr.62",-0.00039282
"837","ran837.hdr.63",-0.0006961
"837","ran837.hdr.64",0.000051197
"837","ran837.hdr.65",-0.0068051
"837","ran837.hdr.66",-0.001085
"837","ran837.hdr.67",-0.0001385
"837","ran837.hdr.68",-0.0046377
"837","ran837.hdr.69",-0.000603300000000001
"837","ran837.hdr.7",-0.0034598
"837","ran837.hdr.70",-0.0011679
"837","ran837.hdr.71",-0.000454899999999998
"837","ran837.hdr.72",-0.0012699
"837","ran837.hdr.73",-0.000389500000000001
"837","ran837.hdr.74",-0.0011354
"837","ran837.hdr.75",-0.0022821
"837","ran837.hdr.76",-0.000299900000000001
"837","ran837.hdr.77",-0.0014027
"837","ran837.hdr.78",-0.001318
"837","ran837.hdr.8",-0.000405638
"837","ran837.hdr.9",-0.00137783
"838","ran838.hdr.1",-0.0000463000000000026
"838","ran838.hdr.10",-0.000232400000000001
"838","ran838.hdr.11",-0.0001604
"838","ran838.hdr.12",-0.000507199999999999
"838","ran838.hdr.13",-0.0009067
"838","ran838.hdr.14",-0.000431160000000002
"838","ran838.hdr.15",-0.001482
"838","ran838.hdr.16",-0.0012819
"838","ran838.hdr.17",-0.000111799999999999
"838","ran838.hdr.18",-0.000710000000000002
"838","ran838.hdr.19",-0.0039813
"838","ran838.hdr.2",-0.00119054
"838","ran838.hdr.20",-0.0004966
"838","ran838.hdr.21",-0.0008182
"838","ran838.hdr.22",-0.0004899
"838","ran838.hdr.23",0.0000334200000000002
"838","ran838.hdr.24",-0.0000960500000000003
"838","ran838.hdr.25",0.000826200000000001
"838","ran838.hdr.26",0.000511099999999999
"838","ran838.hdr.27",-0.00005407
"838","ran838.hdr.28",0.000083983
"838","ran838.hdr.29",0.00025468
"838","ran838.hdr.3",-0.000201799999999999
"838","ran838.hdr.30",-0.00055319
"838","ran838.hdr.31",0.000113199999999999
"838","ran838.hdr.32",-0.00175568
"838","ran838.hdr.33",-0.00044142
"838","ran838.hdr.34",-0.00010144
"838","ran838.hdr.35",-0.00013483
"838","ran838.hdr.36",0.0000461000000000003
"838","ran838.hdr.37",-0.0000994700000000008
"838","ran838.hdr.38",-0.00024853
"838","ran838.hdr.39",-0.000253900000000001
"838","ran838.hdr.4",-0.0007133
"838","ran838.hdr.40",-0.0014222
"838","ran838.hdr.41",-0.00665937
"838","ran838.hdr.42",-0.000823900000000002
"838","ran838.hdr.43",0.000159400000000001
"838","ran838.hdr.44",-0.0006427
"838","ran838.hdr.45",-0.000480399999999999
"838","ran838.hdr.46",-0.000140850000000001
"838","ran838.hdr.47",-0.000327900000000001
"838","ran838.hdr.48",-0.0008168
"838","ran838.hdr.49",-0.000617899999999998
"838","ran838.hdr.5",-0.0003254
"838","ran838.hdr.50",-0.000643399999999999
"838","ran838.hdr.51",-0.0012739
"838","ran838.hdr.52",-0.000437180000000001
"838","ran838.hdr.53",0.000237399999999999
"838","ran838.hdr.54",0.000100250000000001
"838","ran838.hdr.55",-0.0041082
"838","ran838.hdr.56",0.00042818
"838","ran838.hdr.57",-0.0004434
"838","ran838.hdr.58",-0.00074314
"838","ran838.hdr.59",-0.0003459
"838","ran838.hdr.6",0.0000701999999999994
"838","ran838.hdr.60",0.000001137
"838","ran838.hdr.61",-0.0006619
"838","ran838.hdr.62",-0.00022893
"838","ran838.hdr.63",-0.000421599999999999
"838","ran838.hdr.64",-0.000125780000000001
"838","ran838.hdr.66",-0.0000586999999999983
"838","ran838.hdr.67",-0.00040568
"838","ran838.hdr.68",0.0001945
"838","ran838.hdr.69",-0.000639499999999998
"838","ran838.hdr.7",-0.0011385
"838","ran838.hdr.70",-0.000556319999999999
"838","ran838.hdr.71",-0.0000573999999999991
"838","ran838.hdr.72",-0.000382200000000003
"838","ran838.hdr.73",-0.0000107999999999983
"838","ran838.hdr.74",0.0000275999999999992
"838","ran838.hdr.75",-0.000853100000000002
"838","ran838.hdr.76",-0.000698500000000001
"838","ran838.hdr.77",-0.000955899999999999
"838","ran838.hdr.78",-0.000482799999999999
"838","ran838.hdr.8",-0.0052846
"838","ran838.hdr.9",-0.0000411000000000005
"839","ran839.hdr.1",-0.0014413
"839","ran839.hdr.10",0.00010952
"839","ran839.hdr.11",-0.00012632
"839","ran839.hdr.12",-0.0000281999999999991
"839","ran839.hdr.13",-0.00026544
"839","ran839.hdr.14",-0.000547299999999997
"839","ran839.hdr.15",-0.000146299999999999
"839","ran839.hdr.16",-0.0000559799999999997
"839","ran839.hdr.17",-0.000361999999999999
"839","ran839.hdr.18",-0.000457879999999999
"839","ran839.hdr.19",-0.0008164
"839","ran839.hdr.2",-0.0016743
"839","ran839.hdr.20",-0.0010564
"839","ran839.hdr.21",-0.000356
"839","ran839.hdr.22",-0.00252268
"839","ran839.hdr.23",-0.000598599999999998
"839","ran839.hdr.24",-0.0000759999999999997
"839","ran839.hdr.25",-0.0014725
"839","ran839.hdr.26",-0.0002813
"839","ran839.hdr.27",-0.002522
"839","ran839.hdr.28",NA
"839","ran839.hdr.29",-0.0000800499999999999
"839","ran839.hdr.3",-0.00041678
"839","ran839.hdr.30",-0.000156699999999999
"839","ran839.hdr.31",-0.00023362
"839","ran839.hdr.32",-0.0000851000000000011
"839","ran839.hdr.33",-0.0000862000000000016
"839","ran839.hdr.34",0.0000847999999999995
"839","ran839.hdr.35",-0.000830000000000001
"839","ran839.hdr.36",0.0000754800000000002
"839","ran839.hdr.37",-0.0000150000000000011
"839","ran839.hdr.38",-0.0016596
"839","ran839.hdr.39",-0.0018642
"839","ran839.hdr.4",-0.000290820000000001
"839","ran839.hdr.40",-0.000982500000000001
"839","ran839.hdr.41",-0.0000750999999999981
"839","ran839.hdr.42",0.00029808
"839","ran839.hdr.43",-0.000105500000000001
"839","ran839.hdr.44",-0.0004384
"839","ran839.hdr.45",-0.000212240000000001
"839","ran839.hdr.46",-0.000510450000000001
"839","ran839.hdr.47",-0.00061173
"839","ran839.hdr.48",-0.0000151600000000002
"839","ran839.hdr.49",-0.00035154
"839","ran839.hdr.5",-0.0002056
"839","ran839.hdr.50",-0.00289142
"839","ran839.hdr.52",-0.0000586999999999983
"839","ran839.hdr.53",-0.0001099
"839","ran839.hdr.54",-0.000967699999999998
"839","ran839.hdr.55",-0.000513100000000002
"839","ran839.hdr.56",-0.0012438
"839","ran839.hdr.57",-0.012746
"839","ran839.hdr.58",-0.0001288
"839","ran839.hdr.59",0.0001911
"839","ran839.hdr.6",-0.000653600000000001
"839","ran839.hdr.60",-0.00133469
"839","ran839.hdr.61",-0.00039282
"839","ran839.hdr.62",-0.0003359
"839","ran839.hdr.63",0.0000194084
"839","ran839.hdr.64",0.0001323
"839","ran839.hdr.65",-0.0005504
"839","ran839.hdr.66",-0.0010828
"839","ran839.hdr.67",-0.001641
"839","ran839.hdr.68",-0.0037006
"839","ran839.hdr.69",-0.000345399999999999
"839","ran839.hdr.7",-0.0038288
"839","ran839.hdr.70",-0.0010284
"839","ran839.hdr.71",-0.00163488
"839","ran839.hdr.72",-0.000754080000000001
"839","ran839.hdr.73",-0.000107400000000001
"839","ran839.hdr.74",-0.000559999999999998
"839","ran839.hdr.75",-0.000818700000000002
"839","ran839.hdr.76",-0.000185000000000001
"839","ran839.hdr.77",0.0000627000000000023
"839","ran839.hdr.78",-0.0004975
"839","ran839.hdr.8",-0.00020486
"839","ran839.hdr.9",-0.000405638
"840","ran840.hdr.1",-0.00040682
"840","ran840.hdr.10",-0.00025
"840","ran840.hdr.11",-0.0000787700000000001
"840","ran840.hdr.12",0.0000384900000000004
"840","ran840.hdr.13",0.0002006
"840","ran840.hdr.14",-0.000393299999999999
"840","ran840.hdr.15",-0.000527999999999999
"840","ran840.hdr.16",-0.000874099999999999
"840","ran840.hdr.17",-0.000657499999999998
"840","ran840.hdr.18",-0.0001083
"840","ran840.hdr.19",-0.0035352
"840","ran840.hdr.2",-0.000637000000000002
"840","ran840.hdr.20",-0.000867099999999999
"840","ran840.hdr.21",-0.0010873
"840","ran840.hdr.22",-0.0002792
"840","ran840.hdr.23",-0.0024928
"840","ran840.hdr.24",-0.0008389
"840","ran840.hdr.25",-0.000311800000000001
"840","ran840.hdr.26",0.000473339999999999
"840","ran840.hdr.27",-0.0007723
"840","ran840.hdr.28",-0.00011043
"840","ran840.hdr.29",-0.000191240000000001
"840","ran840.hdr.3",0.000680500000000001
"840","ran840.hdr.30",-0.000359799999999999
"840","ran840.hdr.31",-0.0038148
"840","ran840.hdr.32",-0.0035614
"840","ran840.hdr.33",-0.000962000000000001
"840","ran840.hdr.34",-0.0036419
"840","ran840.hdr.35",-0.0000245000000000002
"840","ran840.hdr.36",-0.000504299999999999
"840","ran840.hdr.37",-0.000287379999999999
"840","ran840.hdr.38",-0.0000747000000000005
"840","ran840.hdr.39",0.0000812
"840","ran840.hdr.4",-0.0036577
"840","ran840.hdr.40",-0.00011013
"840","ran840.hdr.41",-0.000722799999999999
"840","ran840.hdr.42",-0.000256650000000001
"840","ran840.hdr.43",0.0000997700000000008
"840","ran840.hdr.44",0.00000829999999999928
"840","ran840.hdr.45",-0.000391699999999998
"840","ran840.hdr.46",-0.0001145
"840","ran840.hdr.47",-0.000107803
"840","ran840.hdr.48",-0.000692699999999999
"840","ran840.hdr.49",-0.0011337
"840","ran840.hdr.5",NA
"840","ran840.hdr.50",-0.0010527
"840","ran840.hdr.51",-0.00022498
"840","ran840.hdr.52",-0.0010598
"840","ran840.hdr.53",-0.0010636
"840","ran840.hdr.54",-0.0001373
"840","ran840.hdr.55",-0.000395
"840","ran840.hdr.56",-0.000270960000000001
"840","ran840.hdr.57",-0.00022893
"840","ran840.hdr.58",-0.00047522
"840","ran840.hdr.6",-0.01541877
"840","ran840.hdr.61",-0.000694199999999999
"840","ran840.hdr.62",0.000223899999999999
"840","ran840.hdr.63",0.000129292
"840","ran840.hdr.64",-0.000737700000000001
"840","ran840.hdr.65",-0.00424687
"840","ran840.hdr.66",-0.000477
"840","ran840.hdr.67",-0.000373099999999998
"840","ran840.hdr.68",0.0002459
"840","ran840.hdr.69",0.000246400000000001
"840","ran840.hdr.7",-0.0029886
"840","ran840.hdr.70",-0.0007052
"840","ran840.hdr.71",-0.0009818
"840","ran840.hdr.72",-0.000700800000000001
"840","ran840.hdr.73",0.0000275999999999992
"840","ran840.hdr.74",-0.000853100000000002
"840","ran840.hdr.75",-0.0013232
"840","ran840.hdr.76",-0.000584000000000001
"840","ran840.hdr.77",-0.000498099999999998
"840","ran840.hdr.78",0.0002209
"840","ran840.hdr.8",-0.000145270000000001
"840","ran840.hdr.9",-0.0005444
"841","ran841.hdr.1",-0.0000554800000000001
"841","ran841.hdr.10",-0.000753839999999999
"841","ran841.hdr.11",-0.00023309
"841","ran841.hdr.12",-0.000434459999999999
"841","ran841.hdr.13",-0.000625899999999999
"841","ran841.hdr.14",-0.0000649700000000001
"841","ran841.hdr.15",-0.0008164
"841","ran841.hdr.16",-0.0017674
"841","ran841.hdr.17",-0.000248100000000001
"841","ran841.hdr.18",-0.0021765
"841","ran841.hdr.19",0.0002261
"841","ran841.hdr.2",-0.000870900000000001
"841","ran841.hdr.20",-0.000616499999999999
"841","ran841.hdr.21",-0.0006201
"841","ran841.hdr.22",-0.00055601
"841","ran841.hdr.23",-0.0000561700000000004
"841","ran841.hdr.24",0.0000134599999999999
"841","ran841.hdr.25",-0.00025349
"841","ran841.hdr.26",-0.00024082
"841","ran841.hdr.27",-0.00000790000000000166
"841","ran841.hdr.28",-0.0000760999999999991
"841","ran841.hdr.29",-0.0001921
"841","ran841.hdr.3",-0.002469
"841","ran841.hdr.30",-0.000613500000000001
"841","ran841.hdr.31",-0.000136210000000001
"841","ran841.hdr.32",-0.00011024
"841","ran841.hdr.33",-0.000463499999999999
"841","ran841.hdr.34",-0.0001709
"841","ran841.hdr.35",-0.000569999999999999
"841","ran841.hdr.36",-0.00068416
"841","ran841.hdr.37",0.000230129999999999
"841","ran841.hdr.38",-0.00004207
"841","ran841.hdr.39",NA
"841","ran841.hdr.4",-0.0023043
"841","ran841.hdr.40",-0.0135865
"841","ran841.hdr.41",-0.00015901
"841","ran841.hdr.42",-0.00111662
"841","ran841.hdr.43",0.00026023
"841","ran841.hdr.44",-0.000381660000000001
"841","ran841.hdr.45",0.00011826
"841","ran841.hdr.46",-0.00289142
"841","ran841.hdr.47",0.0003353
"841","ran841.hdr.48",-0.000253400000000001
"841","ran841.hdr.49",-0.000578199999999999
"841","ran841.hdr.5",-0.0019788
"841","ran841.hdr.50",-0.000410299999999999
"841","ran841.hdr.51",-0.000102700000000001
"841","ran841.hdr.52",-0.0011481
"841","ran841.hdr.53",-0.01281643
"841","ran841.hdr.54",-0.0013065
"841","ran841.hdr.55",0.0000120000000000016
"841","ran841.hdr.56",-0.0013776
"841","ran841.hdr.57",-0.0003709
"841","ran841.hdr.58",-0.000382200000000003
"841","ran841.hdr.59",-0.000328449999999999
"841","ran841.hdr.6",-0.000226799999999999
"841","ran841.hdr.60",0.000451399999999999
"841","ran841.hdr.61",-0.000692700000000001
"841","ran841.hdr.62",-0.0023812
"841","ran841.hdr.63",-0.0007697
"841","ran841.hdr.64",-0.000369599999999999
"841","ran841.hdr.65",0.00028892
"841","ran841.hdr.66",-0.0007229
"841","ran841.hdr.67",-0.0012116
"841","ran841.hdr.68",-0.0006096
"841","ran841.hdr.69",-0.0021902
"841","ran841.hdr.7",-0.000232400000000001
"841","ran841.hdr.70",0.000332600000000001
"841","ran841.hdr.71",-0.0016911
"841","ran841.hdr.72",-0.0030263
"841","ran841.hdr.73",-0.0032753
"841","ran841.hdr.74",-0.00089669
"841","ran841.hdr.75",-0.00096858
"841","ran841.hdr.76",-0.0003604
"841","ran841.hdr.77",-0.0007595
"841","ran841.hdr.78",-0.0003225
"841","ran841.hdr.8",-0.0003821
"841","ran841.hdr.9",-0.0002828
"842","ran842.hdr.1",-0.0001598
"842","ran842.hdr.10",-0.0002272
"842","ran842.hdr.11",-0.0000410000000000028
"842","ran842.hdr.12",-0.0004092
"842","ran842.hdr.13",-0.000807199999999999
"842","ran842.hdr.14",-0.000414400000000001
"842","ran842.hdr.15",-0.00036672
"842","ran842.hdr.16",-0.0000892099999999999
"842","ran842.hdr.17",-0.000554099999999998
"842","ran842.hdr.18",0.000209899999999999
"842","ran842.hdr.19",-0.0002006
"842","ran842.hdr.2",-0.000279100000000001
"842","ran842.hdr.20",0.000494990000000001
"842","ran842.hdr.21",-0.000410499999999999
"842","ran842.hdr.22",-0.0000151999999999999
"842","ran842.hdr.23",-0.0016211
"842","ran842.hdr.24",-0.001596
"842","ran842.hdr.25",-0.0021765
"842","ran842.hdr.26",-0.000454400000000001
"842","ran842.hdr.27",-0.0005906
"842","ran842.hdr.28",0.000205641
"842","ran842.hdr.29",-0.00043048
"842","ran842.hdr.3",-0.0002252
"842","ran842.hdr.30",-0.00107892
"842","ran842.hdr.31",-0.0002538
"842","ran842.hdr.32",-0.00029017
"842","ran842.hdr.33",-0.0001054
"842","ran842.hdr.34",-0.0010452
"842","ran842.hdr.35",-0.0023193
"842","ran842.hdr.36",-0.000548
"842","ran842.hdr.37",-0.0000624000000000006
"842","ran842.hdr.38",-0.00073436
"842","ran842.hdr.39",-0.000435399999999999
"842","ran842.hdr.4",-0.0000395000000000013
"842","ran842.hdr.40",-0.00035637
"842","ran842.hdr.41",-0.0014027
"842","ran842.hdr.42",-0.0013356
"842","ran842.hdr.43",-0.0011
"842","ran842.hdr.44",-0.0000248000000000002
"842","ran842.hdr.45",-0.0002167
"842","ran842.hdr.46",-0.0011836
"842","ran842.hdr.47",-0.0016596
"842","ran842.hdr.48",0.0001559
"842","ran842.hdr.49",-0.00001509
"842","ran842.hdr.5",-0.000333
"842","ran842.hdr.50",-0.00539226
"842","ran842.hdr.51",-0.0011215
"842","ran842.hdr.52",-0.000026974
"842","ran842.hdr.53",-0.000313399999999998
"842","ran842.hdr.54",-0.000924000000000001
"842","ran842.hdr.55",0.0000849800000000001
"842","ran842.hdr.56",-0.000456100000000001
"842","ran842.hdr.57",-0.0013724
"842","ran842.hdr.58",-0.000542549999999999
"842","ran842.hdr.59",0.0000414000000000005
"842","ran842.hdr.6",-0.00059801
"842","ran842.hdr.60",-0.000268299999999999
"842","ran842.hdr.61",-0.0008126
"842","ran842.hdr.62",-0.000775500000000002
"842","ran842.hdr.63",-0.000375200000000003
"842","ran842.hdr.64",-0.000933400000000001
"842","ran842.hdr.65",-0.000914999999999999
"842","ran842.hdr.66",-0.000681889999999999
"842","ran842.hdr.67",-0.0006034
"842","ran842.hdr.68",-0.0000303999999999999
"842","ran842.hdr.69",-0.0043812
"842","ran842.hdr.7",-0.0013659
"842","ran842.hdr.70",-0.000386900000000003
"842","ran842.hdr.71",-0.0004414
"842","ran842.hdr.72",-0.000198200000000001
"842","ran842.hdr.73",-0.000481099999999998
"842","ran842.hdr.74",-0.000788199999999999
"842","ran842.hdr.75",-0.000297700000000001
"842","ran842.hdr.76",-0.000424799999999999
"842","ran842.hdr.77",-0.000457200000000001
"842","ran842.hdr.78",-0.0014426
"842","ran842.hdr.8",-0.002828
"842","ran842.hdr.9",-0.000381399999999999
"843","ran843.hdr.1",-0.000366200000000001
"843","ran843.hdr.10",-0.000320599999999999
"843","ran843.hdr.11",0.0000112099999999993
"843","ran843.hdr.12",0.0002302
"843","ran843.hdr.13",-0.0000692999999999996
"843","ran843.hdr.14",-0.00032312
"843","ran843.hdr.15",-0.0000649700000000001
"843","ran843.hdr.16",0.000380699999999999
"843","ran843.hdr.17",-0.0003435
"843","ran843.hdr.18",-0.000769799999999999
"843","ran843.hdr.19",-0.0075695
"843","ran843.hdr.2",-0.000585199999999998
"843","ran843.hdr.20",-0.0003254
"843","ran843.hdr.21",-0.0003237
"843","ran843.hdr.22",-0.00011659
"843","ran843.hdr.23",-0.0045505
"843","ran843.hdr.24",-0.00019894
"843","ran843.hdr.25",-0.00039436
"843","ran843.hdr.26",-0.00029017
"843","ran843.hdr.27",-0.00010709
"843","ran843.hdr.28",0.0001584
"843","ran843.hdr.29",-0.000258899999999999
"843","ran843.hdr.3",-0.0024315
"843","ran843.hdr.30",-0.0004084
"843","ran843.hdr.31",-0.00665937
"843","ran843.hdr.32",-0.000359199999999999
"843","ran843.hdr.33",-0.000468900000000001
"843","ran843.hdr.34",-0.001022
"843","ran843.hdr.35",0.0000920999999999995
"843","ran843.hdr.36",-0.000487100000000001
"843","ran843.hdr.37",-0.0000897299999999997
"843","ran843.hdr.38",0.00013226
"843","ran843.hdr.39",0.000207600000000002
"843","ran843.hdr.4",-0.0020623
"843","ran843.hdr.40",0.000237399999999999
"843","ran843.hdr.41",-0.0022116
"843","ran843.hdr.42",-0.0004679
"843","ran843.hdr.43",-0.0006786
"843","ran843.hdr.44",-0.0001393
"843","ran843.hdr.45",-0.0018642
"843","ran843.hdr.46",-0.0073875
"843","ran843.hdr.47",-0.000032299999999999
"843","ran843.hdr.48",0.000143500000000001
"843","ran843.hdr.49",-0.0015804
"843","ran843.hdr.5",-0.0013379
"843","ran843.hdr.50",-0.0018699
"843","ran843.hdr.51",0.000039785
"843","ran843.hdr.52",0.000114
"843","ran843.hdr.53",-0.000271400000000002
"843","ran843.hdr.54",-0.001153
"843","ran843.hdr.55",-0.0000474999999999989
"843","ran843.hdr.56",-0.0007899
"843","ran843.hdr.57",0.00063302
"843","ran843.hdr.58",-0.00024239
"843","ran843.hdr.59",0.000217400000000001
"843","ran843.hdr.6",-0.000409400000000001
"843","ran843.hdr.60",-0.0000291000000000007
"843","ran843.hdr.61",-0.000324099999999999
"843","ran843.hdr.62",-0.0013776
"843","ran843.hdr.63",-0.0011581
"843","ran843.hdr.64",0.000114399999999999
"843","ran843.hdr.65",-0.000201800000000002
"843","ran843.hdr.66",-0.0007448
"843","ran843.hdr.67",-0.0044168
"843","ran843.hdr.68",-0.000389500000000001
"843","ran843.hdr.69",-0.0011097
"843","ran843.hdr.7",0.0000803000000000002
"843","ran843.hdr.70",-0.0013741
"843","ran843.hdr.71",-0.0002688
"843","ran843.hdr.72",-0.0003368
"843","ran843.hdr.73",-0.0000447299999999998
"843","ran843.hdr.74",-0.0014426
"843","ran843.hdr.75",-0.0018985
"843","ran843.hdr.76",-0.0004866
"843","ran843.hdr.77",-0.00028371
"843","ran843.hdr.78",-0.000114400000000001
"843","ran843.hdr.8",-0.00093515
"843","ran843.hdr.9",-0.00016698
"844","ran844.hdr.1",-0.0000463000000000026
"844","ran844.hdr.10",-0.0000555
"844","ran844.hdr.11",-0.0002419
"844","ran844.hdr.12",0.0000424499999999999
"844","ran844.hdr.13",-0.00038213
"844","ran844.hdr.14",-0.0015955
"844","ran844.hdr.15",0.000104400000000001
"844","ran844.hdr.16",-0.0000736000000000001
"844","ran844.hdr.17",-0.0010992
"844","ran844.hdr.18",-0.000356
"844","ran844.hdr.19",-0.0013259
"844","ran844.hdr.2",-0.00000823000000000056
"844","ran844.hdr.20",-0.000948300000000003
"844","ran844.hdr.21",-0.0016952
"844","ran844.hdr.22",-0.0012838
"844","ran844.hdr.23",-0.0000164000000000015
"844","ran844.hdr.24",-0.000554499999999999
"844","ran844.hdr.25",-0.000158599999999998
"844","ran844.hdr.26",-0.0001948
"844","ran844.hdr.27",-0.0000175999999999996
"844","ran844.hdr.28",0.0000270699999999997
"844","ran844.hdr.29",-0.00081971
"844","ran844.hdr.3",-0.00041678
"844","ran844.hdr.30",-0.00021139
"844","ran844.hdr.31",-0.0107692
"844","ran844.hdr.32",-0.000300699999999999
"844","ran844.hdr.33",-0.0023487
"844","ran844.hdr.34",-0.000507200000000003
"844","ran844.hdr.35",-0.001022
"844","ran844.hdr.36",-0.00023078
"844","ran844.hdr.37",-0.000423400000000001
"844","ran844.hdr.38",-0.0012186
"844","ran844.hdr.39",-0.0000286999999999996
"844","ran844.hdr.4",-0.000160799999999999
"844","ran844.hdr.40",0.0000270999999999987
"844","ran844.hdr.41",-0.0000555999999999994
"844","ran844.hdr.42",-0.001739
"844","ran844.hdr.43",-0.0034509
"844","ran844.hdr.44",-0.000436799999999998
"844","ran844.hdr.45",-0.0015836
"844","ran844.hdr.46",-0.000136669999999998
"844","ran844.hdr.47",-0.00020646
"844","ran844.hdr.48",-0.00021661
"844","ran844.hdr.49",-0.000044599
"844","ran844.hdr.5",-0.000653600000000001
"844","ran844.hdr.50",0.00010489
"844","ran844.hdr.51",-0.000599799999999999
"844","ran844.hdr.52",-0.000058840000000001
"844","ran844.hdr.53",NA
"844","ran844.hdr.54",-0.001074
"844","ran844.hdr.56",-0.000297500000000001
"844","ran844.hdr.57",0.00006119
"844","ran844.hdr.58",-0.000203699999999999
"844","ran844.hdr.59",-0.000728099999999999
"844","ran844.hdr.6",-0.0041514
"844","ran844.hdr.60",-0.000778600000000001
"844","ran844.hdr.61",-0.0012438
"844","ran844.hdr.62",-0.012746
"844","ran844.hdr.63",-0.000350800000000002
"844","ran844.hdr.64",-0.0001259
"844","ran844.hdr.65",-0.000021102
"844","ran844.hdr.66",-0.0011074
"844","ran844.hdr.67",-0.0010444
"844","ran844.hdr.68",-0.0015557
"844","ran844.hdr.69",-0.0076155
"844","ran844.hdr.7",-0.0051096
"844","ran844.hdr.70",-0.000112899999999999
"844","ran844.hdr.71",-0.00179129
"844","ran844.hdr.72",-0.0000835999999999996
"844","ran844.hdr.73",-0.000039273
"844","ran844.hdr.74",-0.0002339
"844","ran844.hdr.75",-0.0012116
"844","ran844.hdr.76",-0.0000305000000000027
"844","ran844.hdr.77",-0.000692410000000001
"844","ran844.hdr.78",0.0000627000000000023
"844","ran844.hdr.8",-0.00021
"844","ran844.hdr.9",-0.000301300000000001
"845","ran845.hdr.1",-0.0000318999999999996
"845","ran845.hdr.10",-0.000701999999999999
"845","ran845.hdr.11",-0.000539240000000002
"845","ran845.hdr.12",-0.00012599
"845","ran845.hdr.13",-0.000434459999999999
"845","ran845.hdr.14",-0.0011386
"845","ran845.hdr.15",-0.00062684
"845","ran845.hdr.16",-0.0019612
"845","ran845.hdr.17",-0.0134706
"845","ran845.hdr.18",-0.0011163
"845","ran845.hdr.19",-0.0025867
"845","ran845.hdr.2",-0.0053867
"845","ran845.hdr.20",-0.0025725
"845","ran845.hdr.21",-0.0016027
"845","ran845.hdr.22",0.0003441
"845","ran845.hdr.23",-0.00081971
"845","ran845.hdr.24",0.000035033
"845","ran845.hdr.25",-0.000119399999999999
"845","ran845.hdr.26",-0.0017024
"845","ran845.hdr.27",-0.000478900000000001
"845","ran845.hdr.28",-0.000557099999999998
"845","ran845.hdr.29",-0.000104399999999999
"845","ran845.hdr.3",-0.0017379
"845","ran845.hdr.30",-0.00023755
"845","ran845.hdr.31",-0.00022876
"845","ran845.hdr.32",0.000158699999999998
"845","ran845.hdr.33",-0.000830000000000001
"845","ran845.hdr.34",-0.0014594
"845","ran845.hdr.35",0.0002159
"845","ran845.hdr.36",-0.0012739
"845","ran845.hdr.37",0.0012148
"845","ran845.hdr.38",-0.000787299999999999
"845","ran845.hdr.39",-0.0001607
"845","ran845.hdr.4",-0.005219
"845","ran845.hdr.40",-0.0098876
"845","ran845.hdr.41",0.0004708
"845","ran845.hdr.42",0.0001191
"845","ran845.hdr.43",-0.000940400000000001
"845","ran845.hdr.44",-0.00032122
"845","ran845.hdr.45",-0.000392399999999999
"845","ran845.hdr.46",-0.000837099999999999
"845","ran845.hdr.47",-0.00041977
"845","ran845.hdr.48",-0.000473700000000001
"845","ran845.hdr.49",0.000111692
"845","ran845.hdr.5",-0.0003186
"845","ran845.hdr.50",-0.0018136
"845","ran845.hdr.51",-0.000261600000000001
"845","ran845.hdr.52",-0.0001172
"845","ran845.hdr.53",0.00006295
"845","ran845.hdr.54",-0.000164299999999999
"845","ran845.hdr.55",-0.000410299999999999
"845","ran845.hdr.56",-0.000162300000000001
"845","ran845.hdr.57",-0.000658
"845","ran845.hdr.58",0.000161000000000001
"845","ran845.hdr.59",-0.0004244
"845","ran845.hdr.6",-0.00047386
"845","ran845.hdr.60",-0.000169800000000001
"845","ran845.hdr.61",-0.00019203
"845","ran845.hdr.62",-0.0044594
"845","ran845.hdr.63",-0.0016226
"845","ran845.hdr.64",-0.000228000000000003
"845","ran845.hdr.65",-0.0010621
"845","ran845.hdr.66",-0.0003435
"845","ran845.hdr.67",-0.0015961
"845","ran845.hdr.68",-0.0023928
"845","ran845.hdr.69",-0.0023424
"845","ran845.hdr.7",-0.000032131
"845","ran845.hdr.70",-0.0010644
"845","ran845.hdr.71",-0.00093906
"845","ran845.hdr.72",-0.0000835999999999996
"845","ran845.hdr.73",-0.0004873
"845","ran845.hdr.74",0.00037328
"845","ran845.hdr.75",-0.0006096
"845","ran845.hdr.76",-0.0010585
"845","ran845.hdr.77",-0.000880000000000002
"845","ran845.hdr.78",-0.000118658
"845","ran845.hdr.8",-0.00019136
"845","ran845.hdr.9",-0.0011219
"846","ran846.hdr.1",-0.000195000000000001
"846","ran846.hdr.10",-0.000534900000000001
"846","ran846.hdr.11",-0.000679800000000001
"846","ran846.hdr.12",-0.0005371
"846","ran846.hdr.13",-0.0000644500000000006
"846","ran846.hdr.14",-0.0000177399999999987
"846","ran846.hdr.15",-0.001482
"846","ran846.hdr.16",-0.00061751
"846","ran846.hdr.17",-0.00043519
"846","ran846.hdr.18",-0.0016769
"846","ran846.hdr.19",-0.0014774
"846","ran846.hdr.2",-0.0012185
"846","ran846.hdr.20",-0.000846999999999997
"846","ran846.hdr.21",-0.000163968
"846","ran846.hdr.22",-0.00043048
"846","ran846.hdr.23",0.00000140000000000036
"846","ran846.hdr.24",-0.00055601
"846","ran846.hdr.25",0.000225700000000001
"846","ran846.hdr.26",-0.000207189999999999
"846","ran846.hdr.27",-0.0000202099999999997
"846","ran846.hdr.28",-0.0003079
"846","ran846.hdr.29",-0.000297
"846","ran846.hdr.3",-0.00022148
"846","ran846.hdr.30",-0.0018846
"846","ran846.hdr.31",-0.0030608
"846","ran846.hdr.32",-0.0018523
"846","ran846.hdr.33",-0.00016097
"846","ran846.hdr.34",0.00003065
"846","ran846.hdr.35",-0.0000747000000000005
"846","ran846.hdr.36",-0.0006558
"846","ran846.hdr.37",-0.0000756000000000003
"846","ran846.hdr.38",-0.0008214
"846","ran846.hdr.39",-0.00000970000000000137
"846","ran846.hdr.4",-0.0053473
"846","ran846.hdr.40",0.0000173000000000013
"846","ran846.hdr.41",-0.000752999999999998
"846","ran846.hdr.42",-0.0010202
"846","ran846.hdr.43",-0.0011887
"846","ran846.hdr.44",0.0000839000000000013
"846","ran846.hdr.45",-0.000034158
"846","ran846.hdr.46",-0.0015836
"846","ran846.hdr.47",-0.0000128000000000003
"846","ran846.hdr.48",0.0000783999999999993
"846","ran846.hdr.49",-0.0070655
"846","ran846.hdr.5",-0.0037708
"846","ran846.hdr.50",-0.0000204000000000003
"846","ran846.hdr.51",-0.0030547
"846","ran846.hdr.52",0.0000281999999999999
"846","ran846.hdr.53",0.00000257936
"846","ran846.hdr.54",0.000158940000000001
"846","ran846.hdr.55",-0.000271219999999999
"846","ran846.hdr.56",-0.0007711
"846","ran846.hdr.57",-0.000728099999999999
"846","ran846.hdr.58",-0.000737700000000001
"846","ran846.hdr.59",-0.0011481
"846","ran846.hdr.6",-0.00044229
"846","ran846.hdr.60",0.0000100400000000002
"846","ran846.hdr.61",-0.00024239
"846","ran846.hdr.62",-0.0013065
"846","ran846.hdr.63",0.00044733
"846","ran846.hdr.64",-0.0007712
"846","ran846.hdr.65",0.000262999999999999
"846","ran846.hdr.66",-0.000382200000000003
"846","ran846.hdr.67",-0.000256870000000001
"846","ran846.hdr.68",-0.0004743
"846","ran846.hdr.69",-0.0005272
"846","ran846.hdr.7",0.00000526999999999993
"846","ran846.hdr.70",-0.0007443
"846","ran846.hdr.71",-0.0006286
"846","ran846.hdr.72",-0.000794900000000001
"846","ran846.hdr.73",-0.000579
"846","ran846.hdr.74",0.000326549999999999
"846","ran846.hdr.75",-0.0022821
"846","ran846.hdr.76",-0.0013233
"846","ran846.hdr.77",-0.000578
"846","ran846.hdr.78",-0.0004317
"846","ran846.hdr.8",-0.000405638
"846","ran846.hdr.9",-0.0004828
"847","ran847.hdr.1",-0.0015948
"847","ran847.hdr.10",-0.000215165
"847","ran847.hdr.11",-0.000721199999999998
"847","ran847.hdr.12",-0.0000253000000000007
"847","ran847.hdr.13",-0.000399699999999999
"847","ran847.hdr.14",-0.0005673
"847","ran847.hdr.15",-0.0015955
"847","ran847.hdr.16",0.000321200000000001
"847","ran847.hdr.17",-0.0032234
"847","ran847.hdr.18",-0.000370000000000001
"847","ran847.hdr.19",-0.0013895
"847","ran847.hdr.2",-0.0002056
"847","ran847.hdr.20",-0.0000169000000000002
"847","ran847.hdr.21",-0.0005666
"847","ran847.hdr.22",-0.0007861
"847","ran847.hdr.23",-0.00130484
"847","ran847.hdr.24",0.0000134599999999999
"847","ran847.hdr.25",0.0000498999999999999
"847","ran847.hdr.26",-0.00022523
"847","ran847.hdr.27",0.0009695
"847","ran847.hdr.28",-0.0015516
"847","ran847.hdr.29",-0.0025053
"847","ran847.hdr.3",-0.00017145
"847","ran847.hdr.30",-0.00029141
"847","ran847.hdr.31",-0.0034946
"847","ran847.hdr.32",-0.000276169999999999
"847","ran847.hdr.33",-0.000803359999999999
"847","ran847.hdr.34",0.000226500000000001
"847","ran847.hdr.35",0.00001051
"847","ran847.hdr.36",-0.000247559999999999
"847","ran847.hdr.37",-0.0009637
"847","ran847.hdr.38",-0.002021
"847","ran847.hdr.39",0.000207600000000002
"847","ran847.hdr.4",-0.0046226
"847","ran847.hdr.40",-0.00025843
"847","ran847.hdr.41",-0.000752999999999998
"847","ran847.hdr.42",-0.0003389
"847","ran847.hdr.43",0.0000683999999999997
"847","ran847.hdr.44",-0.0005222
"847","ran847.hdr.45",-0.0011337
"847","ran847.hdr.46",0.00047323
"847","ran847.hdr.47",0.0000400313
"847","ran847.hdr.48",-0.0018699
"847","ran847.hdr.49",-0.0010636
"847","ran847.hdr.5",-0.0109775
"847","ran847.hdr.50",-0.0005042
"847","ran847.hdr.51",-0.000000799999999999586
"847","ran847.hdr.52",-0.0013645
"847","ran847.hdr.53",-0.0000622399999999999
"847","ran847.hdr.55",-0.000737700000000001
"847","ran847.hdr.56",0.000252099999999998
"847","ran847.hdr.57",-0.0009154
"847","ran847.hdr.58",0.000324999999999999
"847","ran847.hdr.59",0.0000227000000000005
"847","ran847.hdr.6",-0.0040521
"847","ran847.hdr.60",-0.0017715
"847","ran847.hdr.61",-0.00018716
"847","ran847.hdr.62",-0.0012643
"847","ran847.hdr.63",0.000228300000000001
"847","ran847.hdr.64",-0.001085
"847","ran847.hdr.65",0.000346899999999999
"847","ran847.hdr.66",-0.0014372
"847","ran847.hdr.67",-0.00093906
"847","ran847.hdr.68",-0.0024365
"847","ran847.hdr.69",-0.000137399999999999
"847","ran847.hdr.7",0.0000479499999999997
"847","ran847.hdr.70",-0.003339
"847","ran847.hdr.71",-0.0005535
"847","ran847.hdr.72",-0.00083164
"847","ran847.hdr.73",-0.000894099999999998
"847","ran847.hdr.74",-0.000535499999999998
"847","ran847.hdr.75",0.0000627000000000023
"847","ran847.hdr.76",-0.000275039999999999
"847","ran847.hdr.77",-0.000289600000000001
"847","ran847.hdr.78",-0.000776900000000001
"847","ran847.hdr.8",-0.00046459
"847","ran847.hdr.9",-0.00030618
"848","ran848.hdr.1",-0.0014785
"848","ran848.hdr.10",-0.000292249999999999
"848","ran848.hdr.11",-0.000446700000000001
"848","ran848.hdr.12",-0.0005371
"848","ran848.hdr.13",0.0001871
"848","ran848.hdr.14",-0.0013661
"848","ran848.hdr.15",-0.000312800000000001
"848","ran848.hdr.16",-0.00008435
"848","ran848.hdr.17",-0.0004534
"848","ran848.hdr.18",-0.000864889999999999
"848","ran848.hdr.19",-0.000217409999999999
"848","ran848.hdr.2",-0.002469
"848","ran848.hdr.20",-0.000136260000000001
"848","ran848.hdr.21",-0.000948300000000003
"848","ran848.hdr.22",-0.000199
"848","ran848.hdr.23",-0.000846699999999999
"848","ran848.hdr.24",-0.0003961
"848","ran848.hdr.25",-0.0005906
"848","ran848.hdr.26",-0.0012417
"848","ran848.hdr.27",-0.0002991
"848","ran848.hdr.28",-0.0000480399999999992
"848","ran848.hdr.29",-0.000427799999999999
"848","ran848.hdr.3",0.000534730000000001
"848","ran848.hdr.30",-0.00014837
"848","ran848.hdr.31",-0.000232900000000001
"848","ran848.hdr.32",-0.00023903
"848","ran848.hdr.33",-0.0003079
"848","ran848.hdr.34",-0.0001054
"848","ran848.hdr.35",-0.002134
"848","ran848.hdr.36",0.000505200000000001
"848","ran848.hdr.37",-0.000784
"848","ran848.hdr.38",-0.00087039
"848","ran848.hdr.39",-0.0005219
"848","ran848.hdr.4",-0.0000530499999999998
"848","ran848.hdr.40",-0.000210999999999999
"848","ran848.hdr.41",-0.001126
"848","ran848.hdr.42",-0.00015401
"848","ran848.hdr.43",-0.0017019
"848","ran848.hdr.44",-0.0013804
"848","ran848.hdr.45",-0.000663500000000001
"848","ran848.hdr.46",-0.00000561000000000008
"848","ran848.hdr.47",-0.000230900000000003
"848","ran848.hdr.48",0.000542899999999999
"848","ran848.hdr.49",-0.001384
"848","ran848.hdr.5",-0.0015664
"848","ran848.hdr.50",-0.00057095
"848","ran848.hdr.51",-0.00047324
"848","ran848.hdr.52",-0.00033771
"848","ran848.hdr.53",-0.01111509
"848","ran848.hdr.54",-0.002475
"848","ran848.hdr.55",-0.00000727000000000019
"848","ran848.hdr.56",-0.00022462
"848","ran848.hdr.57",-0.000000799999999999586
"848","ran848.hdr.58",-0.0000509000000000013
"848","ran848.hdr.59",0.00008457
"848","ran848.hdr.6",-0.0021506
"848","ran848.hdr.60",0.0003333
"848","ran848.hdr.61",-0.000313409999999999
"848","ran848.hdr.62",-0.0000912600000000001
"848","ran848.hdr.63",0.000165
"848","ran848.hdr.64",-0.0020934
"848","ran848.hdr.65",-0.0010529
"848","ran848.hdr.66",-0.000477
"848","ran848.hdr.67",-0.000781200000000003
"848","ran848.hdr.68",-0.001224
"848","ran848.hdr.69",-0.0011658
"848","ran848.hdr.7",-0.0048233
"848","ran848.hdr.70",-0.0039875
"848","ran848.hdr.71",-0.00179129
"848","ran848.hdr.72",-0.00021431
"848","ran848.hdr.73",0.000132810000000001
"848","ran848.hdr.74",-0.0013741
"848","ran848.hdr.75",0.0000502000000000002
"848","ran848.hdr.76",-0.0030263
"848","ran848.hdr.77",-0.00062796
"848","ran848.hdr.78",-0.0017455
"848","ran848.hdr.8",-0.000130499999999999
"848","ran848.hdr.9",-0.0015386
"849","ran849.hdr.1",-0.0003084
"849","ran849.hdr.10",-0.000399699999999999
"849","ran849.hdr.11",-0.000824699999999999
"849","ran849.hdr.12",0.000257
"849","ran849.hdr.13",-0.0010596
"849","ran849.hdr.14",-0.0005968
"849","ran849.hdr.15",-0.000064207
"849","ran849.hdr.16",-0.00061751
"849","ran849.hdr.17",0.000241600000000002
"849","ran849.hdr.18",-0.000257799999999999
"849","ran849.hdr.19",-0.002734
"849","ran849.hdr.2",0.000273800000000001
"849","ran849.hdr.20",-0.0039813
"849","ran849.hdr.21",-0.0024132
"849","ran849.hdr.22",0.000226199999999999
"849","ran849.hdr.23",0.0003987
"849","ran849.hdr.24",-0.000303699999999999
"849","ran849.hdr.25",-0.00038207
"849","ran849.hdr.26",-0.00018017
"849","ran849.hdr.27",-0.000292629999999999
"849","ran849.hdr.28",-0.00022523
"849","ran849.hdr.29",-0.00024082
"849","ran849.hdr.3",-0.0007518
"849","ran849.hdr.30",-0.000420199999999999
"849","ran849.hdr.31",-0.000177999999999998
"849","ran849.hdr.32",-0.0014222
"849","ran849.hdr.33",0.000159400000000001
"849","ran849.hdr.34",0.0000934000000000004
"849","ran849.hdr.35",-0.0018962
"849","ran849.hdr.36",0.00058705
"849","ran849.hdr.37",-0.0007461
"849","ran849.hdr.38",-0.000247559999999999
"849","ran849.hdr.39",-0.0001264
"849","ran849.hdr.4",-0.0008068
"849","ran849.hdr.40",-0.000643399999999999
"849","ran849.hdr.41",0.000357900000000001
"849","ran849.hdr.42",-0.0001709
"849","ran849.hdr.43",-0.0001785
"849","ran849.hdr.44",-0.0037192
"849","ran849.hdr.45",0.00004965
"849","ran849.hdr.46",-0.0004603
"849","ran849.hdr.47",-0.000298000000000001
"849","ran849.hdr.48",-0.000917999999999999
"849","ran849.hdr.49",0.000947
"849","ran849.hdr.5",-0.000892799999999999
"849","ran849.hdr.50",-0.000391900000000001
"849","ran849.hdr.51",-0.0002033
"849","ran849.hdr.52",-0.000207300000000001
"849","ran849.hdr.53",-0.00037772
"849","ran849.hdr.54",-0.0021164
"849","ran849.hdr.55",-0.0046284
"849","ran849.hdr.56",0.0000556099999999993
"849","ran849.hdr.58",-0.000102300000000001
"849","ran849.hdr.59",-0.000934999999999998
"849","ran849.hdr.6",-0.0041174
"849","ran849.hdr.60",-0.0000748000000000016
"849","ran849.hdr.61",-0.000513100000000002
"849","ran849.hdr.62",-0.0015743
"849","ran849.hdr.63",0.000413299999999998
"849","ran849.hdr.64",-0.0040338
"849","ran849.hdr.65",-0.000746799999999999
"849","ran849.hdr.66",-0.00194603
"849","ran849.hdr.67",-0.000328449999999999
"849","ran849.hdr.68",-0.0068051
"849","ran849.hdr.69",-0.000121900000000001
"849","ran849.hdr.7",0.00099089
"849","ran849.hdr.70",-0.0003493
"849","ran849.hdr.71",-0.000955899999999999
"849","ran849.hdr.72",-0.000252499999999999
"849","ran849.hdr.73",0.00060482
"849","ran849.hdr.74",-0.001624
"849","ran849.hdr.75",0.00002271
"849","ran849.hdr.76",-0.000456000000000002
"849","ran849.hdr.77",-0.00193094
"849","ran849.hdr.78",-0.0002483
"849","ran849.hdr.8",-0.00053636
"849","ran849.hdr.9",0.0001871
"850","ran850.hdr.1",-0.000358239999999999
"850","ran850.hdr.10",-0.000721199999999998
"850","ran850.hdr.11",-0.000262800000000001
"850","ran850.hdr.12",0.0001315
"850","ran850.hdr.13",0.00032532
"850","ran850.hdr.14",-0.0001248
"850","ran850.hdr.15",-0.0010564
"850","ran850.hdr.16",-0.0000923199999999999
"850","ran850.hdr.17",-0.0013108
"850","ran850.hdr.18",-0.000184699999999999
"850","ran850.hdr.19",-0.0005983
"850","ran850.hdr.2",-0.0004119
"850","ran850.hdr.20",-0.0023332
"850","ran850.hdr.21",-0.0008757
"850","ran850.hdr.22",-0.000288400000000001
"850","ran850.hdr.23",-0.000256040000000001
"850","ran850.hdr.24",-0.0005906
"850","ran850.hdr.25",-0.0045505
"850","ran850.hdr.26",-0.0006201
"850","ran850.hdr.27",-0.0001559
"850","ran850.hdr.28",-0.00026379
"850","ran850.hdr.29",-0.000468900000000001
"850","ran850.hdr.3",0.000367099999999999
"850","ran850.hdr.30",-0.000156699999999999
"850","ran850.hdr.31",-0.000777899999999998
"850","ran850.hdr.32",-0.0014853
"850","ran850.hdr.33",-0.0035614
"850","ran850.hdr.34",-0.0014502
"850","ran850.hdr.35",-0.0034946
"850","ran850.hdr.36",0.00002453
"850","ran850.hdr.37",-0.0011115
"850","ran850.hdr.38",0.00014714
"850","ran850.hdr.39",-0.000423400000000001
"850","ran850.hdr.4",-0.00017145
"850","ran850.hdr.40",0.000487599999999999
"850","ran850.hdr.41",-0.0003975
"850","ran850.hdr.42",-0.000392100000000001
"850","ran850.hdr.43",-0.000583299999999998
"850","ran850.hdr.44",-0.00018774
"850","ran850.hdr.45",-0.0011836
"850","ran850.hdr.46",-0.0011409
"850","ran850.hdr.47",-0.0003643
"850","ran850.hdr.48",-0.0016606
"850","ran850.hdr.49",-0.01768098
"850","ran850.hdr.5",-0.0038288
"850","ran850.hdr.50",-0.0046284
"850","ran850.hdr.51",0.000158
"850","ran850.hdr.53",-0.000162300000000001
"850","ran850.hdr.54",-0.00017091
"850","ran850.hdr.55",-0.0004551
"850","ran850.hdr.56",0.000351000000000001
"850","ran850.hdr.57",-0.000263810000000001
"850","ran850.hdr.58",-0.00038507
"850","ran850.hdr.59",-0.0011481
"850","ran850.hdr.6",-0.0004966
"850","ran850.hdr.60",0.0000988399999999993
"850","ran850.hdr.61",0.0000100400000000002
"850","ran850.hdr.62",-0.000557700000000001
"850","ran850.hdr.63",-0.0000829000000000003
"850","ran850.hdr.64",-0.0004568
"850","ran850.hdr.65",0.0002089
"850","ran850.hdr.66",-0.0028671
"850","ran850.hdr.67",-0.0011658
"850","ran850.hdr.68",-0.0043812
"850","ran850.hdr.69",-0.0003406
"850","ran850.hdr.7",-0.000602800000000001
"850","ran850.hdr.70",-0.0008768
"850","ran850.hdr.71",-0.000401100000000001
"850","ran850.hdr.72",-0.0009037
"850","ran850.hdr.73",-0.0007229
"850","ran850.hdr.74",-0.000125399999999999
"850","ran850.hdr.75",-0.0011974
"850","ran850.hdr.76",-0.0014855
"850","ran850.hdr.77",-0.0007366
"850","ran850.hdr.78",-0.000748700000000001
"850","ran850.hdr.8",-0.0001604
"850","ran850.hdr.9",-0.000428030000000001
"851","ran851.hdr.1",-0.000224699999999998
"851","ran851.hdr.10",-0.0004419
"851","ran851.hdr.11",-0.000458999999999999
"851","ran851.hdr.12",-0.00021777
"851","ran851.hdr.13",-0.000194699999999999
"851","ran851.hdr.14",-0.0000370000000000006
"851","ran851.hdr.15",-0.00137783
"851","ran851.hdr.16",-0.0010879
"851","ran851.hdr.17",-0.000446700000000001
"851","ran851.hdr.18",-0.00071959
"851","ran851.hdr.19",-0.00026025
"851","ran851.hdr.2",-0.0000732900000000002
"851","ran851.hdr.20",-0.0000583000000000007
"851","ran851.hdr.21",-0.000612299999999998
"851","ran851.hdr.22",-0.0013895
"851","ran851.hdr.23",-0.000352700000000001
"851","ran851.hdr.24",-0.0000759999999999997
"851","ran851.hdr.25",0.000268899999999999
"851","ran851.hdr.26",0.0000327000000000001
"851","ran851.hdr.27",-0.00107892
"851","ran851.hdr.28",-0.00033013
"851","ran851.hdr.29",-0.00055601
"851","ran851.hdr.3",-0.0019788
"851","ran851.hdr.30",-0.00039436
"851","ran851.hdr.31",-0.00012519
"851","ran851.hdr.32",-0.000383960000000001
"851","ran851.hdr.33",-0.000322500000000002
"851","ran851.hdr.34",-0.000359799999999999
"851","ran851.hdr.35",-0.0012737
"851","ran851.hdr.36",-0.000119399999999999
"851","ran851.hdr.37",-0.0107692
"851","ran851.hdr.38",-0.0010452
"851","ran851.hdr.39",-0.0010093
"851","ran851.hdr.4",-0.000233200000000003
"851","ran851.hdr.40",-0.000735299999999998
"851","ran851.hdr.41",-0.0013244
"851","ran851.hdr.42",-0.0000700600000000003
"851","ran851.hdr.43",-0.000507200000000003
"851","ran851.hdr.44",-0.000803359999999999
"851","ran851.hdr.45",-0.00031338
"851","ran851.hdr.46",-0.0003798
"851","ran851.hdr.47",-0.000530699999999999
"851","ran851.hdr.48",-0.000773600000000003
"851","ran851.hdr.49",-0.0000148999999999982
"851","ran851.hdr.5",-0.0031082
"851","ran851.hdr.50",-0.000522199999999999
"851","ran851.hdr.51",-0.0001607
"851","ran851.hdr.52",-0.0030178
"851","ran851.hdr.53",-0.0007807
"851","ran851.hdr.54",-0.0005383
"851","ran851.hdr.55",0.000131700000000002
"851","ran851.hdr.56",-0.001739
"851","ran851.hdr.57",-0.000218300000000001
"851","ran851.hdr.58",0.000704900000000001
"851","ran851.hdr.59",-0.000940400000000001
"851","ran851.hdr.6",-0.0044934
"851","ran851.hdr.60",-0.0002678
"851","ran851.hdr.61",-0.0000753999999999998
"851","ran851.hdr.62",NA
"851","ran851.hdr.63",-0.000599799999999999
"851","ran851.hdr.64",-0.0000584000000000001
"851","ran851.hdr.65",-0.0001172
"851","ran851.hdr.66",-0.00050305
"851","ran851.hdr.67",0.00017218
"851","ran851.hdr.69",-0.000737700000000001
"851","ran851.hdr.7",-0.0044797
"851","ran851.hdr.70",-0.0004037
"851","ran851.hdr.71",-0.0096339
"851","ran851.hdr.72",-0.0004414
"851","ran851.hdr.73",-0.000871399999999998
"851","ran851.hdr.74",-0.0000338299999999999
"851","ran851.hdr.75",-0.000694699999999999
"851","ran851.hdr.76",-0.000133299999999999
"851","ran851.hdr.77",-0.0007883
"851","ran851.hdr.78",0.0000916000000000007
"851","ran851.hdr.8",-0.000236699999999999
"851","ran851.hdr.9",-0.0035262
"852","ran852.hdr.1",-0.000908900000000001
"852","ran852.hdr.10",-0.0001922
"852","ran852.hdr.11",-0.000713499999999999
"852","ran852.hdr.12",-0.00026025
"852","ran852.hdr.13",-0.000113727
"852","ran852.hdr.14",-0.0001779
"852","ran852.hdr.15",-0.0012819
"852","ran852.hdr.16",-0.000397499999999999
"852","ran852.hdr.17",-0.0005983
"852","ran852.hdr.18",-0.0025921
"852","ran852.hdr.19",-0.0010563
"852","ran852.hdr.2",-0.0008533
"852","ran852.hdr.20",-0.0005906
"852","ran852.hdr.21",-0.0004899
"852","ran852.hdr.22",-0.000458800000000001
"852","ran852.hdr.23",NA
"852","ran852.hdr.24",-0.0005678
"852","ran852.hdr.25",0.00005104
"852","ran852.hdr.26",0.000296399999999999
"852","ran852.hdr.27",0.0000672999999999993
"852","ran852.hdr.28",-0.00175568
"852","ran852.hdr.29",0.0000686800000000007
"852","ran852.hdr.3",0.000164119999999999
"852","ran852.hdr.30",0.000597799999999999
"852","ran852.hdr.31",-0.0011573
"852","ran852.hdr.32",-0.000306500000000001
"852","ran852.hdr.33",-0.000327999999999998
"852","ran852.hdr.34",-0.0001826
"852","ran852.hdr.35",-0.000478900000000001
"852","ran852.hdr.36",-0.0024974
"852","ran852.hdr.37",-0.000768999999999999
"852","ran852.hdr.38",-0.0000657999999999995
"852","ran852.hdr.39",-0.00035637
"852","ran852.hdr.4",-0.00056552
"852","ran852.hdr.40",-0.0015552
"852","ran852.hdr.41",0.0003309
"852","ran852.hdr.42",-0.000579200000000002
"852","ran852.hdr.43",-0.00000640000000000016
"852","ran852.hdr.44",-0.0026491
"852","ran852.hdr.45",-0.000565699999999999
"852","ran852.hdr.46",-0.000308399999999999
"852","ran852.hdr.47",-0.0003036
"852","ran852.hdr.48",-0.000569999999999999
"852","ran852.hdr.49",-0.0007551
"852","ran852.hdr.5",-0.0035262
"852","ran852.hdr.50",-0.000917300000000001
"852","ran852.hdr.51",0.000446699999999998
"852","ran852.hdr.52",-0.00000997999999999993
"852","ran852.hdr.53",0.00002906
"852","ran852.hdr.54",-0.000924000000000001
"852","ran852.hdr.55",-0.00015647
"852","ran852.hdr.56",0.000156099999999999
"852","ran852.hdr.57",0.00000739999999999942
"852","ran852.hdr.58",-0.000971
"852","ran852.hdr.59",-0.000586400000000001
"852","ran852.hdr.6",-0.00021115
"852","ran852.hdr.60",-0.000753399999999998
"852","ran852.hdr.61",-0.0000546999999999995
"852","ran852.hdr.62",-0.0004576
"852","ran852.hdr.63",0.000003000000000003
"852","ran852.hdr.64",-0.00024239
"852","ran852.hdr.65",-0.0003826
"852","ran852.hdr.66",-0.0012643
"852","ran852.hdr.67",0.00023584
"852","ran852.hdr.68",-0.000334099999999999
"852","ran852.hdr.69",0.000066034
"852","ran852.hdr.7",-0.000458999999999999
"852","ran852.hdr.70",-0.000417899999999999
"852","ran852.hdr.71",-0.0014815
"852","ran852.hdr.72",-0.000057719999999999
"852","ran852.hdr.73",-0.0023812
"852","ran852.hdr.74",NA
"852","ran852.hdr.75",0.000268299999999999
"852","ran852.hdr.76",0.0003334
"852","ran852.hdr.77",-0.0022866
"852","ran852.hdr.78",-0.0003225
"852","ran852.hdr.8",-0.0000446999999999999
"852","ran852.hdr.9",-0.000183900000000001
"853","ran853.hdr.1",-0.000142300000000001
"853","ran853.hdr.10",-0.000320599999999999
"853","ran853.hdr.11",-0.00013877
"853","ran853.hdr.12",-0.00029445
"853","ran853.hdr.13",0.000597690000000001
"853","ran853.hdr.14",0.00047357
"853","ran853.hdr.15",-0.000359400000000001
"853","ran853.hdr.16",-0.0000692999999999996
"853","ran853.hdr.17",-0.000126800000000002
"853","ran853.hdr.18",-0.000657
"853","ran853.hdr.19",-0.000350699999999999
"853","ran853.hdr.2",-0.0003178
"853","ran853.hdr.20",-0.000253800000000002
"853","ran853.hdr.21",0.0003538
"853","ran853.hdr.22",-0.000435399999999999
"853","ran853.hdr.23",0.00018759
"853","ran853.hdr.24",-0.000149700000000001
"853","ran853.hdr.25",-0.0014492
"853","ran853.hdr.26",-0.002999
"853","ran853.hdr.27",-0.0019493
"853","ran853.hdr.28",-0.000232109999999999
"853","ran853.hdr.29",-0.00053928
"853","ran853.hdr.3",-0.0012185
"853","ran853.hdr.30",-0.00068852
"853","ran853.hdr.31",-0.000860700000000001
"853","ran853.hdr.32",-0.000572599999999999
"853","ran853.hdr.33",-0.00034286
"853","ran853.hdr.34",-0.0019854
"853","ran853.hdr.35",-0.000126000000000001
"853","ran853.hdr.36",-0.000478900000000001
"853","ran853.hdr.37",-0.0005509
"853","ran853.hdr.38",-0.000125399999999999
"853","ran853.hdr.39",-0.0000899999999999998
"853","ran853.hdr.4",-0.000224699999999998
"853","ran853.hdr.40",NA
"853","ran853.hdr.41",0.000221300000000001
"853","ran853.hdr.42",0.000237399999999999
"853","ran853.hdr.43",-0.0022116
"853","ran853.hdr.44",-0.00000561000000000008
"853","ran853.hdr.45",-0.00035147
"853","ran853.hdr.46",0.0003897
"853","ran853.hdr.47",-0.000507800000000001
"853","ran853.hdr.48",-0.02102894
"853","ran853.hdr.49",-0.0022371
"853","ran853.hdr.5",-0.0001323
"853","ran853.hdr.50",0.000000199999999998812
"853","ran853.hdr.51",-0.0014392
"853","ran853.hdr.52",-0.0013068
"853","ran853.hdr.53",NA
"853","ran853.hdr.54",NA
"853","ran853.hdr.55",-0.0000509000000000013
"853","ran853.hdr.56",-0.0003833
"853","ran853.hdr.59",-0.0000546999999999995
"853","ran853.hdr.6",-0.000108
"853","ran853.hdr.60",-0.000102700000000001
"853","ran853.hdr.61",-0.0004576
"853","ran853.hdr.62",-0.0007279
"853","ran853.hdr.63",-0.000290100000000001
"853","ran853.hdr.64",-0.000534000000000001
"853","ran853.hdr.65",-0.000477
"853","ran853.hdr.66",-0.0013065
"853","ran853.hdr.67",0.000203400000000001
"853","ran853.hdr.68",-0.000920400000000002
"853","ran853.hdr.69",0.0004773
"853","ran853.hdr.7",-0.000052123
"853","ran853.hdr.70",-0.0012699
"853","ran853.hdr.71",-0.00014392
"853","ran853.hdr.72",-0.000794900000000001
"853","ran853.hdr.73",-0.000586100000000003
"853","ran853.hdr.74",-0.000429499999999999
"853","ran853.hdr.75",-0.000535300000000002
"853","ran853.hdr.76",-0.0004975
"853","ran853.hdr.77",-0.0007764
"853","ran853.hdr.78",-0.0016978
"853","ran853.hdr.8",-0.00053636
"853","ran853.hdr.9",-0.000539240000000002
"854","ran854.hdr.1",0.00000133999999999985
"854","ran854.hdr.10",0.00011099
"854","ran854.hdr.11",0.0000517899999999999
"854","ran854.hdr.12",-0.000376899999999999
"854","ran854.hdr.13",-0.000446700000000001
"854","ran854.hdr.14",-0.0002471
"854","ran854.hdr.15",-0.00018229
"854","ran854.hdr.16",-0.00061751
"854","ran854.hdr.17",-0.0000479999999999994
"854","ran854.hdr.18",-0.0033496
"854","ran854.hdr.19",-0.000612299999999998
"854","ran854.hdr.2",-0.000481700000000002
"854","ran854.hdr.20",-0.0010873
"854","ran854.hdr.21",-0.0008389
"854","ran854.hdr.22",0.000386200000000001
"854","ran854.hdr.23",-0.00053928
"854","ran854.hdr.24",0.0000553900000000002
"854","ran854.hdr.25",-0.000397000000000002
"854","ran854.hdr.26",-0.0013929
"854","ran854.hdr.27",0.000205900000000002
"854","ran854.hdr.28",-0.0006427
"854","ran854.hdr.29",-0.000504299999999999
"854","ran854.hdr.3",-0.000609100000000001
"854","ran854.hdr.30",-0.000478900000000001
"854","ran854.hdr.31",-0.0034946
"854","ran854.hdr.32",-0.0004031
"854","ran854.hdr.33",-0.000435399999999999
"854","ran854.hdr.34",-0.00046567
"854","ran854.hdr.35",0.0000366999999999989
"854","ran854.hdr.36",0.000226500000000001
"854","ran854.hdr.37",-0.00000712000000000001
"854","ran854.hdr.38",0.00000510000000000094
"854","ran854.hdr.39",-0.000870699999999999
"854","ran854.hdr.4",-0.000290820000000001
"854","ran854.hdr.40",-0.0000119000000000005
"854","ran854.hdr.41",-0.000217700000000001
"854","ran854.hdr.42",-0.0012963
"854","ran854.hdr.43",-0.000107300000000001
"854","ran854.hdr.44",-0.00047324
"854","ran854.hdr.45",-0.00026183
"854","ran854.hdr.46",-0.000238039999999999
"854","ran854.hdr.47",-0.00111662
"854","ran854.hdr.48",-0.0010297
"854","ran854.hdr.49",-0.000137030000000001
"854","ran854.hdr.5",0.00026852
"854","ran854.hdr.50",0.000449599999999998
"854","ran854.hdr.51",-0.0004244
"854","ran854.hdr.52",-0.001061
"854","ran854.hdr.53",-0.0008126
"854","ran854.hdr.54",-0.0010347
"854","ran854.hdr.55",-0.0040338
"854","ran854.hdr.56",-0.0013718
"854","ran854.hdr.57",-0.00574057
"854","ran854.hdr.58",0.00016557
"854","ran854.hdr.59",0.000464999999999998
"854","ran854.hdr.6",-0.0000253999999999983
"854","ran854.hdr.60",-0.000103800000000001
"854","ran854.hdr.61",-0.0010849
"854","ran854.hdr.62",-0.0011658
"854","ran854.hdr.63",-0.000112899999999999
"854","ran854.hdr.64",-0.000168699999999999
"854","ran854.hdr.65",-0.0013792
"854","ran854.hdr.66",-0.000853100000000002
"854","ran854.hdr.67",-0.0011457
"854","ran854.hdr.68",0.0006082
"854","ran854.hdr.69",-0.000534900000000001
"854","ran854.hdr.7",-0.0032486
"854","ran854.hdr.70",-0.0014309
"854","ran854.hdr.71",-0.0007951
"854","ran854.hdr.72",-0.000806600000000001
"854","ran854.hdr.73",-0.0035566
"854","ran854.hdr.74",-0.0006525
"854","ran854.hdr.75",-0.0008628
"854","ran854.hdr.76",-0.0064447
"854","ran854.hdr.77",0.0000627000000000023
"854","ran854.hdr.78",-0.0003017
"854","ran854.hdr.8",-0.0029886
"854","ran854.hdr.9",-0.00044229
"855","ran855.hdr.1",0.000555399999999998
"855","ran855.hdr.10",-0.0004419
"855","ran855.hdr.11",-0.000602800000000001
"855","ran855.hdr.12",-0.0001895
"855","ran855.hdr.13",-0.000701999999999999
"855","ran855.hdr.14",-0.000021199999999999
"855","ran855.hdr.15",-0.000725689999999999
"855","ran855.hdr.16",0.0002302
"855","ran855.hdr.17",-0.0000977999999999986
"855","ran855.hdr.18",-0.00161496
"855","ran855.hdr.19",0.000174039999999999
"855","ran855.hdr.2",-0.0012446
"855","ran855.hdr.20",-0.00061751
"855","ran855.hdr.21",-0.000350699999999999
"855","ran855.hdr.22",-0.000356
"855","ran855.hdr.23",-0.0012188
"855","ran855.hdr.24",-0.0009639
"855","ran855.hdr.25",-0.0075695
"855","ran855.hdr.26",-0.0003961
"855","ran855.hdr.27",0.000476809999999999
"855","ran855.hdr.28",0.000324744
"855","ran855.hdr.29",-0.0004388
"855","ran855.hdr.3",-0.0022515
"855","ran855.hdr.30",-0.00009449
"855","ran855.hdr.31",-0.000292629999999999
"855","ran855.hdr.32",0.0000345999999999992
"855","ran855.hdr.33",0.000648899999999999
"855","ran855.hdr.34",-0.0000994700000000008
"855","ran855.hdr.35",-0.000541900000000001
"855","ran855.hdr.36",-0.000326509999999999
"855","ran855.hdr.37",-0.0018137
"855","ran855.hdr.38",-0.000803500000000002
"855","ran855.hdr.39",0.00003065
"855","ran855.hdr.4",-0.00449763
"855","ran855.hdr.40",-0.001126
"855","ran855.hdr.41",-0.000125399999999999
"855","ran855.hdr.42",NA
"855","ran855.hdr.43",-0.000307
"855","ran855.hdr.44",-0.000530699999999999
"855","ran855.hdr.45",-0.0002538
"855","ran855.hdr.46",-0.0021188
"855","ran855.hdr.47",-0.0004423
"855","ran855.hdr.48",-0.0000457900000000004
"855","ran855.hdr.49",-0.0015782
"855","ran855.hdr.5",-0.0027476
"855","ran855.hdr.50",-0.0015836
"855","ran855.hdr.51",-0.000360099999999999
"855","ran855.hdr.52",-0.001739
"855","ran855.hdr.53",0.0000683999999999997
"855","ran855.hdr.54",-0.0011708
"855","ran855.hdr.55",-0.00022903
"855","ran855.hdr.56",-0.0011511
"855","ran855.hdr.57",-0.00073805
"855","ran855.hdr.58",-0.00022893
"855","ran855.hdr.59",0.00018271
"855","ran855.hdr.6",-0.00030613
"855","ran855.hdr.60",0.0000186600000000002
"855","ran855.hdr.61",-0.000121599999999999
"855","ran855.hdr.62",-0.00015495
"855","ran855.hdr.63",-0.00039517
"855","ran855.hdr.64",-0.0010529
"855","ran855.hdr.65",-0.0010234
"855","ran855.hdr.66",-0.000154400000000002
"855","ran855.hdr.67",-0.000361200000000001
"855","ran855.hdr.68",-0.000794200000000002
"855","ran855.hdr.69",-0.0033564
"855","ran855.hdr.7",-0.0053473
"855","ran855.hdr.70",-0.0001271
"855","ran855.hdr.71",-0.0007448
"855","ran855.hdr.72",-0.000389500000000001
"855","ran855.hdr.73",-0.0011097
"855","ran855.hdr.74",-0.0000177000000000007
"855","ran855.hdr.75",-0.0017992
"855","ran855.hdr.76",0.0002486
"855","ran855.hdr.77",-0.0014673
"855","ran855.hdr.78",-0.0010537
"855","ran855.hdr.8",-0.00033059
"855","ran855.hdr.9",0.000197500000000001
"856","ran856.hdr.1",-0.000319699999999999
"856","ran856.hdr.10",-0.00038213
"856","ran856.hdr.11",-0.0000232874
"856","ran856.hdr.12",-0.000679800000000001
"856","ran856.hdr.13",-0.000446700000000001
"856","ran856.hdr.14",-0.000808199999999999
"856","ran856.hdr.15",-0.000409099999999999
"856","ran856.hdr.16",-0.0000342699999999994
"856","ran856.hdr.17",-0.0011243
"856","ran856.hdr.18",-0.0005968
"856","ran856.hdr.19",-0.0032234
"856","ran856.hdr.2",-0.00119054
"856","ran856.hdr.20",-0.0004534
"856","ran856.hdr.21",-0.0005983
"856","ran856.hdr.22",-0.0017312
"856","ran856.hdr.23",-0.0026503
"856","ran856.hdr.24",0.0000793799999999987
"856","ran856.hdr.25",0.0003788
"856","ran856.hdr.26",-0.000207189999999999
"856","ran856.hdr.27",0.0000166000000000003
"856","ran856.hdr.28",-0.0001338
"856","ran856.hdr.29",-0.00044134
"856","ran856.hdr.3",-0.00131489
"856","ran856.hdr.30",0.0013202
"856","ran856.hdr.31",-0.000359199999999999
"856","ran856.hdr.32",-0.000397499999999999
"856","ran856.hdr.33",-0.000138870000000001
"856","ran856.hdr.34",-0.00256592
"856","ran856.hdr.35",0.000443599999999999
"856","ran856.hdr.36",-0.00046567
"856","ran856.hdr.37",-0.0019144
"856","ran856.hdr.38",-0.0015749
"856","ran856.hdr.39",-0.0023505
"856","ran856.hdr.4",-0.0025737
"856","ran856.hdr.40",-0.000491499999999999
"856","ran856.hdr.41",-0.000583800000000001
"856","ran856.hdr.42",-0.000431000000000001
"856","ran856.hdr.43",-0.00018774
"856","ran856.hdr.44",-0.000720200000000001
"856","ran856.hdr.45",-0.000730900000000001
"856","ran856.hdr.46",-0.00119342
"856","ran856.hdr.47",-0.000473700000000001
"856","ran856.hdr.48",-0.0001724
"856","ran856.hdr.49",-0.0004831
"856","ran856.hdr.5",-0.005219
"856","ran856.hdr.50",-0.00031891
"856","ran856.hdr.51",-0.000395
"856","ran856.hdr.52",-0.00022893
"856","ran856.hdr.53",-0.000421599999999999
"856","ran856.hdr.54",-0.000210400000000003
"856","ran856.hdr.57",0.00017759
"856","ran856.hdr.58",-0.000448199999999999
"856","ran856.hdr.59",-0.000139299999999998
"856","ran856.hdr.6",0.000324100000000001
"856","ran856.hdr.60",-0.0012684
"856","ran856.hdr.61",-0.000221499999999999
"856","ran856.hdr.62",-0.00104738
"856","ran856.hdr.63",-0.0005728
"856","ran856.hdr.64",0.0003354
"856","ran856.hdr.65",0.0000734000000000012
"856","ran856.hdr.66",-0.000822699999999999
"856","ran856.hdr.67",-0.0010828
"856","ran856.hdr.68",-0.0005982
"856","ran856.hdr.69",0.0001822
"856","ran856.hdr.7",-0.0000293999999999989
"856","ran856.hdr.70",-0.0013312
"856","ran856.hdr.71",-0.00038061
"856","ran856.hdr.72",-0.000649899999999998
"856","ran856.hdr.73",-0.0014277
"856","ran856.hdr.74",-0.000299900000000001
"856","ran856.hdr.75",-0.0007951
"856","ran856.hdr.76",-0.002875
"856","ran856.hdr.77",-0.004726
"856","ran856.hdr.78",-0.0010548
"856","ran856.hdr.8",-0.0015953
"856","ran856.hdr.9",0.00034379
"857","ran857.hdr.1",-0.000481700000000002
"857","ran857.hdr.10",-0.00023309
"857","ran857.hdr.11",-0.00129969
"857","ran857.hdr.12",-0.001162
"857","ran857.hdr.13",-0.000320800000000001
"857","ran857.hdr.14",-0.00047623
"857","ran857.hdr.15",-0.00062684
"857","ran857.hdr.16",-0.000318300000000001
"857","ran857.hdr.17",-0.0003961
"857","ran857.hdr.18",0.00000329999999999948
"857","ran857.hdr.19",-0.000518899999999999
"857","ran857.hdr.2",-0.000532600000000001
"857","ran857.hdr.20",-0.0026503
"857","ran857.hdr.21",-0.0003534
"857","ran857.hdr.22",-0.0010155
"857","ran857.hdr.23",-0.0004445
"857","ran857.hdr.24",0.0001004
"857","ran857.hdr.25",-0.0001239
"857","ran857.hdr.26",0.00037177
"857","ran857.hdr.27",-0.0000722500000000003
"857","ran857.hdr.28",-0.00023903
"857","ran857.hdr.29",-0.000413999999999999
"857","ran857.hdr.3",-0.0005246
"857","ran857.hdr.30",-0.000541900000000001
"857","ran857.hdr.31",-0.00000790000000000166
"857","ran857.hdr.32",0.0000948100000000007
"857","ran857.hdr.33",-0.01686367
"857","ran857.hdr.34",-0.000875799999999999
"857","ran857.hdr.35",0.000911599999999999
"857","ran857.hdr.36",-0.0013224
"857","ran857.hdr.37",-0.0034946
"857","ran857.hdr.38",-0.000235339999999999
"857","ran857.hdr.39",-0.000287379999999999
"857","ran857.hdr.4",-0.0048653
"857","ran857.hdr.40",-0.000627829999999999
"857","ran857.hdr.41",-0.0015836
"857","ran857.hdr.42",-0.000230900000000003
"857","ran857.hdr.43",-0.0076935
"857","ran857.hdr.44",0.00066033
"857","ran857.hdr.45",-0.004512
"857","ran857.hdr.46",-0.000825999999999999
"857","ran857.hdr.47",-0.0020892
"857","ran857.hdr.48",-0.000315939999999999
"857","ran857.hdr.49",-0.00062953
"857","ran857.hdr.5",-0.0008936
"857","ran857.hdr.50",-0.000435700000000001
"857","ran857.hdr.51",-0.000456179999999999
"857","ran857.hdr.52",-0.00016505
"857","ran857.hdr.53",-0.0010297
"857","ran857.hdr.55",-0.0013724
"857","ran857.hdr.56",0.000366500000000001
"857","ran857.hdr.57",-0.000867700000000001
"857","ran857.hdr.58",-0.000580600000000001
"857","ran857.hdr.59",NA
"857","ran857.hdr.6",NA
"857","ran857.hdr.60",-0.0011481
"857","ran857.hdr.61",-0.0013065
"857","ran857.hdr.62",-0.000306000000000001
"857","ran857.hdr.63",0.000127700000000001
"857","ran857.hdr.64",-0.0001259
"857","ran857.hdr.65",-0.0013776
"857","ran857.hdr.66",-0.000124800000000001
"857","ran857.hdr.67",-0.0012091
"857","ran857.hdr.68",-0.00056939
"857","ran857.hdr.69",-0.000328449999999999
"857","ran857.hdr.7",-0.00154022
"857","ran857.hdr.70",-0.00015663
"857","ran857.hdr.71",-0.0000376999999999999
"857","ran857.hdr.72",-0.000112899999999999
"857","ran857.hdr.73",-0.000126299999999999
"857","ran857.hdr.74",-0.0003579
"857","ran857.hdr.75",-0.0013071
"857","ran857.hdr.76",-0.0035566
"857","ran857.hdr.77",-0.000692410000000001
"857","ran857.hdr.78",-0.0018567
"857","ran857.hdr.8",-0.000653000000000001
"857","ran857.hdr.9",-0.00053636
"858","ran858.hdr.1",-0.000319699999999999
"858","ran858.hdr.10",-0.00020486
"858","ran858.hdr.11",-0.000653000000000001
"858","ran858.hdr.12",-0.000376899999999999
"858","ran858.hdr.13",0.00017944
"858","ran858.hdr.14",-0.00038553
"858","ran858.hdr.15",-0.00037651
"858","ran858.hdr.16",-0.000954400000000001
"858","ran858.hdr.17",-0.000713499999999999
"858","ran858.hdr.18",-0.0000657000000000001
"858","ran858.hdr.19",-0.000214909999999999
"858","ran858.hdr.2",-0.002469
"858","ran858.hdr.20",-0.000217409999999999
"858","ran858.hdr.21",-0.000136260000000001
"858","ran858.hdr.22",-0.000291369999999999
"858","ran858.hdr.23",-0.0007122
"858","ran858.hdr.24",-0.00170165
"858","ran858.hdr.25",-0.00043339
"858","ran858.hdr.26",-0.0012451
"858","ran858.hdr.27",-0.0005666
"858","ran858.hdr.28",-0.0012522
"858","ran858.hdr.29",-0.0014492
"858","ran858.hdr.3",-0.00009361
"858","ran858.hdr.30",0.0004099
"858","ran858.hdr.31",-0.0000420300000000002
"858","ran858.hdr.32",-0.00175568
"858","ran858.hdr.33",-0.000113400000000001
"858","ran858.hdr.34",-0.000541900000000001
"858","ran858.hdr.35",-0.000310299999999999
"858","ran858.hdr.36",0.0000772100000000012
"858","ran858.hdr.37",-0.0028198
"858","ran858.hdr.38",-0.0049962
"858","ran858.hdr.39",-0.00013927
"858","ran858.hdr.4",-0.00034287
"858","ran858.hdr.40",-0.0011115
"858","ran858.hdr.41",NA
"858","ran858.hdr.42",0.0005731
"858","ran858.hdr.43",-0.0013621
"858","ran858.hdr.44",-0.0001922
"858","ran858.hdr.45",0.0000270999999999987
"858","ran858.hdr.46",-0.0000487999999999999
"858","ran858.hdr.47",-0.0021208
"858","ran858.hdr.48",-0.0002384
"858","ran858.hdr.49",0.00002906
"858","ran858.hdr.5",-0.00136
"858","ran858.hdr.50",-0.000437399999999998
"858","ran858.hdr.51",0.000156099999999999
"858","ran858.hdr.52",-0.0011486
"858","ran858.hdr.53",-0.000270000000000001
"858","ran858.hdr.54",-0.000175950000000001
"858","ran858.hdr.55",0.000058589999999999
"858","ran858.hdr.56",0.0000692499999999999
"858","ran858.hdr.57",-0.0011511
"858","ran858.hdr.59",-0.0001829
"858","ran858.hdr.6",-0.0000016399999999998
"858","ran858.hdr.60",-0.000934999999999998
"858","ran858.hdr.61",-0.001153
"858","ran858.hdr.62",-0.000595
"858","ran858.hdr.63",-0.0012684
"858","ran858.hdr.64",-0.000964599999999999
"858","ran858.hdr.65",-0.000728699999999999
"858","ran858.hdr.66",-0.000556319999999999
"858","ran858.hdr.67",0.0000897999999999993
"858","ran858.hdr.68",-0.000266830000000001
"858","ran858.hdr.69",-0.00048136
"858","ran858.hdr.7",0.0000803000000000002
"858","ran858.hdr.70",-0.000822699999999999
"858","ran858.hdr.71",-0.0002646
"858","ran858.hdr.72",-0.000386900000000003
"858","ran858.hdr.73",-0.0000835999999999996
"858","ran858.hdr.74",-0.000282660000000001
"858","ran858.hdr.75",-0.00032338
"858","ran858.hdr.76",-0.0053353
"858","ran858.hdr.77",-0.00118788
"858","ran858.hdr.78",0.000378
"858","ran858.hdr.8",-0.00021115
"858","ran858.hdr.9",-0.0000149
"859","ran859.hdr.1",-0.000739499999999999
"859","ran859.hdr.10",-0.0052846
"859","ran859.hdr.11",-0.0043162
"859","ran859.hdr.12",-0.000461899999999998
"859","ran859.hdr.13",-0.000409400000000001
"859","ran859.hdr.14",-0.0000411000000000005
"859","ran859.hdr.15",-0.000437670000000001
"859","ran859.hdr.16",-0.00000806191
"859","ran859.hdr.17",-0.000376899999999999
"859","ran859.hdr.18",-0.0000108700000000005
"859","ran859.hdr.19",-0.0001224
"859","ran859.hdr.2",-0.000311580000000001
"859","ran859.hdr.20",0.0000973299999999996
"859","ran859.hdr.21",-0.000118400000000001
"859","ran859.hdr.22",-0.000113727
"859","ran859.hdr.23",-0.0012923
"859","ran859.hdr.24",-0.0007775
"859","ran859.hdr.25",-0.000248100000000001
"859","ran859.hdr.26",-0.000288400000000001
"859","ran859.hdr.27",-0.000556399999999999
"859","ran859.hdr.28",-0.00031687
"859","ran859.hdr.29",-0.0003788
"859","ran859.hdr.3",-0.0012185
"859","ran859.hdr.30",-0.0007723
"859","ran859.hdr.31",-0.000383960000000001
"859","ran859.hdr.32",-0.00029017
"859","ran859.hdr.33",-0.0001311
"859","ran859.hdr.34",0.0000686800000000007
"859","ran859.hdr.35",-0.000118700000000001
"859","ran859.hdr.36",-0.000297
"859","ran859.hdr.37",-0.0029271
"859","ran859.hdr.38",-0.0000146999999999994
"859","ran859.hdr.39",-0.0000865999999999992
"859","ran859.hdr.4",-0.000637000000000002
"859","ran859.hdr.40",-0.000729500000000001
"859","ran859.hdr.41",-0.0012202
"859","ran859.hdr.42",-0.0017371
"859","ran859.hdr.43",-0.000831499999999999
"859","ran859.hdr.44",-0.0000392999999999991
"859","ran859.hdr.45",-0.0011807
"859","ran859.hdr.46",-0.0003937
"859","ran859.hdr.47",NA
"859","ran859.hdr.48",-0.000266000000000002
"859","ran859.hdr.49",-0.0013356
"859","ran859.hdr.5",0.00027211
"859","ran859.hdr.50",-0.0011277
"859","ran859.hdr.51",-0.000924100000000001
"859","ran859.hdr.52",-0.00013712
"859","ran859.hdr.53",-0.001127
"859","ran859.hdr.54",0.0000373000000000005
"859","ran859.hdr.55",-0.0016134
"859","ran859.hdr.56",-0.0007499
"859","ran859.hdr.57",-0.000329799999999998
"859","ran859.hdr.58",-0.0022371
"859","ran859.hdr.59",0.000754399999999999
"859","ran859.hdr.6",-0.000831800000000001
"859","ran859.hdr.60",-0.00062953
"859","ran859.hdr.61",0.00060617
"859","ran859.hdr.62",-0.000248099999999999
"859","ran859.hdr.65",-0.000242599999999999
"859","ran859.hdr.66",-0.0003572
"859","ran859.hdr.67",-0.000557700000000001
"859","ran859.hdr.68",-0.000959399999999999
"859","ran859.hdr.69",-0.0003435
"859","ran859.hdr.7",-0.00163709
"859","ran859.hdr.70",-0.0023928
"859","ran859.hdr.71",-0.0011299
"859","ran859.hdr.72",-0.00029
"859","ran859.hdr.73",-0.0023089
"859","ran859.hdr.74",-0.00025328
"859","ran859.hdr.75",-0.0005625
"859","ran859.hdr.76",-0.000297700000000001
"859","ran859.hdr.77",-0.000578
"859","ran859.hdr.78",-0.000220500000000002
"859","ran859.hdr.8",NA
"859","ran859.hdr.9",-0.0028486
"860","ran860.hdr.1",-0.0004317
"860","ran860.hdr.10",-0.00016992
"860","ran860.hdr.11",-0.000679800000000001
"860","ran860.hdr.12",-0.0005371
"860","ran860.hdr.13",-0.00021491
"860","ran860.hdr.14",-0.000515700000000001
"860","ran860.hdr.15",-0.0004066
"860","ran860.hdr.16",-0.000410499999999999
"860","ran860.hdr.17",0.0001659
"860","ran860.hdr.18",-0.0005983
"860","ran860.hdr.19",-0.000159899999999999
"860","ran860.hdr.2",-0.0000914000000000002
"860","ran860.hdr.20",-0.0000985999999999973
"860","ran860.hdr.21",-0.00031687
"860","ran860.hdr.22",-0.0004793
"860","ran860.hdr.23",0.0002261
"860","ran860.hdr.24",0.000386200000000001
"860","ran860.hdr.25",-0.00068852
"860","ran860.hdr.26",0.0000383999999999992
"860","ran860.hdr.27",0.000353800000000001
"860","ran860.hdr.28",-0.0000212300000000006
"860","ran860.hdr.29",0.000097899999999998
"860","ran860.hdr.3",0.000357100000000001
"860","ran860.hdr.30",-0.000395299999999999
"860","ran860.hdr.31",-0.000630099999999998
"860","ran860.hdr.32",-0.000883700000000001
"860","ran860.hdr.33",-0.000580199999999999
"860","ran860.hdr.34",-0.0000607120000000001
"860","ran860.hdr.35",-0.00035637
"860","ran860.hdr.36",-0.0013621
"860","ran860.hdr.37",-0.000707100000000002
"860","ran860.hdr.38",-0.000752999999999998
"860","ran860.hdr.39",-0.0010202
"860","ran860.hdr.4",-0.000201799999999999
"860","ran860.hdr.40",-0.000717699999999998
"860","ran860.hdr.41",-0.0007551
"860","ran860.hdr.42",-0.0039113
"860","ran860.hdr.43",-0.000034158
"860","ran860.hdr.44",0.000012144
"860","ran860.hdr.45",-0.000133000000000001
"860","ran860.hdr.46",0.00023711
"860","ran860.hdr.47",-0.000945399999999999
"860","ran860.hdr.48",-0.000564
"860","ran860.hdr.49",-0.0000283000000000002
"860","ran860.hdr.5",-0.00061467
"860","ran860.hdr.50",-0.0010723
"860","ran860.hdr.53",-0.001061
"860","ran860.hdr.54",-0.00133806
"860","ran860.hdr.55",-0.00084326
"860","ran860.hdr.56",-0.0011268
"860","ran860.hdr.57",0.0002781
"860","ran860.hdr.58",-0.0044594
"860","ran860.hdr.59",-0.0016226
"860","ran860.hdr.6",-0.000461899999999998
"860","ran860.hdr.60",-0.000738799999999998
"860","ran860.hdr.61",-0.001507
"860","ran860.hdr.62",-0.000201800000000002
"860","ran860.hdr.63",0.0000443000000000006
"860","ran860.hdr.64",-0.00124621
"860","ran860.hdr.65",-0.0007592
"860","ran860.hdr.66",-0.001624
"860","ran860.hdr.67",-0.0006567
"860","ran860.hdr.68",-0.0007229
"860","ran860.hdr.69",-0.000630200000000001
"860","ran860.hdr.7",-0.0003059
"860","ran860.hdr.70",0.00000527999999999987
"860","ran860.hdr.71",0.000299700000000002
"860","ran860.hdr.72",-0.0010585
"860","ran860.hdr.73",-0.0007951
"860","ran860.hdr.74",-0.000806600000000001
"860","ran860.hdr.75",-0.0007366
"860","ran860.hdr.76",-0.00096858
"860","ran860.hdr.77",-0.001318
"860","ran860.hdr.78",-0.000318599999999999
"860","ran860.hdr.8",0.0000928000000000005
"860","ran860.hdr.9",-0.00041681
"861","ran861.hdr.1",-0.0030034
"861","ran861.hdr.10",-0.000291369999999999
"861","ran861.hdr.11",-0.0005983
"861","ran861.hdr.12",-0.00034462
"861","ran861.hdr.13",-0.000867099999999999
"861","ran861.hdr.14",-0.000997100000000001
"861","ran861.hdr.15",-0.0010155
"861","ran861.hdr.16",-0.000257510000000001
"861","ran861.hdr.17",-0.000747600000000001
"861","ran861.hdr.18",-0.000246100000000003
"861","ran861.hdr.19",-0.000249299999999999
"861","ran861.hdr.2",-0.000422980000000001
"861","ran861.hdr.20",0.00026201
"861","ran861.hdr.21",-0.0004121
"861","ran861.hdr.22",-0.0006158
"861","ran861.hdr.23",-0.00046126
"861","ran861.hdr.24",-0.00055601
"861","ran861.hdr.25",-0.00029545
"861","ran861.hdr.26",-0.00035699
"861","ran861.hdr.27",-0.00018809
"861","ran861.hdr.28",-0.00009449
"861","ran861.hdr.29",0.0001978
"861","ran861.hdr.3",0.00000281999999999887
"861","ran861.hdr.30",-0.0001764
"861","ran861.hdr.31",-0.00028711
"861","ran861.hdr.32",-0.000541900000000001
"861","ran861.hdr.33",-0.0000663
"861","ran861.hdr.34",-0.0057768
"861","ran861.hdr.35",-0.0010093
"861","ran861.hdr.36",-0.000730600000000001
"861","ran861.hdr.37",-0.000136400000000002
"861","ran861.hdr.38",-0.000548
"861","ran861.hdr.39",-0.0001826
"861","ran861.hdr.4",-0.00039314
"861","ran861.hdr.40",-0.0010775
"861","ran861.hdr.41",-0.0011277
"861","ran861.hdr.42",-0.0000148999999999982
"861","ran861.hdr.43",-0.000522199999999999
"861","ran861.hdr.44",-0.000798900000000002
"861","ran861.hdr.45",-0.000114100000000002
"861","ran861.hdr.46",-0.00081
"861","ran861.hdr.47",-0.000113099999999998
"861","ran861.hdr.48",-0.000531500000000001
"861","ran861.hdr.49",0.0018223
"861","ran861.hdr.5",-0.000808199999999999
"861","ran861.hdr.50",0.00028232
"861","ran861.hdr.51",-0.000385300000000002
"861","ran861.hdr.52",0.000012144
"861","ran861.hdr.53",0.000143500000000001
"861","ran861.hdr.54",-0.00035604
"861","ran861.hdr.55",-0.001416
"861","ran861.hdr.56",-0.0025824
"861","ran861.hdr.57",-0.00055
"861","ran861.hdr.58",-0.000764300000000002
"861","ran861.hdr.59",-0.0001373
"861","ran861.hdr.6",0.0000112099999999993
"861","ran861.hdr.60",0.0000491800000000011
"861","ran861.hdr.62",-0.000137030000000001
"861","ran861.hdr.63",-0.000247399999999998
"861","ran861.hdr.64",-0.000967699999999998
"861","ran861.hdr.65",-0.000121599999999999
"861","ran861.hdr.66",-0.00015495
"861","ran861.hdr.67",-0.0000835000000000002
"861","ran861.hdr.68",0.000413299999999998
"861","ran861.hdr.69",0.000964400000000001
"861","ran861.hdr.7",-0.000547299999999997
"861","ran861.hdr.70",-0.0007712
"861","ran861.hdr.71",-0.0006633
"861","ran861.hdr.72",-0.000248699999999998
"861","ran861.hdr.73",-0.000839700000000002
"861","ran861.hdr.74",0.000114399999999999
"861","ran861.hdr.75",0.000343
"861","ran861.hdr.76",0.00013489
"861","ran861.hdr.77",-0.000283
"861","ran861.hdr.78",-0.0016911
"861","ran861.hdr.8",-0.0011386
"861","ran861.hdr.9",-0.00050998
"862","ran862.hdr.1",-0.000319699999999999
"862","ran862.hdr.10",-0.00036517
"862","ran862.hdr.11",-0.000808199999999999
"862","ran862.hdr.12",-0.000266260000000001
"862","ran862.hdr.13",-0.001162
"862","ran862.hdr.14",-0.0002021
"862","ran862.hdr.15",-0.00161496
"862","ran862.hdr.16",0.000684299999999999
"862","ran862.hdr.17",0.000174039999999999
"862","ran862.hdr.18",-0.00061751
"862","ran862.hdr.19",-0.0017655
"862","ran862.hdr.2",-0.0014125
"862","ran862.hdr.20",-0.000686199999999998
"862","ran862.hdr.21",-0.0010173
"862","ran862.hdr.22",-0.000533099999999998
"862","ran862.hdr.23",-0.0015342
"862","ran862.hdr.24",-0.00031687
"862","ran862.hdr.25",-0.00032336
"862","ran862.hdr.26",0.0001034
"862","ran862.hdr.27",-0.0000794999999999997
"862","ran862.hdr.28",-0.0045505
"862","ran862.hdr.29",-0.00036543
"862","ran862.hdr.3",-0.0025751
"862","ran862.hdr.30",-0.0000858199999999995
"862","ran862.hdr.31",-0.00022216
"862","ran862.hdr.32",-0.00029017
"862","ran862.hdr.33",0.00011655
"862","ran862.hdr.34",-0.002134
"862","ran862.hdr.35",-0.0012737
"862","ran862.hdr.36",-0.0018987
"862","ran862.hdr.37",-0.00087039
"862","ran862.hdr.38",-0.000803500000000002
"862","ran862.hdr.39",-0.0000862000000000016
"862","ran862.hdr.4",-0.00246744
"862","ran862.hdr.40",-0.000478900000000001
"862","ran862.hdr.41",-0.000803359999999999
"862","ran862.hdr.42",-0.0023505
"862","ran862.hdr.43",-0.0014927
"862","ran862.hdr.44",-0.000291899999999999
"862","ran862.hdr.45",-0.00025843
"862","ran862.hdr.46",-0.000973700000000001
"862","ran862.hdr.47",-0.000737000000000002
"862","ran862.hdr.48",-0.000733699999999999
"862","ran862.hdr.49",-0.000514700000000002
"862","ran862.hdr.5",-0.0003003
"862","ran862.hdr.50",0.0000501999999999985
"862","ran862.hdr.51",0.00027974
"862","ran862.hdr.52",0.00013718
"862","ran862.hdr.53",0.0000792999999999992
"862","ran862.hdr.54",-0.0000717600000000006
"862","ran862.hdr.55",-0.00022498
"862","ran862.hdr.56",-0.0001431
"862","ran862.hdr.57",-0.0006619
"862","ran862.hdr.58",-0.00384145
"862","ran862.hdr.59",-0.000586400000000001
"862","ran862.hdr.6",-0.000223299999999999
"862","ran862.hdr.60",-0.00018122
"862","ran862.hdr.61",-0.0000501999999999994
"862","ran862.hdr.62",0.000032840000000001
"862","ran862.hdr.65",0.0000255384
"862","ran862.hdr.66",-0.0000195000000000004
"862","ran862.hdr.67",-0.0009154
"862","ran862.hdr.68",-0.0012721
"862","ran862.hdr.69",-0.0044594
"862","ran862.hdr.7",-0.0000648300000000001
"862","ran862.hdr.70",-0.000239799999999998
"862","ran862.hdr.71",-0.001831
"862","ran862.hdr.72",-0.0000736999999999995
"862","ran862.hdr.73",-0.0015557
"862","ran862.hdr.74",-0.0004749
"862","ran862.hdr.75",-0.0008746
"862","ran862.hdr.76",-0.000302699999999999
"862","ran862.hdr.77",-0.000748700000000001
"862","ran862.hdr.78",-0.0015052
"862","ran862.hdr.8",-0.00018433
"862","ran862.hdr.9",-0.0004092
"863","ran863.hdr.1",-0.000893399999999999
"863","ran863.hdr.10",-0.00021777
"863","ran863.hdr.11",0.00038462
"863","ran863.hdr.12",-0.00036672
"863","ran863.hdr.13",-0.00023695
"863","ran863.hdr.14",-0.000622000000000001
"863","ran863.hdr.15",0.000402120000000001
"863","ran863.hdr.16",-0.0019612
"863","ran863.hdr.17",-0.0004586
"863","ran863.hdr.18",0.00000759999999999997
"863","ran863.hdr.19",-0.0008602
"863","ran863.hdr.2",-0.0004633
"863","ran863.hdr.20",-0.0003148
"863","ran863.hdr.21",0.000240199999999999
"863","ran863.hdr.22",-0.0010736
"863","ran863.hdr.23",-0.000517500000000001
"863","ran863.hdr.24",-0.000771500000000001
"863","ran863.hdr.25",-0.0003254
"863","ran863.hdr.26",-0.00000923999999999999
"863","ran863.hdr.27",-0.00029545
"863","ran863.hdr.28",-0.0006335
"863","ran863.hdr.29",-0.0002538
"863","ran863.hdr.3",-0.0014416
"863","ran863.hdr.30",-0.0019666
"863","ran863.hdr.31",-0.000119399999999999
"863","ran863.hdr.32",-0.0058339
"863","ran863.hdr.33",-0.00350844
"863","ran863.hdr.34",0.0000702000000000012
"863","ran863.hdr.35",-0.0002611
"863","ran863.hdr.36",-0.00017519
"863","ran863.hdr.37",0.000196199999999999
"863","ran863.hdr.38",-0.000352100000000001
"863","ran863.hdr.39",-0.0014594
"863","ran863.hdr.4",-0.0027813
"863","ran863.hdr.40",-0.000720200000000001
"863","ran863.hdr.41",-0.0011563
"863","ran863.hdr.42",-0.0006786
"863","ran863.hdr.43",-0.000569999999999999
"863","ran863.hdr.44",-0.0011914
"863","ran863.hdr.45",-0.000107803
"863","ran863.hdr.46",-0.0022656
"863","ran863.hdr.47",-0.002897
"863","ran863.hdr.48",-0.000334300000000001
"863","ran863.hdr.49",-0.000136669999999998
"863","ran863.hdr.5",-0.000617699999999999
"863","ran863.hdr.50",-0.00047324
"863","ran863.hdr.51",-0.00077464
"863","ran863.hdr.52",-0.000569500000000001
"863","ran863.hdr.53",-0.00073805
"863","ran863.hdr.54",-0.0010297
"863","ran863.hdr.56",-0.0004014
"863","ran863.hdr.57",0.000212799999999999
"863","ran863.hdr.58",-0.00040313
"863","ran863.hdr.59",-0.000970210000000001
"863","ran863.hdr.6",-0.000226799999999999
"863","ran863.hdr.60",-0.0010234
"863","ran863.hdr.61",-0.01078825
"863","ran863.hdr.62",0.000314700000000001
"863","ran863.hdr.63",-0.0003064
"863","ran863.hdr.64",-0.0107924
"863","ran863.hdr.65",-0.001971
"863","ran863.hdr.66",0.0005287
"863","ran863.hdr.67",0.0005276
"863","ran863.hdr.68",-0.0005187
"863","ran863.hdr.69",-0.0068051
"863","ran863.hdr.7",-0.0029094
"863","ran863.hdr.70",0.0000869000000000009
"863","ran863.hdr.71",0.000217800000000001
"863","ran863.hdr.72",-0.0007443
"863","ran863.hdr.73",-0.000794900000000001
"863","ran863.hdr.74",-0.000325500000000001
"863","ran863.hdr.75",-0.0010666
"863","ran863.hdr.76",-0.0013713
"863","ran863.hdr.77",-0.0010028
"863","ran863.hdr.78",-0.0007595
"863","ran863.hdr.8",-0.0039147
"863","ran863.hdr.9",-0.00015088
"864","ran864.hdr.1",-0.0009493
"864","ran864.hdr.10",-0.000446700000000001
"864","ran864.hdr.11",-0.0003458
"864","ran864.hdr.12",-0.0002322
"864","ran864.hdr.13",-0.000416400000000001
"864","ran864.hdr.14",-0.000527999999999999
"864","ran864.hdr.15",-0.0134706
"864","ran864.hdr.16",-0.0000983000000000008
"864","ran864.hdr.17",-0.000356
"864","ran864.hdr.18",-0.00039311
"864","ran864.hdr.19",-0.0013259
"864","ran864.hdr.2",0.000329000000000003
"864","ran864.hdr.20",-0.000581499999999999
"864","ran864.hdr.21",-0.0017045
"864","ran864.hdr.22",-0.000765599999999998
"864","ran864.hdr.23",-0.0011853
"864","ran864.hdr.24",0.000813399999999999
"864","ran864.hdr.25",-0.0024928
"864","ran864.hdr.26",-0.00019801
"864","ran864.hdr.27",-0.0113291
"864","ran864.hdr.28",-0.0005678
"864","ran864.hdr.29",-0.00022865
"864","ran864.hdr.3",-0.0054532
"864","ran864.hdr.30",-0.00130484
"864","ran864.hdr.31",-0.000376700000000001
"864","ran864.hdr.32",-0.00023903
"864","ran864.hdr.33",-0.00017027
"864","ran864.hdr.34",0.00062709
"864","ran864.hdr.35",-0.00044134
"864","ran864.hdr.36",-0.00024082
"864","ran864.hdr.37",0.000144799999999999
"864","ran864.hdr.38",-0.000709920000000001
"864","ran864.hdr.39",-0.00510713
"864","ran864.hdr.4",-0.000153299999999999
"864","ran864.hdr.40",-0.0000392999999999991
"864","ran864.hdr.41",-0.0024974
"864","ran864.hdr.42",-0.000112299999999999
"864","ran864.hdr.43",-0.000404300000000002
"864","ran864.hdr.44",-0.0015836
"864","ran864.hdr.45",0.000317899999999999
"864","ran864.hdr.46",0.000223599999999999
"864","ran864.hdr.47",-0.000289599999999999
"864","ran864.hdr.48",-0.0022656
"864","ran864.hdr.49",NA
"864","ran864.hdr.5",-0.005769
"864","ran864.hdr.50",-0.0027946
"864","ran864.hdr.51",-0.000341900000000003
"864","ran864.hdr.52",-0.0012169
"864","ran864.hdr.53",0.000197900000000001
"864","ran864.hdr.54",-0.00005857
"864","ran864.hdr.55",-0.00035325
"864","ran864.hdr.56",-0.0004831
"864","ran864.hdr.57",-0.000366499999999999
"864","ran864.hdr.58",-0.00025195
"864","ran864.hdr.59",-0.00020368
"864","ran864.hdr.6",-0.0042194
"864","ran864.hdr.60",-0.0000330300000000016
"864","ran864.hdr.61",-0.0000692000000000002
"864","ran864.hdr.62",-0.0000438000000000001
"864","ran864.hdr.63",0.000449379999999999
"864","ran864.hdr.64",-0.0002284
"864","ran864.hdr.65",-0.00104738
"864","ran864.hdr.66",-0.0016226
"864","ran864.hdr.67",0.0000964
"864","ran864.hdr.68",0.000105600000000001
"864","ran864.hdr.69",-0.0015961
"864","ran864.hdr.7",-0.000154600000000001
"864","ran864.hdr.70",-0.00056939
"864","ran864.hdr.71",-0.0007501
"864","ran864.hdr.72",-0.0011679
"864","ran864.hdr.73",-0.000819
"864","ran864.hdr.74",-0.0002731
"864","ran864.hdr.75",-0.0053353
"864","ran864.hdr.76",-0.0014673
"864","ran864.hdr.77",-0.0014027
"864","ran864.hdr.78",-0.0011631
"864","ran864.hdr.8",-0.000032131
"864","ran864.hdr.9",-0.0008879
"865","ran865.hdr.1",-0.000366200000000001
"865","ran865.hdr.10",-0.000105399999999999
"865","ran865.hdr.11",-0.00033059
"865","ran865.hdr.12",-0.0004688
"865","ran865.hdr.13",-0.0004347
"865","ran865.hdr.14",-0.00061751
"865","ran865.hdr.15",-0.000864889999999999
"865","ran865.hdr.16",0.00000759999999999997
"865","ran865.hdr.17",-0.0013259
"865","ran865.hdr.18",-0.0012188
"865","ran865.hdr.19",0.00013967
"865","ran865.hdr.2",0.0001826
"865","ran865.hdr.20",-0.000646799999999999
"865","ran865.hdr.21",-0.0002506
"865","ran865.hdr.22",-0.0003254
"865","ran865.hdr.23",-0.0014492
"865","ran865.hdr.24",-0.0000960500000000003
"865","ran865.hdr.25",-0.00019286
"865","ran865.hdr.26",-0.000163968
"865","ran865.hdr.27",-0.00046126
"865","ran865.hdr.28",-0.000139490000000001
"865","ran865.hdr.29",-0.000310299999999999
"865","ran865.hdr.3",-0.0025737
"865","ran865.hdr.30",-0.01715588
"865","ran865.hdr.31",-0.000875799999999999
"865","ran865.hdr.32",0.000505200000000001
"865","ran865.hdr.33",-0.000359199999999999
"865","ran865.hdr.34",-0.0000660000000000001
"865","ran865.hdr.35",-0.000777200000000002
"865","ran865.hdr.36",-0.000327999999999998
"865","ran865.hdr.37",-0.000831499999999999
"865","ran865.hdr.38",-0.0005219
"865","ran865.hdr.39",-0.000804199999999998
"865","ran865.hdr.4",-0.0050893
"865","ran865.hdr.40",-0.00023078
"865","ran865.hdr.41",-0.000399060000000001
"865","ran865.hdr.42",-0.000125399999999999
"865","ran865.hdr.43",0.00004965
"865","ran865.hdr.44",-0.000452599999999999
"865","ran865.hdr.45",-0.0027946
"865","ran865.hdr.46",-0.000032588
"865","ran865.hdr.47",0.000012144
"865","ran865.hdr.48",-0.00057312
"865","ran865.hdr.49",-0.0045544
"865","ran865.hdr.5",-0.003072
"865","ran865.hdr.50",-0.00270844
"865","ran865.hdr.51",0.000195099999999998
"865","ran865.hdr.52",-0.0014392
"865","ran865.hdr.53",-0.0025824
"865","ran865.hdr.54",-0.000551949999999999
"865","ran865.hdr.55",-0.0000753999999999998
"865","ran865.hdr.56",-0.00045368
"865","ran865.hdr.57",-0.0005736
"865","ran865.hdr.58",0.00005185
"865","ran865.hdr.59",-0.00073559
"865","ran865.hdr.6",-0.0037449
"865","ran865.hdr.60",-0.0000914999999999996
"865","ran865.hdr.61",0.000165
"865","ran865.hdr.62",-0.000121599999999999
"865","ran865.hdr.63",-0.00039517
"865","ran865.hdr.64",-0.000737700000000001
"865","ran865.hdr.65",-0.0011067
"865","ran865.hdr.66",-0.0007712
"865","ran865.hdr.67",-0.0015961
"865","ran865.hdr.68",-0.0016152
"865","ran865.hdr.69",-0.000700800000000001
"865","ran865.hdr.7",-0.000537139999999999
"865","ran865.hdr.70",-0.00124621
"865","ran865.hdr.71",0.000301900000000001
"865","ran865.hdr.72",-0.0011974
"865","ran865.hdr.73",-0.0027169
"865","ran865.hdr.74",-0.0004913
"865","ran865.hdr.75",-0.0015886
"865","ran865.hdr.76",-0.0017455
"865","ran865.hdr.77",-0.000616800000000001
"865","ran865.hdr.78",-0.0018567
"865","ran865.hdr.8",-0.00013959
"865","ran865.hdr.9",-0.000197699999999999
"866","ran866.hdr.1",-0.0014785
"866","ran866.hdr.10",-0.000954400000000001
"866","ran866.hdr.11",-0.000118400000000001
"866","ran866.hdr.12",-0.0007302
"866","ran866.hdr.13",-0.0002951
"866","ran866.hdr.14",-0.0015418
"866","ran866.hdr.15",-0.0002506
"866","ran866.hdr.16",-0.00158129
"866","ran866.hdr.17",-0.000771500000000001
"866","ran866.hdr.18",0.00017578
"866","ran866.hdr.19",-0.0026503
"866","ran866.hdr.2",-0.0003459
"866","ran866.hdr.20",-0.0010804
"866","ran866.hdr.21",-0.0045505
"866","ran866.hdr.22",0.00037177
"866","ran866.hdr.23",-0.0000868339999999999
"866","ran866.hdr.24",-0.00130484
"866","ran866.hdr.25",-0.000213520000000001
"866","ran866.hdr.26",-0.00018809
"866","ran866.hdr.27",-0.000464099999999999
"866","ran866.hdr.28",-0.00060842
"866","ran866.hdr.29",-0.0012737
"866","ran866.hdr.3",-0.0012185
"866","ran866.hdr.30",-0.000735299999999998
"866","ran866.hdr.31",-0.000349499999999999
"866","ran866.hdr.32",-0.00046567
"866","ran866.hdr.33",0.0000366999999999989
"866","ran866.hdr.34",0.0000920999999999995
"866","ran866.hdr.35",-0.0005059
"866","ran866.hdr.36",-0.0007116
"866","ran866.hdr.37",-0.000390949999999999
"866","ran866.hdr.38",-0.0002167
"866","ran866.hdr.39",0.0000467000000000002
"866","ran866.hdr.4",-0.000849200000000001
"866","ran866.hdr.40",-0.0022477
"866","ran866.hdr.41",-0.00065478
"866","ran866.hdr.42",-0.000113099999999998
"866","ran866.hdr.43",-0.0002047
"866","ran866.hdr.44",-0.000163699999999999
"866","ran866.hdr.45",-0.000225599999999999
"866","ran866.hdr.46",0.0000833999999999991
"866","ran866.hdr.47",-0.00021661
"866","ran866.hdr.48",-0.0000673000000000028
"866","ran866.hdr.49",-0.000343609999999999
"866","ran866.hdr.5",0.0000146
"866","ran866.hdr.50",0.000195099999999998
"866","ran866.hdr.51",-0.0090738
"866","ran866.hdr.52",-0.0009668
"866","ran866.hdr.53",-0.00018672
"866","ran866.hdr.54",-0.000456100000000001
"866","ran866.hdr.55",0.00026023
"866","ran866.hdr.56",-0.000421599999999999
"866","ran866.hdr.57",-0.0000622399999999999
"866","ran866.hdr.58",-0.0000596800000000012
"866","ran866.hdr.59",-0.000141199999999999
"866","ran866.hdr.6",-0.0056785
"866","ran866.hdr.60",-0.0013104
"866","ran866.hdr.61",-0.0014755
"866","ran866.hdr.62",-0.0000189999999999999
"866","ran866.hdr.63",-0.0029365
"866","ran866.hdr.64",-0.000919
"866","ran866.hdr.65",-0.001507
"866","ran866.hdr.66",-0.000250410000000001
"866","ran866.hdr.67",-0.000692700000000001
"866","ran866.hdr.68",0.0000247000000000008
"866","ran866.hdr.69",-0.0004019
"866","ran866.hdr.7",-0.000537139999999999
"866","ran866.hdr.70",-0.00073928
"866","ran866.hdr.71",-0.000057999999999999
"866","ran866.hdr.72",-0.0013741
"866","ran866.hdr.73",-0.0013233
"866","ran866.hdr.74",-0.0007951
"866","ran866.hdr.75",-0.0016911
"866","ran866.hdr.76",-0.00118788
"866","ran866.hdr.77",-0.00089669
"866","ran866.hdr.78",-0.000908300000000001
"866","ran866.hdr.8",-0.00056426
"866","ran866.hdr.9",0.00000119999999999981
"867","ran867.hdr.1",-0.0011965
"867","ran867.hdr.10",-0.000309469999999999
"867","ran867.hdr.11",-0.0003795
"867","ran867.hdr.12",-0.0003821
"867","ran867.hdr.13",-0.0000232874
"867","ran867.hdr.14",-0.0000253000000000007
"867","ran867.hdr.15",-0.000237236
"867","ran867.hdr.16",-0.000808199999999999
"867","ran867.hdr.17",-0.000539240000000002
"867","ran867.hdr.18",-0.0001755
"867","ran867.hdr.19",-0.00062684
"867","ran867.hdr.2",-0.00009361
"867","ran867.hdr.20",0.000399360000000001
"867","ran867.hdr.21",-0.000274099999999999
"867","ran867.hdr.22",-0.000785500000000001
"867","ran867.hdr.23",-0.0005193
"867","ran867.hdr.24",-0.0008974
"867","ran867.hdr.25",-0.0008164
"867","ran867.hdr.26",-0.00030432
"867","ran867.hdr.27",-0.000919
"867","ran867.hdr.28",-0.0001083
"867","ran867.hdr.29",-0.000382199999999999
"867","ran867.hdr.3",0.000103000000000001
"867","ran867.hdr.30",-0.00012519
"867","ran867.hdr.31",-0.000243760000000001
"867","ran867.hdr.32",-0.01715588
"867","ran867.hdr.33",-0.0015516
"867","ran867.hdr.34",-0.000803359999999999
"867","ran867.hdr.35",-0.0009529
"867","ran867.hdr.36",-0.0012202
"867","ran867.hdr.37",0.000350000000000001
"867","ran867.hdr.38",-0.00016097
"867","ran867.hdr.39",-0.001126
"867","ran867.hdr.4",-0.000226799999999999
"867","ran867.hdr.40",-0.000327900000000001
"867","ran867.hdr.41",-0.0010275
"867","ran867.hdr.42",0.0002466
"867","ran867.hdr.43",-0.001261
"867","ran867.hdr.44",-0.000737000000000002
"867","ran867.hdr.45",-0.000710199999999999
"867","ran867.hdr.46",-0.0017191
"867","ran867.hdr.47",-0.00539226
"867","ran867.hdr.48",-0.000691199999999999
"867","ran867.hdr.49",-0.0000128000000000003
"867","ran867.hdr.5",0.0000445999999999988
"867","ran867.hdr.50",-0.00328849
"867","ran867.hdr.51",-0.0025824
"867","ran867.hdr.52",-0.00045368
"867","ran867.hdr.53",0.000218600000000001
"867","ran867.hdr.54",0.00026036
"867","ran867.hdr.55",-0.000164299999999999
"867","ran867.hdr.59",-0.0001829
"867","ran867.hdr.6",-0.00030613
"867","ran867.hdr.60",-0.000162300000000001
"867","ran867.hdr.61",-0.000967699999999998
"867","ran867.hdr.62",-0.00038507
"867","ran867.hdr.63",-0.0041063
"867","ran867.hdr.64",0.00011186
"867","ran867.hdr.65",-0.0038969
"867","ran867.hdr.66",-0.00274956
"867","ran867.hdr.67",-0.0021686
"867","ran867.hdr.68",-0.000681889999999999
"867","ran867.hdr.69",-0.001084
"867","ran867.hdr.7",NA
"867","ran867.hdr.70",-0.000157000000000001
"867","ran867.hdr.71",-0.000112899999999999
"867","ran867.hdr.72",-0.0007215
"867","ran867.hdr.73",-0.0023429
"867","ran867.hdr.74",-0.0000461999999999997
"867","ran867.hdr.75",-0.000579
"867","ran867.hdr.76",-0.0020758
"867","ran867.hdr.77",-0.0032753
"867","ran867.hdr.78",-0.0018985
"867","ran867.hdr.8",0.0000578000000000002
"867","ran867.hdr.9",0.000234499999999999
"868","ran868.hdr.1",-0.0002678
"868","ran868.hdr.10",-0.00032649
"868","ran868.hdr.11",-0.000223299999999999
"868","ran868.hdr.12",-0.000309469999999999
"868","ran868.hdr.13",-0.000405638
"868","ran868.hdr.14",-0.000393299999999999
"868","ran868.hdr.15",0.00000845800000000001
"868","ran868.hdr.16",-0.000419360000000001
"868","ran868.hdr.17",-0.000414400000000001
"868","ran868.hdr.18",-0.00029445
"868","ran868.hdr.19",-0.000216849999999999
"868","ran868.hdr.2",-0.0015948
"868","ran868.hdr.20",-0.0004347
"868","ran868.hdr.21",0.000247599999999997
"868","ran868.hdr.22",0.0001478
"868","ran868.hdr.23",-0.000291369999999999
"868","ran868.hdr.24",-0.0039813
"868","ran868.hdr.25",-0.000108899999999999
"868","ran868.hdr.26",-0.000266500000000001
"868","ran868.hdr.27",-0.000562900000000002
"868","ran868.hdr.28",0.0001549743
"868","ran868.hdr.29",-0.000468900000000001
"868","ran868.hdr.3",0.0000684092
"868","ran868.hdr.30",-0.000135159999999999
"868","ran868.hdr.31",-0.00180704
"868","ran868.hdr.32",0.000159400000000001
"868","ran868.hdr.33",-0.0004562
"868","ran868.hdr.34",-0.000349499999999999
"868","ran868.hdr.35",-0.0004031
"868","ran868.hdr.36",-0.000768999999999999
"868","ran868.hdr.37",-0.00015401
"868","ran868.hdr.38",-0.000505799999999999
"868","ran868.hdr.39",-0.0011
"868","ran868.hdr.4",0.0005275
"868","ran868.hdr.40",0.0000144999999999989
"868","ran868.hdr.41",0.0000540300000000001
"868","ran868.hdr.42",-0.0030178
"868","ran868.hdr.43",0.0000631999999999994
"868","ran868.hdr.44",-0.00065478
"868","ran868.hdr.45",-0.000569999999999999
"868","ran868.hdr.46",-0.0011914
"868","ran868.hdr.47",-0.0082206
"868","ran868.hdr.48",-0.0010009
"868","ran868.hdr.49",0.0000899300000000002
"868","ran868.hdr.5",-0.000233200000000003
"868","ran868.hdr.50",0.0000832000000000003
"868","ran868.hdr.51",-0.00016259
"868","ran868.hdr.52",-0.000691199999999999
"868","ran868.hdr.53",-0.0003459
"868","ran868.hdr.54",-0.0023048
"868","ran868.hdr.55",-0.000518399999999999
"868","ran868.hdr.56",-0.00022498
"868","ran868.hdr.57",-0.00328849
"868","ran868.hdr.58",-0.000814100000000002
"868","ran868.hdr.59",-0.00038213
"868","ran868.hdr.6",-0.0046226
"868","ran868.hdr.60",-0.0010723
"868","ran868.hdr.63",-0.000492100000000002
"868","ran868.hdr.64",-0.000141199999999999
"868","ran868.hdr.65",-0.00012652
"868","ran868.hdr.66",-0.000602269999999999
"868","ran868.hdr.67",-0.000102700000000001
"868","ran868.hdr.68",-0.0003572
"868","ran868.hdr.69",NA
"868","ran868.hdr.7",-0.0017379
"868","ran868.hdr.70",-0.000328449999999999
"868","ran868.hdr.71",-0.0005982
"868","ran868.hdr.72",-0.000692700000000001
"868","ran868.hdr.73",-0.0007443
"868","ran868.hdr.74",-0.0037745
"868","ran868.hdr.75",-0.0015308
"868","ran868.hdr.76",-0.000333699999999999
"868","ran868.hdr.77",-0.0032639
"868","ran868.hdr.78",-0.000153100000000003
"868","ran868.hdr.8",-0.0033092
"868","ran868.hdr.9",-0.00168994
"869","ran869.hdr.1",-0.0002161
"869","ran869.hdr.10",-0.000341999999999999
"869","ran869.hdr.11",0.0002006
"869","ran869.hdr.12",-0.0008879
"869","ran869.hdr.13",-0.000721199999999998
"869","ran869.hdr.14",0.00035726
"869","ran869.hdr.15",-0.000207199999999999
"869","ran869.hdr.16",-0.0006719
"869","ran869.hdr.17",-0.0003397
"869","ran869.hdr.18",-0.000799000000000001
"869","ran869.hdr.19",-0.001482
"869","ran869.hdr.2",-0.00021007
"869","ran869.hdr.20",-0.00049628
"869","ran869.hdr.21",-0.000140599999999999
"869","ran869.hdr.22",-0.0000348000000000015
"869","ran869.hdr.23",-0.0000569000000000021
"869","ran869.hdr.24",-0.000796499999999999
"869","ran869.hdr.25",0.00018949
"869","ran869.hdr.26",-0.0016027
"869","ran869.hdr.27",0.000161690000000001
"869","ran869.hdr.29",-0.00013827
"869","ran869.hdr.3",-0.00131489
"869","ran869.hdr.30",-0.00000733999999999978
"869","ran869.hdr.31",-0.0008652
"869","ran869.hdr.32",-0.0035614
"869","ran869.hdr.33",-0.0006427
"869","ran869.hdr.34",-0.00000899999999999859
"869","ran869.hdr.35",0.000049999999999998
"869","ran869.hdr.36",-0.00028523
"869","ran869.hdr.37",-0.000505799999999999
"869","ran869.hdr.38",0.000377029999999999
"869","ran869.hdr.39",-0.0015247
"869","ran869.hdr.4",0.0005158
"869","ran869.hdr.40",-0.0010202
"869","ran869.hdr.41",-0.001747
"869","ran869.hdr.42",-0.000026974
"869","ran869.hdr.43",-0.000436799999999998
"869","ran869.hdr.44",-0.000207299999999999
"869","ran869.hdr.45",-0.000713800000000001
"869","ran869.hdr.46",-0.000231500000000003
"869","ran869.hdr.47",-0.0070655
"869","ran869.hdr.48",0.0000959300000000001
"869","ran869.hdr.49",-0.0035095
"869","ran869.hdr.5",-0.0032143
"869","ran869.hdr.50",-0.000248099999999999
"869","ran869.hdr.51",0.000286400000000001
"869","ran869.hdr.52",-0.0004577
"869","ran869.hdr.53",-0.000227100000000001
"869","ran869.hdr.56",-0.0007711
"869","ran869.hdr.57",0.000155600000000001
"869","ran869.hdr.58",-0.000602269999999999
"869","ran869.hdr.59",-0.0007279
"869","ran869.hdr.6",-0.00000823000000000056
"869","ran869.hdr.60",-0.0004244
"869","ran869.hdr.61",-0.0015428
"869","ran869.hdr.62",-0.0002054
"869","ran869.hdr.63",-0.0013776
"869","ran869.hdr.64",-0.000420900000000002
"869","ran869.hdr.65",-0.0003709
"869","ran869.hdr.66",-0.0016152
"869","ran869.hdr.67",-0.000331100000000001
"869","ran869.hdr.68",-0.000550200000000001
"869","ran869.hdr.69",-0.000819
"869","ran869.hdr.7",-0.000511400000000002
"869","ran869.hdr.70",-0.0004873
"869","ran869.hdr.71",-0.00073928
"869","ran869.hdr.72",-0.0018724
"869","ran869.hdr.73",-0.0011354
"869","ran869.hdr.74",-0.0014231
"869","ran869.hdr.75",-0.00050556
"869","ran869.hdr.76",-0.000792599999999999
"869","ran869.hdr.77",-0.0016399
"869","ran869.hdr.78",-0.000802599999999999
"869","ran869.hdr.8",-0.00259746
"869","ran869.hdr.9",-0.0005444
"870","ran870.hdr.1",-0.000282899999999999
"870","ran870.hdr.10",-0.00129969
"870","ran870.hdr.11",-0.0013508
"870","ran870.hdr.12",0.00040035
"870","ran870.hdr.13",0.0000338600000000001
"870","ran870.hdr.14",-0.0017649
"870","ran870.hdr.15",-0.00025741
"870","ran870.hdr.16",-0.000111799999999999
"870","ran870.hdr.17",0.0000345999999999992
"870","ran870.hdr.18",-0.000769800000000001
"870","ran870.hdr.19",0.00000329999999999948
"870","ran870.hdr.2",-0.0011071
"870","ran870.hdr.20",0.000207000000000001
"870","ran870.hdr.21",-0.00010883
"870","ran870.hdr.22",0.000226199999999999
"870","ran870.hdr.23",-0.000390400000000001
"870","ran870.hdr.24",-0.00022216
"870","ran870.hdr.25",-0.0002773
"870","ran870.hdr.26",-0.00055601
"870","ran870.hdr.27",-0.00021843
"870","ran870.hdr.28",-0.00035699
"870","ran870.hdr.29",-0.0006023
"870","ran870.hdr.3",-0.0035328
"870","ran870.hdr.30",-0.0031592
"870","ran870.hdr.31",-0.0013637
"870","ran870.hdr.32",-0.0001828
"870","ran870.hdr.33",0.0000946999999999996
"870","ran870.hdr.34",0.000124560000000001
"870","ran870.hdr.35",-0.000788499999999999
"870","ran870.hdr.36",0.00004965
"870","ran870.hdr.37",-0.0012299
"870","ran870.hdr.38",-0.0023172
"870","ran870.hdr.39",0.0000583000000000007
"870","ran870.hdr.4",-0.000154600000000001
"870","ran870.hdr.40",-0.000298000000000001
"870","ran870.hdr.41",-0.0011833
"870","ran870.hdr.42",0.000441799999999999
"870","ran870.hdr.43",0.0001598
"870","ran870.hdr.44",0.000295299999999998
"870","ran870.hdr.45",-0.0022371
"870","ran870.hdr.46",-0.000408800000000001
"870","ran870.hdr.47",-0.0015836
"870","ran870.hdr.48",0.000258599999999999
"870","ran870.hdr.49",0.00025886
"870","ran870.hdr.5",0.00011312
"870","ran870.hdr.50",0.0000306500000000001
"870","ran870.hdr.51",-0.00031891
"870","ran870.hdr.52",-0.000510450000000001
"870","ran870.hdr.53",-0.000569500000000001
"870","ran870.hdr.54",0.000058589999999999
"870","ran870.hdr.55",0.00000257936
"870","ran870.hdr.56",-0.000118309
"870","ran870.hdr.57",-0.0000174000000000007
"870","ran870.hdr.58",0.000212799999999999
"870","ran870.hdr.59",-0.000658
"870","ran870.hdr.6",-0.0000149
"870","ran870.hdr.60",-0.000102700000000001
"870","ran870.hdr.61",0.000502859999999999
"870","ran870.hdr.62",-0.001222
"870","ran870.hdr.63",-0.0180869
"870","ran870.hdr.64",0.0000107000000000006
"870","ran870.hdr.65",0.000546449999999999
"870","ran870.hdr.66",-0.0000438000000000001
"870","ran870.hdr.67",-0.0003359
"870","ran870.hdr.68",-0.000190900000000001
"870","ran870.hdr.69",-0.000464340000000001
"870","ran870.hdr.7",NA
"870","ran870.hdr.70",-0.000581100000000001
"870","ran870.hdr.71",-0.0015557
"870","ran870.hdr.72",NA
"870","ran870.hdr.73",-0.000276200000000001
"870","ran870.hdr.74",-0.001624
"870","ran870.hdr.75",-0.0018724
"870","ran870.hdr.76",-0.000058299999999999
"870","ran870.hdr.77",-0.0013233
"870","ran870.hdr.78",-0.0064447
"870","ran870.hdr.8",-0.000507199999999999
"870","ran870.hdr.9",-0.0000901399999999998
"871","ran871.hdr.1",-0.000326900000000001
"871","ran871.hdr.10",-0.000301300000000001
"871","ran871.hdr.11",-0.00021846
"871","ran871.hdr.12",0.000140100000000001
"871","ran871.hdr.13",-0.0000253000000000007
"871","ran871.hdr.14",-0.000413510000000001
"871","ran871.hdr.15",-0.0005968
"871","ran871.hdr.16",-0.0012923
"871","ran871.hdr.17",-0.0004314
"871","ran871.hdr.18",-0.000220930000000001
"871","ran871.hdr.19",0.000152999999999999
"871","ran871.hdr.2",0.000177399999999999
"871","ran871.hdr.20",-0.000727600000000002
"871","ran871.hdr.21",-0.0035352
"871","ran871.hdr.22",-0.0007279
"871","ran871.hdr.23",-0.0010736
"871","ran871.hdr.24",-0.0017045
"871","ran871.hdr.25",-0.0013895
"871","ran871.hdr.26",-0.0000755599999999997
"871","ran871.hdr.27",-0.0001654
"871","ran871.hdr.28",-0.00019286
"871","ran871.hdr.29",-0.000347699999999999
"871","ran871.hdr.3",-0.0011965
"871","ran871.hdr.30",-0.0000333999999999994
"871","ran871.hdr.31",-0.00042055
"871","ran871.hdr.32",-0.0010093
"871","ran871.hdr.33",-0.0000245000000000002
"871","ran871.hdr.34",-0.0002611
"871","ran871.hdr.35",-0.000365000000000001
"871","ran871.hdr.36",-0.0011115
"871","ran871.hdr.37",-0.000620599999999999
"871","ran871.hdr.38",-0.0014594
"871","ran871.hdr.39",-0.0009972
"871","ran871.hdr.4",-0.0025708
"871","ran871.hdr.40",0.000262999999999999
"871","ran871.hdr.41",-0.0015782
"871","ran871.hdr.42",-0.000499899999999998
"871","ran871.hdr.43",-0.000569200000000002
"871","ran871.hdr.44",0.000377580000000001
"871","ran871.hdr.45",-0.02102894
"871","ran871.hdr.46",-0.000026974
"871","ran871.hdr.47",-0.000334300000000001
"871","ran871.hdr.48",-0.00021607
"871","ran871.hdr.49",-0.0005042
"871","ran871.hdr.5",-0.000430400000000001
"871","ran871.hdr.50",-0.0001172
"871","ran871.hdr.51",-0.0021164
"871","ran871.hdr.52",-0.000697900000000001
"871","ran871.hdr.53",-0.000121199999999999
"871","ran871.hdr.55",-0.00011027
"871","ran871.hdr.56",-0.000595
"871","ran871.hdr.57",0.0000782999999999999
"871","ran871.hdr.58",0.000477
"871","ran871.hdr.59",-0.0025664
"871","ran871.hdr.6",0.00015914
"871","ran871.hdr.60",-0.000889800000000001
"871","ran871.hdr.61",0.000066034
"871","ran871.hdr.62",-0.0004131
"871","ran871.hdr.63",-0.0013204
"871","ran871.hdr.64",-0.0005187
"871","ran871.hdr.65",-0.00203165
"871","ran871.hdr.66",-0.000964700000000002
"871","ran871.hdr.67",-0.000228699999999998
"871","ran871.hdr.68",-0.0001492
"871","ran871.hdr.69",-0.0004414
"871","ran871.hdr.7",0.00000997999999999971
"871","ran871.hdr.70",-0.0000835999999999996
"871","ran871.hdr.71",0.000525899999999999
"871","ran871.hdr.72",-0.0002126
"871","ran871.hdr.73",-0.0012827
"871","ran871.hdr.74",-0.0022821
"871","ran871.hdr.75",-0.000578
"871","ran871.hdr.76",-0.000692410000000001
"871","ran871.hdr.77",-0.0013721
"871","ran871.hdr.78",-0.0010028
"871","ran871.hdr.8",-0.00039892
"871","ran871.hdr.9",-0.00040897
"872","ran872.hdr.1",-0.000175400000000001
"872","ran872.hdr.10",-0.000145270000000001
"872","ran872.hdr.11",-0.0004419
"872","ran872.hdr.12",-0.0000787700000000001
"872","ran872.hdr.13",-0.00021777
"872","ran872.hdr.14",-0.0006642
"872","ran872.hdr.15",-0.001099
"872","ran872.hdr.16",-0.0004828
"872","ran872.hdr.17",-0.000376899999999999
"872","ran872.hdr.18",0.0000449828
"872","ran872.hdr.19",0.00000960000000000023
"872","ran872.hdr.2",-0.00021007
"872","ran872.hdr.20",-0.0007302
"872","ran872.hdr.21",-0.000473100000000001
"872","ran872.hdr.22",-0.000136260000000001
"872","ran872.hdr.23",-0.000397499999999999
"872","ran872.hdr.24",-0.0021765
"872","ran872.hdr.25",-0.000288400000000001
"872","ran872.hdr.26",-0.0025867
"872","ran872.hdr.27",-0.000825099999999999
"872","ran872.hdr.28",-0.000311800000000001
"872","ran872.hdr.29",-0.00001505
"872","ran872.hdr.3",-0.0000216000000000001
"872","ran872.hdr.30",0.0002039
"872","ran872.hdr.31",-0.000376700000000001
"872","ran872.hdr.32",-0.000507499999999999
"872","ran872.hdr.33",-0.0003079
"872","ran872.hdr.34",-0.000662100000000001
"872","ran872.hdr.35",-0.0000624000000000006
"872","ran872.hdr.36",-0.0029557
"872","ran872.hdr.37",-0.000487100000000001
"872","ran872.hdr.38",-0.00027737
"872","ran872.hdr.39",-0.0007461
"872","ran872.hdr.4",-0.0001332
"872","ran872.hdr.40",-0.0011052
"872","ran872.hdr.41",-0.000617899999999998
"872","ran872.hdr.42",-0.0002132
"872","ran872.hdr.43",-0.000291899999999999
"872","ran872.hdr.44",-0.0015782
"872","ran872.hdr.45",-0.0007551
"872","ran872.hdr.46",-0.0011887
"872","ran872.hdr.47",-0.0022656
"872","ran872.hdr.48",-0.000313399999999998
"872","ran872.hdr.49",0.000156099999999999
"872","ran872.hdr.5",-0.000621999999999998
"872","ran872.hdr.50",0.000027885
"872","ran872.hdr.51",0.0003969
"872","ran872.hdr.52",-0.000945399999999999
"872","ran872.hdr.53",0.00019544
"872","ran872.hdr.54",0.00029457
"872","ran872.hdr.55",-0.000268079999999999
"872","ran872.hdr.57",-0.0005941
"872","ran872.hdr.58",-0.0005766
"872","ran872.hdr.59",-0.000163
"872","ran872.hdr.6",-0.0023043
"872","ran872.hdr.60",-0.000262800000000001
"872","ran872.hdr.61",-0.0020934
"872","ran872.hdr.62",-0.0041063
"872","ran872.hdr.63",-0.00019203
"872","ran872.hdr.64",-0.00039282
"872","ran872.hdr.65",-0.0000853
"872","ran872.hdr.66",-0.000103800000000001
"872","ran872.hdr.67",-0.0005761
"872","ran872.hdr.68",-0.0010327
"872","ran872.hdr.69",-0.0000374500000000014
"872","ran872.hdr.7",-0.0027813
"872","ran872.hdr.70",0.0000351999999999991
"872","ran872.hdr.71",-0.0016208
"872","ran872.hdr.72",-0.0005562
"872","ran872.hdr.73",-0.001957
"872","ran872.hdr.74",-0.00021431
"872","ran872.hdr.75",-0.000955899999999999
"872","ran872.hdr.76",0.00002271
"872","ran872.hdr.77",-0.000578
"872","ran872.hdr.78",-0.000365799999999999
"872","ran872.hdr.8",0.000856199999999998
"872","ran872.hdr.9",-0.0052003
"873","ran873.hdr.1",-0.0000370000000000006
"873","ran873.hdr.10",-0.000250199999999999
"873","ran873.hdr.11",-0.000341899999999999
"873","ran873.hdr.12",0.000321200000000001
"873","ran873.hdr.13",0.00033826
"873","ran873.hdr.14",-0.000212299999999999
"873","ran873.hdr.15",-0.000228750000000001
"873","ran873.hdr.16",-0.0025625
"873","ran873.hdr.17",-0.000682600000000002
"873","ran873.hdr.18",-0.00012475
"873","ran873.hdr.19",-0.000846999999999997
"873","ran873.hdr.2",-0.005219
"873","ran873.hdr.20",-0.000256040000000001
"873","ran873.hdr.21",-0.0007817
"873","ran873.hdr.22",-0.0010804
"873","ran873.hdr.23",0.000162000000000001
"873","ran873.hdr.24",-0.0006806
"873","ran873.hdr.25",-0.0007861
"873","ran873.hdr.26",-0.00022216
"873","ran873.hdr.27",-0.00026315
"873","ran873.hdr.28",-0.000450470000000001
"873","ran873.hdr.29",-0.0051598
"873","ran873.hdr.3",-0.0003186
"873","ran873.hdr.30",-0.000171499999999998
"873","ran873.hdr.31",0.0000702000000000012
"873","ran873.hdr.32",-0.0023487
"873","ran873.hdr.33",-0.0001826
"873","ran873.hdr.34",-0.00012828
"873","ran873.hdr.35",0.000223930000000001
"873","ran873.hdr.36",-0.0006558
"873","ran873.hdr.37",-0.000041641
"873","ran873.hdr.38",-0.0006228
"873","ran873.hdr.39",-0.00048092
"873","ran873.hdr.4",-0.0015953
"873","ran873.hdr.40",-0.0008214
"873","ran873.hdr.41",0.000100250000000001
"873","ran873.hdr.42",-0.000522599999999998
"873","ran873.hdr.43",0.000217800000000001
"873","ran873.hdr.44",-0.0016134
"873","ran873.hdr.45",-0.000360099999999999
"873","ran873.hdr.46",-0.00011267
"873","ran873.hdr.47",-0.0000382000000000021
"873","ran873.hdr.48",-0.0012169
"873","ran873.hdr.49",-0.0000250599999999999
"873","ran873.hdr.5",-0.0003795
"873","ran873.hdr.50",-0.000248099999999999
"873","ran873.hdr.51",-0.0000283000000000002
"873","ran873.hdr.52",-0.000381660000000001
"873","ran873.hdr.53",-0.00047522
"873","ran873.hdr.54",0.0000292299999999999
"873","ran873.hdr.55",-0.0007846
"873","ran873.hdr.56",-0.000157900000000002
"873","ran873.hdr.57",0.000366500000000001
"873","ran873.hdr.58",-0.0001002
"873","ran873.hdr.59",-0.0011457
"873","ran873.hdr.6",-0.000393299999999999
"873","ran873.hdr.60",-0.0002284
"873","ran873.hdr.61",-0.0029365
"873","ran873.hdr.62",-0.0017715
"873","ran873.hdr.63",-0.000190900000000001
"873","ran873.hdr.64",-0.0011892
"873","ran873.hdr.65",-0.0016847
"873","ran873.hdr.66",-0.00056939
"873","ran873.hdr.67",-0.000834999999999999
"873","ran873.hdr.68",-0.0015557
"873","ran873.hdr.69",-0.004404
"873","ran873.hdr.7",0.00000281999999999887
"873","ran873.hdr.70",0.0001677
"873","ran873.hdr.71",-0.0015712
"873","ran873.hdr.72",-0.0003088
"873","ran873.hdr.73",0.000352109999999999
"873","ran873.hdr.74",-0.00020918
"873","ran873.hdr.75",-0.000481099999999998
"873","ran873.hdr.76",-0.0011457
"873","ran873.hdr.77",-0.0020513
"873","ran873.hdr.78",-0.000821260000000001
"873","ran873.hdr.8",-0.000237236
"873","ran873.hdr.9",-0.0000844999999999995
"874","ran874.hdr.1",-0.00100715
"874","ran874.hdr.10",-0.000301300000000001
"874","ran874.hdr.11",-0.0015953
"874","ran874.hdr.12",-0.00036387
"874","ran874.hdr.13",-0.00038213
"874","ran874.hdr.14",-0.000721199999999998
"874","ran874.hdr.15",-0.0000582479999999999
"874","ran874.hdr.16",-0.000416400000000001
"874","ran874.hdr.17",-0.0017649
"874","ran874.hdr.18",-0.000919
"874","ran874.hdr.19",-0.000187900000000001
"874","ran874.hdr.2",-0.000115250000000001
"874","ran874.hdr.20",-0.000111799999999999
"874","ran874.hdr.21",-0.0010694
"874","ran874.hdr.22",-0.00035428
"874","ran874.hdr.23",-0.000438299999999999
"874","ran874.hdr.24",-0.0084394
"874","ran874.hdr.25",-0.0000739799999999995
"874","ran874.hdr.26",-0.00019286
"874","ran874.hdr.27",0.00019389
"874","ran874.hdr.28",0.0000111
"874","ran874.hdr.29",0.000624980000000001
"874","ran874.hdr.3",0.000177399999999999
"874","ran874.hdr.30",-0.000376700000000001
"874","ran874.hdr.31",0.0000187099999999999
"874","ran874.hdr.32",-0.00032424
"874","ran874.hdr.33",-0.00069205
"874","ran874.hdr.34",-0.002134
"874","ran874.hdr.35",-0.0107692
"874","ran874.hdr.36",-0.000823900000000002
"874","ran874.hdr.37",-0.0013637
"874","ran874.hdr.38",-0.0024831
"874","ran874.hdr.39",-0.000803359999999999
"874","ran874.hdr.4",-0.00009361
"874","ran874.hdr.40",0.0006589
"874","ran874.hdr.41",-0.000478900000000001
"874","ran874.hdr.42",-0.0000862999999999975
"874","ran874.hdr.43",-0.000975
"874","ran874.hdr.44",-0.0010275
"874","ran874.hdr.45",-0.0022371
"874","ran874.hdr.46",-0.0011173
"874","ran874.hdr.47",-0.0046059
"874","ran874.hdr.48",-0.000602399999999999
"874","ran874.hdr.49",-0.0000753999999999998
"874","ran874.hdr.5",-0.000233200000000003
"874","ran874.hdr.50",-0.0000765000000000002
"874","ran874.hdr.54",0.00015007
"874","ran874.hdr.55",-0.0010508
"874","ran874.hdr.56",-0.000544600000000003
"874","ran874.hdr.57",-0.01280889
"874","ran874.hdr.58",-0.0093999
"874","ran874.hdr.59",-0.0003783
"874","ran874.hdr.6",-0.002287
"874","ran874.hdr.60",-0.0010749
"874","ran874.hdr.61",0.0001323
"874","ran874.hdr.62",-0.0004568
"874","ran874.hdr.63",-0.0011581
"874","ran874.hdr.64",-0.000256870000000001
"874","ran874.hdr.65",-0.0000376999999999999
"874","ran874.hdr.66",-0.000674876
"874","ran874.hdr.67",-0.0005082
"874","ran874.hdr.68",-0.000093939999999999
"874","ran874.hdr.69",-0.0037906
"874","ran874.hdr.7",-0.0109775
"874","ran874.hdr.70",-0.0007215
"874","ran874.hdr.71",-0.0012556
"874","ran874.hdr.72",-0.000276200000000001
"874","ran874.hdr.73",-0.000825300000000001
"874","ran874.hdr.74",-0.0014426
"874","ran874.hdr.75",-0.0008628
"874","ran874.hdr.76",-0.0012143
"874","ran874.hdr.77",-0.0016978
"874","ran874.hdr.78",-0.000776900000000001
"874","ran874.hdr.8",-0.000537139999999999
"874","ran874.hdr.9",-0.000461899999999998
"875","ran875.hdr.1",-0.0000914000000000002
"875","ran875.hdr.10",-0.000417799999999999
"875","ran875.hdr.11",-0.000217070000000001
"875","ran875.hdr.12",-0.0011143
"875","ran875.hdr.13",-0.0000885999999999977
"875","ran875.hdr.14",-0.00036797
"875","ran875.hdr.15",-0.0012923
"875","ran875.hdr.16",-0.000911199999999997
"875","ran875.hdr.17",-0.000268300000000001
"875","ran875.hdr.18",-0.0001083
"875","ran875.hdr.19",-0.000581499999999999
"875","ran875.hdr.2",-0.000160799999999999
"875","ran875.hdr.20",-0.0015342
"875","ran875.hdr.21",-0.000556399999999999
"875","ran875.hdr.22",-0.0004899
"875","ran875.hdr.23",-0.000174299999999999
"875","ran875.hdr.24",-0.0006806
"875","ran875.hdr.25",-0.000327499999999998
"875","ran875.hdr.26",-0.000383960000000001
"875","ran875.hdr.27",-0.00020409
"875","ran875.hdr.28",0.000857700000000003
"875","ran875.hdr.29",-0.0006427
"875","ran875.hdr.3",-0.00227271
"875","ran875.hdr.30",-0.000480399999999999
"875","ran875.hdr.31",-0.000831499999999999
"875","ran875.hdr.32",-0.00256592
"875","ran875.hdr.33",-0.000507200000000003
"875","ran875.hdr.34",-0.00034168
"875","ran875.hdr.35",-0.0015552
"875","ran875.hdr.36",-0.0012186
"875","ran875.hdr.37",-0.002021
"875","ran875.hdr.38",-0.0023505
"875","ran875.hdr.39",-0.0011277
"875","ran875.hdr.4",-0.00044229
"875","ran875.hdr.40",-0.000442000000000001
"875","ran875.hdr.41",-0.0001434
"875","ran875.hdr.42",-0.0010616
"875","ran875.hdr.43",-0.0013738
"875","ran875.hdr.44",-0.0016596
"875","ran875.hdr.45",-0.000023311
"875","ran875.hdr.46",-0.0002693
"875","ran875.hdr.47",-0.0000505999999999996
"875","ran875.hdr.48",-0.000294639999999999
"875","ran875.hdr.49",0.0000792999999999992
"875","ran875.hdr.5",-0.00062661
"875","ran875.hdr.50",-0.0046402
"875","ran875.hdr.51",-0.0000781000000000011
"875","ran875.hdr.52",-0.0009494
"875","ran875.hdr.53",-0.0006619
"875","ran875.hdr.54",0.0003412
"875","ran875.hdr.55",-0.000248099999999999
"875","ran875.hdr.57",-0.0000914999999999996
"875","ran875.hdr.58",-0.0001286
"875","ran875.hdr.59",-0.000728099999999999
"875","ran875.hdr.6",-0.000315299999999999
"875","ran875.hdr.60",0.0000943000000000003
"875","ran875.hdr.61",-0.0000438000000000001
"875","ran875.hdr.62",0.0002232
"875","ran875.hdr.63",-0.0000517999999999977
"875","ran875.hdr.64",-0.0000573999999999991
"875","ran875.hdr.65",-0.001084
"875","ran875.hdr.66",-0.0068051
"875","ran875.hdr.67",-0.0096339
"875","ran875.hdr.68",-0.0043812
"875","ran875.hdr.69",-0.0013312
"875","ran875.hdr.7",-0.000121099999999999
"875","ran875.hdr.70",0.000543759999999999
"875","ran875.hdr.71",-0.000420299999999998
"875","ran875.hdr.72",-0.000104799999999999
"875","ran875.hdr.73",-0.000579
"875","ran875.hdr.74",-0.000871399999999998
"875","ran875.hdr.75",-0.00031406
"875","ran875.hdr.76",-0.000297700000000001
"875","ran875.hdr.77",-0.0030263
"875","ran875.hdr.78",0.000000790000000000513
"875","ran875.hdr.8",-0.00013863
"875","ran875.hdr.9",-0.0000870999999999997
"876","ran876.hdr.1",-0.0003178
"876","ran876.hdr.10",-0.000414400000000001
"876","ran876.hdr.11",-0.00017451
"876","ran876.hdr.12",-0.00038553
"876","ran876.hdr.13",-0.00013877
"876","ran876.hdr.14",-0.0003143
"876","ran876.hdr.15",-0.0000885999999999977
"876","ran876.hdr.16",-0.000779799999999999
"876","ran876.hdr.17",-0.0002947
"876","ran876.hdr.18",-0.00041587
"876","ran876.hdr.19",-0.00020244
"876","ran876.hdr.2",-0.0001598
"876","ran876.hdr.20",-0.000841600000000001
"876","ran876.hdr.21",-0.0016952
"876","ran876.hdr.22",-0.000533099999999998
"876","ran876.hdr.23",-0.000611500000000001
"876","ran876.hdr.24",-0.000136579999999999
"876","ran876.hdr.25",-0.000796499999999999
"876","ran876.hdr.26",-0.0000960500000000003
"876","ran876.hdr.27",-0.002999
"876","ran876.hdr.28",-0.0006806
"876","ran876.hdr.29",NA
"876","ran876.hdr.3",-0.000171609999999999
"876","ran876.hdr.30",-0.000468900000000001
"876","ran876.hdr.31",-0.00175568
"876","ran876.hdr.32",-0.00016025
"876","ran876.hdr.33",0.00011464
"876","ran876.hdr.34",0.0000201899999999998
"876","ran876.hdr.35",0.000217499999999999
"876","ran876.hdr.36",-0.000266000000000002
"876","ran876.hdr.37",-0.000942499999999999
"876","ran876.hdr.38",0.0000149199999999999
"876","ran876.hdr.39",-0.000392199999999999
"876","ran876.hdr.4",-0.0066937
"876","ran876.hdr.40",-0.0005929
"876","ran876.hdr.41",-0.000917999999999999
"876","ran876.hdr.42",-0.0000114000000000017
"876","ran876.hdr.43",0.000197900000000001
"876","ran876.hdr.44",-0.000250100000000001
"876","ran876.hdr.45",-0.001384
"876","ran876.hdr.46",-0.000510450000000001
"876","ran876.hdr.47",0.0000281999999999999
"876","ran876.hdr.48",-0.0011044
"876","ran876.hdr.49",0.00026023
"876","ran876.hdr.5",-0.0035328
"876","ran876.hdr.50",0.00008457
"876","ran876.hdr.51",-0.0010508
"876","ran876.hdr.52",-0.000849699999999998
"876","ran876.hdr.53",-0.0010605
"876","ran876.hdr.54",-0.000907400000000001
"876","ran876.hdr.55",-0.0007712
"876","ran876.hdr.56",0.0001554
"876","ran876.hdr.57",-0.000190900000000001
"876","ran876.hdr.58",0.000228300000000001
"876","ran876.hdr.59",-0.00040548
"876","ran876.hdr.6",-0.0004966
"876","ran876.hdr.60",-0.000323500000000001
"876","ran876.hdr.61",-0.000854299999999999
"876","ran876.hdr.62",-0.0024046
"876","ran876.hdr.63",-0.0014372
"876","ran876.hdr.64",-0.0013297
"876","ran876.hdr.65",0.000337199999999999
"876","ran876.hdr.66",-0.000316540000000001
"876","ran876.hdr.67",0.00049861
"876","ran876.hdr.68",-0.000819
"876","ran876.hdr.69",-0.000546100000000001
"876","ran876.hdr.7",-0.0000446999999999999
"876","ran876.hdr.70",0.0000365999999999995
"876","ran876.hdr.71",-0.00032338
"876","ran876.hdr.72",-0.0015308
"876","ran876.hdr.73",-0.0021902
"876","ran876.hdr.74",-0.0010668
"876","ran876.hdr.75",-0.0017455
"876","ran876.hdr.76",-0.0010666
"876","ran876.hdr.77",-0.000498099999999998
"876","ran876.hdr.78",-0.00027955
"876","ran876.hdr.8",-0.0016948
"876","ran876.hdr.9",0.000525399999999999
"877","ran877.hdr.1",-0.0009493
"877","ran877.hdr.10",-0.000349700000000001
"877","ran877.hdr.11",-0.000417799999999999
"877","ran877.hdr.12",-0.0006677
"877","ran877.hdr.13",-0.000547299999999997
"877","ran877.hdr.14",-0.000216849999999999
"877","ran877.hdr.15",-0.000511899999999999
"877","ran877.hdr.16",NA
"877","ran877.hdr.17",0.0000920000000000001
"877","ran877.hdr.18",-0.0000985999999999973
"877","ran877.hdr.19",-0.0003254
"877","ran877.hdr.2",-0.000142300000000001
"877","ran877.hdr.20",-0.0026503
"877","ran877.hdr.21",-0.0003788
"877","ran877.hdr.22",-0.000420199999999999
"877","ran877.hdr.23",-0.01686367
"877","ran877.hdr.24",-0.000531400000000001
"877","ran877.hdr.25",-0.0011088
"877","ran877.hdr.26",-0.0003861
"877","ran877.hdr.27",-0.000687
"877","ran877.hdr.28",0.000329589999999999
"877","ran877.hdr.29",-0.0000899999999999998
"877","ran877.hdr.3",-0.000310999999999999
"877","ran877.hdr.30",-0.0011052
"877","ran877.hdr.31",-0.0014027
"877","ran877.hdr.32",-0.000307
"877","ran877.hdr.33",0.0000239999999999997
"877","ran877.hdr.34",-0.0022116
"877","ran877.hdr.35",-0.000717699999999998
"877","ran877.hdr.36",-0.0012558
"877","ran877.hdr.37",0.000856300000000001
"877","ran877.hdr.38",-0.000107300000000001
"877","ran877.hdr.39",-0.0024639
"877","ran877.hdr.4",0.000331560000000002
"877","ran877.hdr.40",-0.0011337
"877","ran877.hdr.41",-0.0003459
"877","ran877.hdr.42",-0.0000593299999999998
"877","ran877.hdr.43",-0.000435700000000001
"877","ran877.hdr.44",-0.0011173
"877","ran877.hdr.45",-0.0007171
"877","ran877.hdr.46",-0.000456179999999999
"877","ran877.hdr.47",-0.0004831
"877","ran877.hdr.48",0.00029917
"877","ran877.hdr.49",-0.000421599999999999
"877","ran877.hdr.5",-0.0006856
"877","ran877.hdr.50",-0.000118309
"877","ran877.hdr.51",-0.0010297
"877","ran877.hdr.52",0.0000771499999999998
"877","ran877.hdr.53",-0.001153
"877","ran877.hdr.54",0.000223899999999999
"877","ran877.hdr.55",-0.0018888
"877","ran877.hdr.56",-0.0003826
"877","ran877.hdr.57",-0.0008071
"877","ran877.hdr.58",0.000342199999999999
"877","ran877.hdr.59",-0.0001259
"877","ran877.hdr.6",-0.0048653
"877","ran877.hdr.60",-0.0011702
"877","ran877.hdr.61",-0.0035597
"877","ran877.hdr.62",-0.000113210000000001
"877","ran877.hdr.63",-0.0011581
"877","ran877.hdr.64",-0.0010828
"877","ran877.hdr.65",-0.0000532100000000015
"877","ran877.hdr.66",NA
"877","ran877.hdr.67",-0.0001492
"877","ran877.hdr.68",-0.0044168
"877","ran877.hdr.69",-0.001624
"877","ran877.hdr.7",0.00000759999999999997
"877","ran877.hdr.70",-0.000137399999999999
"877","ran877.hdr.71",-0.0013741
"877","ran877.hdr.72",-0.000630200000000001
"877","ran877.hdr.73",-0.000871399999999998
"877","ran877.hdr.74",-0.000481599999999999
"877","ran877.hdr.75",-0.0000832999999999997
"877","ran877.hdr.76",-0.0007883
"877","ran877.hdr.77",-0.002875
"877","ran877.hdr.78",-0.000289600000000001
"877","ran877.hdr.8",-0.0003059
"877","ran877.hdr.9",-0.0000149
"878","ran878.hdr.1",-0.0014785
"878","ran878.hdr.10",-0.0040521
"878","ran878.hdr.11",-0.000458999999999999
"878","ran878.hdr.12",-0.00058509
"878","ran878.hdr.13",0.000731900000000001
"878","ran878.hdr.14",-0.000701999999999999
"878","ran878.hdr.15",-0.0002419
"878","ran878.hdr.16",-0.000393299999999999
"878","ran878.hdr.17",-0.0000870999999999997
"878","ran878.hdr.18",-0.000119869999999999
"878","ran878.hdr.19",-0.000113727
"878","ran878.hdr.2",-0.000740699999999999
"878","ran878.hdr.20",-0.0018782
"878","ran878.hdr.21",0.000293700000000001
"878","ran878.hdr.22",0.0001478
"878","ran878.hdr.23",0.000254799999999999
"878","ran878.hdr.24",-0.000377500000000001
"878","ran878.hdr.25",-0.0017655
"878","ran878.hdr.26",0.00001738
"878","ran878.hdr.27",-0.0002232
"878","ran878.hdr.28",-0.000397499999999999
"878","ran878.hdr.29",-0.0025625
"878","ran878.hdr.3",-0.00036043
"878","ran878.hdr.30",-0.0008182
"878","ran878.hdr.31",-0.000581499999999999
"878","ran878.hdr.32",-0.000454400000000001
"878","ran878.hdr.33",-0.000288800000000001
"878","ran878.hdr.34",-0.0012522
"878","ran878.hdr.35",0.000151199999999999
"878","ran878.hdr.36",-0.000347700000000001
"878","ran878.hdr.37",-0.0113291
"878","ran878.hdr.38",-0.0025984
"878","ran878.hdr.39",-0.000232900000000001
"878","ran878.hdr.4",-0.0002114
"878","ran878.hdr.40",-0.0002091
"878","ran878.hdr.41",-0.000413999999999999
"878","ran878.hdr.42",-0.0001554
"878","ran878.hdr.43",-0.0031592
"878","ran878.hdr.44",-0.000359199999999999
"878","ran878.hdr.45",-0.0001826
"878","ran878.hdr.46",-0.000355399999999999
"878","ran878.hdr.47",-0.0030608
"878","ran878.hdr.48",-0.000435399999999999
"878","ran878.hdr.49",-0.0005059
"878","ran878.hdr.5",0.0000546000000000001
"878","ran878.hdr.50",-0.000307
"878","ran878.hdr.51",0.00004965
"878","ran878.hdr.52",-0.0016134
"878","ran878.hdr.53",-0.000023311
"878","ran878.hdr.54",-0.0012135
"878","ran878.hdr.55",0.00002906
"878","ran878.hdr.56",-0.000940400000000001
"878","ran878.hdr.57",-0.00074314
"878","ran878.hdr.58",-0.000390110000000001
"878","ran878.hdr.59",-0.00029767
"878","ran878.hdr.6",-0.000637099999999998
"878","ran878.hdr.60",0.00010489
"878","ran878.hdr.61",-0.000640600000000002
"878","ran878.hdr.62",0.00016459
"878","ran878.hdr.63",-0.0005042
"878","ran878.hdr.64",-0.0000134699999999998
"878","ran878.hdr.67",-0.000137
"878","ran878.hdr.68",-0.0102309
"878","ran878.hdr.69",-0.0001002
"878","ran878.hdr.7",0.000000199999999998812
"878","ran878.hdr.70",-0.0006222
"878","ran878.hdr.71",-0.0068051
"878","ran878.hdr.72",-0.000279700000000001
"878","ran878.hdr.73",-0.0010098
"878","ran878.hdr.74",-0.0001025
"878","ran878.hdr.75",-0.000482799999999999
"878","ran878.hdr.76",-0.00089669
"878","ran878.hdr.77",-0.0004317
"878","ran878.hdr.78",-0.00069294
"878","ran878.hdr.8",-0.00120107
"878","ran878.hdr.9",-0.005219
"879","ran879.hdr.1",0.000570899999999999
"879","ran879.hdr.10",-0.000824699999999999
"879","ran879.hdr.11",-0.00161496
"879","ran879.hdr.12",-0.000789400000000003
"879","ran879.hdr.13",-0.0010439
"879","ran879.hdr.14",0.0013879
"879","ran879.hdr.15",-0.0009231
"879","ran879.hdr.16",-0.0011003
"879","ran879.hdr.17",-0.0016862
"879","ran879.hdr.18",-0.000159899999999999
"879","ran879.hdr.19",-0.0025725
"879","ran879.hdr.2",-0.0054532
"879","ran879.hdr.20",-0.000327499999999998
"879","ran879.hdr.21",-0.00021843
"879","ran879.hdr.22",NA
"879","ran879.hdr.23",-0.0003903
"879","ran879.hdr.24",-0.0003097
"879","ran879.hdr.25",-0.00130484
"879","ran879.hdr.26",-0.000232900000000001
"879","ran879.hdr.27",-0.000413999999999999
"879","ran879.hdr.28",-0.0032627
"879","ran879.hdr.29",-0.000709920000000001
"879","ran879.hdr.3",-0.0007992
"879","ran879.hdr.30",-0.000671999999999999
"879","ran879.hdr.31",-0.0019089
"879","ran879.hdr.32",-0.00028523
"879","ran879.hdr.33",-0.0005269
"879","ran879.hdr.34",0.00000175000000000002
"879","ran879.hdr.35",0.00020497
"879","ran879.hdr.36",0.0000718999999999997
"879","ran879.hdr.37",0.0000248600000000015
"879","ran879.hdr.38",-0.000598000000000001
"879","ran879.hdr.39",-0.000001000000000001
"879","ran879.hdr.4",-0.0043666
"879","ran879.hdr.40",0.000168934
"879","ran879.hdr.41",-0.0005872
"879","ran879.hdr.42",-0.00032122
"879","ran879.hdr.43",-0.00005258
"879","ran879.hdr.44",-0.00017032
"879","ran879.hdr.45",0.000374129999999999
"879","ran879.hdr.46",-0.000879130000000001
"879","ran879.hdr.47",-0.000837099999999999
"879","ran879.hdr.48",-0.00000839599999999998
"879","ran879.hdr.49",-0.0001431
"879","ran879.hdr.5",-0.00025442
"879","ran879.hdr.50",-0.000434999999999998
"879","ran879.hdr.51",0.0000127899999999995
"879","ran879.hdr.52",-0.0000363999999999989
"879","ran879.hdr.53",0.000126360000000001
"879","ran879.hdr.54",-0.0001286
"879","ran879.hdr.55",0.00065872
"879","ran879.hdr.56",-0.00685775
"879","ran879.hdr.57",-0.00574057
"879","ran879.hdr.58",-0.0003231
"879","ran879.hdr.59",-0.00017845
"879","ran879.hdr.6",-0.00062661
"879","ran879.hdr.60",-0.00039478
"879","ran879.hdr.61",0.0004037
"879","ran879.hdr.62",-0.001641
"879","ran879.hdr.63",-0.0004743
"879","ran879.hdr.64",-0.000386900000000003
"879","ran879.hdr.65",0.000301900000000001
"879","ran879.hdr.66",-0.000388300000000001
"879","ran879.hdr.67",0.00013489
"879","ran879.hdr.68",-0.0016673
"879","ran879.hdr.69",-0.00014392
"879","ran879.hdr.7",-0.000701999999999999
"879","ran879.hdr.70",-0.0027704
"879","ran879.hdr.71",-0.0000844099999999996
"879","ran879.hdr.72",-0.0015308
"879","ran879.hdr.73",-0.000590700000000003
"879","ran879.hdr.74",-0.0016285
"879","ran879.hdr.75",-0.0013154
"879","ran879.hdr.76",-0.000413
"879","ran879.hdr.77",-0.0030586
"879","ran879.hdr.78",-0.000118658
"879","ran879.hdr.8",-0.000043099999999999
"879","ran879.hdr.9",-0.00067323
"880","ran880.hdr.1",-0.000175400000000001
"880","ran880.hdr.10",-0.00061467
"880","ran880.hdr.11",-0.000105399999999999
"880","ran880.hdr.12",-0.000507199999999999
"880","ran880.hdr.13",-0.00027193
"880","ran880.hdr.14",-0.000653000000000001
"880","ran880.hdr.15",-0.0000117999999999993
"880","ran880.hdr.16",-0.000300809999999999
"880","ran880.hdr.17",-0.00013877
"880","ran880.hdr.18",-0.000657
"880","ran880.hdr.19",-0.0004347
"880","ran880.hdr.2",-0.000142300000000001
"880","ran880.hdr.20",-0.000518899999999999
"880","ran880.hdr.21",-0.0008182
"880","ran880.hdr.22",-0.0001825
"880","ran880.hdr.23",-0.0005666
"880","ran880.hdr.24",0.000162800000000001
"880","ran880.hdr.25",0.000511099999999999
"880","ran880.hdr.26",-0.0025725
"880","ran880.hdr.27",0.0003788
"880","ran880.hdr.28",-0.00068852
"880","ran880.hdr.29",0.00018807
"880","ran880.hdr.3",-0.00036043
"880","ran880.hdr.30",-0.001677
"880","ran880.hdr.31",0.00035522
"880","ran880.hdr.32",-0.0005801
"880","ran880.hdr.33",0.000049999999999998
"880","ran880.hdr.34",-0.0011115
"880","ran880.hdr.35",-0.000975
"880","ran880.hdr.36",0.000104199999999999
"880","ran880.hdr.37",-0.0002538
"880","ran880.hdr.38",0.000207600000000002
"880","ran880.hdr.39",-0.0017019
"880","ran880.hdr.4",0.000534730000000001
"880","ran880.hdr.40",-0.00030301
"880","ran880.hdr.41",-0.0013524
"880","ran880.hdr.42",-0.0000784999999999987
"880","ran880.hdr.43",0.000277699999999999
"880","ran880.hdr.44",-0.0002267
"880","ran880.hdr.45",-0.0011887
"880","ran880.hdr.46",-0.0073875
"880","ran880.hdr.47",-0.000691199999999999
"880","ran880.hdr.48",0.0000792999999999992
"880","ran880.hdr.49",-0.01768098
"880","ran880.hdr.5",-0.00143173
"880","ran880.hdr.50",-0.0015158
"880","ran880.hdr.51",-0.000434999999999998
"880","ran880.hdr.52",-0.0000869000000000009
"880","ran880.hdr.53",-0.000238039999999999
"880","ran880.hdr.54",-0.000456100000000001
"880","ran880.hdr.55",-0.000070321
"880","ran880.hdr.56",-0.0010723
"880","ran880.hdr.57",-0.000362299999999999
"880","ran880.hdr.6",-0.0056027
"880","ran880.hdr.60",-0.00029748
"880","ran880.hdr.61",-0.00015495
"880","ran880.hdr.62",-0.000737700000000001
"880","ran880.hdr.63",-0.00018396
"880","ran880.hdr.64",-0.0017715
"880","ran880.hdr.65",-0.0005187
"880","ran880.hdr.66",-0.0000736999999999995
"880","ran880.hdr.67",-0.000692700000000001
"880","ran880.hdr.68",-0.0017742
"880","ran880.hdr.69",-0.000407100000000001
"880","ran880.hdr.7",-0.00227271
"880","ran880.hdr.70",-0.0011679
"880","ran880.hdr.71",-0.0003088
"880","ran880.hdr.72",-0.000388300000000001
"880","ran880.hdr.73",-0.0018724
"880","ran880.hdr.74",-0.0007229
"880","ran880.hdr.75",-0.00033557
"880","ran880.hdr.76",-0.00046427
"880","ran880.hdr.77",-0.000738050000000001
"880","ran880.hdr.78",-0.000314699999999999
"880","ran880.hdr.8",-0.00246744
"880","ran880.hdr.9",-0.0052846
"881","ran881.hdr.1",-0.00100715
"881","ran881.hdr.10",-0.000208399999999999
"881","ran881.hdr.11",-0.0015955
"881","ran881.hdr.12",-0.0004688
"881","ran881.hdr.13",0.0000387300000000007
"881","ran881.hdr.14",0.000152399999999999
"881","ran881.hdr.15",-0.000228750000000001
"881","ran881.hdr.16",0.0001478
"881","ran881.hdr.17",-0.0016942
"881","ran881.hdr.18",-0.000517500000000001
"881","ran881.hdr.19",-0.0000722500000000003
"881","ran881.hdr.2",0.000371
"881","ran881.hdr.20",-0.00069048
"881","ran881.hdr.21",-0.000397399999999999
"881","ran881.hdr.22",-0.0000683100000000002
"881","ran881.hdr.23",-0.0012418
"881","ran881.hdr.24",-0.000347699999999999
"881","ran881.hdr.25",-0.00180704
"881","ran881.hdr.26",-0.0010452
"881","ran881.hdr.27",-0.000410600000000001
"881","ran881.hdr.28",-0.00015777
"881","ran881.hdr.29",-0.00023755
"881","ran881.hdr.3",-0.0016128
"881","ran881.hdr.30",-0.001022
"881","ran881.hdr.31",-0.0024974
"881","ran881.hdr.32",-0.000463499999999999
"881","ran881.hdr.33",-0.0011277
"881","ran881.hdr.34",0.0000540300000000001
"881","ran881.hdr.35",-0.000207300000000001
"881","ran881.hdr.36",-0.0010616
"881","ran881.hdr.37",0.000304699999999998
"881","ran881.hdr.38",-0.0076935
"881","ran881.hdr.39",-0.0010055
"881","ran881.hdr.4",-0.00012473
"881","ran881.hdr.40",-0.000940400000000001
"881","ran881.hdr.41",0.0000849800000000001
"881","ran881.hdr.42",-0.0023048
"881","ran881.hdr.43",-0.000162499999999999
"881","ran881.hdr.44",-0.00077464
"881","ran881.hdr.45",-0.0000869000000000009
"881","ran881.hdr.46",-0.00021607
"881","ran881.hdr.47",-0.000796399999999999
"881","ran881.hdr.48",0.000032840000000001
"881","ran881.hdr.5",-0.0014125
"881","ran881.hdr.51",-0.0003339
"881","ran881.hdr.52",-0.000262800000000001
"881","ran881.hdr.53",-0.0000835000000000002
"881","ran881.hdr.54",-0.000763170000000001
"881","ran881.hdr.55",-0.000540200000000001
"881","ran881.hdr.56",-0.0010621
"881","ran881.hdr.57",-0.0001876
"881","ran881.hdr.58",-0.000382200000000003
"881","ran881.hdr.59",-0.00039478
"881","ran881.hdr.6",-0.00020486
"881","ran881.hdr.60",-0.0010849
"881","ran881.hdr.61",0.000122430000000001
"881","ran881.hdr.62",-0.00031509
"881","ran881.hdr.63",-0.000170999999999999
"881","ran881.hdr.64",-0.0000376999999999999
"881","ran881.hdr.65",0.0004268
"881","ran881.hdr.66",0.0004872
"881","ran881.hdr.67",-0.0046587
"881","ran881.hdr.68",-0.000964700000000002
"881","ran881.hdr.69",0.0000275999999999992
"881","ran881.hdr.7",-0.000681099999999999
"881","ran881.hdr.70",-0.0011679
"881","ran881.hdr.71",-0.0007592
"881","ran881.hdr.72",-0.0001808
"881","ran881.hdr.73",0.0000365999999999995
"881","ran881.hdr.74",-0.0013232
"881","ran881.hdr.75",-0.0000832999999999997
"881","ran881.hdr.76",-0.0016484
"881","ran881.hdr.77",-0.0006976
"881","ran881.hdr.78",-0.000802599999999999
"881","ran881.hdr.8",-0.0003821
"881","ran881.hdr.9",-0.00038213
"882","ran882.hdr.1",-0.00120107
"882","ran882.hdr.10",0.0001871
"882","ran882.hdr.11",-0.000046446
"882","ran882.hdr.12",-0.000434459999999999
"882","ran882.hdr.13",-0.00037651
"882","ran882.hdr.14",-0.000385
"882","ran882.hdr.15",-0.0002006
"882","ran882.hdr.16",-0.0000923199999999999
"882","ran882.hdr.17",-0.000130699999999999
"882","ran882.hdr.18",-0.00016801
"882","ran882.hdr.19",-0.0011163
"882","ran882.hdr.2",-0.00018871
"882","ran882.hdr.20",0.000640900000000002
"882","ran882.hdr.21",-0.00011659
"882","ran882.hdr.22",-0.000515720000000001
"882","ran882.hdr.23",-0.000249299999999999
"882","ran882.hdr.24",-0.000759340000000001
"882","ran882.hdr.25",-0.00107892
"882","ran882.hdr.26",-0.0013931
"882","ran882.hdr.27",-0.0006546
"882","ran882.hdr.28",-0.0005678
"882","ran882.hdr.29",0.000232270000000001
"882","ran882.hdr.3",-0.0054452
"882","ran882.hdr.30",0.00019619
"882","ran882.hdr.31",-0.000310299999999999
"882","ran882.hdr.32",0.000505200000000001
"882","ran882.hdr.33",-0.0050666
"882","ran882.hdr.34",-0.0005219
"882","ran882.hdr.35",-0.0005558
"882","ran882.hdr.36",-0.0018523
"882","ran882.hdr.37",-0.0002968
"882","ran882.hdr.38",-0.00036563
"882","ran882.hdr.39",-0.00025136
"882","ran882.hdr.4",-0.0045035
"882","ran882.hdr.40",-0.000757799999999999
"882","ran882.hdr.41",-0.000287379999999999
"882","ran882.hdr.42",0.000247200000000003
"882","ran882.hdr.43",-0.000803359999999999
"882","ran882.hdr.44",0.0000431600000000004
"882","ran882.hdr.45",-0.000505799999999999
"882","ran882.hdr.46",0.000375199999999999
"882","ran882.hdr.47",0.0005094
"882","ran882.hdr.48",-0.0004983
"882","ran882.hdr.49",-0.0012859
"882","ran882.hdr.5",-0.00000749999999999883
"882","ran882.hdr.50",0.0000169300000000001
"882","ran882.hdr.51",-0.0003967
"882","ran882.hdr.52",0.0000920999999999995
"882","ran882.hdr.53",-0.0000593299999999998
"882","ran882.hdr.54",0.00015401
"882","ran882.hdr.55",-0.00017999
"882","ran882.hdr.56",-0.00022498
"882","ran882.hdr.57",0.00013627
"882","ran882.hdr.58",-0.00010805
"882","ran882.hdr.59",-0.000081779
"882","ran882.hdr.6",-0.000130499999999999
"882","ran882.hdr.60",-0.0010297
"882","ran882.hdr.62",0.0000637999999999993
"882","ran882.hdr.63",-0.0018888
"882","ran882.hdr.64",-0.0008541
"882","ran882.hdr.65",-0.000778600000000001
"882","ran882.hdr.66",-0.00274956
"882","ran882.hdr.67",-0.0011783
"882","ran882.hdr.68",-0.0016152
"882","ran882.hdr.69",-0.0005761
"882","ran882.hdr.7",-0.001546
"882","ran882.hdr.70",0.00014493
"882","ran882.hdr.71",-0.0014372
"882","ran882.hdr.72",-0.00093906
"882","ran882.hdr.73",-0.0004414
"882","ran882.hdr.74",0.0000303999999999999
"882","ran882.hdr.75",-0.0008746
"882","ran882.hdr.76",0.0002185
"882","ran882.hdr.77",-0.0014309
"882","ran882.hdr.78",-0.0000290799999999999
"882","ran882.hdr.8",-0.0002415
"882","ran882.hdr.9",-0.00036517
"883","ran883.hdr.1",-0.0002678
"883","ran883.hdr.10",-0.0006719
"883","ran883.hdr.11",-0.0001449
"883","ran883.hdr.12",-0.000867099999999999
"883","ran883.hdr.13",-0.0011183
"883","ran883.hdr.14",0.0000205000000000014
"883","ran883.hdr.15",-0.0001814
"883","ran883.hdr.16",-0.0012417
"883","ran883.hdr.17",-0.0000960500000000003
"883","ran883.hdr.18",-0.0010873
"883","ran883.hdr.19",-0.0015236
"883","ran883.hdr.2",-0.000272339999999999
"883","ran883.hdr.20",-0.00141581
"883","ran883.hdr.21",-0.0016281
"883","ran883.hdr.22",-0.00029554
"883","ran883.hdr.23",-0.000212320000000001
"883","ran883.hdr.24",-0.00175568
"883","ran883.hdr.25",-0.000292799999999999
"883","ran883.hdr.26",-0.0000333999999999994
"883","ran883.hdr.27",-0.0001799
"883","ran883.hdr.28",-0.000287379999999999
"883","ran883.hdr.29",0.000166100000000001
"883","ran883.hdr.3",-0.0051096
"883","ran883.hdr.30",-0.00000389000000000032
"883","ran883.hdr.31",0.000246899999999998
"883","ran883.hdr.32",-0.00016686
"883","ran883.hdr.33",-0.000584600000000001
"883","ran883.hdr.34",-0.0016634
"883","ran883.hdr.35",-0.0008585
"883","ran883.hdr.36",-0.00035147
"883","ran883.hdr.37",-0.0016063
"883","ran883.hdr.38",-0.001739
"883","ran883.hdr.39",-0.0022656
"883","ran883.hdr.4",-0.0045035
"883","ran883.hdr.40",-0.000917999999999999
"883","ran883.hdr.41",-0.004276
"883","ran883.hdr.42",0.000279399999999999
"883","ran883.hdr.43",-0.000464200000000001
"883","ran883.hdr.44",-0.00021698
"883","ran883.hdr.45",-0.000133000000000001
"883","ran883.hdr.46",-0.00099317
"883","ran883.hdr.47",-0.000343609999999999
"883","ran883.hdr.48",-0.00027166
"883","ran883.hdr.49",0.000686299999999997
"883","ran883.hdr.5",-0.00168994
"883","ran883.hdr.50",-0.0007052
"883","ran883.hdr.51",-0.0004551
"883","ran883.hdr.52",-0.0000146999999999994
"883","ran883.hdr.53",-0.00015495
"883","ran883.hdr.54",-0.000595
"883","ran883.hdr.55",-0.0007279
"883","ran883.hdr.56",-0.001222
"883","ran883.hdr.57",-0.000778600000000001
"883","ran883.hdr.58",-0.0009154
"883","ran883.hdr.59",-0.0011268
"883","ran883.hdr.6",-0.000144749999999999
"883","ran883.hdr.60",-0.0021629
"883","ran883.hdr.61",0.000319100000000001
"883","ran883.hdr.62",-0.0000850799999999995
"883","ran883.hdr.63",-0.000266830000000001
"883","ran883.hdr.64",-0.00056939
"883","ran883.hdr.65",-0.000331100000000001
"883","ran883.hdr.66",-0.0005761
"883","ran883.hdr.67",-0.000854299999999999
"883","ran883.hdr.68",-0.0005982
"883","ran883.hdr.69",-0.0000303999999999999
"883","ran883.hdr.7",-0.000414400000000001
"883","ran883.hdr.70",-0.0010284
"883","ran883.hdr.71",-0.000522900000000001
"883","ran883.hdr.72",-0.00025328
"883","ran883.hdr.73",-0.000039273
"883","ran883.hdr.74",-0.00029651
"883","ran883.hdr.75",-0.0011554
"883","ran883.hdr.76",-0.000806600000000001
"883","ran883.hdr.77",-0.00028371
"883","ran883.hdr.78",-0.000206699999999999
"883","ran883.hdr.8",-0.000341899999999999
"883","ran883.hdr.9",-0.000320800000000001
"884","ran884.hdr.1",0.0000171999999999985
"884","ran884.hdr.10",-0.0004688
"884","ran884.hdr.11",-0.000506029999999999
"884","ran884.hdr.12",-0.000041939999999999
"884","ran884.hdr.13",-0.0013508
"884","ran884.hdr.14",-0.00008435
"884","ran884.hdr.15",-0.000111799999999999
"884","ran884.hdr.16",-0.0007122
"884","ran884.hdr.17",-0.0010873
"884","ran884.hdr.18",-0.000230500000000002
"884","ran884.hdr.19",0.0000318300000000001
"884","ran884.hdr.2",0.000000199999999998812
"884","ran884.hdr.20",-0.0025867
"884","ran884.hdr.21",-0.0024928
"884","ran884.hdr.22",-0.000418709999999999
"884","ran884.hdr.23",0.00010809
"884","ran884.hdr.24",-0.0006008
"884","ran884.hdr.25",-0.002134
"884","ran884.hdr.26",0.000597799999999999
"884","ran884.hdr.27",-0.000284
"884","ran884.hdr.28",-0.0020741
"884","ran884.hdr.29",-0.00198339
"884","ran884.hdr.3",-0.0011965
"884","ran884.hdr.30",-0.0019613
"884","ran884.hdr.31",-0.0019572
"884","ran884.hdr.32",0.0000934000000000004
"884","ran884.hdr.33",-0.0010877
"884","ran884.hdr.34",-0.000968999999999999
"884","ran884.hdr.35",-0.00045297
"884","ran884.hdr.36",-0.000487100000000001
"884","ran884.hdr.37",NA
"884","ran884.hdr.38",-0.000574999999999999
"884","ran884.hdr.39",-0.0015749
"884","ran884.hdr.4",-0.00044199
"884","ran884.hdr.40",-0.0001264
"884","ran884.hdr.41",-0.0021188
"884","ran884.hdr.42",-0.0000248000000000002
"884","ran884.hdr.43",-0.000189699999999999
"884","ran884.hdr.44",0.000353300000000001
"884","ran884.hdr.45",-0.000314099999999998
"884","ran884.hdr.46",0.00021457
"884","ran884.hdr.47",0.00019087
"884","ran884.hdr.48",-0.000133000000000001
"884","ran884.hdr.49",-0.000765099999999998
"884","ran884.hdr.5",0.000380419999999999
"884","ran884.hdr.50",-0.0023439
"884","ran884.hdr.51",-0.00024603
"884","ran884.hdr.52",-0.00022462
"884","ran884.hdr.53",-0.000106240000000001
"884","ran884.hdr.54",0.000139
"884","ran884.hdr.55",-0.00000449999999999995
"884","ran884.hdr.56",-0.000313409999999999
"884","ran884.hdr.59",-0.0007402
"884","ran884.hdr.6",-0.001099
"884","ran884.hdr.60",-0.00019203
"884","ran884.hdr.61",0.0002951
"884","ran884.hdr.62",-0.0003359
"884","ran884.hdr.63",-0.0014307
"884","ran884.hdr.64",0.000228300000000001
"884","ran884.hdr.65",-0.0015961
"884","ran884.hdr.66",-0.0028671
"884","ran884.hdr.67",-0.000854299999999999
"884","ran884.hdr.68",-0.0000374500000000014
"884","ran884.hdr.69",-0.000889800000000001
"884","ran884.hdr.7",-0.000808199999999999
"884","ran884.hdr.70",-0.000267199999999999
"884","ran884.hdr.71",-0.0012556
"884","ran884.hdr.72",0.0000390000000000008
"884","ran884.hdr.73",-0.0004414
"884","ran884.hdr.74",-0.000720800000000001
"884","ran884.hdr.75",-0.000535300000000002
"884","ran884.hdr.76",-0.00118788
"884","ran884.hdr.77",-0.000153199999999999
"884","ran884.hdr.78",-0.000314699999999999
"884","ran884.hdr.8",-0.0005673
"884","ran884.hdr.9",0.00007186
"885","ran885.hdr.1",-0.000676
"885","ran885.hdr.10",-0.0061766
"885","ran885.hdr.11",-0.0034157
"885","ran885.hdr.12",0.000380419999999999
"885","ran885.hdr.13",-0.000194699999999999
"885","ran885.hdr.14",-0.0002415
"885","ran885.hdr.15",0.000151200000000001
"885","ran885.hdr.16",-0.00053636
"885","ran885.hdr.17",-0.000713499999999999
"885","ran885.hdr.18",-0.0002322
"885","ran885.hdr.19",-0.00062684
"885","ran885.hdr.2",-0.0000463000000000026
"885","ran885.hdr.20",-0.0000692999999999996
"885","ran885.hdr.21",-0.000262800000000001
"885","ran885.hdr.22",-0.000457879999999999
"885","ran885.hdr.23",-0.000527999999999999
"885","ran885.hdr.24",-0.000516000000000001
"885","ran885.hdr.25",-0.0010476
"885","ran885.hdr.26",-0.0011179
"885","ran885.hdr.27",NA
"885","ran885.hdr.28",0.000380700000000001
"885","ran885.hdr.29",-0.0017045
"885","ran885.hdr.3",-0.0011092
"885","ran885.hdr.30",-0.0026503
"885","ran885.hdr.31",-0.000747600000000001
"885","ran885.hdr.32",0.0001004
"885","ran885.hdr.33",-0.00035699
"885","ran885.hdr.34",-0.0000828099999999991
"885","ran885.hdr.35",-0.00035023
"885","ran885.hdr.36",-0.0001753
"885","ran885.hdr.37",-0.000119399999999999
"885","ran885.hdr.38",-0.0051598
"885","ran885.hdr.39",-0.0000137999999999978
"885","ran885.hdr.4",-0.0026658
"885","ran885.hdr.40",-0.000478900000000001
"885","ran885.hdr.41",0.000069399999999999
"885","ran885.hdr.42",-0.0012186
"885","ran885.hdr.43",-0.0010775
"885","ran885.hdr.44",-0.000666099999999999
"885","ran885.hdr.45",-0.000924100000000001
"885","ran885.hdr.46",-0.0016596
"885","ran885.hdr.47",-0.00032122
"885","ran885.hdr.48",-0.0000330999999999994
"885","ran885.hdr.49",-0.0070655
"885","ran885.hdr.5",-0.00131489
"885","ran885.hdr.50",-0.000294800000000001
"885","ran885.hdr.51",-0.00270844
"885","ran885.hdr.52",-0.0001431
"885","ran885.hdr.53",-0.0016044
"885","ran885.hdr.54",-0.0026729
"885","ran885.hdr.55",-0.00378069
"885","ran885.hdr.56",-0.0023439
"885","ran885.hdr.57",-0.001416
"885","ran885.hdr.58",-0.00166777
"885","ran885.hdr.59",-0.00155443
"885","ran885.hdr.6",0.0009078
"885","ran885.hdr.60",-0.0010767
"885","ran885.hdr.61",-0.0003833
"885","ran885.hdr.63",0.0000455999999999998
"885","ran885.hdr.64",-0.0007279
"885","ran885.hdr.65",-0.0011067
"885","ran885.hdr.66",-0.01281643
"885","ran885.hdr.67",-0.0014755
"885","ran885.hdr.68",-0.0044594
"885","ran885.hdr.69",-0.0017715
"885","ran885.hdr.7",-0.0007518
"885","ran885.hdr.70",-0.0013204
"885","ran885.hdr.71",-0.0028671
"885","ran885.hdr.72",-0.000607500000000002
"885","ran885.hdr.73",-0.0035232
"885","ran885.hdr.74",-0.000345399999999999
"885","ran885.hdr.75",0.000132810000000001
"885","ran885.hdr.76",-0.000894099999999998
"885","ran885.hdr.77",-0.0046933
"885","ran885.hdr.78",0.0000916000000000007
"885","ran885.hdr.8",0.0011551
"885","ran885.hdr.9",-0.001544
"886","ran886.hdr.1",-0.000740699999999999
"886","ran886.hdr.10",-0.0005371
"886","ran886.hdr.11",-0.000118400000000001
"886","ran886.hdr.12",-0.0003742
"886","ran886.hdr.13",-0.0008164
"886","ran886.hdr.14",-0.000977599999999999
"886","ran886.hdr.15",-0.000612299999999998
"886","ran886.hdr.16",0.00071691
"886","ran886.hdr.17",-0.00034284
"886","ran886.hdr.18",-0.0012522
"886","ran886.hdr.19",-0.0000987999999999996
"886","ran886.hdr.2",-0.000637000000000002
"886","ran886.hdr.20",0.0003604
"886","ran886.hdr.21",-0.00018017
"886","ran886.hdr.22",-0.00060842
"886","ran886.hdr.23",0.0002503
"886","ran886.hdr.24",-0.01715588
"886","ran886.hdr.25",-0.0036419
"886","ran886.hdr.26",-0.0019572
"886","ran886.hdr.27",-0.0000897299999999997
"886","ran886.hdr.28",-0.00015401
"886","ran886.hdr.29",-0.0007461
"886","ran886.hdr.3",-0.0032872
"886","ran886.hdr.30",-0.000975
"886","ran886.hdr.31",NA
"886","ran886.hdr.32",-0.000352100000000001
"886","ran886.hdr.33",-0.0011
"886","ran886.hdr.34",-0.000908200000000001
"886","ran886.hdr.35",-0.0001811
"886","ran886.hdr.36",-0.000114999999999999
"886","ran886.hdr.37",-0.0011215
"886","ran886.hdr.38",0.000542899999999999
"886","ran886.hdr.39",-0.000246700000000001
"886","ran886.hdr.4",-0.0000225999999999976
"886","ran886.hdr.40",0.00042818
"886","ran886.hdr.41",0.000012144
"886","ran886.hdr.42",-0.000713800000000001
"886","ran886.hdr.43",-0.0015804
"886","ran886.hdr.44",-0.0072374
"886","ran886.hdr.45",-0.0047786
"886","ran886.hdr.46",-0.0034577
"886","ran886.hdr.47",0.000358000000000001
"886","ran886.hdr.48",0.00000358000000000042
"886","ran886.hdr.49",0.000765410000000001
"886","ran886.hdr.5",-0.0036577
"886","ran886.hdr.50",NA
"886","ran886.hdr.51",-0.0010767
"886","ran886.hdr.52",-0.000293069999999999
"886","ran886.hdr.56",-0.0007711
"886","ran886.hdr.57",0.000107299999999999
"886","ran886.hdr.58",-0.0022371
"886","ran886.hdr.59",-0.000811599999999999
"886","ran886.hdr.6",-0.0003059
"886","ran886.hdr.60",-0.0019575
"886","ran886.hdr.61",-0.0107262
"886","ran886.hdr.62",-0.0180869
"886","ran886.hdr.63",-0.0011074
"886","ran886.hdr.64",-0.000156100000000003
"886","ran886.hdr.65",-0.000417899999999999
"886","ran886.hdr.66",-0.0037906
"886","ran886.hdr.67",0.0000759199999999993
"886","ran886.hdr.68",-0.0001172
"886","ran886.hdr.69",-0.000889800000000001
"886","ran886.hdr.7",-0.000480399999999999
"886","ran886.hdr.70",-0.000596000000000003
"886","ran886.hdr.71",-0.0000461999999999997
"886","ran886.hdr.72",0.000295700000000001
"886","ran886.hdr.73",-0.000528299999999999
"886","ran886.hdr.74",-0.000136799999999999
"886","ran886.hdr.75",-0.0003368
"886","ran886.hdr.76",-0.0002612
"886","ran886.hdr.77",-0.0010028
"886","ran886.hdr.78",0.0000157000000000004
"886","ran886.hdr.8",0.0004861
"886","ran886.hdr.9",-0.0016948
"887","ran887.hdr.1",-0.000366200000000001
"887","ran887.hdr.10",-0.00040897
"887","ran887.hdr.11",-0.000482460000000001
"887","ran887.hdr.12",-0.0023044
"887","ran887.hdr.13",0.0000170000000000014
"887","ran887.hdr.14",-0.00010734
"887","ran887.hdr.15",0.0002302
"887","ran887.hdr.16",-0.000118400000000001
"887","ran887.hdr.17",-0.0013108
"887","ran887.hdr.18",-0.002734
"887","ran887.hdr.19",-0.0000348000000000015
"887","ran887.hdr.2",0.000371
"887","ran887.hdr.20",-0.0005666
"887","ran887.hdr.21",-0.00021087
"887","ran887.hdr.22",-0.000473700000000001
"887","ran887.hdr.23",-0.0004364
"887","ran887.hdr.24",-0.0002915
"887","ran887.hdr.25",-0.00046126
"887","ran887.hdr.26",-0.00084943
"887","ran887.hdr.27",0.000540550000000001
"887","ran887.hdr.28",-0.000464099999999999
"887","ran887.hdr.29",0.0000686800000000007
"887","ran887.hdr.3",0.0003348
"887","ran887.hdr.30",-0.000507499999999999
"887","ran887.hdr.31",-0.0004084
"887","ran887.hdr.32",-0.0000607000000000003
"887","ran887.hdr.33",0.0005539
"887","ran887.hdr.34",0.000510099999999999
"887","ran887.hdr.35",-0.0000891900000000003
"887","ran887.hdr.36",-0.00087039
"887","ran887.hdr.37",-0.0019572
"887","ran887.hdr.38",-0.0010877
"887","ran887.hdr.39",-0.000140850000000001
"887","ran887.hdr.4",-0.003301
"887","ran887.hdr.40",-0.0003333
"887","ran887.hdr.41",0.0000429100000000002
"887","ran887.hdr.42",-0.0007758
"887","ran887.hdr.43",-0.0014027
"887","ran887.hdr.44",-0.0003975
"887","ran887.hdr.45",-0.0001264
"887","ran887.hdr.46",-0.000773600000000003
"887","ran887.hdr.47",-0.001261
"887","ran887.hdr.48",-0.0015836
"887","ran887.hdr.49",-0.0033085
"887","ran887.hdr.5",0.00002592
"887","ran887.hdr.50",0.0004708
"887","ran887.hdr.51",0.0000712999999999998
"887","ran887.hdr.52",-0.000879130000000001
"887","ran887.hdr.53",-0.0001431
"887","ran887.hdr.54",-0.0018136
"887","ran887.hdr.55",-0.0009668
"887","ran887.hdr.56",-0.00021607
"887","ran887.hdr.57",0.000215399
"887","ran887.hdr.58",0.0000521000000000002
"887","ran887.hdr.59",-0.0006896
"887","ran887.hdr.6",-0.000831800000000001
"887","ran887.hdr.60",-0.000421599999999999
"887","ran887.hdr.62",-0.000964599999999999
"887","ran887.hdr.63",-0.011466
"887","ran887.hdr.64",-0.0001548
"887","ran887.hdr.65",-0.0009154
"887","ran887.hdr.66",-0.0003826
"887","ran887.hdr.67",0.0000888
"887","ran887.hdr.68",-0.000870200000000002
"887","ran887.hdr.69",-0.0004019
"887","ran887.hdr.7",-0.0032525
"887","ran887.hdr.70",-0.000798899999999998
"887","ran887.hdr.71",-0.0006286
"887","ran887.hdr.72",-0.0000595999999999999
"887","ran887.hdr.73",-0.003339
"887","ran887.hdr.74",-0.00033557
"887","ran887.hdr.75",-0.000456000000000002
"887","ran887.hdr.76",-0.002875
"887","ran887.hdr.77",-0.000153199999999999
"887","ran887.hdr.78",-0.000352099999999999
"887","ran887.hdr.8",-0.0028274
"887","ran887.hdr.9",-0.00168994
"888","ran888.hdr.1",-0.0011152
"888","ran888.hdr.10",-0.00036891
"888","ran888.hdr.11",-0.00041618
"888","ran888.hdr.12",-0.0003155
"888","ran888.hdr.13",0.000161699999999999
"888","ran888.hdr.14",-0.0000204900000000002
"888","ran888.hdr.15",-0.000239100000000003
"888","ran888.hdr.16",0.0007071
"888","ran888.hdr.17",-0.0004688
"888","ran888.hdr.18",-0.0000160999999999998
"888","ran888.hdr.19",-0.0010596
"888","ran888.hdr.2",-0.000740699999999999
"888","ran888.hdr.20",-0.000333099999999999
"888","ran888.hdr.21",-0.0134706
"888","ran888.hdr.22",-0.000136260000000001
"888","ran888.hdr.23",-0.0007074
"888","ran888.hdr.24",-0.000195600000000001
"888","ran888.hdr.25",-0.0003148
"888","ran888.hdr.26",-0.0004121
"888","ran888.hdr.27",-0.00141581
"888","ran888.hdr.28",0.0000111
"888","ran888.hdr.29",0.0000400000000000001
"888","ran888.hdr.3",-0.0000463000000000026
"888","ran888.hdr.30",-0.000285000000000001
"888","ran888.hdr.31",-0.0000373999999999999
"888","ran888.hdr.32",-0.0000683100000000002
"888","ran888.hdr.33",-0.000214300000000001
"888","ran888.hdr.34",-0.0032627
"888","ran888.hdr.35",-0.000730600000000001
"888","ran888.hdr.36",-0.000428899999999999
"888","ran888.hdr.37",-0.0009332
"888","ran888.hdr.38",-0.000504299999999999
"888","ran888.hdr.39",-0.0011215
"888","ran888.hdr.4",0.000214480000000001
"888","ran888.hdr.40",0.0000324999999999995
"888","ran888.hdr.41",-0.0001828
"888","ran888.hdr.42",0.00011464
"888","ran888.hdr.43",-0.0003798
"888","ran888.hdr.44",-0.000152899999999999
"888","ran888.hdr.45",-0.0005707
"888","ran888.hdr.46",-0.0013356
"888","ran888.hdr.47",0.000262999999999999
"888","ran888.hdr.48",-0.00002191
"888","ran888.hdr.49",0.00020773
"888","ran888.hdr.5",-0.0000628
"888","ran888.hdr.50",-0.000670300000000002
"888","ran888.hdr.51",-0.0000446000000000005
"888","ran888.hdr.52",0.000202000000000001
"888","ran888.hdr.53",0.000441799999999999
"888","ran888.hdr.54",-0.0071472
"888","ran888.hdr.55",-0.000825999999999999
"888","ran888.hdr.56",0.0005877
"888","ran888.hdr.57",-0.0019361
"888","ran888.hdr.58",0.0000263799999999995
"888","ran888.hdr.59",-0.000248099999999999
"888","ran888.hdr.6",0.000559200000000003
"888","ran888.hdr.60",-0.0010767
"888","ran888.hdr.64",-0.000141199999999999
"888","ran888.hdr.65",0.000107299999999999
"888","ran888.hdr.66",-0.000425699999999999
"888","ran888.hdr.67",-0.0019575
"888","ran888.hdr.68",-0.0005679
"888","ran888.hdr.69",-0.0035597
"888","ran888.hdr.7",0.0000445999999999988
"888","ran888.hdr.70",-0.000598000000000001
"888","ran888.hdr.71",-0.001507
"888","ran888.hdr.72",0.0001846
"888","ran888.hdr.73",-0.0010828
"888","ran888.hdr.74",-0.0037006
"888","ran888.hdr.75",-0.0076155
"888","ran888.hdr.76",-0.000293000000000002
"888","ran888.hdr.77",-0.0004414
"888","ran888.hdr.78",0.000281400000000001
"888","ran888.hdr.8",-0.0026296
"888","ran888.hdr.9",-0.002934
"889","ran889.hdr.1",-0.0006076
"889","ran889.hdr.10",-0.0003821
"889","ran889.hdr.11",0.00017773
"889","ran889.hdr.12",0.00000960000000000023
"889","ran889.hdr.13",-0.0015955
"889","ran889.hdr.14",-0.0000736000000000001
"889","ran889.hdr.15",-0.000473100000000001
"889","ran889.hdr.16",-0.000727600000000002
"889","ran889.hdr.17",-0.000380700000000001
"889","ran889.hdr.18",-0.000682600000000002
"889","ran889.hdr.19",0.0003146
"889","ran889.hdr.2",-0.000220599999999998
"889","ran889.hdr.20",-0.00019286
"889","ran889.hdr.21",-0.000582599999999999
"889","ran889.hdr.22",-0.000232900000000001
"889","ran889.hdr.23",-0.0000828099999999991
"889","ran889.hdr.24",-0.00044134
"889","ran889.hdr.25",0.0005477
"889","ran889.hdr.26",0.0008266
"889","ran889.hdr.27",-0.0010845
"889","ran889.hdr.28",-0.00510713
"889","ran889.hdr.29",0.0000578999999999996
"889","ran889.hdr.3",-0.000239700000000001
"889","ran889.hdr.30",0.0000139000000000007
"889","ran889.hdr.31",-0.0018523
"889","ran889.hdr.32",-0.00019887
"889","ran889.hdr.33",-0.000468900000000001
"889","ran889.hdr.34",0.000513910000000001
"889","ran889.hdr.35",-0.000687
"889","ran889.hdr.36",-0.000480400000000001
"889","ran889.hdr.37",-0.0014027
"889","ran889.hdr.38",-0.000000239999999999876
"889","ran889.hdr.39",-0.000152899999999999
"889","ran889.hdr.4",-0.000617699999999999
"889","ran889.hdr.40",-0.000202600000000001
"889","ran889.hdr.41",-0.0011277
"889","ran889.hdr.42",0.000300599999999998
"889","ran889.hdr.43",0.0000540300000000001
"889","ran889.hdr.44",-0.00102067
"889","ran889.hdr.45",-0.000114100000000002
"889","ran889.hdr.46",-0.0003823
"889","ran889.hdr.47",-0.000452599999999999
"889","ran889.hdr.48",-0.0073875
"889","ran889.hdr.49",-0.00074314
"889","ran889.hdr.5",-0.0030949
"889","ran889.hdr.50",-0.000282899999999999
"889","ran889.hdr.51",0.0000134999999999996
"889","ran889.hdr.52",-0.0012974
"889","ran889.hdr.53",NA
"889","ran889.hdr.54",-0.00022462
"889","ran889.hdr.55",-0.0003833
"889","ran889.hdr.56",-0.000477600000000002
"889","ran889.hdr.57",0.0000932000000000016
"889","ran889.hdr.58",0.000129292
"889","ran889.hdr.59",-0.0001288
"889","ran889.hdr.6",-0.000145270000000001
"889","ran889.hdr.60",-0.0005679
"889","ran889.hdr.61",-0.00015663
"889","ran889.hdr.62",-0.0011658
"889","ran889.hdr.63",-0.0003058
"889","ran889.hdr.64",-0.000290670000000001
"889","ran889.hdr.65",-0.000075200000000001
"889","ran889.hdr.66",-0.0007215
"889","ran889.hdr.67",-0.0000222999999999994
"889","ran889.hdr.68",-0.0013792
"889","ran889.hdr.69",NA
"889","ran889.hdr.7",-0.0000556999999999988
"889","ran889.hdr.70",0.0000233799999999999
"889","ran889.hdr.71",0.00022582
"889","ran889.hdr.72",-0.00025328
"889","ran889.hdr.73",0.000268299999999999
"889","ran889.hdr.74",-0.0013828
"889","ran889.hdr.75",-0.001383
"889","ran889.hdr.76",-0.0023484
"889","ran889.hdr.77",-0.0013268
"889","ran889.hdr.78",-0.0018567
"889","ran889.hdr.8",-0.00093515
"889","ran889.hdr.9",-0.00066134
"890","ran890.hdr.1",-0.000597
"890","ran890.hdr.10",-0.00259746
"890","ran890.hdr.11",-0.0052846
"890","ran890.hdr.12",-0.000381399999999999
"890","ran890.hdr.13",-0.0000849000000000006
"890","ran890.hdr.14",-0.0000637999999999993
"890","ran890.hdr.15",-0.000602800000000001
"890","ran890.hdr.16",-0.0000149
"890","ran890.hdr.17",0.00058855
"890","ran890.hdr.18",-0.0000446999999999999
"890","ran890.hdr.19",-0.00021777
"890","ran890.hdr.2",-0.0000463000000000026
"890","ran890.hdr.20",-0.00013863
"890","ran890.hdr.21",-0.00016992
"890","ran890.hdr.22",0.000191719999999999
"890","ran890.hdr.23",0.0001871
"890","ran890.hdr.24",-0.000399699999999999
"890","ran890.hdr.25",-0.0005673
"890","ran890.hdr.26",0.0001869
"890","ran890.hdr.27",-0.00026025
"890","ran890.hdr.28",-0.00102123
"890","ran890.hdr.29",-0.000864889999999999
"890","ran890.hdr.3",0.0000850999999999977
"890","ran890.hdr.30",-0.000881099999999999
"890","ran890.hdr.31",-0.0003534
"890","ran890.hdr.32",-0.0005926
"890","ran890.hdr.33",-0.00020663
"890","ran890.hdr.34",-0.0002773
"890","ran890.hdr.35",-0.002522
"890","ran890.hdr.36",0.00051182
"890","ran890.hdr.37",-0.000148799999999999
"890","ran890.hdr.38",0.00020485
"890","ran890.hdr.39",-0.0010791
"890","ran890.hdr.4",-0.000149890000000001
"890","ran890.hdr.40",-0.000155240000000001
"890","ran890.hdr.41",-0.000875799999999999
"890","ran890.hdr.42",-0.0032627
"890","ran890.hdr.43",0.0000941999999999991
"890","ran890.hdr.44",0.00002453
"890","ran890.hdr.45",-0.00034168
"890","ran890.hdr.46",-0.00027737
"890","ran890.hdr.47",-0.000125399999999999
"890","ran890.hdr.48",-0.000773600000000003
"890","ran890.hdr.49",0.000856300000000001
"890","ran890.hdr.5",-0.0020013
"890","ran890.hdr.50",-0.0082206
"890","ran890.hdr.51",-0.000153199999999999
"890","ran890.hdr.52",-0.000522499999999999
"890","ran890.hdr.53",0.0000833999999999991
"890","ran890.hdr.54",-0.0023048
"890","ran890.hdr.55",-0.00022498
"890","ran890.hdr.56",-0.0030547
"890","ran890.hdr.57",-0.002475
"890","ran890.hdr.58",-0.000381660000000001
"890","ran890.hdr.59",0.000457099999999998
"890","ran890.hdr.6",0.000152000000000003
"890","ran890.hdr.60",-0.001074
"890","ran890.hdr.64",-0.0000596800000000012
"890","ran890.hdr.65",0.0000321000000000002
"890","ran890.hdr.66",-0.0034825
"890","ran890.hdr.67",-0.0004576
"890","ran890.hdr.68",-0.011466
"890","ran890.hdr.69",-0.0000829000000000003
"890","ran890.hdr.7",-0.002115
"890","ran890.hdr.70",-0.0001636
"890","ran890.hdr.71",-0.0010444
"890","ran890.hdr.72",-0.0026321
"890","ran890.hdr.73",0.0000759199999999993
"890","ran890.hdr.74",-0.0010098
"890","ran890.hdr.75",-0.0004049
"890","ran890.hdr.76",-0.0007229
"890","ran890.hdr.77",-0.0008746
"890","ran890.hdr.78",-0.0015057
"890","ran890.hdr.8",-0.0001004
"890","ran890.hdr.9",-0.0052326
"891","ran891.hdr.1",0.00000133999999999985
"891","ran891.hdr.10",-0.000507199999999999
"891","ran891.hdr.11",-0.0016948
"891","ran891.hdr.12",-0.0023044
"891","ran891.hdr.13",-0.0001706
"891","ran891.hdr.14",-0.0000713600000000003
"891","ran891.hdr.15",-0.0000582479999999999
"891","ran891.hdr.16",-0.00036672
"891","ran891.hdr.17",-0.000434459999999999
"891","ran891.hdr.18",-0.0011481
"891","ran891.hdr.19",-0.0013661
"891","ran891.hdr.2",-0.0012185
"891","ran891.hdr.20",0.0002489
"891","ran891.hdr.21",-0.0002961
"891","ran891.hdr.22",-0.0134706
"891","ran891.hdr.23",0.000241600000000002
"891","ran891.hdr.24",-0.0010564
"891","ran891.hdr.25",-0.0024132
"891","ran891.hdr.26",0.00018949
"891","ran891.hdr.27",-0.0000303999999999999
"891","ran891.hdr.28",-0.00026931
"891","ran891.hdr.29",-0.0025725
"891","ran891.hdr.3",-0.0000914000000000002
"891","ran891.hdr.30",-0.00107892
"891","ran891.hdr.31",-0.0000596799999999995
"891","ran891.hdr.32",0.0000686800000000007
"891","ran891.hdr.33",-0.000292799999999999
"891","ran891.hdr.34",-0.000359799999999999
"891","ran891.hdr.35",0.000657799999999997
"891","ran891.hdr.36",-0.0011965
"891","ran891.hdr.37",0.000205900000000002
"891","ran891.hdr.38",-0.0015268
"891","ran891.hdr.39",-0.0007758
"891","ran891.hdr.4",-0.000496299999999998
"891","ran891.hdr.40",-0.00015807
"891","ran891.hdr.41",-0.0003937
"891","ran891.hdr.42",NA
"891","ran891.hdr.43",-0.0004069
"891","ran891.hdr.44",0.000237399999999999
"891","ran891.hdr.45",0.000213999999999999
"891","ran891.hdr.46",-0.0015247
"891","ran891.hdr.47",-0.0004983
"891","ran891.hdr.48",-0.000720200000000001
"891","ran891.hdr.49",-0.0002384
"891","ran891.hdr.5",-0.001906
"891","ran891.hdr.50",-0.0005929
"891","ran891.hdr.51",-0.000688599999999999
"891","ran891.hdr.52",-0.0002693
"891","ran891.hdr.53",-0.0000128000000000003
"891","ran891.hdr.54",-0.0016044
"891","ran891.hdr.55",-0.0031055
"891","ran891.hdr.56",-0.000153
"891","ran891.hdr.57",-0.00044284
"891","ran891.hdr.58",-0.00212177
"891","ran891.hdr.59",0.00008457
"891","ran891.hdr.6",-0.001546
"891","ran891.hdr.62",-0.0004641
"891","ran891.hdr.63",-0.0012684
"891","ran891.hdr.64",-0.0002054
"891","ran891.hdr.65",0.000477
"891","ran891.hdr.66",-0.0027675
"891","ran891.hdr.67",-0.00048136
"891","ran891.hdr.68",0.000120899999999999
"891","ran891.hdr.69",-0.000315199999999998
"891","ran891.hdr.7",-0.00062661
"891","ran891.hdr.70",-0.0068051
"891","ran891.hdr.71",-0.0000303999999999999
"891","ran891.hdr.72",-0.0006637
"891","ran891.hdr.73",-0.0018219
"891","ran891.hdr.74",-0.0000153999999999987
"891","ran891.hdr.75",-0.00089669
"891","ran891.hdr.76",-0.0057067
"891","ran891.hdr.77",-0.0004317
"891","ran891.hdr.78",-0.0016978
"891","ran891.hdr.8",-0.0004419
"891","ran891.hdr.9",-0.000128
"892","ran892.hdr.1",-0.000220599999999998
"892","ran892.hdr.10",-0.00036672
"892","ran892.hdr.11",0.0000630499999999985
"892","ran892.hdr.12",-0.0000970999999999993
"892","ran892.hdr.13",-0.0000559799999999997
"892","ran892.hdr.14",-0.0000983000000000008
"892","ran892.hdr.15",-0.000345599999999998
"892","ran892.hdr.16",-0.000433899999999997
"892","ran892.hdr.17",-0.000379999999999998
"892","ran892.hdr.18",-0.000114
"892","ran892.hdr.19",-0.0045794
"892","ran892.hdr.2",-0.0001004
"892","ran892.hdr.20",-0.0013829
"892","ran892.hdr.21",0.00000603000000000062
"892","ran892.hdr.22",-0.00021302
"892","ran892.hdr.23",-0.00043048
"892","ran892.hdr.24",-0.00039436
"892","ran892.hdr.25",0.000128130000000001
"892","ran892.hdr.26",-0.000420199999999999
"892","ran892.hdr.27",0.00069544
"892","ran892.hdr.28",-0.000359199999999999
"892","ran892.hdr.29",-0.000411400000000003
"892","ran892.hdr.3",-0.0058169
"892","ran892.hdr.30",-0.000250599999999998
"892","ran892.hdr.31",-0.0001826
"892","ran892.hdr.32",-0.00073436
"892","ran892.hdr.33",-0.00032408
"892","ran892.hdr.34",-0.00018951
"892","ran892.hdr.35",-0.000332000000000001
"892","ran892.hdr.36",-0.000247559999999999
"892","ran892.hdr.37",-0.0017019
"892","ran892.hdr.38",-0.00030301
"892","ran892.hdr.39",0.000206599999999999
"892","ran892.hdr.4",-0.0013379
"892","ran892.hdr.40",-0.0002126
"892","ran892.hdr.41",-0.000522599999999998
"892","ran892.hdr.42",-0.0030178
"892","ran892.hdr.43",-0.000752999999999998
"892","ran892.hdr.44",-0.000211699999999999
"892","ran892.hdr.45",-0.000692699999999999
"892","ran892.hdr.46",-0.0010055
"892","ran892.hdr.47",0.00015927
"892","ran892.hdr.48",-0.00032122
"892","ran892.hdr.49",0.000121899999999999
"892","ran892.hdr.5",-0.00137783
"892","ran892.hdr.50",-0.00057312
"892","ran892.hdr.51",0.000195099999999998
"892","ran892.hdr.52",0.00019983
"892","ran892.hdr.53",-0.00018672
"892","ran892.hdr.54",0.0000281999999999999
"892","ran892.hdr.55",0.00033385
"892","ran892.hdr.56",-0.00022893
"892","ran892.hdr.57",-0.00000449999999999995
"892","ran892.hdr.59",-0.0000994599999999991
"892","ran892.hdr.6",-0.000549999999999998
"892","ran892.hdr.60",-0.0005448
"892","ran892.hdr.61",-0.0020934
"892","ran892.hdr.62",NA
"892","ran892.hdr.63",-0.0107924
"892","ran892.hdr.64",-0.0001002
"892","ran892.hdr.65",-0.00017847
"892","ran892.hdr.66",-0.0014755
"892","ran892.hdr.67",-0.0007712
"892","ran892.hdr.68",-0.00104738
"892","ran892.hdr.69",-0.000481499999999999
"892","ran892.hdr.7",-0.0000870999999999997
"892","ran892.hdr.70",-0.000841399999999999
"892","ran892.hdr.71",-0.0023812
"892","ran892.hdr.72",0.0001838
"892","ran892.hdr.73",0.000151800000000001
"892","ran892.hdr.74",0.0000450999999999993
"892","ran892.hdr.75",-0.0009914
"892","ran892.hdr.76",-0.000000800000000000453
"892","ran892.hdr.77",-0.0014027
"892","ran892.hdr.78",-0.0002331
"892","ran892.hdr.8",-0.000419360000000001
"892","ran892.hdr.9",-0.000539240000000002
"893","ran893.hdr.1",-0.00036043
"893","ran893.hdr.10",-0.00027193
"893","ran893.hdr.11",0.0000692099999999997
"893","ran893.hdr.12",-0.00037651
"893","ran893.hdr.13",-0.000409099999999999
"893","ran893.hdr.14",-0.0000854700000000007
"893","ran893.hdr.15",-0.000350699999999999
"893","ran893.hdr.16",-0.0000387000000000009
"893","ran893.hdr.17",-0.000356
"893","ran893.hdr.18",-0.0016942
"893","ran893.hdr.19",0.000588000000000002
"893","ran893.hdr.2",-0.000470690000000001
"893","ran893.hdr.20",-0.0017045
"893","ran893.hdr.21",-0.000352700000000001
"893","ran893.hdr.22",-0.0003254
"893","ran893.hdr.23",-0.0045505
"893","ran893.hdr.24",-0.00015958
"893","ran893.hdr.25",-0.0002915
"893","ran893.hdr.26",-0.0002773
"893","ran893.hdr.27",0.000801400000000001
"893","ran893.hdr.28",0.0000498999999999999
"893","ran893.hdr.29",-0.00024082
"893","ran893.hdr.3",-0.0003254
"893","ran893.hdr.30",-0.0049962
"893","ran893.hdr.31",-0.00018085
"893","ran893.hdr.32",-0.0015749
"893","ran893.hdr.33",-0.0017019
"893","ran893.hdr.34",-0.0022116
"893","ran893.hdr.35",-0.0001145
"893","ran893.hdr.36",-0.0010616
"893","ran893.hdr.37",-0.0022477
"893","ran893.hdr.38",0.0001741
"893","ran893.hdr.39",-0.0022656
"893","ran893.hdr.4",0.0000464599999999999
"893","ran893.hdr.40",-0.000982500000000001
"893","ran893.hdr.41",-0.000452599999999999
"893","ran893.hdr.42",-0.0073875
"893","ran893.hdr.43",-0.000514700000000002
"893","ran893.hdr.44",0.000113700000000001
"893","ran893.hdr.45",0.00019344
"893","ran893.hdr.46",-0.0000118100000000001
"893","ran893.hdr.47",-0.000180100000000001
"893","ran893.hdr.48",-0.0047786
"893","ran893.hdr.49",-0.0004577
"893","ran893.hdr.5",-0.0035075
"893","ran893.hdr.50",-0.00010756
"893","ran893.hdr.51",-0.00050929
"893","ran893.hdr.52",-0.000787200000000002
"893","ran893.hdr.53",-0.0003833
"893","ran893.hdr.55",-0.000492100000000002
"893","ran893.hdr.56",-0.000270299999999998
"893","ran893.hdr.57",-0.000737700000000001
"893","ran893.hdr.58",-0.0032377
"893","ran893.hdr.59",-0.00483893
"893","ran893.hdr.6",0.0000855000000000005
"893","ran893.hdr.60",-0.000775399999999999
"893","ran893.hdr.61",-0.000373099999999998
"893","ran893.hdr.62",-0.00018716
"893","ran893.hdr.63",-0.0000650900000000003
"893","ran893.hdr.64",-0.000914999999999999
"893","ran893.hdr.65",-0.0007905
"893","ran893.hdr.66",-0.0040697
"893","ran893.hdr.67",-0.000964700000000002
"893","ran893.hdr.68",-0.0007265
"893","ran893.hdr.69",-0.000256100000000002
"893","ran893.hdr.7",-0.00038711
"893","ran893.hdr.70",-0.0000153999999999987
"893","ran893.hdr.71",-0.0000461999999999997
"893","ran893.hdr.72",-0.0014673
"893","ran893.hdr.73",-0.00233944
"893","ran893.hdr.74",-0.000676700000000002
"893","ran893.hdr.75",-0.0018985
"893","ran893.hdr.76",-0.0046933
"893","ran893.hdr.77",-0.000748700000000001
"893","ran893.hdr.78",-0.0014428
"893","ran893.hdr.8",-0.000437670000000001
"893","ran893.hdr.9",-0.0000370000000000006
"894","ran894.hdr.1",-0.000739499999999999
"894","ran894.hdr.10",-0.00021
"894","ran894.hdr.11",0.0000280100000000002
"894","ran894.hdr.12",-0.00058509
"894","ran894.hdr.13",-0.000456600000000001
"894","ran894.hdr.14",-0.000508749999999999
"894","ran894.hdr.15",-0.0005643
"894","ran894.hdr.16",-0.00033671
"894","ran894.hdr.17",-0.0000976999999999992
"894","ran894.hdr.18",-0.0005171
"894","ran894.hdr.19",-0.000113727
"894","ran894.hdr.2",-0.0000463000000000026
"894","ran894.hdr.20",0.0000456699999999994
"894","ran894.hdr.21",-0.000994360000000001
"894","ran894.hdr.22",-0.00026376
"894","ran894.hdr.23",-0.0003435
"894","ran894.hdr.24",-0.000187900000000001
"894","ran894.hdr.25",-0.0033496
"894","ran894.hdr.26",-0.0014774
"894","ran894.hdr.27",-0.0007279
"894","ran894.hdr.28",-0.001862
"894","ran894.hdr.29",-0.0002906
"894","ran894.hdr.3",-0.00000898999999999995
"894","ran894.hdr.30",-0.00021087
"894","ran894.hdr.31",-0.000174299999999999
"894","ran894.hdr.32",-0.0084394
"894","ran894.hdr.33",0.000162000000000001
"894","ran894.hdr.34",-0.00001505
"894","ran894.hdr.35",-0.0001559
"894","ran894.hdr.36",-0.00016391
"894","ran894.hdr.37",-0.0000640999999999992
"894","ran894.hdr.38",-0.0000828099999999991
"894","ran894.hdr.39",-0.000464099999999999
"894","ran894.hdr.4",-0.0016743
"894","ran894.hdr.40",-0.00044134
"894","ran894.hdr.41",-0.0013929
"894","ran894.hdr.42",0.000144799999999999
"894","ran894.hdr.43",-0.00350844
"894","ran894.hdr.44",-0.0011609
"894","ran894.hdr.45",0.0003423
"894","ran894.hdr.46",-0.0005073
"894","ran894.hdr.47",-0.000152599999999999
"894","ran894.hdr.48",-0.0011115
"894","ran894.hdr.49",-0.000480400000000001
"894","ran894.hdr.5",-0.000119600000000001
"894","ran894.hdr.50",-0.0000294000000000006
"894","ran894.hdr.51",0.0000757000000000015
"894","ran894.hdr.52",0.000124560000000001
"894","ran894.hdr.53",-0.000810200000000001
"894","ran894.hdr.54",-0.0010275
"894","ran894.hdr.55",0.000045395
"894","ran894.hdr.56",-0.0000750999999999981
"894","ran894.hdr.57",-0.000436799999999998
"894","ran894.hdr.58",-0.0012528
"894","ran894.hdr.59",-0.0010527
"894","ran894.hdr.6",-0.0020013
"894","ran894.hdr.60",-0.000175950000000001
"894","ran894.hdr.61",-0.00010923
"894","ran894.hdr.62",-0.000568100000000002
"894","ran894.hdr.63",0.0000982199999999996
"894","ran894.hdr.64",0.0003446
"894","ran894.hdr.65",-0.000293069999999999
"894","ran894.hdr.66",-0.0041063
"894","ran894.hdr.67",-0.0073105
"894","ran894.hdr.68",0.00000142999999999931
"894","ran894.hdr.69",-0.000083200000000002
"894","ran894.hdr.7",-0.000225299999999998
"894","ran894.hdr.70",-0.00039282
"894","ran894.hdr.71",-0.00040548
"894","ran894.hdr.72",-0.000267199999999999
"894","ran894.hdr.73",-0.0004414
"894","ran894.hdr.74",0.0005168
"894","ran894.hdr.75",-0.00083164
"894","ran894.hdr.76",-0.0016911
"894","ran894.hdr.77",-0.0008768
"894","ran894.hdr.78",-0.000275039999999999
"894","ran894.hdr.8",-0.0032486
"894","ran894.hdr.9",-0.0056035
"895","ran895.hdr.1",-0.0010315
"895","ran895.hdr.10",-0.000446700000000001
"895","ran895.hdr.11",-0.00047554
"895","ran895.hdr.12",-0.000935750000000001
"895","ran895.hdr.13",-0.000516000000000001
"895","ran895.hdr.14",-0.0134706
"895","ran895.hdr.15",0.0000266299999999997
"895","ran895.hdr.16",-0.0005983
"895","ran895.hdr.17",-0.000646799999999999
"895","ran895.hdr.18",-0.0011183
"895","ran895.hdr.19",-0.000257800000000001
"895","ran895.hdr.2",0.000507800000000001
"895","ran895.hdr.20",-0.00031687
"895","ran895.hdr.21",0.0000328100000000012
"895","ran895.hdr.22",-0.0001248
"895","ran895.hdr.23",-0.000890400000000001
"895","ran895.hdr.24",-0.000191490000000001
"895","ran895.hdr.26",-0.000336700000000001
"895","ran895.hdr.27",-0.000450470000000001
"895","ran895.hdr.28",-0.000572599999999999
"895","ran895.hdr.29",-0.00041873
"895","ran895.hdr.3",-0.0011965
"895","ran895.hdr.30",-0.0012737
"895","ran895.hdr.31",0.0005539
"895","ran895.hdr.32",-0.0036419
"895","ran895.hdr.33",0.0006589
"895","ran895.hdr.34",-0.0004601
"895","ran895.hdr.35",0.0000578999999999996
"895","ran895.hdr.36",NA
"895","ran895.hdr.37",-0.000266000000000002
"895","ran895.hdr.38",-0.0001537
"895","ran895.hdr.39",0.0000540300000000001
"895","ran895.hdr.4",-0.000573799999999999
"895","ran895.hdr.40",0.0000149199999999999
"895","ran895.hdr.41",-0.000730900000000001
"895","ran895.hdr.42",-0.000136669999999998
"895","ran895.hdr.43",-0.000129839
"895","ran895.hdr.44",-0.00077464
"895","ran895.hdr.45",0.0000474899999999999
"895","ran895.hdr.46",-0.0011708
"895","ran895.hdr.47",-0.000599799999999999
"895","ran895.hdr.48",-0.0011511
"895","ran895.hdr.49",0.00000257936
"895","ran895.hdr.5",-0.000617699999999999
"895","ran895.hdr.50",-0.000106240000000001
"895","ran895.hdr.51",-0.000175700000000001
"895","ran895.hdr.52",-0.0000728099999999995
"895","ran895.hdr.53",-0.00289142
"895","ran895.hdr.55",-0.00040568
"895","ran895.hdr.56",0.0005349
"895","ran895.hdr.57",-0.0003339
"895","ran895.hdr.58",-0.000102700000000001
"895","ran895.hdr.59",-0.0010508
"895","ran895.hdr.6",-0.003143
"895","ran895.hdr.60",0.000632799999999999
"895","ran895.hdr.61",-0.01072144
"895","ran895.hdr.62",-0.0003826
"895","ran895.hdr.63",-0.0000291000000000007
"895","ran895.hdr.64",-0.0021629
"895","ran895.hdr.65",-0.0007712
"895","ran895.hdr.66",-0.000836699999999999
"895","ran895.hdr.67",0.000253999999999999
"895","ran895.hdr.68",-0.0014372
"895","ran895.hdr.69",-0.000316540000000001
"895","ran895.hdr.7",-0.0034598
"895","ran895.hdr.70",-0.000386900000000003
"895","ran895.hdr.71",0.000151800000000001
"895","ran895.hdr.72",-0.0007697
"895","ran895.hdr.73",-0.0006286
"895","ran895.hdr.74",-0.000600899999999998
"895","ran895.hdr.75",-0.0006976
"895","ran895.hdr.76",-0.0002483
"895","ran895.hdr.77",0.00013512
"895","ran895.hdr.78",-0.0006941
"895","ran895.hdr.8",-0.0000149
"895","ran895.hdr.9",-0.00010734
"896","ran896.hdr.1",-0.000326900000000001
"896","ran896.hdr.10",-0.0010879
"896","ran896.hdr.11",-0.000419360000000001
"896","ran896.hdr.12",-0.000198540000000001
"896","ran896.hdr.13",-0.0000622000000000001
"896","ran896.hdr.14",-0.000725689999999999
"896","ran896.hdr.15",-0.000954400000000001
"896","ran896.hdr.16",-0.0001224
"896","ran896.hdr.17",0.0003303
"896","ran896.hdr.18",-0.0004673
"896","ran896.hdr.19",0.0000675200000000006
"896","ran896.hdr.2",-0.0010315
"896","ran896.hdr.20",0.0002185
"896","ran896.hdr.21",-0.000667899999999999
"896","ran896.hdr.22",-0.0017674
"896","ran896.hdr.23",0.0000345999999999992
"896","ran896.hdr.24",-0.0008757
"896","ran896.hdr.25",-0.000846999999999997
"896","ran896.hdr.26",-0.000352700000000001
"896","ran896.hdr.27",0.00013487
"896","ran896.hdr.28",-0.00026931
"896","ran896.hdr.29",-0.0001771
"896","ran896.hdr.3",-0.0000103000000000013
"896","ran896.hdr.30",-0.000148799999999999
"896","ran896.hdr.31",-0.0001338
"896","ran896.hdr.32",0.0000741100000000005
"896","ran896.hdr.33",-0.000803500000000002
"896","ran896.hdr.34",0.0000928999999999999
"896","ran896.hdr.35",-0.0018523
"896","ran896.hdr.36",-0.00013584
"896","ran896.hdr.37",-0.00015807
"896","ran896.hdr.38",-0.000332000000000001
"896","ran896.hdr.39",-0.0000391499999999999
"896","ran896.hdr.4",-0.0020013
"896","ran896.hdr.40",-0.000247559999999999
"896","ran896.hdr.41",NA
"896","ran896.hdr.42",-0.000788499999999999
"896","ran896.hdr.43",-0.0001434
"896","ran896.hdr.44",-0.000917999999999999
"896","ran896.hdr.45",-0.000551099999999999
"896","ran896.hdr.46",-0.0071472
"896","ran896.hdr.47",-0.00119342
"896","ran896.hdr.48",0.00004863
"896","ran896.hdr.49",-0.0009494
"896","ran896.hdr.5",0.000367099999999999
"896","ran896.hdr.50",-0.000945399999999999
"896","ran896.hdr.51",-0.0025824
"896","ran896.hdr.52",-0.00188647
"896","ran896.hdr.53",-0.00050305
"896","ran896.hdr.54",0.0003446
"896","ran896.hdr.55",-0.000434199999999999
"896","ran896.hdr.56",-0.000102700000000001
"896","ran896.hdr.57",-0.000455400000000002
"896","ran896.hdr.58",0.000366500000000001
"896","ran896.hdr.59",0.000413299999999998
"896","ran896.hdr.6",-0.01541877
"896","ran896.hdr.60",-0.0107924
"896","ran896.hdr.61",0.000119899999999999
"896","ran896.hdr.62",-0.0007712
"896","ran896.hdr.63",0.000190600000000003
"896","ran896.hdr.64",-0.0006149
"896","ran896.hdr.65",-0.000226000000000001
"896","ran896.hdr.66",-0.000128400000000001
"896","ran896.hdr.67",-0.0027675
"896","ran896.hdr.68",-0.0039875
"896","ran896.hdr.69",-0.0096339
"896","ran896.hdr.7",-0.00058509
"896","ran896.hdr.70",-0.000134699999999998
"896","ran896.hdr.71",-0.000768900000000003
"896","ran896.hdr.72",0.0000622999999999995
"896","ran896.hdr.73",0.00038867
"896","ran896.hdr.74",-0.000276200000000001
"896","ran896.hdr.75",-0.0002688
"896","ran896.hdr.76",-0.0016911
"896","ran896.hdr.77",-0.001383
"896","ran896.hdr.78",-0.0014426
"896","ran896.hdr.8",-0.000358290000000001
"896","ran896.hdr.9",-0.0004828
"897","ran897.hdr.1",-0.000195000000000001
"897","ran897.hdr.10",-0.000301300000000001
"897","ran897.hdr.11",-0.00056426
"897","ran897.hdr.12",-0.0003795
"897","ran897.hdr.13",-0.000413510000000001
"897","ran897.hdr.14",-0.00036672
"897","ran897.hdr.15",-0.0006719
"897","ran897.hdr.16",0.000345099999999999
"897","ran897.hdr.17",-0.0002951
"897","ran897.hdr.18",-0.0025625
"897","ran897.hdr.19",-0.0012838
"897","ran897.hdr.2",-0.0003459
"897","ran897.hdr.20",-0.000288400000000001
"897","ran897.hdr.21",0.00000603000000000062
"897","ran897.hdr.22",0.000296680000000001
"897","ran897.hdr.23",-0.00026931
"897","ran897.hdr.24",-0.00026379
"897","ran897.hdr.25",-0.000468900000000001
"897","ran897.hdr.26",-0.0000683000000000003
"897","ran897.hdr.27",-0.0010791
"897","ran897.hdr.28",-0.000341280000000001
"897","ran897.hdr.29",-0.00033577
"897","ran897.hdr.3",-0.000203000000000002
"897","ran897.hdr.30",0.0000141299999999994
"897","ran897.hdr.31",-0.000216899999999999
"897","ran897.hdr.32",-0.0014853
"897","ran897.hdr.33",-0.0031592
"897","ran897.hdr.34",-0.00620406
"897","ran897.hdr.35",-0.000735299999999998
"897","ran897.hdr.36",-0.000349499999999999
"897","ran897.hdr.37",-0.00073436
"897","ran897.hdr.38",-0.00035637
"897","ran897.hdr.39",-0.000110499999999999
"897","ran897.hdr.4",-0.00010781
"897","ran897.hdr.40",-0.0011277
"897","ran897.hdr.41",-0.000464300000000001
"897","ran897.hdr.42",-0.000583800000000001
"897","ran897.hdr.43",-0.000616299999999997
"897","ran897.hdr.44",-0.00065478
"897","ran897.hdr.45",0.00003286
"897","ran897.hdr.46",-0.000329799999999998
"897","ran897.hdr.47",-0.0042545
"897","ran897.hdr.48",-0.0022371
"897","ran897.hdr.49",-0.0002693
"897","ran897.hdr.5",0.0000508000000000002
"897","ran897.hdr.50",0.00004863
"897","ran897.hdr.51",-0.000842700000000002
"897","ran897.hdr.52",-0.000137699999999999
"897","ran897.hdr.53",-0.0004577
"897","ran897.hdr.54",-0.000796399999999999
"897","ran897.hdr.55",-0.0000146
"897","ran897.hdr.56",-0.000787200000000002
"897","ran897.hdr.57",-0.0000834000000000008
"897","ran897.hdr.58",-0.000126399999999999
"897","ran897.hdr.59",0.000314700000000001
"897","ran897.hdr.6",-0.0021526
"897","ran897.hdr.60",-0.0013065
"897","ran897.hdr.61",-0.000350800000000002
"897","ran897.hdr.62",-0.0003435
"897","ran897.hdr.63",0.000228300000000001
"897","ran897.hdr.64",-0.000317599999999999
"897","ran897.hdr.65",-0.000417899999999999
"897","ran897.hdr.66",-0.000157000000000001
"897","ran897.hdr.67",0.00000899999999999859
"897","ran897.hdr.68",-0.000093939999999999
"897","ran897.hdr.69",-0.0000266999999999976
"897","ran897.hdr.7",-0.0054872
"897","ran897.hdr.70",0.0000759199999999993
"897","ran897.hdr.71",-0.000328200000000001
"897","ran897.hdr.72",-0.000596000000000003
"897","ran897.hdr.73",-0.000428600000000001
"897","ran897.hdr.74",-0.0000623000000000012
"897","ran897.hdr.75",-0.000605399999999999
"897","ran897.hdr.76",-0.0002991
"897","ran897.hdr.77",-0.0015872
"897","ran897.hdr.78",-0.0011342
"897","ran897.hdr.8",-0.0044934
"897","ran897.hdr.9",-0.00044229
"898","ran898.hdr.1",-0.00011916
"898","ran898.hdr.10",-0.0003446
"898","ran898.hdr.11",-0.000399699999999999
"898","ran898.hdr.12",-0.00036672
"898","ran898.hdr.13",-0.00012599
"898","ran898.hdr.14",-0.00026025
"898","ran898.hdr.15",-0.00082745
"898","ran898.hdr.16",-0.0019612
"898","ran898.hdr.17",0.00032532
"898","ran898.hdr.18",-0.000919
"898","ran898.hdr.19",0.000645400000000001
"898","ran898.hdr.2",-0.0004513
"898","ran898.hdr.20",-0.0009639
"898","ran898.hdr.21",-0.000846999999999997
"898","ran898.hdr.22",-0.0016027
"898","ran898.hdr.23",0.0000353899999999997
"898","ran898.hdr.24",-0.00023674
"898","ran898.hdr.25",-0.00039436
"898","ran898.hdr.26",-0.00035699
"898","ran898.hdr.27",-0.0000410300000000001
"898","ran898.hdr.28",-0.00044142
"898","ran898.hdr.29",-0.000341280000000001
"898","ran898.hdr.3",-0.0014426
"898","ran898.hdr.30",0.0005813
"898","ran898.hdr.31",-0.0000701
"898","ran898.hdr.32",-0.00636502
"898","ran898.hdr.33",-0.0010166
"898","ran898.hdr.34",-0.0013333
"898","ran898.hdr.35",-0.0051598
"898","ran898.hdr.36",-0.0009332
"898","ran898.hdr.37",0.00003065
"898","ran898.hdr.38",-0.000247559999999999
"898","ran898.hdr.39",-0.000830000000000001
"898","ran898.hdr.4",-0.0011071
"898","ran898.hdr.40",0.0000440000000000024
"898","ran898.hdr.41",0.000300599999999998
"898","ran898.hdr.42",-0.0025436
"898","ran898.hdr.43",-0.00081
"898","ran898.hdr.44",-0.000449600000000001
"898","ran898.hdr.45",0.00033123
"898","ran898.hdr.46",0.000137
"898","ran898.hdr.47",-0.0000128000000000003
"898","ran898.hdr.48",-0.0012528
"898","ran898.hdr.49",0.00004863
"898","ran898.hdr.5",-0.000197699999999999
"898","ran898.hdr.50",0.00003232
"898","ran898.hdr.51",-0.01111509
"898","ran898.hdr.52",-0.000971
"898","ran898.hdr.53",0.00028793
"898","ran898.hdr.55",0.000107299999999999
"898","ran898.hdr.56",0.000366500000000001
"898","ran898.hdr.57",-0.000380199999999997
"898","ran898.hdr.58",-0.0068252
"898","ran898.hdr.59",-0.000477
"898","ran898.hdr.6",-0.001546
"898","ran898.hdr.60",-0.0021629
"898","ran898.hdr.61",0.00024018
"898","ran898.hdr.62",-0.0001619
"898","ran898.hdr.63",-0.00017845
"898","ran898.hdr.64",-0.00672884
"898","ran898.hdr.65",-0.0000952000000000001
"898","ran898.hdr.66",-0.000201800000000002
"898","ran898.hdr.67",-0.000436499999999999
"898","ran898.hdr.68",-0.000550200000000001
"898","ran898.hdr.69",0.000268500000000001
"898","ran898.hdr.7",0.00000320000000000008
"898","ran898.hdr.70",-0.0009037
"898","ran898.hdr.71",-0.003046
"898","ran898.hdr.72",-0.000039273
"898","ran898.hdr.73",0.000001921
"898","ran898.hdr.74",0.00011249
"898","ran898.hdr.75",-0.0015886
"898","ran898.hdr.76",-0.000894099999999998
"898","ran898.hdr.77",-0.0019403
"898","ran898.hdr.78",-0.0006941
"898","ran898.hdr.8",-0.00047386
"898","ran898.hdr.9",-0.000032131
"899","ran899.hdr.1",-0.000142300000000001
"899","ran899.hdr.10",-0.0000648300000000001
"899","ran899.hdr.11",0.000290869999999999
"899","ran899.hdr.12",-0.000507199999999999
"899","ran899.hdr.13",-0.0001706
"899","ran899.hdr.14",0.0000191700000000006
"899","ran899.hdr.15",-0.0002471
"899","ran899.hdr.16",-0.0015955
"899","ran899.hdr.17",-0.0000559799999999997
"899","ran899.hdr.18",-0.0002961
"899","ran899.hdr.19",-0.000416400000000001
"899","ran899.hdr.2",-0.0016743
"899","ran899.hdr.20",0.00001413
"899","ran899.hdr.21",0.0001817
"899","ran899.hdr.22",-0.000415799999999997
"899","ran899.hdr.23",-0.000498100000000001
"899","ran899.hdr.24",-0.0011853
"899","ran899.hdr.25",-0.000288800000000001
"899","ran899.hdr.26",-0.000616499999999999
"899","ran899.hdr.27",-0.0006201
"899","ran899.hdr.28",-0.000258899999999999
"899","ran899.hdr.29",0.0004048
"899","ran899.hdr.3",0.000297800000000001
"899","ran899.hdr.30",-0.000777899999999998
"899","ran899.hdr.31",-0.000712399999999998
"899","ran899.hdr.32",-0.0017763
"899","ran899.hdr.33",0.000150900000000001
"899","ran899.hdr.34",-0.000844900000000001
"899","ran899.hdr.35",-0.000281700000000001
"899","ran899.hdr.36",-0.00023078
"899","ran899.hdr.37",-0.00015401
"899","ran899.hdr.38",-0.000041641
"899","ran899.hdr.39",0.0000553400000000001
"899","ran899.hdr.4",0.000118
"899","ran899.hdr.40",-0.000787299999999999
"899","ran899.hdr.41",0.0000239999999999997
"899","ran899.hdr.42",-0.0006496
"899","ran899.hdr.43",-0.00025843
"899","ran899.hdr.44",-0.0011545
"899","ran899.hdr.45",-0.000114100000000002
"899","ran899.hdr.46",-0.0018642
"899","ran899.hdr.47",0.000163300000000002
"899","ran899.hdr.48",0.0012629
"899","ran899.hdr.49",-0.0011399
"899","ran899.hdr.5",-0.00017145
"899","ran899.hdr.50",-0.00026183
"899","ran899.hdr.51",-0.0010527
"899","ran899.hdr.52",-0.0067332
"899","ran899.hdr.53",0.000449880000000001
"899","ran899.hdr.54",-0.0000717600000000006
"899","ran899.hdr.55",-0.00038213
"899","ran899.hdr.56",-0.00022903
"899","ran899.hdr.57",-0.0000955000000000001
"899","ran899.hdr.58",-0.000000799999999999586
"899","ran899.hdr.59",-0.000366499999999999
"899","ran899.hdr.6",-0.0030893
"899","ran899.hdr.60",0.0001308
"899","ran899.hdr.61",-0.000737700000000001
"899","ran899.hdr.62",-0.0102309
"899","ran899.hdr.63",0.000265019999999999
"899","ran899.hdr.64",0.000170999999999999
"899","ran899.hdr.65",-0.000971700000000001
"899","ran899.hdr.66",0.000324999999999999
"899","ran899.hdr.67",-0.0017715
"899","ran899.hdr.68",-0.000110100000000002
"899","ran899.hdr.69",0.0000888
"899","ran899.hdr.7",-0.0031124
"899","ran899.hdr.70",-0.00012416
"899","ran899.hdr.71",-0.000602399999999999
"899","ran899.hdr.72",-0.0005824
"899","ran899.hdr.73",-0.000454899999999998
"899","ran899.hdr.74",-0.0006286
"899","ran899.hdr.75",-0.00032338
"899","ran899.hdr.76",-0.003339
"899","ran899.hdr.77",-0.00119554
"899","ran899.hdr.78",-0.0030263
"899","ran899.hdr.8",0.0002982
"899","ran899.hdr.9",-0.0011219
"900","ran900.hdr.1",-0.0006856
"900","ran900.hdr.10",-0.0003059
"900","ran900.hdr.11",-0.000422980000000001
"900","ran900.hdr.12",-0.00012632
"900","ran900.hdr.13",-0.000710199999999999
"900","ran900.hdr.14",-0.000457879999999999
"900","ran900.hdr.15",-0.000657
"900","ran900.hdr.16",-0.000253800000000002
"900","ran900.hdr.17",-0.0017655
"900","ran900.hdr.18",-0.000257799999999999
"900","ran900.hdr.19",-0.000710000000000002
"900","ran900.hdr.2",0.0003899
"900","ran900.hdr.20",-0.000248100000000001
"900","ran900.hdr.21",-0.000454400000000001
"900","ran900.hdr.22",-0.0011163
"900","ran900.hdr.23",-0.0113291
"900","ran900.hdr.24",-0.0019493
"900","ran900.hdr.25",-0.00028719
"900","ran900.hdr.26",-0.0005877
"900","ran900.hdr.27",-0.0001764
"900","ran900.hdr.28",-0.000541900000000001
"900","ran900.hdr.29",-0.0031592
"900","ran900.hdr.3",-0.000226799999999999
"900","ran900.hdr.30",-0.0010324
"900","ran900.hdr.31",-0.000803359999999999
"900","ran900.hdr.32",-0.000803500000000002
"900","ran900.hdr.33",-0.00000899999999999859
"900","ran900.hdr.34",-0.00510713
"900","ran900.hdr.35",0.000234799999999999
"900","ran900.hdr.36",-0.0018523
"900","ran900.hdr.37",-0.000023421
"900","ran900.hdr.38",0.000361500000000001
"900","ran900.hdr.39",-0.0012739
"900","ran900.hdr.4",-0.000540269999999999
"900","ran900.hdr.40",0.000377580000000001
"900","ran900.hdr.41",-0.0015911
"900","ran900.hdr.42",-0.0022371
"900","ran900.hdr.43",-0.000377499999999999
"900","ran900.hdr.44",-0.000325299999999997
"900","ran900.hdr.45",-0.000334300000000001
"900","ran900.hdr.46",-0.000280989999999999
"900","ran900.hdr.47",-0.01111509
"900","ran900.hdr.48",0.000114
"900","ran900.hdr.49",-0.00048754
"900","ran900.hdr.5",NA
"900","ran900.hdr.50",0.000212799999999999
"900","ran900.hdr.51",-0.000141199999999999
"900","ran900.hdr.52",-0.00023275
"900","ran900.hdr.53",-0.0034825
"900","ran900.hdr.54",0.000543500000000001
"900","ran900.hdr.55",0.0001308
"900","ran900.hdr.56",-0.0012684
"900","ran900.hdr.57",-0.0000835000000000002
"900","ran900.hdr.58",-0.000290100000000001
"900","ran900.hdr.59",-0.0180869
"900","ran900.hdr.6",-0.01575819
"900","ran900.hdr.60",-0.0002054
"900","ran900.hdr.61",-0.001971
"900","ran900.hdr.62",-0.000485049999999999
"900","ran900.hdr.63",-0.0011783
"900","ran900.hdr.64",-0.000320829999999999
"900","ran900.hdr.65",-0.000420499999999999
"900","ran900.hdr.66",-0.000836699999999999
"900","ran900.hdr.67",-0.000834999999999999
"900","ran900.hdr.68",0.000450900000000001
"900","ran900.hdr.69",-0.0014372
"900","ran900.hdr.7",-0.0028486
"900","ran900.hdr.70",0.000116
"900","ran900.hdr.71",-0.0012116
"900","ran900.hdr.72",-0.0009914
"900","ran900.hdr.73",-0.0011974
"900","ran900.hdr.74",-0.000806600000000001
"900","ran900.hdr.75",-0.0018985
"900","ran900.hdr.76",-0.000733480000000001
"900","ran900.hdr.77",-0.000776900000000001
"900","ran900.hdr.78",-0.0015052
"900","ran900.hdr.8",-0.00061467
"900","ran900.hdr.9",-0.00044229
"901","ran901.hdr.1",-0.000739499999999999
"901","ran901.hdr.10",-0.00038553
"901","ran901.hdr.11",-0.000393909999999999
"901","ran901.hdr.12",-0.000515700000000001
"901","ran901.hdr.13",-0.0002021
"901","ran901.hdr.14",-0.000988359999999999
"901","ran901.hdr.15",-0.0002249
"901","ran901.hdr.16",-0.0025625
"901","ran901.hdr.17",-0.0013755
"901","ran901.hdr.18",-0.0011183
"901","ran901.hdr.19",-0.000554499999999999
"901","ran901.hdr.2",0.00069375
"901","ran901.hdr.20",-0.0014725
"901","ran901.hdr.21",-0.000515720000000001
"901","ran901.hdr.22",0.00013597
"901","ran901.hdr.23",0.000159899999999999
"901","ran901.hdr.24",-0.000376700000000001
"901","ran901.hdr.25",-0.000464099999999999
"901","ran901.hdr.26",-0.0032627
"901","ran901.hdr.27",-0.0000920000000000018
"901","ran901.hdr.28",-0.00033054
"901","ran901.hdr.29",-0.000803359999999999
"901","ran901.hdr.3",-0.000171609999999999
"901","ran901.hdr.30",-0.0007116
"901","ran901.hdr.31",-0.000975
"901","ran901.hdr.32",-0.000263599999999999
"901","ran901.hdr.33",-0.0005707
"901","ran901.hdr.34",-0.000189130000000001
"901","ran901.hdr.35",-0.00002191
"901","ran901.hdr.36",-0.00013712
"901","ran901.hdr.37",-0.000569900000000002
"901","ran901.hdr.38",-0.0016596
"901","ran901.hdr.39",-0.0007005
"901","ran901.hdr.4",-0.0005444
"901","ran901.hdr.40",0.00066033
"901","ran901.hdr.41",-0.0071472
"901","ran901.hdr.42",-0.00005857
"901","ran901.hdr.43",-0.0001508
"901","ran901.hdr.44",-0.000231500000000003
"901","ran901.hdr.45",-0.00062953
"901","ran901.hdr.46",0.0000306500000000001
"901","ran901.hdr.47",0.0000576000000000014
"901","ran901.hdr.48",-0.0005042
"901","ran901.hdr.49",0.0000568604
"901","ran901.hdr.5",-0.00013863
"901","ran901.hdr.50",-0.000932299999999999
"901","ran901.hdr.51",-0.000119059999999999
"901","ran901.hdr.52",-0.000193329999999999
"901","ran901.hdr.53",-0.00021611
"901","ran901.hdr.54",0.000032840000000001
"901","ran901.hdr.55",-0.0003833
"901","ran901.hdr.57",-0.000618499999999999
"901","ran901.hdr.58",-0.0000146999999999994
"901","ran901.hdr.59",-0.0004576
"901","ran901.hdr.6",-0.00042711
"901","ran901.hdr.60",-0.001222
"901","ran901.hdr.61",-0.000567400000000001
"901","ran901.hdr.62",-0.00018396
"901","ran901.hdr.63",-0.00000239999999999962
"901","ran901.hdr.64",-0.0017715
"901","ran901.hdr.65",-0.000854299999999999
"901","ran901.hdr.66",0.00014493
"901","ran901.hdr.67",-0.000112899999999999
"901","ran901.hdr.68",-0.0006
"901","ran901.hdr.69",-0.0010098
"901","ran901.hdr.7",0.0001871
"901","ran901.hdr.70",-0.0005562
"901","ran901.hdr.71",-0.000649899999999998
"901","ran901.hdr.72",-0.0005033
"901","ran901.hdr.73",0.0000502000000000002
"901","ran901.hdr.74",-0.0012012
"901","ran901.hdr.75",-0.0003557
"901","ran901.hdr.76",-0.001383
"901","ran901.hdr.77",-0.0016621
"901","ran901.hdr.78",-0.0003186
"901","ran901.hdr.8",-0.000142890000000001
"901","ran901.hdr.9",0.0000612500000000005
"902","ran902.hdr.1",-0.0003459
"902","ran902.hdr.10",-0.000617699999999999
"902","ran902.hdr.11",-0.000831800000000001
"902","ran902.hdr.12",-0.0052722
"902","ran902.hdr.13",-0.000458999999999999
"902","ran902.hdr.14",-0.0000787700000000001
"902","ran902.hdr.15",0.000283200000000001
"902","ran902.hdr.16",0.00016704
"902","ran902.hdr.17",-0.000679800000000001
"902","ran902.hdr.18",-0.0000976999999999992
"902","ran902.hdr.19",-0.00017451
"902","ran902.hdr.2",-0.00100715
"902","ran902.hdr.20",-0.000399699999999999
"902","ran902.hdr.21",-0.00025135
"902","ran902.hdr.22",-0.0011386
"902","ran902.hdr.23",-0.0000559799999999997
"902","ran902.hdr.24",-0.0013508
"902","ran902.hdr.25",-0.000864889999999999
"902","ran902.hdr.26",-0.000732400000000001
"902","ran902.hdr.27",-0.0000437000000000007
"902","ran902.hdr.28",-0.0016942
"902","ran902.hdr.29",-0.0015418
"902","ran902.hdr.3",0.00017973
"902","ran902.hdr.30",-0.0001574
"902","ran902.hdr.31",-0.000771500000000001
"902","ran902.hdr.32",-0.0019493
"902","ran902.hdr.33",-0.00014837
"902","ran902.hdr.34",-0.00035699
"902","ran902.hdr.35",-0.00031339
"902","ran902.hdr.36",-0.000643000000000001
"902","ran902.hdr.37",-0.0008652
"902","ran902.hdr.38",-0.0010033
"902","ran902.hdr.39",-0.000210999999999999
"902","ran902.hdr.4",-0.00018398
"902","ran902.hdr.40",0.000158699999999998
"902","ran902.hdr.41",-0.0009637
"902","ran902.hdr.42",-0.0002614
"902","ran902.hdr.43",-0.0011277
"902","ran902.hdr.44",-0.00002191
"902","ran902.hdr.45",-0.0000119000000000005
"902","ran902.hdr.46",-0.0016596
"902","ran902.hdr.47",-0.000688599999999999
"902","ran902.hdr.48",-0.000449600000000001
"902","ran902.hdr.49",-0.0010009
"902","ran902.hdr.5",-0.0004133
"902","ran902.hdr.50",0.000374129999999999
"902","ran902.hdr.51",-0.0014596
"902","ran902.hdr.52",-0.000837099999999999
"902","ran902.hdr.53",-0.00328849
"902","ran902.hdr.54",-0.000261600000000001
"902","ran902.hdr.55",-0.00022903
"902","ran902.hdr.56",0.000703110000000001
"902","ran902.hdr.57",-0.0000955000000000001
"902","ran902.hdr.58",-0.0010313
"902","ran902.hdr.59",-0.0010844
"902","ran902.hdr.6",-0.000621999999999998
"902","ran902.hdr.60",-0.00017091
"902","ran902.hdr.61",-0.000658
"902","ran902.hdr.62",-0.0034825
"902","ran902.hdr.63",0.0000675999999999993
"902","ran902.hdr.64",-0.0073105
"902","ran902.hdr.65",-0.000420499999999999
"902","ran902.hdr.66",0.00016178
"902","ran902.hdr.67",-0.000474
"902","ran902.hdr.68",-0.0006034
"902","ran902.hdr.69",-0.0002389
"902","ran902.hdr.7",-0.0053867
"902","ran902.hdr.70",-0.0007215
"902","ran902.hdr.71",-0.000949499999999999
"902","ran902.hdr.72",-0.0002583
"902","ran902.hdr.73",-0.000228699999999998
"902","ran902.hdr.74",-0.0001492
"902","ran902.hdr.75",-0.000039273
"902","ran902.hdr.76",-0.00033557
"902","ran902.hdr.77",-0.0023497
"902","ran902.hdr.78",-0.000880000000000002
"902","ran902.hdr.8",-0.0027813
"902","ran902.hdr.9",-0.0007133
"903","ran903.hdr.1",-0.0003713
"903","ran903.hdr.10",-0.0002021
"903","ran903.hdr.11",-0.0010992
"903","ran903.hdr.12",-0.000064207
"903","ran903.hdr.13",-0.0032234
"903","ran903.hdr.14",-0.00049628
"903","ran903.hdr.15",-0.000220930000000001
"903","ran903.hdr.16",-0.0016942
"903","ran903.hdr.17",0.00001738
"903","ran903.hdr.18",-0.002734
"903","ran903.hdr.19",-0.0008757
"903","ran903.hdr.2",-0.000654999999999999
"903","ran903.hdr.20",-0.0000985999999999973
"903","ran903.hdr.21",-0.0013895
"903","ran903.hdr.22",-0.000131599999999999
"903","ran903.hdr.23",-0.000551599999999999
"903","ran903.hdr.24",0.0002261
"903","ran903.hdr.25",-0.0012522
"903","ran903.hdr.26",-0.000747600000000001
"903","ran903.hdr.27",-0.0007861
"903","ran903.hdr.28",-0.0006546
"903","ran903.hdr.29",-0.000243760000000001
"903","ran903.hdr.3",-0.0028274
"903","ran903.hdr.30",0.00021165
"903","ran903.hdr.31",-0.00022523
"903","ran903.hdr.32",-0.0012418
"903","ran903.hdr.33",-0.0006265
"903","ran903.hdr.34",0.0000527999999999987
"903","ran903.hdr.35",-0.0019854
"903","ran903.hdr.36",-0.000803359999999999
"903","ran903.hdr.37",0.000387999999999999
"903","ran903.hdr.38",-0.000665599999999999
"903","ran903.hdr.39",-0.000469900000000001
"903","ran903.hdr.4",-0.000480399999999999
"903","ran903.hdr.40",-0.000478900000000001
"903","ran903.hdr.41",-0.000557099999999998
"903","ran903.hdr.42",0.0003162
"903","ran903.hdr.43",-0.000687
"903","ran903.hdr.44",NA
"903","ran903.hdr.45",-0.000491499999999999
"903","ran903.hdr.46",-0.0013244
"903","ran903.hdr.47",0.000163699999999999
"903","ran903.hdr.48",0.00012387
"903","ran903.hdr.49",-0.0011887
"903","ran903.hdr.5",-0.000507480000000001
"903","ran903.hdr.50",-0.000023311
"903","ran903.hdr.51",-0.0039113
"903","ran903.hdr.52",-0.000988299999999998
"903","ran903.hdr.53",-0.000274020000000001
"903","ran903.hdr.54",-0.002475
"903","ran903.hdr.55",-0.00022903
"903","ran903.hdr.56",0.0000491800000000011
"903","ran903.hdr.57",-0.0004198
"903","ran903.hdr.58",-0.0001829
"903","ran903.hdr.59",-0.000399399999999998
"903","ran903.hdr.6",0.00036382
"903","ran903.hdr.60",-0.000448199999999999
"903","ran903.hdr.61",-0.000247399999999998
"903","ran903.hdr.62",-0.0005393
"903","ran903.hdr.63",-0.000263810000000001
"903","ran903.hdr.64",-0.0000474999999999989
"903","ran903.hdr.65",0.000366500000000001
"903","ran903.hdr.66",-0.000955299999999999
"903","ran903.hdr.67",-0.0003231
"903","ran903.hdr.68",-0.000838799999999997
"903","ran903.hdr.69",-0.000808099999999999
"903","ran903.hdr.7",-0.000569899999999998
"903","ran903.hdr.70",-0.0011074
"903","ran903.hdr.71",-0.0014372
"903","ran903.hdr.72",0.000282600000000001
"903","ran903.hdr.73",-0.0012699
"903","ran903.hdr.74",0.00030567
"903","ran903.hdr.75",-0.0012116
"903","ran903.hdr.76",-0.0011974
"903","ran903.hdr.77",-0.000584000000000001
"903","ran903.hdr.78",-0.0016399
"903","ran903.hdr.8",0.0004928
"903","ran903.hdr.9",0.000114200000000002
"904","ran904.hdr.1",-0.000224699999999998
"904","ran904.hdr.10",-0.000232400000000001
"904","ran904.hdr.11",0.00037323
"904","ran904.hdr.12",-0.00039314
"904","ran904.hdr.13",-0.00037994
"904","ran904.hdr.14",-0.00032687
"904","ran904.hdr.15",-0.0003458
"904","ran904.hdr.16",-0.0011143
"904","ran904.hdr.17",-0.0000977999999999986
"904","ran904.hdr.18",-0.0010992
"904","ran904.hdr.19",-0.0002249
"904","ran904.hdr.2",-0.0018301
"904","ran904.hdr.20",-0.00049628
"904","ran904.hdr.21",-0.000779799999999999
"904","ran904.hdr.22",-0.00034688
"904","ran904.hdr.23",-0.0000983000000000008
"904","ran904.hdr.24",-0.0010564
"904","ran904.hdr.25",-0.000847199999999999
"904","ran904.hdr.26",-0.0011003
"904","ran904.hdr.27",-0.00020939
"904","ran904.hdr.28",-0.00043339
"904","ran904.hdr.29",-0.00158129
"904","ran904.hdr.3",-0.0027813
"904","ran904.hdr.30",0.000217599999999998
"904","ran904.hdr.31",0.000310099999999999
"904","ran904.hdr.32",-0.000554499999999999
"904","ran904.hdr.33",-0.0084394
"904","ran904.hdr.34",0.0001004
"904","ran904.hdr.35",-0.00046126
"904","ran904.hdr.36",-0.000576
"904","ran904.hdr.37",-0.000468900000000001
"904","ran904.hdr.38",-0.00044134
"904","ran904.hdr.39",-0.0011074
"904","ran904.hdr.4",-0.0001004
"904","ran904.hdr.40",0.0003423
"904","ran904.hdr.41",-0.0017371
"904","ran904.hdr.42",-0.001022
"904","ran904.hdr.43",-0.000616499999999999
"904","ran904.hdr.44",-0.000135
"904","ran904.hdr.45",-0.0013621
"904","ran904.hdr.46",-0.0009972
"904","ran904.hdr.47",-0.0013524
"904","ran904.hdr.48",-0.0005363
"904","ran904.hdr.49",0.000163300000000002
"904","ran904.hdr.5",-0.0048415
"904","ran904.hdr.50",-0.0011887
"904","ran904.hdr.51",-0.0010777
"904","ran904.hdr.52",-0.000846200000000002
"904","ran904.hdr.53",-0.004276
"904","ran904.hdr.54",-0.0010009
"904","ran904.hdr.55",-0.0001647
"904","ran904.hdr.56",-0.0031055
"904","ran904.hdr.57",-0.000332850000000001
"904","ran904.hdr.58",0.000133553
"904","ran904.hdr.59",-0.000366499999999999
"904","ran904.hdr.6",-0.0012405
"904","ran904.hdr.61",0.0000637999999999993
"904","ran904.hdr.62",-0.00029748
"904","ran904.hdr.63",-0.000162300000000001
"904","ran904.hdr.64",-0.000203699999999999
"904","ran904.hdr.65",-0.00095777
"904","ran904.hdr.66",-0.001222
"904","ran904.hdr.67",-0.0001288
"904","ran904.hdr.68",0.0000862399999999996
"904","ran904.hdr.69",-0.000854299999999999
"904","ran904.hdr.7",-0.0053473
"904","ran904.hdr.70",-0.000112899999999999
"904","ran904.hdr.71",-0.000201800000000002
"904","ran904.hdr.72",0.000106
"904","ran904.hdr.73",-0.0011679
"904","ran904.hdr.74",-0.000147399999999999
"904","ran904.hdr.75",-0.0000835999999999996
"904","ran904.hdr.76",-0.0012012
"904","ran904.hdr.77",-0.0014428
"904","ran904.hdr.78",-0.000678990000000001
"904","ran904.hdr.8",-0.00036891
"904","ran904.hdr.9",-0.0000845300000000002
"905","ran905.hdr.1",-0.00010092
"905","ran905.hdr.10",-0.000679800000000001
"905","ran905.hdr.11",0.000191719999999999
"905","ran905.hdr.12",-0.00016698
"905","ran905.hdr.13",-0.000713499999999999
"905","ran905.hdr.14",0.00016
"905","ran905.hdr.15",-0.0010992
"905","ran905.hdr.16",-0.000136260000000001
"905","ran905.hdr.17",0.00009183
"905","ran905.hdr.18",-0.0016952
"905","ran905.hdr.19",-0.001862
"905","ran905.hdr.2",-0.0013435
"905","ran905.hdr.20",-0.000318300000000001
"905","ran905.hdr.21",-0.0008757
"905","ran905.hdr.22",-0.000152300000000001
"905","ran905.hdr.23",0.00000329999999999948
"905","ran905.hdr.24",-0.0003961
"905","ran905.hdr.25",-0.000796499999999999
"905","ran905.hdr.26",-0.000108899999999999
"905","ran905.hdr.27",-0.00052088
"905","ran905.hdr.28",-0.0007518
"905","ran905.hdr.29",-0.00029017
"905","ran905.hdr.3",-0.000203000000000002
"905","ran905.hdr.30",-0.0014576
"905","ran905.hdr.31",0.000205900000000002
"905","ran905.hdr.32",-0.0010452
"905","ran905.hdr.33",-0.000730600000000001
"905","ran905.hdr.34",-0.0019572
"905","ran905.hdr.35",-0.0000245000000000002
"905","ran905.hdr.36",-0.0007461
"905","ran905.hdr.37",-0.000945600000000001
"905","ran905.hdr.38",0.000375199999999999
"905","ran905.hdr.39",-0.0002167
"905","ran905.hdr.4",-0.000325500000000003
"905","ran905.hdr.40",-0.000181300000000001
"905","ran905.hdr.41",-0.0001466
"905","ran905.hdr.42",-0.0016596
"905","ran905.hdr.43",-0.000154300000000003
"905","ran905.hdr.44",-0.000743199999999999
"905","ran905.hdr.45",0.0004708
"905","ran905.hdr.46",-0.00071791
"905","ran905.hdr.47",-0.000408800000000001
"905","ran905.hdr.48",-0.000610399999999999
"905","ran905.hdr.49",-0.0000128000000000003
"905","ran905.hdr.5",-0.0004513
"905","ran905.hdr.50",-0.0000644699999999996
"905","ran905.hdr.51",-0.0070655
"905","ran905.hdr.52",-0.0005269
"905","ran905.hdr.53",-0.0021164
"905","ran905.hdr.54",-0.0010297
"905","ran905.hdr.56",0.000129292
"905","ran905.hdr.57",-0.000763170000000001
"905","ran905.hdr.58",-0.000719200000000001
"905","ran905.hdr.59",-0.000138099999999999
"905","ran905.hdr.6",-0.0049685
"905","ran905.hdr.60",-0.0014307
"905","ran905.hdr.61",-0.000382200000000003
"905","ran905.hdr.62",-0.000581100000000001
"905","ran905.hdr.63",-0.00039478
"905","ran905.hdr.64",0.0000888
"905","ran905.hdr.65",-0.001084
"905","ran905.hdr.66",-0.000315199999999998
"905","ran905.hdr.67",-0.000187199999999998
"905","ran905.hdr.68",0.0001706
"905","ran905.hdr.69",-0.0021688
"905","ran905.hdr.7",-0.005219
"905","ran905.hdr.70",-0.0004732
"905","ran905.hdr.71",0.00032069
"905","ran905.hdr.72",-0.0038792
"905","ran905.hdr.73",-0.0024365
"905","ran905.hdr.74",-0.0011035
"905","ran905.hdr.75",-0.000578
"905","ran905.hdr.76",-0.0013547
"905","ran905.hdr.77",-0.00080927
"905","ran905.hdr.78",0.000196698
"905","ran905.hdr.8",-0.0000057098
"905","ran905.hdr.9",-0.000721199999999998
"906","ran906.hdr.1",-0.0008384
"906","ran906.hdr.10",-0.000349700000000001
"906","ran906.hdr.11",-0.00154022
"906","ran906.hdr.12",-0.000721199999999998
"906","ran906.hdr.13",-0.0002021
"906","ran906.hdr.14",-0.0010992
"906","ran906.hdr.15",-0.00036797
"906","ran906.hdr.16",-0.00047309
"906","ran906.hdr.17",-0.0032234
"906","ran906.hdr.18",-0.0017649
"906","ran906.hdr.19",-0.00049628
"906","ran906.hdr.2",-0.00449763
"906","ran906.hdr.20",-0.0008602
"906","ran906.hdr.21",-0.0003148
"906","ran906.hdr.22",-0.0001083
"906","ran906.hdr.23",-0.0012838
"906","ran906.hdr.24",-0.000206
"906","ran906.hdr.25",0.0002261
"906","ran906.hdr.26",-0.0014492
"906","ran906.hdr.27",-0.0000987999999999996
"906","ran906.hdr.28",-0.0008389
"906","ran906.hdr.29",-0.0005678
"906","ran906.hdr.3",0.00010741
"906","ran906.hdr.30",-0.0000439499999999998
"906","ran906.hdr.31",-0.0000994700000000008
"906","ran906.hdr.32",-0.00014131
"906","ran906.hdr.33",-0.0009823
"906","ran906.hdr.34",-0.0018846
"906","ran906.hdr.35",-0.0001826
"906","ran906.hdr.36",0.000033677
"906","ran906.hdr.37",-0.000399060000000001
"906","ran906.hdr.38",-0.00015038
"906","ran906.hdr.39",-0.000944
"906","ran906.hdr.4",-0.0054452
"906","ran906.hdr.40",-0.0010504
"906","ran906.hdr.41",-0.0003975
"906","ran906.hdr.42",-0.0010039
"906","ran906.hdr.43",0.000221300000000001
"906","ran906.hdr.44",-0.000389499999999999
"906","ran906.hdr.45",-0.000452599999999999
"906","ran906.hdr.46",-0.000107300000000001
"906","ran906.hdr.47",-0.0010055
"906","ran906.hdr.48",-0.0020892
"906","ran906.hdr.49",0.00015609
"906","ran906.hdr.5",-0.0109775
"906","ran906.hdr.50",-0.0023048
"906","ran906.hdr.51",-0.0000118100000000001
"906","ran906.hdr.52",-0.0014392
"906","ran906.hdr.53",-0.000486400000000001
"906","ran906.hdr.54",0.0000691835
"906","ran906.hdr.55",-0.0001373
"906","ran906.hdr.56",0.00005185
"906","ran906.hdr.57",-0.0046284
"906","ran906.hdr.58",0.00008457
"906","ran906.hdr.59",-0.000313409999999999
"906","ran906.hdr.6",-0.0037447
"906","ran906.hdr.60",-0.0001099
"906","ran906.hdr.61",-0.0015112
"906","ran906.hdr.62",-0.000513100000000002
"906","ran906.hdr.63",-0.000447699999999999
"906","ran906.hdr.64",-0.0107924
"906","ran906.hdr.65",-0.0011402
"906","ran906.hdr.66",0.0001554
"906","ran906.hdr.67",-0.0029365
"906","ran906.hdr.68",-0.0011074
"906","ran906.hdr.69",-0.000179800000000001
"906","ran906.hdr.7",-0.00061467
"906","ran906.hdr.70",-0.00203165
"906","ran906.hdr.71",-0.0010769
"906","ran906.hdr.72",-0.000550200000000001
"906","ran906.hdr.73",-0.000578
"906","ran906.hdr.74",-0.002875
"906","ran906.hdr.75",-0.0035566
"906","ran906.hdr.76",-0.00089669
"906","ran906.hdr.77",-0.0002483
"906","ran906.hdr.78",-0.000802599999999999
"906","ran906.hdr.8",0.00006535
"906","ran906.hdr.9",-0.00024357
"907","ran907.hdr.1",-0.000175400000000001
"907","ran907.hdr.10",0.0000928000000000005
"907","ran907.hdr.11",-0.00018564
"907","ran907.hdr.12",0.0005597
"907","ran907.hdr.13",-0.000438800000000001
"907","ran907.hdr.14",-0.0005371
"907","ran907.hdr.15",-0.00017451
"907","ran907.hdr.16",-0.000140099999999999
"907","ran907.hdr.17",-0.000419700000000002
"907","ran907.hdr.18",-0.000732
"907","ran907.hdr.19",-0.0003435
"907","ran907.hdr.2",-0.0002678
"907","ran907.hdr.20",-0.000187900000000001
"907","ran907.hdr.21",-0.000156700000000001
"907","ran907.hdr.22",-0.000418709999999999
"907","ran907.hdr.23",-0.0006546
"907","ran907.hdr.24",-0.0002773
"907","ran907.hdr.25",-0.000303699999999999
"907","ran907.hdr.26",0.0002039
"907","ran907.hdr.27",-0.000232900000000001
"907","ran907.hdr.28",0.00037395
"907","ran907.hdr.29",-0.0000373999999999999
"907","ran907.hdr.3",-0.00131489
"907","ran907.hdr.30",-0.00041873
"907","ran907.hdr.31",-0.000175300000000001
"907","ran907.hdr.32",-0.0072815
"907","ran907.hdr.33",-0.000804199999999998
"907","ran907.hdr.34",-0.000504299999999999
"907","ran907.hdr.35",-0.00019887
"907","ran907.hdr.36",-0.0007758
"907","ran907.hdr.37",-0.0001828
"907","ran907.hdr.38",-0.00011024
"907","ran907.hdr.39",-0.0023716
"907","ran907.hdr.4",-0.0025708
"907","ran907.hdr.40",-0.000584600000000001
"907","ran907.hdr.41",-0.000583800000000001
"907","ran907.hdr.42",-0.0015782
"907","ran907.hdr.43",-0.0013738
"907","ran907.hdr.44",-0.000688599999999999
"907","ran907.hdr.45",-0.0018642
"907","ran907.hdr.46",-0.00005857
"907","ran907.hdr.47",0.0001724
"907","ran907.hdr.48",-0.000280989999999999
"907","ran907.hdr.49",-0.000473700000000001
"907","ran907.hdr.5",-0.001544
"907","ran907.hdr.50",-0.0034143
"907","ran907.hdr.51",-0.000261600000000001
"907","ran907.hdr.52",-0.00155443
"907","ran907.hdr.53",0.0003353
"907","ran907.hdr.54",-0.0001829
"907","ran907.hdr.55",-0.000718900000000001
"907","ran907.hdr.56",-0.0013104
"907","ran907.hdr.57",-0.00095777
"907","ran907.hdr.58",-0.0003647
"907","ran907.hdr.59",-0.0011067
"907","ran907.hdr.6",-0.0026296
"907","ran907.hdr.60",-0.01280889
"907","ran907.hdr.61",-0.0021629
"907","ran907.hdr.62",-0.0003359
"907","ran907.hdr.63",0.0001323
"907","ran907.hdr.64",-0.000382200000000003
"907","ran907.hdr.65",-0.00179129
"907","ran907.hdr.66",0.0005693
"907","ran907.hdr.67",NA
"907","ran907.hdr.68",-0.000276200000000001
"907","ran907.hdr.69",-0.0004749
"907","ran907.hdr.7",-0.000154600000000001
"907","ran907.hdr.70",-0.000819
"907","ran907.hdr.71",-0.0002688
"907","ran907.hdr.72",-0.000630200000000001
"907","ran907.hdr.73",-0.0005749
"907","ran907.hdr.74",-0.001383
"907","ran907.hdr.75",-0.0009444
"907","ran907.hdr.76",-0.0010546
"907","ran907.hdr.77",-0.0022208
"907","ran907.hdr.78",-0.0003186
"907","ran907.hdr.8",-0.00039892
"907","ran907.hdr.9",-0.0006119
"908","ran908.hdr.1",-0.0014785
"908","ran908.hdr.10",-0.00036517
"908","ran908.hdr.11",0.0000659100000000006
"908","ran908.hdr.12",-0.0000582479999999999
"908","ran908.hdr.13",-0.0015955
"908","ran908.hdr.14",-0.000118400000000001
"908","ran908.hdr.15",-0.00036797
"908","ran908.hdr.16",-0.000934500000000001
"908","ran908.hdr.17",-0.001482
"908","ran908.hdr.18",-0.000473100000000001
"908","ran908.hdr.19",-0.0016211
"908","ran908.hdr.2",-0.0004317
"908","ran908.hdr.20",-0.0021765
"908","ran908.hdr.21",-0.000612299999999998
"908","ran908.hdr.22",0.00017578
"908","ran908.hdr.23",0.000161690000000001
"908","ran908.hdr.24",-0.00069048
"908","ran908.hdr.25",0.00005104
"908","ran908.hdr.26",-0.00026379
"908","ran908.hdr.27",0.000159899999999999
"908","ran908.hdr.28",-0.00018809
"908","ran908.hdr.29",-0.000292799999999999
"908","ran908.hdr.3",-0.000239700000000001
"908","ran908.hdr.30",-0.000420199999999999
"908","ran908.hdr.31",-0.0000960000000000023
"908","ran908.hdr.32",-0.003371
"908","ran908.hdr.33",-0.000136400000000002
"908","ran908.hdr.34",-0.000831499999999999
"908","ran908.hdr.35",-0.000154000000000001
"908","ran908.hdr.36",-0.000478900000000001
"908","ran908.hdr.37",-0.0023114
"908","ran908.hdr.38",0.0006535
"908","ran908.hdr.39",-0.0007461
"908","ran908.hdr.4",0.0000919000000000007
"908","ran908.hdr.40",-0.0015552
"908","ran908.hdr.41",-0.0005707
"908","ran908.hdr.42",0.00020773
"908","ran908.hdr.43",-0.0011836
"908","ran908.hdr.44",-0.0014504
"908","ran908.hdr.45",-0.0018642
"908","ran908.hdr.46",-0.000982500000000001
"908","ran908.hdr.47",0.000279399999999999
"908","ran908.hdr.48",0.0000338700000000001
"908","ran908.hdr.49",0.0000226999999999988
"908","ran908.hdr.5",-0.0021526
"908","ran908.hdr.50",-0.0000335399999999999
"908","ran908.hdr.51",-0.00155443
"908","ran908.hdr.52",-0.000932299999999999
"908","ran908.hdr.53",-0.000421599999999999
"908","ran908.hdr.54",-0.000796399999999999
"908","ran908.hdr.55",-0.0010767
"908","ran908.hdr.56",-0.0040008
"908","ran908.hdr.57",-0.000268079999999999
"908","ran908.hdr.59",-0.0004576
"908","ran908.hdr.6",-0.0037929
"908","ran908.hdr.60",-0.0013942
"908","ran908.hdr.61",-0.00194603
"908","ran908.hdr.62",0.000189000000000002
"908","ran908.hdr.63",-0.0011074
"908","ran908.hdr.64",-0.0003435
"908","ran908.hdr.65",0.0000729100000000007
"908","ran908.hdr.66",-0.0003058
"908","ran908.hdr.67",-0.0015712
"908","ran908.hdr.68",-0.0005272
"908","ran908.hdr.69",-0.0000595000000000005
"908","ran908.hdr.7",-0.000571100000000001
"908","ran908.hdr.70",-0.0000835999999999996
"908","ran908.hdr.71",-0.00025328
"908","ran908.hdr.72",-0.00029302
"908","ran908.hdr.73",-0.0015872
"908","ran908.hdr.74",-0.0008547
"908","ran908.hdr.75",-0.000688999999999999
"908","ran908.hdr.76",-0.00444969
"908","ran908.hdr.77",-0.0017455
"908","ran908.hdr.78",-0.000678990000000001
"908","ran908.hdr.8",-0.000374649999999999
"908","ran908.hdr.9",-0.00016992
"909","ran909.hdr.1",0.00000800000000000106
"909","ran909.hdr.10",-0.00227271
"909","ran909.hdr.11",-0.00032649
"909","ran909.hdr.12",0.000186599999999999
"909","ran909.hdr.13",-0.000571100000000001
"909","ran909.hdr.14",-0.000508749999999999
"909","ran909.hdr.15",-0.0010879
"909","ran909.hdr.16",-0.000506029999999999
"909","ran909.hdr.17",-0.00071959
"909","ran909.hdr.18",-0.000935750000000001
"909","ran909.hdr.19",-0.00016801
"909","ran909.hdr.2",-0.00040682
"909","ran909.hdr.20",-0.001862
"909","ran909.hdr.21",-0.0000786399999999996
"909","ran909.hdr.22",-0.0011926
"909","ran909.hdr.23",-0.00015562
"909","ran909.hdr.24",0.000056719
"909","ran909.hdr.25",-0.00037474
"909","ran909.hdr.26",-0.0023372
"909","ran909.hdr.27",-0.000114900000000001
"909","ran909.hdr.28",-0.000784
"909","ran909.hdr.29",-0.00180704
"909","ran909.hdr.3",-0.0004317
"909","ran909.hdr.30",-0.001081
"909","ran909.hdr.31",-0.00510713
"909","ran909.hdr.32",-0.000287379999999999
"909","ran909.hdr.33",-0.0002734
"909","ran909.hdr.34",0.0000920999999999995
"909","ran909.hdr.35",-0.00015807
"909","ran909.hdr.36",-0.000830000000000001
"909","ran909.hdr.37",-0.0021188
"909","ran909.hdr.38",0.000262999999999999
"909","ran909.hdr.39",-0.000360099999999999
"909","ran909.hdr.4",-0.000203000000000002
"909","ran909.hdr.40",-0.0002267
"909","ran909.hdr.41",-0.0018642
"909","ran909.hdr.42",-0.00071791
"909","ran909.hdr.43",-0.0011413
"909","ran909.hdr.44",-0.000691199999999999
"909","ran909.hdr.45",0.000374129999999999
"909","ran909.hdr.46",-0.0000673000000000028
"909","ran909.hdr.47",-0.000418910000000001
"909","ran909.hdr.48",-0.000270000000000001
"909","ran909.hdr.49",NA
"909","ran909.hdr.5",-0.0015948
"909","ran909.hdr.50",-0.000270960000000001
"909","ran909.hdr.51",-0.0000833800000000001
"909","ran909.hdr.52",-0.001848
"909","ran909.hdr.53",-0.000118309
"909","ran909.hdr.55",-0.0003339
"909","ran909.hdr.56",-0.000972200000000003
"909","ran909.hdr.57",-0.000964599999999999
"909","ran909.hdr.58",-0.0015428
"909","ran909.hdr.59",-0.00685775
"909","ran909.hdr.6",-0.0007518
"909","ran909.hdr.60",0.0000943000000000003
"909","ran909.hdr.61",-0.000663200000000001
"909","ran909.hdr.62",0.000667299999999999
"909","ran909.hdr.63",-0.0029365
"909","ran909.hdr.64",-0.000959399999999999
"909","ran909.hdr.65",-0.0014307
"909","ran909.hdr.66",-0.000388300000000001
"909","ran909.hdr.67",-0.000825300000000001
"909","ran909.hdr.68",-0.0010843
"909","ran909.hdr.69",-0.000481599999999999
"909","ran909.hdr.7",-0.0000525000000000005
"909","ran909.hdr.70",0.00015336
"909","ran909.hdr.71",-0.0012012
"909","ran909.hdr.72",-0.0027169
"909","ran909.hdr.73",-0.0016911
"909","ran909.hdr.74",-0.000766199999999998
"909","ran909.hdr.75",-0.0016949
"909","ran909.hdr.76",-0.0013154
"909","ran909.hdr.77",-0.0006976
"909","ran909.hdr.78",-0.000211899999999998
"909","ran909.hdr.8",0.00012763
"909","ran909.hdr.9",-0.0013747
"910","ran910.hdr.1",0.000177399999999999
"910","ran910.hdr.10",-0.00168994
"910","ran910.hdr.11",-0.000236699999999999
"910","ran910.hdr.12",-0.0008936
"910","ran910.hdr.13",-0.0015386
"910","ran910.hdr.14",-0.000395700000000002
"910","ran910.hdr.15",-0.00013863
"910","ran910.hdr.16",-0.0000253000000000007
"910","ran910.hdr.17",-0.0011382
"910","ran910.hdr.18",-0.000539240000000002
"910","ran910.hdr.19",0.00000960000000000023
"910","ran910.hdr.2",-0.000358239999999999
"910","ran910.hdr.20",0.0001871
"910","ran910.hdr.21",-0.0002961
"910","ran910.hdr.22",-0.00032312
"910","ran910.hdr.23",-0.0000437000000000007
"910","ran910.hdr.24",-0.0006205
"910","ran910.hdr.25",0.00028977
"910","ran910.hdr.26",-0.0075695
"910","ran910.hdr.27",-0.000435399999999999
"910","ran910.hdr.28",-0.0005906
"910","ran910.hdr.29",-0.0014492
"910","ran910.hdr.3",-0.0000525000000000005
"910","ran910.hdr.30",0.000640900000000002
"910","ran910.hdr.31",-0.00291982
"910","ran910.hdr.32",0.000316899999999998
"910","ran910.hdr.33",-0.0019572
"910","ran910.hdr.34",-0.0018962
"910","ran910.hdr.35",-0.0001545
"910","ran910.hdr.36",-0.000184700000000001
"910","ran910.hdr.37",-0.000623100000000001
"910","ran910.hdr.38",-0.0005269
"910","ran910.hdr.39",-0.000975
"910","ran910.hdr.4",-0.000296900000000001
"910","ran910.hdr.40",-0.0011277
"910","ran910.hdr.41",0.000300599999999998
"910","ran910.hdr.42",0.0000540300000000001
"910","ran910.hdr.43",-0.00013712
"910","ran910.hdr.44",-0.0000750999999999981
"910","ran910.hdr.45",0.0001191
"910","ran910.hdr.46",-0.0020349
"910","ran910.hdr.47",-0.0005872
"910","ran910.hdr.48",0.000583409999999999
"910","ran910.hdr.49",-0.0035087
"910","ran910.hdr.5",-0.0003254
"910","ran910.hdr.50",-0.0010499
"910","ran910.hdr.51",-0.0135865
"910","ran910.hdr.52",-0.00031891
"910","ran910.hdr.53",0.00028793
"910","ran910.hdr.54",-0.000369599999999999
"910","ran910.hdr.55",-0.0000363999999999989
"910","ran910.hdr.56",0.00037017
"910","ran910.hdr.57",0.00029457
"910","ran910.hdr.58",-0.00111662
"910","ran910.hdr.59",NA
"910","ran910.hdr.6",-0.0001004
"910","ran910.hdr.60",0.0000555099999999999
"910","ran910.hdr.61",0.00020232
"910","ran910.hdr.62",-0.000253400000000001
"910","ran910.hdr.65",-0.0000330300000000016
"910","ran910.hdr.66",0.000210399999999999
"910","ran910.hdr.67",-0.0041063
"910","ran910.hdr.68",-0.0000829000000000003
"910","ran910.hdr.69",-0.000110100000000002
"910","ran910.hdr.7",-0.0037976
"910","ran910.hdr.70",-0.000282500000000001
"910","ran910.hdr.71",-0.00039478
"910","ran910.hdr.72",-0.000361200000000001
"910","ran910.hdr.73",-0.0015557
"910","ran910.hdr.74",-0.000482799999999999
"910","ran910.hdr.75",-0.0012012
"910","ran910.hdr.76",-0.0016911
"910","ran910.hdr.77",-0.0013547
"910","ran910.hdr.78",-0.000399129999999999
"910","ran910.hdr.8",-0.0023
"910","ran910.hdr.9",-0.0013747
"911","ran911.hdr.1",-0.000142300000000001
"911","ran911.hdr.10",0.00000960000000000023
"911","ran911.hdr.11",-0.0000950400000000011
"911","ran911.hdr.12",-0.000725689999999999
"911","ran911.hdr.13",-0.000954400000000001
"911","ran911.hdr.14",-0.0010992
"911","ran911.hdr.15",0.000247599999999997
"911","ran911.hdr.16",-0.000864889999999999
"911","ran911.hdr.17",-0.0007074
"911","ran911.hdr.18",-0.0003257
"911","ran911.hdr.19",0.0001817
"911","ran911.hdr.2",0.0001936
"911","ran911.hdr.20",-0.000710000000000002
"911","ran911.hdr.21",-0.0023662
"911","ran911.hdr.22",-0.00045882
"911","ran911.hdr.23",-0.000288800000000001
"911","ran911.hdr.24",-0.000108899999999999
"911","ran911.hdr.25",-0.000257510000000001
"911","ran911.hdr.26",0.0000328100000000012
"911","ran911.hdr.27",-0.00022865
"911","ran911.hdr.28",-0.00130484
"911","ran911.hdr.29",0.0000686800000000007
"911","ran911.hdr.3",0.0000236000000000004
"911","ran911.hdr.30",-0.00022523
"911","ran911.hdr.31",0.000369429999999999
"911","ran911.hdr.32",0.00000750000000000056
"911","ran911.hdr.33",-0.00620406
"911","ran911.hdr.34",0.0006389
"911","ran911.hdr.35",-0.000184700000000001
"911","ran911.hdr.36",NA
"911","ran911.hdr.37",-0.0004022
"911","ran911.hdr.38",-0.0014927
"911","ran911.hdr.39",-0.0016634
"911","ran911.hdr.4",-0.000373100000000001
"911","ran911.hdr.40",-0.00057255
"911","ran911.hdr.41",0.000017699999999999
"911","ran911.hdr.42",-0.0000333999999999994
"911","ran911.hdr.43",-0.000507800000000001
"911","ran911.hdr.44",-0.0039113
"911","ran911.hdr.45",0.000121899999999999
"911","ran911.hdr.46",-0.00062953
"911","ran911.hdr.47",-0.00088741
"911","ran911.hdr.48",-0.0023898
"911","ran911.hdr.49",-0.000248099999999999
"911","ran911.hdr.5",-0.000653600000000001
"911","ran911.hdr.50",-0.0000134699999999998
"911","ran911.hdr.51",-0.000568100000000002
"911","ran911.hdr.52",-0.0040008
"911","ran911.hdr.55",-0.000492100000000002
"911","ran911.hdr.56",-0.00023275
"911","ran911.hdr.57",-0.000595
"911","ran911.hdr.58",-0.0012684
"911","ran911.hdr.59",-0.000425699999999999
"911","ran911.hdr.6",-0.0001738
"911","ran911.hdr.60",-0.0020502
"911","ran911.hdr.61",-0.00104738
"911","ran911.hdr.62",-0.000546500000000002
"911","ran911.hdr.63",-0.00016
"911","ran911.hdr.64",-0.000480599999999998
"911","ran911.hdr.65",-0.000674876
"911","ran911.hdr.66",-0.000157000000000001
"911","ran911.hdr.67",-0.0010023
"911","ran911.hdr.68",-0.0043812
"911","ran911.hdr.69",-0.0010098
"911","ran911.hdr.7",-0.000301300000000001
"911","ran911.hdr.70",0.0000233799999999999
"911","ran911.hdr.71",-0.0000481000000000006
"911","ran911.hdr.72",-0.0011097
"911","ran911.hdr.73",0.00000439999999999989
"911","ran911.hdr.74",-0.0013232
"911","ran911.hdr.75",-0.000871399999999998
"911","ran911.hdr.76",-0.000584000000000001
"911","ran911.hdr.77",-0.0003706
"911","ran911.hdr.78",0.000584100000000001
"911","ran911.hdr.8",0.000140100000000001
"911","ran911.hdr.9",-0.000446700000000001
"912","ran912.hdr.1",-0.000366200000000001
"912","ran912.hdr.10",-0.0002307
"912","ran912.hdr.11",-0.0023044
"912","ran912.hdr.12",-0.00126458
"912","ran912.hdr.13",-0.0000713600000000003
"912","ran912.hdr.14",-0.0005371
"912","ran912.hdr.15",-0.000242599999999999
"912","ran912.hdr.16",-0.000113727
"912","ran912.hdr.17",-0.000431160000000002
"912","ran912.hdr.18",-0.0008974
"912","ran912.hdr.19",-0.0134706
"912","ran912.hdr.2",-0.000849200000000001
"912","ran912.hdr.20",-0.0016769
"912","ran912.hdr.21",-0.00252268
"912","ran912.hdr.22",-0.0023332
"912","ran912.hdr.23",-0.000152100000000002
"912","ran912.hdr.24",-0.00032068
"912","ran912.hdr.25",-0.002239
"912","ran912.hdr.26",-0.0006158
"912","ran912.hdr.27",0.000200000000000001
"912","ran912.hdr.28",-0.00027682
"912","ran912.hdr.29",-0.000207189999999999
"912","ran912.hdr.3",-0.00010781
"912","ran912.hdr.30",-0.00000110000000000041
"912","ran912.hdr.31",-0.00665937
"912","ran912.hdr.32",-0.000709920000000001
"912","ran912.hdr.33",-0.0051598
"912","ran912.hdr.34",-0.00198339
"912","ran912.hdr.35",-0.0010452
"912","ran912.hdr.36",-0.0014502
"912","ran912.hdr.37",-0.0002734
"912","ran912.hdr.38",-0.00022876
"912","ran912.hdr.39",-0.000399060000000001
"912","ran912.hdr.4",-0.0020013
"912","ran912.hdr.40",-0.000691499999999998
"912","ran912.hdr.41",-0.0015749
"912","ran912.hdr.42",0.000814799999999999
"912","ran912.hdr.43",0.0006888
"912","ran912.hdr.44",-0.00112666
"912","ran912.hdr.45",-0.0016634
"912","ran912.hdr.46",-0.000522199999999999
"912","ran912.hdr.47",-0.001261
"912","ran912.hdr.48",-0.0018642
"912","ran912.hdr.49",-0.00250783
"912","ran912.hdr.5",0.0003963
"912","ran912.hdr.50",-0.001384
"912","ran912.hdr.51",0.000694520000000001
"912","ran912.hdr.52",-0.0015162
"912","ran912.hdr.53",-0.000842700000000002
"912","ran912.hdr.54",-0.000153
"912","ran912.hdr.55",-0.0004037
"912","ran912.hdr.56",0.0002778
"912","ran912.hdr.57",-0.0010822
"912","ran912.hdr.58",-0.00048754
"912","ran912.hdr.59",-0.000787200000000002
"912","ran912.hdr.6",-0.0061766
"912","ran912.hdr.62",-0.00012652
"912","ran912.hdr.63",-0.000728099999999999
"912","ran912.hdr.64",-0.000972200000000003
"912","ran912.hdr.65",-0.000520099999999999
"912","ran912.hdr.66",-0.000964599999999999
"912","ran912.hdr.67",0.00048652
"912","ran912.hdr.68",-0.0011402
"912","ran912.hdr.69",0.000285500000000001
"912","ran912.hdr.7",-0.0037447
"912","ran912.hdr.70",0.0000194084
"912","ran912.hdr.71",-0.000481499999999999
"912","ran912.hdr.72",-0.0021688
"912","ran912.hdr.73",-0.00093906
"912","ran912.hdr.74",-0.000890599999999998
"912","ran912.hdr.75",-0.0009751
"912","ran912.hdr.76",-0.000333699999999999
"912","ran912.hdr.77",-0.00028371
"912","ran912.hdr.78",-0.000318599999999999
"912","ran912.hdr.8",-0.001546
"912","ran912.hdr.9",-0.000422980000000001
"913","ran913.hdr.1",-0.0004317
"913","ran913.hdr.10",NA
"913","ran913.hdr.11",-0.00259746
"913","ran913.hdr.12",-0.0034399
"913","ran913.hdr.13",-0.00015088
"913","ran913.hdr.14",0.0000915600000000001
"913","ran913.hdr.15",-0.0004419
"913","ran913.hdr.16",-0.0000026400000000008
"913","ran913.hdr.17",-0.000807199999999999
"913","ran913.hdr.18",-0.0011382
"913","ran913.hdr.19",-0.0002877
"913","ran913.hdr.2",-0.0024371
"913","ran913.hdr.20",-0.0007302
"913","ran913.hdr.21",0.0002886
"913","ran913.hdr.22",-0.0010596
"913","ran913.hdr.23",-0.0002013
"913","ran913.hdr.24",0.000174039999999999
"913","ran913.hdr.25",-0.000948300000000003
"913","ran913.hdr.26",-0.000533099999999998
"913","ran913.hdr.27",-0.0011853
"913","ran913.hdr.28",0.000386200000000001
"913","ran913.hdr.29",-0.0002542
"913","ran913.hdr.3",-0.0026949
"913","ran913.hdr.30",-0.0000618800000000003
"913","ran913.hdr.31",-0.00013267
"913","ran913.hdr.32",-0.0000683000000000003
"913","ran913.hdr.33",-0.000191240000000001
"913","ran913.hdr.34",0.00019619
"913","ran913.hdr.35",-0.0000683100000000002
"913","ran913.hdr.36",-0.000722499999999997
"913","ran913.hdr.37",-0.000114900000000001
"913","ran913.hdr.38",-0.0107692
"913","ran913.hdr.39",-0.0019572
"913","ran913.hdr.4",-0.0013435
"913","ran913.hdr.40",-0.0005558
"913","ran913.hdr.41",-0.00023755
"913","ran913.hdr.42",0.000071100000000001
"913","ran913.hdr.43",-0.000247900000000001
"913","ran913.hdr.44",-0.000830000000000001
"913","ran913.hdr.45",-0.0004551
"913","ran913.hdr.46",0.000217800000000001
"913","ran913.hdr.47",-0.0001262
"913","ran913.hdr.48",-0.000569900000000002
"913","ran913.hdr.49",-0.0039113
"913","ran913.hdr.5",0.00069621
"913","ran913.hdr.50",-0.0098876
"913","ran913.hdr.51",-0.0024639
"913","ran913.hdr.52",-0.00042634
"913","ran913.hdr.53",-0.000136669999999998
"913","ran913.hdr.54",0.0000346000000000009
"913","ran913.hdr.55",-0.0001382
"913","ran913.hdr.56",0.000027885
"913","ran913.hdr.57",0.0000835000000000002
"913","ran913.hdr.58",-0.0001431
"913","ran913.hdr.59",-0.0018136
"913","ran913.hdr.6",-0.000310999999999999
"913","ran913.hdr.60",-0.000914999999999999
"913","ran913.hdr.61",0.000572
"913","ran913.hdr.62",-0.000164299999999999
"913","ran913.hdr.64",-0.000392199999999999
"913","ran913.hdr.65",-0.0004551
"913","ran913.hdr.66",-0.0013104
"913","ran913.hdr.67",0.000366500000000001
"913","ran913.hdr.68",-0.000221499999999999
"913","ran913.hdr.69",0.0002232
"913","ran913.hdr.7",0.0000546000000000001
"913","ran913.hdr.70",0.000149749999999999
"913","ran913.hdr.71",0.0000251000000000001
"913","ran913.hdr.72",-0.0007501
"913","ran913.hdr.73",-0.0000303999999999999
"913","ran913.hdr.74",-0.0012283
"913","ran913.hdr.75",-0.000401100000000001
"913","ran913.hdr.76",-0.0000214000000000013
"913","ran913.hdr.77",-0.00444969
"913","ran913.hdr.78",-0.0001402
"913","ran913.hdr.8",-0.0027813
"913","ran913.hdr.9",-0.000286100000000001
"914","ran914.hdr.1",-0.00040682
"914","ran914.hdr.10",-0.0003186
"914","ran914.hdr.11",0.000160479999999999
"914","ran914.hdr.12",-0.000602800000000001
"914","ran914.hdr.13",0.00010593
"914","ran914.hdr.14",-0.000508749999999999
"914","ran914.hdr.15",-0.00137783
"914","ran914.hdr.16",-0.000393299999999999
"914","ran914.hdr.17",0.000597690000000001
"914","ran914.hdr.18",-0.0000736000000000001
"914","ran914.hdr.19",-0.001482
"914","ran914.hdr.2",-0.000319699999999999
"914","ran914.hdr.20",-0.0017649
"914","ran914.hdr.21",-0.0008602
"914","ran914.hdr.22",-0.000919
"914","ran914.hdr.23",-0.0010563
"914","ran914.hdr.24",-0.000581499999999999
"914","ran914.hdr.25",-0.0002792
"914","ran914.hdr.26",-0.0012522
"914","ran914.hdr.27",-0.0004364
"914","ran914.hdr.28",0.00038818
"914","ran914.hdr.29",-0.000515720000000001
"914","ran914.hdr.3",-0.000239700000000001
"914","ran914.hdr.30",-0.0006335
"914","ran914.hdr.31",-0.00029017
"914","ran914.hdr.32",0.0000166000000000003
"914","ran914.hdr.33",0.000056719
"914","ran914.hdr.34",-0.000175300000000001
"914","ran914.hdr.35",-0.01715588
"914","ran914.hdr.36",-0.0096052
"914","ran914.hdr.37",-0.000777200000000002
"914","ran914.hdr.38",0.000246899999999998
"914","ran914.hdr.39",-0.000332000000000001
"914","ran914.hdr.4",-0.0004133
"914","ran914.hdr.40",-0.000944
"914","ran914.hdr.41",-0.000429500000000003
"914","ran914.hdr.42",-0.000463499999999999
"914","ran914.hdr.43",-0.0004551
"914","ran914.hdr.44",-0.0002132
"914","ran914.hdr.45",-0.000302700000000001
"914","ran914.hdr.46",0.000279400000000001
"914","ran914.hdr.47",-0.000107300000000001
"914","ran914.hdr.48",-0.000334300000000001
"914","ran914.hdr.49",-0.0000128000000000003
"914","ran914.hdr.5",-0.0007992
"914","ran914.hdr.50",-0.00057312
"914","ran914.hdr.51",-0.00027166
"914","ran914.hdr.52",-0.0009494
"914","ran914.hdr.53",-0.0023898
"914","ran914.hdr.54",-0.01768098
"914","ran914.hdr.55",-0.002475
"914","ran914.hdr.56",-0.00015901
"914","ran914.hdr.58",-0.000448199999999999
"914","ran914.hdr.59",-0.001153
"914","ran914.hdr.6",-0.0020771
"914","ran914.hdr.60",0.0000675999999999993
"914","ran914.hdr.61",-0.0000402400000000004
"914","ran914.hdr.62",-0.0012438
"914","ran914.hdr.63",-0.0017369
"914","ran914.hdr.64",-0.000242100000000002
"914","ran914.hdr.65",-0.00040548
"914","ran914.hdr.66",0.00000899999999999859
"914","ran914.hdr.67",-0.0009818
"914","ran914.hdr.68",-0.0043812
"914","ran914.hdr.69",-0.0012556
"914","ran914.hdr.7",-0.0043666
"914","ran914.hdr.70",-0.00124621
"914","ran914.hdr.71",-0.0000205499999999994
"914","ran914.hdr.72",-0.000420299999999998
"914","ran914.hdr.73",0.00030567
"914","ran914.hdr.74",-0.000720800000000001
"914","ran914.hdr.75",-0.0053353
"914","ran914.hdr.76",-0.0013547
"914","ran914.hdr.77",-0.0057067
"914","ran914.hdr.78",-0.000678990000000001
"914","ran914.hdr.8",-0.0030406
"914","ran914.hdr.9",-0.000236699999999999
"915","ran915.hdr.1",-0.0000470800000000006
"915","ran915.hdr.10",-0.0000976999999999992
"915","ran915.hdr.11",-0.00037651
"915","ran915.hdr.12",-0.000625899999999999
"915","ran915.hdr.13",-0.0000970999999999993
"915","ran915.hdr.14",-0.000385
"915","ran915.hdr.15",-0.000242599999999999
"915","ran915.hdr.16",0.00002439
"915","ran915.hdr.17",-0.0016211
"915","ran915.hdr.18",-0.0010122
"915","ran915.hdr.19",-0.0005666
"915","ran915.hdr.2",-0.004515
"915","ran915.hdr.20",0.0002092
"915","ran915.hdr.21",0.0001034
"915","ran915.hdr.22",-0.0006546
"915","ran915.hdr.23",0.0000345999999999992
"915","ran915.hdr.24",-0.000155240000000001
"915","ran915.hdr.25",-0.000191240000000001
"915","ran915.hdr.26",0.0000383999999999992
"915","ran915.hdr.27",-0.00044134
"915","ran915.hdr.28",-0.000572599999999999
"915","ran915.hdr.29",-0.0011713
"915","ran915.hdr.3",-0.0003254
"915","ran915.hdr.30",-0.0001782
"915","ran915.hdr.31",-0.000777200000000002
"915","ran915.hdr.32",-0.00510713
"915","ran915.hdr.33",-0.0034946
"915","ran915.hdr.34",-0.000533199999999998
"915","ran915.hdr.35",-0.0000657999999999995
"915","ran915.hdr.36",-0.0011052
"915","ran915.hdr.37",-0.0015552
"915","ran915.hdr.38",-0.000773600000000003
"915","ran915.hdr.39",0.0000144999999999989
"915","ran915.hdr.4",-0.00018871
"915","ran915.hdr.40",-0.00025843
"915","ran915.hdr.41",-0.000865139999999999
"915","ran915.hdr.42",-0.0002267
"915","ran915.hdr.43",0.000155499999999999
"915","ran915.hdr.44",-0.0007551
"915","ran915.hdr.45",-0.0000750999999999981
"915","ran915.hdr.46",-0.000988299999999998
"915","ran915.hdr.47",-0.000246700000000001
"915","ran915.hdr.48",0.0004708
"915","ran915.hdr.49",0.0000185000000000012
"915","ran915.hdr.5",-0.01280031
"915","ran915.hdr.50",0.0000683999999999997
"915","ran915.hdr.51",-0.000691199999999999
"915","ran915.hdr.52",0.0000849800000000001
"915","ran915.hdr.53",-0.0003459
"915","ran915.hdr.54",0.0004142
"915","ran915.hdr.55",-0.00031891
"915","ran915.hdr.56",-0.00013051
"915","ran915.hdr.57",-0.000652820000000001
"915","ran915.hdr.58",-0.000568100000000002
"915","ran915.hdr.59",-0.000217699999999999
"915","ran915.hdr.6",-0.005219
"915","ran915.hdr.60",-0.000492100000000002
"915","ran915.hdr.61",-0.0001829
"915","ran915.hdr.62",-0.0007846
"915","ran915.hdr.63",-0.000271400000000002
"915","ran915.hdr.64",-0.000618499999999999
"915","ran915.hdr.65",-0.0015112
"915","ran915.hdr.66",-0.000121599999999999
"915","ran915.hdr.67",-0.0008126
"915","ran915.hdr.68",0.00010536
"915","ran915.hdr.69",-0.000607500000000002
"915","ran915.hdr.7",-0.0042194
"915","ran915.hdr.70",-0.0076155
"915","ran915.hdr.71",-0.00124621
"915","ran915.hdr.72",-0.000052345
"915","ran915.hdr.73",-0.000454899999999998
"915","ran915.hdr.74",-0.000819
"915","ran915.hdr.75",0.0000821000000000016
"915","ran915.hdr.76",-0.0013071
"915","ran915.hdr.77",-0.0022866
"915","ran915.hdr.78",-0.000452500000000002
"915","ran915.hdr.8",0.0002886
"915","ran915.hdr.9",-0.000248699999999999
"916","ran916.hdr.1",-0.000272339999999999
"916","ran916.hdr.10",-0.0005643
"916","ran916.hdr.11",-0.0000582479999999999
"916","ran916.hdr.12",0.0000640999999999992
"916","ran916.hdr.13",-0.000341899999999999
"916","ran916.hdr.14",0.000449130000000001
"916","ran916.hdr.15",-0.00062684
"916","ran916.hdr.16",-0.0001814
"916","ran916.hdr.17",-0.0002792
"916","ran916.hdr.18",-0.0000682000000000009
"916","ran916.hdr.19",-0.000458800000000001
"916","ran916.hdr.2",0.0003348
"916","ran916.hdr.20",-0.00035699
"916","ran916.hdr.21",-0.00130484
"916","ran916.hdr.22",-0.00037474
"916","ran916.hdr.23",-0.000450470000000001
"916","ran916.hdr.24",0.00056407
"916","ran916.hdr.25",-0.0018846
"916","ran916.hdr.26",-0.0044356
"916","ran916.hdr.27",-0.000784
"916","ran916.hdr.28",-0.000358299999999999
"916","ran916.hdr.29",-0.0023487
"916","ran916.hdr.3",-0.0054532
"916","ran916.hdr.30",-0.001142
"916","ran916.hdr.31",-0.0011052
"916","ran916.hdr.32",-0.000617899999999998
"916","ran916.hdr.33",-0.0013524
"916","ran916.hdr.34",-0.0005428
"916","ran916.hdr.35",-0.00002191
"916","ran916.hdr.36",-0.000707100000000002
"916","ran916.hdr.37",-0.000402600000000001
"916","ran916.hdr.38",-0.0010616
"916","ran916.hdr.39",-0.0006786
"916","ran916.hdr.4",-0.00009361
"916","ran916.hdr.40",-0.000569200000000002
"916","ran916.hdr.41",-0.0010202
"916","ran916.hdr.42",-0.0011887
"916","ran916.hdr.43",NA
"916","ran916.hdr.44",-0.000452599999999999
"916","ran916.hdr.45",-0.000917300000000001
"916","ran916.hdr.46",-0.000576500000000001
"916","ran916.hdr.47",0.000121899999999999
"916","ran916.hdr.48",-0.0000673000000000028
"916","ran916.hdr.49",-0.000435700000000001
"916","ran916.hdr.5",-0.00117246
"916","ran916.hdr.50",-0.000162499999999999
"916","ran916.hdr.51",-0.000489199999999999
"916","ran916.hdr.52",-0.01111509
"916","ran916.hdr.53",0.00027009
"916","ran916.hdr.54",-0.000586400000000001
"916","ran916.hdr.55",0.000414589999999999
"916","ran916.hdr.57",-0.0005766
"916","ran916.hdr.58",-0.0001829
"916","ran916.hdr.59",-0.0013724
"916","ran916.hdr.6",-0.000432
"916","ran916.hdr.60",-0.0001099
"916","ran916.hdr.61",-0.0007711
"916","ran916.hdr.62",-0.0012684
"916","ran916.hdr.63",-0.00023539
"916","ran916.hdr.64",-0.0022371
"916","ran916.hdr.65",-0.0180869
"916","ran916.hdr.66",-0.000617400000000001
"916","ran916.hdr.67",-0.0000186000000000006
"916","ran916.hdr.68",-0.0046587
"916","ran916.hdr.69",-0.0012556
"916","ran916.hdr.7",-0.00061467
"916","ran916.hdr.70",-0.0006222
"916","ran916.hdr.71",-0.00087436
"916","ran916.hdr.72",-0.000204899999999999
"916","ran916.hdr.73",-0.0001492
"916","ran916.hdr.74",-0.00032338
"916","ran916.hdr.75",0.0000356999999999996
"916","ran916.hdr.76",-0.0011457
"916","ran916.hdr.77",-0.0000954000000000007
"916","ran916.hdr.78",-0.000578
"916","ran916.hdr.8",-0.0035262
"916","ran916.hdr.9",-0.00093515
"917","ran917.hdr.1",-0.0011152
"917","ran917.hdr.10",-0.000561900000000001
"917","ran917.hdr.11",-0.001162
"917","ran917.hdr.12",-0.000416400000000001
"917","ran917.hdr.13",-0.000934500000000001
"917","ran917.hdr.14",-0.0010476
"917","ran917.hdr.15",0.000494990000000001
"917","ran917.hdr.16",-0.0017674
"917","ran917.hdr.17",0.000193800000000001
"917","ran917.hdr.18",-0.0014586
"917","ran917.hdr.19",-0.0011853
"917","ran917.hdr.2",0.0005275
"917","ran917.hdr.20",-0.000288800000000001
"917","ran917.hdr.21",-0.000435399999999999
"917","ran917.hdr.22",-0.0012417
"917","ran917.hdr.23",-0.0045505
"917","ran917.hdr.24",-0.00023674
"917","ran917.hdr.25",0.000159899999999999
"917","ran917.hdr.26",-0.000359799999999999
"917","ran917.hdr.27",-0.00000790000000000166
"917","ran917.hdr.28",-0.0010877
"917","ran917.hdr.29",-0.000548
"917","ran917.hdr.3",0.000367099999999999
"917","ran917.hdr.30",-0.0015268
"917","ran917.hdr.31",-0.000295699999999999
"917","ran917.hdr.32",-0.000883700000000001
"917","ran917.hdr.33",-0.00023755
"917","ran917.hdr.34",0.000049999999999998
"917","ran917.hdr.35",-0.000757799999999999
"917","ran917.hdr.36",0.0008562
"917","ran917.hdr.37",-0.00027737
"917","ran917.hdr.38",0.00013281
"917","ran917.hdr.39",-0.0010094
"917","ran917.hdr.4",-0.0000253999999999983
"917","ran917.hdr.40",-0.00048092
"917","ran917.hdr.41",-0.000579200000000002
"917","ran917.hdr.42",-0.000291899999999999
"917","ran917.hdr.43",-0.0015782
"917","ran917.hdr.44",0.000373499999999999
"917","ran917.hdr.45",-0.0018642
"917","ran917.hdr.46",-0.0098876
"917","ran917.hdr.47",0.000512960000000001
"917","ran917.hdr.48",-0.0022371
"917","ran917.hdr.49",0.000267400000000001
"917","ran917.hdr.5",-0.000713199999999999
"917","ran917.hdr.50",0.000279399999999999
"917","ran917.hdr.51",0.0000683999999999997
"917","ran917.hdr.52",-0.0003459
"917","ran917.hdr.53",-0.000343609999999999
"917","ran917.hdr.54",-0.001416
"917","ran917.hdr.55",0.0000742100000000001
"917","ran917.hdr.56",-0.0001475
"917","ran917.hdr.57",0.0003412
"917","ran917.hdr.58",-0.0010723
"917","ran917.hdr.59",-0.0004198
"917","ran917.hdr.6",-0.00044199
"917","ran917.hdr.60",-0.00025195
"917","ran917.hdr.61",0.000032840000000001
"917","ran917.hdr.63",-0.000117300000000001
"917","ran917.hdr.64",-0.000972200000000003
"917","ran917.hdr.65",-0.000377200000000001
"917","ran917.hdr.66",-0.00194603
"917","ran917.hdr.67",-0.00056939
"917","ran917.hdr.68",-0.0037006
"917","ran917.hdr.69",0.000459899999999999
"917","ran917.hdr.7",-0.000374649999999999
"917","ran917.hdr.70",-0.0096339
"917","ran917.hdr.71",0.000514900000000002
"917","ran917.hdr.72",-0.0006286
"917","ran917.hdr.73",-0.0007229
"917","ran917.hdr.74",-0.0002688
"917","ran917.hdr.75",-0.0012116
"917","ran917.hdr.76",-0.000336199999999998
"917","ran917.hdr.77",-0.0012143
"917","ran917.hdr.78",-0.0006976
"917","ran917.hdr.8",-0.00020486
"917","ran917.hdr.9",-0.000021199999999999
"918","ran918.hdr.1",-0.000905800000000002
"918","ran918.hdr.10",-0.0000950400000000011
"918","ran918.hdr.11",-0.000292499999999999
"918","ran918.hdr.12",-0.0004673
"918","ran918.hdr.13",-0.000100910000000001
"918","ran918.hdr.14",-0.0004586
"918","ran918.hdr.15",-0.00020939
"918","ran918.hdr.16",-0.000682600000000002
"918","ran918.hdr.17",-0.000345599999999998
"918","ran918.hdr.18",-0.00019286
"918","ran918.hdr.19",-0.0007518
"918","ran918.hdr.2",-0.00036043
"918","ran918.hdr.20",-0.000267669999999999
"918","ran918.hdr.21",-0.00023674
"918","ran918.hdr.22",-0.00039436
"918","ran918.hdr.23",0.000435100000000001
"918","ran918.hdr.24",-0.000341280000000001
"918","ran918.hdr.25",-0.0000956499999999999
"918","ran918.hdr.26",-0.0001782
"918","ran918.hdr.27",-0.000643000000000001
"918","ran918.hdr.28",0.0008266
"918","ran918.hdr.29",-0.000348000000000001
"918","ran918.hdr.3",-0.0007992
"918","ran918.hdr.30",-0.000480399999999999
"918","ran918.hdr.31",-0.000140850000000001
"918","ran918.hdr.32",-0.00025136
"918","ran918.hdr.33",-0.0000700600000000003
"918","ran918.hdr.34",-0.0004972
"918","ran918.hdr.35",-0.0005269
"918","ran918.hdr.36",-0.0005632
"918","ran918.hdr.37",-0.000942499999999999
"918","ran918.hdr.38",-0.001261
"918","ran918.hdr.39",-0.0015204
"918","ran918.hdr.4",-0.000585499999999999
"918","ran918.hdr.40",-0.000404300000000002
"918","ran918.hdr.41",-0.0003823
"918","ran918.hdr.42",-0.00065478
"918","ran918.hdr.43",-0.000743199999999999
"918","ran918.hdr.44",-0.0071472
"918","ran918.hdr.45",-0.0000371
"918","ran918.hdr.46",0.0000833999999999991
"918","ran918.hdr.47",-0.0070655
"918","ran918.hdr.48",-0.0000420999999999998
"918","ran918.hdr.49",-0.0011708
"918","ran918.hdr.5",-0.00037472
"918","ran918.hdr.50",-0.00019336
"918","ran918.hdr.51",-0.00000449999999999995
"918","ran918.hdr.55",-0.000723700000000001
"918","ran918.hdr.56",-0.0000994599999999991
"918","ran918.hdr.57",-0.000392199999999999
"918","ran918.hdr.58",-0.00088812
"918","ran918.hdr.59",-0.0000829000000000003
"918","ran918.hdr.6",-0.000282099999999999
"918","ran918.hdr.60",-0.00016
"918","ran918.hdr.61",-0.0004568
"918","ran918.hdr.62",-0.000382200000000003
"918","ran918.hdr.63",-0.0000186000000000006
"918","ran918.hdr.64",-0.0013204
"918","ran918.hdr.65",-0.0005982
"918","ran918.hdr.66",-0.0000420399999999999
"918","ran918.hdr.67",0.000226200000000001
"918","ran918.hdr.68",0.000713800000000001
"918","ran918.hdr.69",-0.0011245
"918","ran918.hdr.7",-0.0000232874
"918","ran918.hdr.70",-0.00048659
"918","ran918.hdr.71",-0.000112299999999999
"918","ran918.hdr.72",-0.000389500000000001
"918","ran918.hdr.73",-0.000825300000000001
"918","ran918.hdr.74",0.000381340000000001
"918","ran918.hdr.75",-0.000871399999999998
"918","ran918.hdr.76",-0.0012116
"918","ran918.hdr.77",-0.000871300000000002
"918","ran918.hdr.78",0.000522700000000001
"918","ran918.hdr.8",0.00016113
"918","ran918.hdr.9",0.00000960000000000023
"919","ran919.hdr.1",-0.0003459
"919","ran919.hdr.10",-0.0004414
"919","ran919.hdr.11",-0.0000293999999999989
"919","ran919.hdr.12",-0.0004986
"919","ran919.hdr.13",-0.0009067
"919","ran919.hdr.14",-0.000534900000000001
"919","ran919.hdr.15",-0.0000801099999999996
"919","ran919.hdr.16",-0.0000977999999999986
"919","ran919.hdr.17",-0.0004066
"919","ran919.hdr.18",0.000062099999999999
"919","ran919.hdr.19",-0.00047309
"919","ran919.hdr.2",-0.000740699999999999
"919","ran919.hdr.20",-0.000934500000000001
"919","ran919.hdr.21",-0.00061751
"919","ran919.hdr.22",0.000380699999999999
"919","ran919.hdr.23",-0.000136260000000001
"919","ran919.hdr.24",-0.0007074
"919","ran919.hdr.25",-0.000377500000000001
"919","ran919.hdr.26",-0.0001574
"919","ran919.hdr.27",-0.0017674
"919","ran919.hdr.28",-0.0016211
"919","ran919.hdr.29",-0.00032068
"919","ran919.hdr.3",-0.0000346800000000005
"919","ran919.hdr.30",-0.0026503
"919","ran919.hdr.31",-0.0004445
"919","ran919.hdr.32",-0.002999
"919","ran919.hdr.33",0.0000192000000000005
"919","ran919.hdr.34",-0.000310999999999999
"919","ran919.hdr.35",-0.000336700000000001
"919","ran919.hdr.36",-0.0000985000000000014
"919","ran919.hdr.37",-0.0003797
"919","ran919.hdr.38",-0.0018031
"919","ran919.hdr.39",-0.00180704
"919","ran919.hdr.4",-0.0003713
"919","ran919.hdr.40",0.0000747000000000005
"919","ran919.hdr.41",-0.001081
"919","ran919.hdr.42",-0.00036563
"919","ran919.hdr.43",-0.00045297
"919","ran919.hdr.44",-0.00006938
"919","ran919.hdr.45",-0.00018951
"919","ran919.hdr.46",-0.00034168
"919","ran919.hdr.47",-0.0009637
"919","ran919.hdr.48",-0.0012954
"919","ran919.hdr.49",0.000221300000000001
"919","ran919.hdr.5",-0.0001004
"919","ran919.hdr.50",0.000308000000000003
"919","ran919.hdr.51",-0.0002047
"919","ran919.hdr.52",-0.000982500000000001
"919","ran919.hdr.53",-0.000206689999999999
"919","ran919.hdr.54",-0.0015911
"919","ran919.hdr.55",-0.000597900000000002
"919","ran919.hdr.56",-0.0009605
"919","ran919.hdr.57",-0.000395
"919","ran919.hdr.58",0.00009
"919","ran919.hdr.59",-0.0002095
"919","ran919.hdr.6",-0.00120107
"919","ran919.hdr.60",-0.000297500000000001
"919","ran919.hdr.61",0.000135199999999999
"919","ran919.hdr.62",-0.0000146999999999994
"919","ran919.hdr.63",-0.0001689
"919","ran919.hdr.64",-0.000964599999999999
"919","ran919.hdr.65",-0.0019575
"919","ran919.hdr.66",-0.0011885
"919","ran919.hdr.67",-0.00104738
"919","ran919.hdr.68",-0.000093939999999999
"919","ran919.hdr.69",-0.0003698
"919","ran919.hdr.7",-0.0037929
"919","ran919.hdr.70",-0.0007215
"919","ran919.hdr.71",-0.002342
"919","ran919.hdr.72",-0.000949499999999999
"919","ran919.hdr.73",-0.00124621
"919","ran919.hdr.74",0.000301900000000001
"919","ran919.hdr.75",-0.00038061
"919","ran919.hdr.76",0.000268299999999999
"919","ran919.hdr.77",-0.000252499999999999
"919","ran919.hdr.78",-0.0012699
"919","ran919.hdr.8",-0.0051698
"919","ran919.hdr.9",-0.000635699999999999
"920","ran920.hdr.1",-0.000345949999999999
"920","ran920.hdr.10",0.000488500000000001
"920","ran920.hdr.11",-0.00037472
"920","ran920.hdr.12",-0.0011219
"920","ran920.hdr.13",-0.000428030000000001
"920","ran920.hdr.14",-0.000358290000000001
"920","ran920.hdr.15",-0.0010879
"920","ran920.hdr.16",-0.0001542
"920","ran920.hdr.17",-0.00000805999999999984
"920","ran920.hdr.18",-0.00047309
"920","ran920.hdr.19",0.00015977
"920","ran920.hdr.2",0.000270199999999998
"920","ran920.hdr.20",-0.0000383099999999997
"920","ran920.hdr.21",-0.000130699999999999
"920","ran920.hdr.22",-0.0005795
"920","ran920.hdr.23",-0.000498100000000001
"920","ran920.hdr.24",-0.000230500000000002
"920","ran920.hdr.25",-0.0024132
"920","ran920.hdr.26",-0.000418709999999999
"920","ran920.hdr.27",-0.0000285499999999996
"920","ran920.hdr.28",-0.00141581
"920","ran920.hdr.29",NA
"920","ran920.hdr.3",-0.000310999999999999
"920","ran920.hdr.30",-0.0023372
"920","ran920.hdr.31",-0.000643000000000001
"920","ran920.hdr.32",-0.0012418
"920","ran920.hdr.33",0.00031847
"920","ran920.hdr.34",-0.000709920000000001
"920","ran920.hdr.35",-0.0010452
"920","ran920.hdr.36",0.000134200000000001
"920","ran920.hdr.37",-0.000250599999999998
"920","ran920.hdr.38",0.00034213
"920","ran920.hdr.39",-0.00073436
"920","ran920.hdr.4",-0.000637000000000002
"920","ran920.hdr.40",0.0002953
"920","ran920.hdr.41",0.000022900000000001
"920","ran920.hdr.42",-0.00035637
"920","ran920.hdr.43",-0.0010775
"920","ran920.hdr.44",0.000377029999999999
"920","ran920.hdr.45",-0.0011277
"920","ran920.hdr.46",-0.000720500000000002
"920","ran920.hdr.47",0.00020773
"920","ran920.hdr.48",-0.00041977
"920","ran920.hdr.49",-0.0000118100000000001
"920","ran920.hdr.5",-0.0014426
"920","ran920.hdr.50",-0.000564
"920","ran920.hdr.51",-0.0011044
"920","ran920.hdr.52",-0.000000799999999999586
"920","ran920.hdr.53",-0.000568100000000002
"920","ran920.hdr.54",-0.000119059999999999
"920","ran920.hdr.55",-0.000363600000000002
"920","ran920.hdr.56",0.000129292
"920","ran920.hdr.57",-0.0008126
"920","ran920.hdr.58",-0.0022371
"920","ran920.hdr.59",NA
"920","ran920.hdr.6",-0.000296900000000001
"920","ran920.hdr.60",-0.0011402
"920","ran920.hdr.61",-0.000350800000000002
"920","ran920.hdr.62",-0.0004568
"920","ran920.hdr.63",-0.0010023
"920","ran920.hdr.64",-0.0014372
"920","ran920.hdr.65",-0.0005272
"920","ran920.hdr.66",-0.0043812
"920","ran920.hdr.67",-0.0003493
"920","ran920.hdr.68",-0.00093906
"920","ran920.hdr.69",-0.0000153999999999987
"920","ran920.hdr.7",-0.0048415
"920","ran920.hdr.70",-0.0009277
"920","ran920.hdr.71",0.0003888
"920","ran920.hdr.72",-0.0011097
"920","ran920.hdr.73",0.00002271
"920","ran920.hdr.74",-0.000809499999999998
"920","ran920.hdr.75",-0.00050556
"920","ran920.hdr.76",-0.0004913
"920","ran920.hdr.77",-0.0023484
"920","ran920.hdr.78",-0.000806600000000001
"920","ran920.hdr.8",-0.00026622
"920","ran920.hdr.9",-0.0028486
"921","ran921.hdr.1",-0.0011152
"921","ran921.hdr.10",-0.0002415
"921","ran921.hdr.11",-0.0004688
"921","ran921.hdr.12",-0.000515700000000001
"921","ran921.hdr.13",-0.0000712300000000003
"921","ran921.hdr.14",-0.000151500000000001
"921","ran921.hdr.15",-0.001482
"921","ran921.hdr.16",-0.00015777
"921","ran921.hdr.17",0.0001478
"921","ran921.hdr.18",-0.0000169600000000003
"921","ran921.hdr.19",-0.0016211
"921","ran921.hdr.2",-0.0004317
"921","ran921.hdr.20",-0.0010173
"921","ran921.hdr.21",-0.000769800000000001
"921","ran921.hdr.22",-0.0008182
"921","ran921.hdr.23",-0.000345599999999998
"921","ran921.hdr.24",0.0002261
"921","ran921.hdr.25",-0.00032336
"921","ran921.hdr.26",0.000135099999999999
"921","ran921.hdr.27",0.00026201
"921","ran921.hdr.28",-0.0000626000000000012
"921","ran921.hdr.29",0.0000741100000000005
"921","ran921.hdr.3",-0.000310999999999999
"921","ran921.hdr.30",-0.00044134
"921","ran921.hdr.31",-0.0000891900000000003
"921","ran921.hdr.32",-0.0001159
"921","ran921.hdr.33",-0.00018951
"921","ran921.hdr.34",-0.0000142300000000005
"921","ran921.hdr.35",0.000368870000000001
"921","ran921.hdr.36",-0.0013695
"921","ran921.hdr.37",-0.000247789999999999
"921","ran921.hdr.38",0.00011464
"921","ran921.hdr.39",-0.000583
"921","ran921.hdr.4",-0.000621999999999998
"921","ran921.hdr.40",-0.0013621
"921","ran921.hdr.41",-0.000491499999999999
"921","ran921.hdr.42",-0.0004679
"921","ran921.hdr.43",-0.0026491
"921","ran921.hdr.44",-0.0000252999999999989
"921","ran921.hdr.45",-0.000598000000000001
"921","ran921.hdr.46",0.000856300000000001
"921","ran921.hdr.47",-0.000743199999999999
"921","ran921.hdr.48",0.0002582
"921","ran921.hdr.49",-0.0017799
"921","ran921.hdr.5",-0.0008068
"921","ran921.hdr.50",0.000189099999999999
"921","ran921.hdr.51",-0.0012793
"921","ran921.hdr.52",-0.0013068
"921","ran921.hdr.53",-0.0000256900000000001
"921","ran921.hdr.54",-0.0011511
"921","ran921.hdr.55",0.0000982199999999996
"921","ran921.hdr.56",-0.00025784
"921","ran921.hdr.57",-0.0004014
"921","ran921.hdr.58",-0.0043657
"921","ran921.hdr.59",-0.0019575
"921","ran921.hdr.6",-0.0002675
"921","ran921.hdr.60",0.0011488
"921","ran921.hdr.61",0.000342199999999999
"921","ran921.hdr.62",-0.0013364
"921","ran921.hdr.63",-0.000933400000000001
"921","ran921.hdr.64",-0.00040548
"921","ran921.hdr.65",-0.0005187
"921","ran921.hdr.66",-0.000692700000000001
"921","ran921.hdr.67",0.0000923
"921","ran921.hdr.68",-0.000949499999999999
"921","ran921.hdr.69",-0.000228699999999998
"921","ran921.hdr.7",0.0000925000000000023
"921","ran921.hdr.70",0.00013489
"921","ran921.hdr.71",-0.0005033
"921","ran921.hdr.72",-0.0012137
"921","ran921.hdr.73",-0.000198200000000001
"921","ran921.hdr.74",0.000326549999999999
"921","ran921.hdr.75",-0.0006096
"921","ran921.hdr.76",-0.00083164
"921","ran921.hdr.77",-0.000309
"921","ran921.hdr.78",-0.0007595
"921","ran921.hdr.8",-0.001546
"921","ran921.hdr.9",-0.000458999999999999
"922","ran922.hdr.1",-0.0023191
"922","ran922.hdr.10",0.0003303
"922","ran922.hdr.11",-0.000515700000000001
"922","ran922.hdr.12",-0.000242599999999999
"922","ran922.hdr.13",0.0002016
"922","ran922.hdr.14",-0.000651099999999998
"922","ran922.hdr.15",-0.001596
"922","ran922.hdr.16",-0.0002144
"922","ran922.hdr.17",-0.000435399999999999
"922","ran922.hdr.18",-0.0001099
"922","ran922.hdr.19",-0.000390400000000001
"922","ran922.hdr.2",-0.0037929
"922","ran922.hdr.20",-0.000458800000000001
"922","ran922.hdr.21",-0.0006158
"922","ran922.hdr.22",-0.00017819
"922","ran922.hdr.23",-0.00039436
"922","ran922.hdr.24",-0.000187100000000001
"922","ran922.hdr.25",-0.000292629999999999
"922","ran922.hdr.26",-0.000175300000000001
"922","ran922.hdr.27",-0.00000790000000000166
"922","ran922.hdr.28",-0.000777899999999998
"922","ran922.hdr.29",-0.0057768
"922","ran922.hdr.3",-0.0045035
"922","ran922.hdr.30",-0.00000106999999999972
"922","ran922.hdr.31",-0.0035614
"922","ran922.hdr.32",-0.000730600000000001
"922","ran922.hdr.33",-0.0049962
"922","ran922.hdr.34",-0.00029141
"922","ran922.hdr.35",-0.0013244
"922","ran922.hdr.36",0.0000578999999999996
"922","ran922.hdr.37",-0.00023755
"922","ran922.hdr.38",0.000246899999999998
"922","ran922.hdr.39",0.0000863599999999989
"922","ran922.hdr.4",-0.000248699999999999
"922","ran922.hdr.40",0.00011464
"922","ran922.hdr.41",-0.000975
"922","ran922.hdr.42",-0.0011052
"922","ran922.hdr.43",-0.0010775
"922","ran922.hdr.44",-0.0014027
"922","ran922.hdr.45",-0.0000485800000000003
"922","ran922.hdr.46",-0.00000561000000000008
"922","ran922.hdr.47",-0.0015836
"922","ran922.hdr.48",0.0000336799999999999
"922","ran922.hdr.49",-0.000377499999999999
"922","ran922.hdr.5",-0.0006119
"922","ran922.hdr.50",0.000012144
"922","ran922.hdr.51",-0.00029767
"922","ran922.hdr.52",-0.0011486
"922","ran922.hdr.53",-0.0013781
"922","ran922.hdr.54",0.000215399
"922","ran922.hdr.55",0.0001378
"922","ran922.hdr.56",-0.0001172
"922","ran922.hdr.57",-0.000103599999999999
"922","ran922.hdr.58",-0.0040008
"922","ran922.hdr.59",0.0000556099999999993
"922","ran922.hdr.6",-0.000315299999999999
"922","ran922.hdr.61",-0.0000596800000000012
"922","ran922.hdr.62",0.000232300000000001
"922","ran922.hdr.63",-0.000268299999999999
"922","ran922.hdr.64",0.000366500000000001
"922","ran922.hdr.65",-0.000675199999999997
"922","ran922.hdr.66",-0.000256870000000001
"922","ran922.hdr.67",-0.001831
"922","ran922.hdr.68",-0.0001385
"922","ran922.hdr.69",0.00000170000000000031
"922","ran922.hdr.7",-0.00030618
"922","ran922.hdr.70",-0.000201800000000002
"922","ran922.hdr.71",-0.000754080000000001
"922","ran922.hdr.72",-0.0004875
"922","ran922.hdr.73",-0.0005561
"922","ran922.hdr.74",-0.000458999999999998
"922","ran922.hdr.75",-0.000175900000000001
"922","ran922.hdr.76",-0.0005535
"922","ran922.hdr.77",-0.000580499999999999
"922","ran922.hdr.78",-0.0017455
"922","ran922.hdr.8",0.000286099999999997
"922","ran922.hdr.9",-0.0003143
"923","ran923.hdr.1",-0.000905800000000002
"923","ran923.hdr.10",0.000304829999999999
"923","ran923.hdr.11",-0.00038711
"923","ran923.hdr.12",-0.000602800000000001
"923","ran923.hdr.13",-0.0011219
"923","ran923.hdr.14",-0.000701999999999999
"923","ran923.hdr.15",0.000151200000000001
"923","ran923.hdr.16",0.00000845800000000001
"923","ran923.hdr.17",-0.0000204900000000002
"923","ran923.hdr.18",0.000276029999999999
"923","ran923.hdr.19",-0.00000325000000000065
"923","ran923.hdr.2",-0.0026949
"923","ran923.hdr.20",-0.0010992
"923","ran923.hdr.21",-0.0017045
"923","ran923.hdr.22",-0.000518899999999999
"923","ran923.hdr.23",-0.000825099999999999
"923","ran923.hdr.24",-0.0045505
"923","ran923.hdr.25",-0.00010679
"923","ran923.hdr.26",-0.00175568
"923","ran923.hdr.27",-0.000507499999999999
"923","ran923.hdr.28",0.0000383999999999992
"923","ran923.hdr.29",0.000180019999999999
"923","ran923.hdr.3",-0.0014413
"923","ran923.hdr.30",0.000336900000000001
"923","ran923.hdr.31",-0.000488699999999998
"923","ran923.hdr.32",-0.0023487
"923","ran923.hdr.33",0.0000537000000000003
"923","ran923.hdr.34",-0.0018962
"923","ran923.hdr.35",-0.000235339999999999
"923","ran923.hdr.36",-0.0024974
"923","ran923.hdr.37",-0.001126
"923","ran923.hdr.38",-0.000399060000000001
"923","ran923.hdr.39",-0.000924100000000001
"923","ran923.hdr.4",0.000228200000000001
"923","ran923.hdr.40",-0.000616299999999997
"923","ran923.hdr.41",-0.0018642
"923","ran923.hdr.42",-0.000846200000000002
"923","ran923.hdr.43",0.0005877
"923","ran923.hdr.44",0.0000920999999999995
"923","ran923.hdr.45",-0.000313399999999998
"923","ran923.hdr.46",-0.000408800000000001
"923","ran923.hdr.47",-0.0002693
"923","ran923.hdr.48",-0.0023439
"923","ran923.hdr.49",-0.0025824
"923","ran923.hdr.5",-0.00163709
"923","ran923.hdr.50",0.00047238
"923","ran923.hdr.51",-0.0000518599999999999
"923","ran923.hdr.52",-0.00022462
"923","ran923.hdr.53",-0.000568100000000002
"923","ran923.hdr.54",0.00008457
"923","ran923.hdr.55",-0.00016505
"923","ran923.hdr.56",-0.0010297
"923","ran923.hdr.58",-0.0013724
"923","ran923.hdr.59",-0.0034825
"923","ran923.hdr.6",NA
"923","ran923.hdr.60",0.000107299999999999
"923","ran923.hdr.61",-0.00017452
"923","ran923.hdr.62",-0.000184699999999999
"923","ran923.hdr.63",0.000265019999999999
"923","ran923.hdr.64",-0.0001542
"923","ran923.hdr.65",-0.000889800000000001
"923","ran923.hdr.66",-0.0005982
"923","ran923.hdr.67",0.0000832999999999997
"923","ran923.hdr.68",-0.0010023
"923","ran923.hdr.69",-0.0000374500000000014
"923","ran923.hdr.7",-0.0010404
"923","ran923.hdr.70",-0.0010098
"923","ran923.hdr.71",0.0000744000000000022
"923","ran923.hdr.72",-0.000596600000000001
"923","ran923.hdr.73",0.00011249
"923","ran923.hdr.74",-0.000794900000000001
"923","ran923.hdr.75",-0.000372399999999998
"923","ran923.hdr.76",-0.000407090000000001
"923","ran923.hdr.77",-0.0004913
"923","ran923.hdr.78",-0.0012544
"923","ran923.hdr.8",-0.00039892
"923","ran923.hdr.9",-0.0000411000000000005
"924","ran924.hdr.1",-0.000166100000000002
"924","ran924.hdr.10",-0.0010992
"924","ran924.hdr.11",-0.00161496
"924","ran924.hdr.12",-0.000348220000000002
"924","ran924.hdr.13",0.00032532
"924","ran924.hdr.14",-0.0011179
"924","ran924.hdr.15",-0.000862699999999999
"924","ran924.hdr.16",-0.00000310000000000002
"924","ran924.hdr.17",-0.00045882
"924","ran924.hdr.18",0.00016851
"924","ran924.hdr.19",-0.0024132
"924","ran924.hdr.2",-0.0003622
"924","ran924.hdr.20",0.000346600000000001
"924","ran924.hdr.21",-0.000508700000000001
"924","ran924.hdr.22",0.00025468
"924","ran924.hdr.23",-0.00029554
"924","ran924.hdr.24",0.000181499999999999
"924","ran924.hdr.25",-0.00044134
"924","ran924.hdr.26",-0.000572599999999999
"924","ran924.hdr.27",-0.0038148
"924","ran924.hdr.28",-0.000758200000000001
"924","ran924.hdr.29",-0.00620406
"924","ran924.hdr.3",-0.000225299999999998
"924","ran924.hdr.30",-0.000830900000000002
"924","ran924.hdr.31",-0.000831499999999999
"924","ran924.hdr.32",-0.0010666
"924","ran924.hdr.33",-0.000580199999999999
"924","ran924.hdr.34",0.0000324999999999995
"924","ran924.hdr.35",-0.00026302
"924","ran924.hdr.36",-0.0003975
"924","ran924.hdr.37",-0.0005707
"924","ran924.hdr.38",-0.002021
"924","ran924.hdr.39",0.000017699999999999
"924","ran924.hdr.4",-0.000437670000000001
"924","ran924.hdr.40",-0.0011836
"924","ran924.hdr.41",0.000255200000000001
"924","ran924.hdr.42",0.000447400000000001
"924","ran924.hdr.43",0.00002906
"924","ran924.hdr.44",0.0000832000000000003
"924","ran924.hdr.45",-0.0000973699999999998
"924","ran924.hdr.46",-0.0005222
"924","ran924.hdr.47",-0.000294639999999999
"924","ran924.hdr.48",-0.0030547
"924","ran924.hdr.49",-0.0025824
"924","ran924.hdr.5",-0.0000870999999999997
"924","ran924.hdr.50",-0.000551949999999999
"924","ran924.hdr.51",-0.00045368
"924","ran924.hdr.52",-0.00061173
"924","ran924.hdr.53",0.0000692499999999999
"924","ran924.hdr.54",-0.00022462
"924","ran924.hdr.56",-0.000117300000000001
"924","ran924.hdr.57",-0.0007711
"924","ran924.hdr.58",-0.0004551
"924","ran924.hdr.59",-0.0010508
"924","ran924.hdr.6",-0.0006677
"924","ran924.hdr.60",-0.000121599999999999
"924","ran924.hdr.61",-0.000425699999999999
"924","ran924.hdr.62",-0.0003647
"924","ran924.hdr.63",-0.0019575
"924","ran924.hdr.64",-0.0008071
"924","ran924.hdr.65",0.000119899999999999
"924","ran924.hdr.66",-0.0012721
"924","ran924.hdr.67",-0.0006034
"924","ran924.hdr.68",-0.0000303999999999999
"924","ran924.hdr.69",-0.00060945
"924","ran924.hdr.7",0.0001871
"924","ran924.hdr.70",-0.002342
"924","ran924.hdr.71",-0.0038792
"924","ran924.hdr.72",-0.0000212000000000007
"924","ran924.hdr.73",-0.0011974
"924","ran924.hdr.74",-0.0015872
"924","ran924.hdr.75",-0.0013233
"924","ran924.hdr.76",0.0000157000000000004
"924","ran924.hdr.77",-0.0014428
"924","ran924.hdr.78",-0.0002194
"924","ran924.hdr.8",-0.00029445
"924","ran924.hdr.9",-0.000832699999999999
"925","ran925.hdr.1",-0.0014785
"925","ran925.hdr.10",-0.000681099999999999
"925","ran925.hdr.11",-0.0000005000000000005
"925","ran925.hdr.12",0.000140100000000001
"925","ran925.hdr.13",-0.0006677
"925","ran925.hdr.14",-0.00026544
"925","ran925.hdr.15",-0.000320800000000001
"925","ran925.hdr.16",-0.000515700000000001
"925","ran925.hdr.17",0.0000865999999999992
"925","ran925.hdr.18",-0.0000854700000000007
"925","ran925.hdr.19",-0.000934500000000001
"925","ran925.hdr.2",-0.000166100000000002
"925","ran925.hdr.20",-0.0002013
"925","ran925.hdr.21",-0.00030432
"925","ran925.hdr.22",-0.0002951
"925","ran925.hdr.23",-0.000253800000000002
"925","ran925.hdr.24",-0.0012188
"925","ran925.hdr.25",-0.0016952
"925","ran925.hdr.26",-0.0002506
"925","ran925.hdr.27",-0.0002792
"925","ran925.hdr.28",-0.000747600000000001
"925","ran925.hdr.29",-0.0000794999999999997
"925","ran925.hdr.3",-0.000282899999999999
"925","ran925.hdr.30",-0.0004121
"925","ran925.hdr.31",0.000145640000000001
"925","ran925.hdr.32",-0.000213520000000001
"925","ran925.hdr.33",-0.00044142
"925","ran925.hdr.34",-0.000450470000000001
"925","ran925.hdr.35",-0.000175300000000001
"925","ran925.hdr.36",-0.0025053
"925","ran925.hdr.37",-0.000730600000000001
"925","ran925.hdr.38",-0.0000660000000000001
"925","ran925.hdr.39",-0.0030608
"925","ran925.hdr.4",0.0003686
"925","ran925.hdr.40",-0.000968999999999999
"925","ran925.hdr.41",-0.000287379999999999
"925","ran925.hdr.42",-0.000487100000000001
"925","ran925.hdr.43",0.000022900000000001
"925","ran925.hdr.44",-0.0005269
"925","ran925.hdr.45",-0.000104
"925","ran925.hdr.46",0.0003151
"925","ran925.hdr.47",-0.0002132
"925","ran925.hdr.48",-0.000583800000000001
"925","ran925.hdr.49",-0.000291899999999999
"925","ran925.hdr.5",0.0000271099999999986
"925","ran925.hdr.50",0.00004965
"925","ran925.hdr.51",-0.000306899999999999
"925","ran925.hdr.52",-0.000507800000000001
"925","ran925.hdr.53",-0.0027946
"925","ran925.hdr.54",-0.000137489
"925","ran925.hdr.55",0.000364099999999999
"925","ran925.hdr.56",-0.0005042
"925","ran925.hdr.57",-0.000456100000000001
"925","ran925.hdr.58",-0.000395
"925","ran925.hdr.6",-0.00029399
"925","ran925.hdr.61",-0.0000834000000000008
"925","ran925.hdr.62",-0.0000994599999999991
"925","ran925.hdr.63",-0.000477600000000002
"925","ran925.hdr.64",NA
"925","ran925.hdr.65",-0.000194100000000003
"925","ran925.hdr.66",-0.000959399999999999
"925","ran925.hdr.67",-0.000266830000000001
"925","ran925.hdr.68",-0.000128400000000001
"925","ran925.hdr.69",-0.0011658
"925","ran925.hdr.7",-0.0002272
"925","ran925.hdr.70",-0.0002646
"925","ran925.hdr.71",-0.00203165
"925","ran925.hdr.72",-0.00006251
"925","ran925.hdr.73",-0.000436499999999999
"925","ran925.hdr.74",-0.000871399999999998
"925","ran925.hdr.75",-0.0027169
"925","ran925.hdr.76",-0.0013233
"925","ran925.hdr.77",-0.0001776
"925","ran925.hdr.78",-0.0006941
"925","ran925.hdr.8",-0.0000149
"925","ran925.hdr.9",NA
"926","ran926.hdr.1",-0.000154699999999999
"926","ran926.hdr.10",-0.0000637999999999993
"926","ran926.hdr.11",-0.00062661
"926","ran926.hdr.12",-0.000602800000000001
"926","ran926.hdr.13",-0.000437670000000001
"926","ran926.hdr.14",-0.000349700000000001
"926","ran926.hdr.15",-0.000428030000000001
"926","ran926.hdr.16",-0.00137783
"926","ran926.hdr.17",-0.00012599
"926","ran926.hdr.18",-0.00026544
"926","ran926.hdr.19",-0.000118400000000001
"926","ran926.hdr.2",-0.00119054
"926","ran926.hdr.20",-0.000419700000000002
"926","ran926.hdr.21",-0.000136260000000001
"926","ran926.hdr.22",-0.000881099999999999
"926","ran926.hdr.23",-0.000220930000000001
"926","ran926.hdr.24",-0.000727600000000002
"926","ran926.hdr.25",-0.0013259
"926","ran926.hdr.26",-0.000438299999999999
"926","ran926.hdr.27",-0.000256040000000001
"926","ran926.hdr.28",-0.000110299999999999
"926","ran926.hdr.29",-0.000385699999999999
"926","ran926.hdr.3",0.000000199999999998812
"926","ran926.hdr.30",-0.0016281
"926","ran926.hdr.31",0.000223299999999999
"926","ran926.hdr.32",-0.00019445
"926","ran926.hdr.33",-0.000336700000000001
"926","ran926.hdr.34",-0.00010144
"926","ran926.hdr.35",-0.00041873
"926","ran926.hdr.36",-0.000784
"926","ran926.hdr.37",-0.000709920000000001
"926","ran926.hdr.38",-0.000348000000000001
"926","ran926.hdr.39",-0.001022
"926","ran926.hdr.4",-0.000849200000000001
"926","ran926.hdr.40",-0.0010775
"926","ran926.hdr.41",-0.0014594
"926","ran926.hdr.42",-0.00018774
"926","ran926.hdr.43",-0.000730900000000001
"926","ran926.hdr.44",-0.000404300000000002
"926","ran926.hdr.45",-0.0000563199999999995
"926","ran926.hdr.46",0.0000894300000000002
"926","ran926.hdr.47",-0.000713800000000001
"926","ran926.hdr.48",0.000121899999999999
"926","ran926.hdr.49",-0.000280989999999999
"926","ran926.hdr.5",0.00000720000000000061
"926","ran926.hdr.50",-0.0047786
"926","ran926.hdr.51",-0.000212240000000001
"926","ran926.hdr.52",-0.00045368
"926","ran926.hdr.53",-0.0011708
"926","ran926.hdr.54",0.0002728
"926","ran926.hdr.55",0.0002778
"926","ran926.hdr.56",-0.00050929
"926","ran926.hdr.58",-0.000618499999999999
"926","ran926.hdr.59",0.0001806
"926","ran926.hdr.6",-0.0033457
"926","ran926.hdr.60",-0.0020934
"926","ran926.hdr.61",-0.00017358
"926","ran926.hdr.62",-0.0007712
"926","ran926.hdr.63",-0.00016
"926","ran926.hdr.64",-0.0013776
"926","ran926.hdr.65",-0.00045068
"926","ran926.hdr.66",-0.001831
"926","ran926.hdr.67",-0.000768900000000003
"926","ran926.hdr.68",-0.000201800000000002
"926","ran926.hdr.69",-0.0011245
"926","ran926.hdr.7",-0.0054452
"926","ran926.hdr.70",-0.0006002
"926","ran926.hdr.71",0.0003435
"926","ran926.hdr.72",-0.000630200000000001
"926","ran926.hdr.73",-0.0009914
"926","ran926.hdr.74",-0.0007951
"926","ran926.hdr.75",-0.000343000000000003
"926","ran926.hdr.76",-0.000894099999999998
"926","ran926.hdr.77",-0.0013435
"926","ran926.hdr.78",-0.0007595
"926","ran926.hdr.8",-0.00056552
"926","ran926.hdr.9",-0.00015088
"927","ran927.hdr.1",-0.000849200000000001
"927","ran927.hdr.10",-0.00154022
"927","ran927.hdr.11",-0.00018564
"927","ran927.hdr.12",0.0000659100000000006
"927","ran927.hdr.13",-0.000409099999999999
"927","ran927.hdr.14",-0.0011243
"927","ran927.hdr.15",-0.000262800000000001
"927","ran927.hdr.16",-0.0018782
"927","ran927.hdr.17",-0.000184699999999999
"927","ran927.hdr.18",-0.0021765
"927","ran927.hdr.19",-0.0015342
"927","ran927.hdr.2",-0.0008533
"927","ran927.hdr.20",-0.000518899999999999
"927","ran927.hdr.21",0.0000786999999999993
"927","ran927.hdr.22",-0.0001559
"927","ran927.hdr.23",-0.000303699999999999
"927","ran927.hdr.24",-0.0011926
"927","ran927.hdr.25",-0.000191240000000001
"927","ran927.hdr.26",-0.00031339
"927","ran927.hdr.27",-0.00038817
"927","ran927.hdr.28",-0.0010845
"927","ran927.hdr.29",-0.0000862000000000016
"927","ran927.hdr.3",-0.0017379
"927","ran927.hdr.30",-0.000412499999999998
"927","ran927.hdr.31",-0.0004601
"927","ran927.hdr.32",-0.0034946
"927","ran927.hdr.33",-0.0002734
"927","ran927.hdr.34",0.0000501000000000008
"927","ran927.hdr.35",-0.0008168
"927","ran927.hdr.36",-0.000975
"927","ran927.hdr.37",-0.0023716
"927","ran927.hdr.38",-0.0005707
"927","ran927.hdr.39",0.0001572
"927","ran927.hdr.4",-0.002932
"927","ran927.hdr.40",-0.0011277
"927","ran927.hdr.41",-0.0000248000000000002
"927","ran927.hdr.42",0.0003374
"927","ran927.hdr.43",-0.0011409
"927","ran927.hdr.44",-0.0076935
"927","ran927.hdr.45",0.00012679
"927","ran927.hdr.46",-0.0000979000000000015
"927","ran927.hdr.47",-0.00119342
"927","ran927.hdr.48",-0.00032122
"927","ran927.hdr.49",-0.0000328000000000004
"927","ran927.hdr.5",-0.000154600000000001
"927","ran927.hdr.50",-0.00015647
"927","ran927.hdr.51",-0.0003938
"927","ran927.hdr.52",0.0000134999999999996
"927","ran927.hdr.53",-0.00124632
"927","ran927.hdr.54",-0.0000513999999999966
"927","ran927.hdr.55",0.0000691835
"927","ran927.hdr.56",0.000114200000000002
"927","ran927.hdr.57",-0.00057659
"927","ran927.hdr.58",0.0003412
"927","ran927.hdr.59",-0.00029272
"927","ran927.hdr.6",-0.001546
"927","ran927.hdr.60",-0.00073805
"927","ran927.hdr.61",-0.0046284
"927","ran927.hdr.62",-0.00022893
"927","ran927.hdr.64",-0.000753399999999998
"927","ran927.hdr.65",0.00000550000000000203
"927","ran927.hdr.66",-0.0039716
"927","ran927.hdr.67",-0.0001548
"927","ran927.hdr.68",-0.0000853
"927","ran927.hdr.69",-0.0005504
"927","ran927.hdr.7",-0.0004966
"927","ran927.hdr.70",-0.000266830000000001
"927","ran927.hdr.71",-0.000209399999999998
"927","ran927.hdr.72",-0.000268999999999998
"927","ran927.hdr.73",-0.0011431
"927","ran927.hdr.74",-0.000639000000000001
"927","ran927.hdr.75",0.0001239
"927","ran927.hdr.76",-0.0023484
"927","ran927.hdr.77",-0.000498099999999998
"927","ran927.hdr.78",-0.000289600000000001
"927","ran927.hdr.8",-0.000458999999999999
"927","ran927.hdr.9",-0.000714099999999999
"928","ran928.hdr.1",-0.000905800000000002
"928","ran928.hdr.10",-0.0008879
"928","ran928.hdr.11",-0.000539240000000002
"928","ran928.hdr.12",-0.00129969
"928","ran928.hdr.13",-0.0000116999999999999
"928","ran928.hdr.14",-0.00023695
"928","ran928.hdr.15",-0.00071959
"928","ran928.hdr.16",-0.000516000000000001
"928","ran928.hdr.17",-0.0012819
"928","ran928.hdr.18",-0.000919
"928","ran928.hdr.19",-0.0012188
"928","ran928.hdr.2",-0.00131489
"928","ran928.hdr.20",-0.000438299999999999
"928","ran928.hdr.21",-0.0015342
"928","ran928.hdr.22",0.000936699999999999
"928","ran928.hdr.23",-0.0001443
"928","ran928.hdr.24",-0.000719299999999999
"928","ran928.hdr.25",-0.0006865
"928","ran928.hdr.26",-0.0025984
"928","ran928.hdr.27",-0.000397000000000002
"928","ran928.hdr.28",-0.00037474
"928","ran928.hdr.29",-0.0013929
"928","ran928.hdr.3",0.0000338999999999999
"928","ran928.hdr.30",-0.000119399999999999
"928","ran928.hdr.31",-0.0000891900000000003
"928","ran928.hdr.32",-0.000730600000000001
"928","ran928.hdr.33",-0.0010877
"928","ran928.hdr.34",-0.0003347
"928","ran928.hdr.35",-0.000435399999999999
"928","ran928.hdr.36",-0.000613500000000001
"928","ran928.hdr.37",-0.001126
"928","ran928.hdr.38",-0.000975
"928","ran928.hdr.39",-0.000316800000000001
"928","ran928.hdr.4",-0.003143
"928","ran928.hdr.40",-0.0014927
"928","ran928.hdr.41",-0.00037394
"928","ran928.hdr.42",0.00003286
"928","ran928.hdr.43",-0.0016063
"928","ran928.hdr.44",-0.000218300000000001
"928","ran928.hdr.45",-0.001384
"928","ran928.hdr.46",-0.00005857
"928","ran928.hdr.47",-0.0020892
"928","ran928.hdr.48",-0.000315939999999999
"928","ran928.hdr.49",0.000143500000000001
"928","ran928.hdr.5",-0.0030034
"928","ran928.hdr.50",-0.0000781000000000011
"928","ran928.hdr.51",-0.00013903
"928","ran928.hdr.52",0.00035821
"928","ran928.hdr.53",-0.0135865
"928","ran928.hdr.54",-0.00037772
"928","ran928.hdr.55",-0.0010767
"928","ran928.hdr.56",-0.000217699999999999
"928","ran928.hdr.57",0.0000637999999999993
"928","ran928.hdr.58",0.000201199999999999
"928","ran928.hdr.59",-0.00050468
"928","ran928.hdr.6",-0.002932
"928","ran928.hdr.60",0.000166699999999999
"928","ran928.hdr.61",0.0000303000000000005
"928","ran928.hdr.62",-0.0010749
"928","ran928.hdr.63",-0.001224
"928","ran928.hdr.64",-0.000190900000000001
"928","ran928.hdr.65",0.0002459
"928","ran928.hdr.66",-0.0015557
"928","ran928.hdr.67",-0.00740309
"928","ran928.hdr.68",-0.00006251
"928","ran928.hdr.69",-0.0018219
"928","ran928.hdr.7",0.0000174000000000007
"928","ran928.hdr.70",-0.0015712
"928","ran928.hdr.71",-0.000754080000000001
"928","ran928.hdr.72",-0.00038061
"928","ran928.hdr.73",-0.0009037
"928","ran928.hdr.74",0.000443500000000001
"928","ran928.hdr.75",-0.0023497
"928","ran928.hdr.76",-0.0007297
"928","ran928.hdr.77",-0.0003225
"928","ran928.hdr.78",-0.000384199999999999
"928","ran928.hdr.8",-0.0010609
"928","ran928.hdr.9",-0.00030618
"929","ran929.hdr.1",-0.0000216000000000001
"929","ran929.hdr.10",-0.000248699999999999
"929","ran929.hdr.11",-0.000714099999999999
"929","ran929.hdr.12",-0.00068777
"929","ran929.hdr.13",-0.00016992
"929","ran929.hdr.14",-0.000539240000000002
"929","ran929.hdr.15",-0.00065658
"929","ran929.hdr.16",-0.000725689999999999
"929","ran929.hdr.17",-0.0011243
"929","ran929.hdr.18",-0.000527999999999999
"929","ran929.hdr.19",-0.0000112999999999988
"929","ran929.hdr.2",-0.00036043
"929","ran929.hdr.20",-0.000415599999999999
"929","ran929.hdr.21",-0.000397499999999999
"929","ran929.hdr.22",-0.0000153999999999987
"929","ran929.hdr.23",-0.0084394
"929","ran929.hdr.24",-0.0024928
"929","ran929.hdr.25",-0.000347700000000001
"929","ran929.hdr.26",-0.0067609
"929","ran929.hdr.27",0.0000853599999999996
"929","ran929.hdr.28",-0.0000641299999999999
"929","ran929.hdr.29",-0.0004084
"929","ran929.hdr.3",0.000371
"929","ran929.hdr.30",-0.00014131
"929","ran929.hdr.31",-0.0003193
"929","ran929.hdr.32",-0.0012989
"929","ran929.hdr.33",-0.00620406
"929","ran929.hdr.34",0.0002599
"929","ran929.hdr.35",0.000280600000000001
"929","ran929.hdr.36",-0.000412499999999998
"929","ran929.hdr.37",-0.0005219
"929","ran929.hdr.38",-0.00073436
"929","ran929.hdr.39",0.000022900000000001
"929","ran929.hdr.4",0.000357100000000001
"929","ran929.hdr.40",-0.000399060000000001
"929","ran929.hdr.41",-0.000316800000000001
"929","ran929.hdr.42",-0.0017019
"929","ran929.hdr.43",-0.00112666
"929","ran929.hdr.44",-0.000306899999999999
"929","ran929.hdr.45",0.000017699999999999
"929","ran929.hdr.46",-0.0000151000000000005
"929","ran929.hdr.47",-0.004512
"929","ran929.hdr.48",-0.000926
"929","ran929.hdr.49",-0.0006887
"929","ran929.hdr.5",0.0011463
"929","ran929.hdr.50",-0.00062953
"929","ran929.hdr.51",-0.00270844
"929","ran929.hdr.52",-0.0000757499999999999
"929","ran929.hdr.53",-0.0011486
"929","ran929.hdr.54",-0.0015158
"929","ran929.hdr.55",0.0000010642
"929","ran929.hdr.56",0.00023753
"929","ran929.hdr.57",-0.00030034
"929","ran929.hdr.58",-0.00011554
"929","ran929.hdr.59",-0.0010723
"929","ran929.hdr.6",-0.0017379
"929","ran929.hdr.60",-0.0010844
"929","ran929.hdr.62",-0.0005766
"929","ran929.hdr.63",-0.0034825
"929","ran929.hdr.64",-0.0003894
"929","ran929.hdr.65",-0.000979899999999999
"929","ran929.hdr.66",0.0001323
"929","ran929.hdr.67",-0.000226199999999999
"929","ran929.hdr.68",-0.0010828
"929","ran929.hdr.69",0.0000255200000000002
"929","ran929.hdr.7",-0.0030338
"929","ran929.hdr.70",-0.000454899999999998
"929","ran929.hdr.71",-0.0014277
"929","ran929.hdr.72",-0.0009751
"929","ran929.hdr.73",0.0000697000000000007
"929","ran929.hdr.74",0.00002271
"929","ran929.hdr.75",-0.0015872
"929","ran929.hdr.76",-0.00083164
"929","ran929.hdr.77",-0.0009444
"929","ran929.hdr.78",-0.0032639
"929","ran929.hdr.8",-0.0026628
"929","ran929.hdr.9",-0.00015088
"930","ran930.hdr.1",-0.00000570800000000001
"930","ran930.hdr.10",0.0002526
"930","ran930.hdr.11",-0.000333099999999999
"930","ran930.hdr.12",-0.000840899999999999
"930","ran930.hdr.13",0.00068078
"930","ran930.hdr.14",-0.000912500000000002
"930","ran930.hdr.15",-0.0017045
"930","ran930.hdr.16",-0.0000993000000000001
"930","ran930.hdr.17",-0.00031687
"930","ran930.hdr.18",-0.0012417
"930","ran930.hdr.19",-0.00011659
"930","ran930.hdr.2",-0.0000914000000000002
"930","ran930.hdr.20",-0.0008389
"930","ran930.hdr.21",-0.0002137
"930","ran930.hdr.22",-0.00010709
"930","ran930.hdr.23",0.000230600000000001
"930","ran930.hdr.24",-0.0000683100000000002
"930","ran930.hdr.25",-0.000359799999999999
"930","ran930.hdr.26",-0.000953199999999998
"930","ran930.hdr.27",-0.0013929
"930","ran930.hdr.28",-0.000284
"930","ran930.hdr.29",-0.0028943
"930","ran930.hdr.3",-0.0000525000000000005
"930","ran930.hdr.30",-0.0014222
"930","ran930.hdr.31",-0.0000865999999999992
"930","ran930.hdr.32",0.00039719
"930","ran930.hdr.33",-0.0006306
"930","ran930.hdr.34",-0.0000700600000000003
"930","ran930.hdr.35",-0.000423400000000001
"930","ran930.hdr.36",-0.0014027
"930","ran930.hdr.37",-0.0021188
"930","ran930.hdr.38",-0.000385200000000002
"930","ran930.hdr.39",-0.00013712
"930","ran930.hdr.4",-0.0066937
"930","ran930.hdr.40",-0.0011836
"930","ran930.hdr.41",-0.0010777
"930","ran930.hdr.42",-0.00071791
"930","ran930.hdr.43",-0.000392399999999999
"930","ran930.hdr.44",0.000012144
"930","ran930.hdr.45",0.000298329999999999
"930","ran930.hdr.46",0.00004863
"930","ran930.hdr.47",-0.0010527
"930","ran930.hdr.48",-0.000435700000000001
"930","ran930.hdr.49",-0.00077464
"930","ran930.hdr.5",0.0000509400000000002
"930","ran930.hdr.50",0.0003969
"930","ran930.hdr.51",-0.0016606
"930","ran930.hdr.52",-0.00055
"930","ran930.hdr.53",-0.0006619
"930","ran930.hdr.54",0.0000263799999999995
"930","ran930.hdr.55",-0.0005736
"930","ran930.hdr.56",-0.000175700000000001
"930","ran930.hdr.57",-0.0000596800000000012
"930","ran930.hdr.58",-0.000141199999999999
"930","ran930.hdr.59",-0.000999000000000003
"930","ran930.hdr.6",-0.000598200000000001
"930","ran930.hdr.60",-0.000737700000000001
"930","ran930.hdr.61",-0.0010711
"930","ran930.hdr.62",-0.001971
"930","ran930.hdr.63",-0.000557700000000001
"930","ran930.hdr.64",-0.0003359
"930","ran930.hdr.65",-0.0010749
"930","ran930.hdr.66",-0.0001876
"930","ran930.hdr.67",0.0003354
"930","ran930.hdr.68",-0.0068051
"930","ran930.hdr.69",0.0000255200000000002
"930","ran930.hdr.7",-0.0005371
"930","ran930.hdr.70",-0.000589600000000003
"930","ran930.hdr.71",-0.000819
"930","ran930.hdr.72",-0.000369599999999999
"930","ran930.hdr.73",0.0006128
"930","ran930.hdr.74",-0.000676700000000002
"930","ran930.hdr.75",-0.000894099999999998
"930","ran930.hdr.76",-0.000211099999999999
"930","ran930.hdr.77",-0.0000206042
"930","ran930.hdr.78",-0.0016399
"930","ran930.hdr.8",-0.000217070000000001
"930","ran930.hdr.9",-0.000434459999999999
"931","ran931.hdr.1",0.0000949999999999996
"931","ran931.hdr.10",-0.00013863
"931","ran931.hdr.11",-0.000721199999999998
"931","ran931.hdr.12",-0.0005371
"931","ran931.hdr.13",-0.0007302
"931","ran931.hdr.14",-0.000622000000000001
"931","ran931.hdr.15",-0.00036797
"931","ran931.hdr.16",-0.00034688
"931","ran931.hdr.17",-0.0013108
"931","ran931.hdr.18",0.0000490999999999998
"931","ran931.hdr.19",-0.000912500000000002
"931","ran931.hdr.2",-0.0003459
"931","ran931.hdr.20",-0.0039813
"931","ran931.hdr.21",-0.0011003
"931","ran931.hdr.22",-0.000273900000000001
"931","ran931.hdr.23",-0.000136579999999999
"931","ran931.hdr.24",-0.000379999999999998
"931","ran931.hdr.25",0.000130460000000001
"931","ran931.hdr.26",-0.00034284
"931","ran931.hdr.27",0.0000816399999999991
"931","ran931.hdr.28",0.0000100699999999992
"931","ran931.hdr.29",0.00018248
"931","ran931.hdr.3",-0.000591300000000003
"931","ran931.hdr.30",-0.0004121
"931","ran931.hdr.31",-0.000327499999999998
"931","ran931.hdr.32",0.0009695
"931","ran931.hdr.33",-0.000359199999999999
"931","ran931.hdr.34",-0.0023487
"931","ran931.hdr.35",-0.000831499999999999
"931","ran931.hdr.36",-0.0000894500000000005
"931","ran931.hdr.37",-0.0034946
"931","ran931.hdr.38",-0.000507200000000003
"931","ran931.hdr.39",-0.0024974
"931","ran931.hdr.4",-0.000708700000000001
"931","ran931.hdr.40",-0.00034168
"931","ran931.hdr.41",NA
"931","ran931.hdr.42",-0.0003076
"931","ran931.hdr.43",-0.0004983
"931","ran931.hdr.44",-0.00102067
"931","ran931.hdr.45",-0.0000755699999999996
"931","ran931.hdr.46",-0.0001145
"931","ran931.hdr.47",-0.000571099999999998
"931","ran931.hdr.48",-0.0022477
"931","ran931.hdr.49",-0.0002384
"931","ran931.hdr.5",-0.000443959999999998
"931","ran931.hdr.50",-0.0011887
"931","ran931.hdr.51",-0.0034509
"931","ran931.hdr.52",0.00028603
"931","ran931.hdr.53",-0.000366499999999999
"931","ran931.hdr.54",-0.000106240000000001
"931","ran931.hdr.55",-0.00035154
"931","ran931.hdr.57",-0.00017091
"931","ran931.hdr.58",-0.0034825
"931","ran931.hdr.59",-0.0012438
"931","ran931.hdr.6",-0.0036308
"931","ran931.hdr.60",-0.0000438000000000001
"931","ran931.hdr.61",-0.0001288
"931","ran931.hdr.62",0.000527700000000001
"931","ran931.hdr.63",-0.000350800000000002
"931","ran931.hdr.64",0.000190600000000003
"931","ran931.hdr.65",-0.000404369999999999
"931","ran931.hdr.66",-0.0000853
"931","ran931.hdr.67",-0.0011892
"931","ran931.hdr.68",-0.000256870000000001
"931","ran931.hdr.69",-0.0007697
"931","ran931.hdr.7",-0.00168994
"931","ran931.hdr.70",-0.000283
"931","ran931.hdr.71",-0.000265999999999999
"931","ran931.hdr.72",-0.0014309
"931","ran931.hdr.73",-0.0015872
"931","ran931.hdr.74",-0.0007366
"931","ran931.hdr.75",-0.0018985
"931","ran931.hdr.76",-0.0046933
"931","ran931.hdr.77",0.00023438
"931","ran931.hdr.78",-0.0004551
"931","ran931.hdr.8",-0.0005222
"931","ran931.hdr.9",-0.000681099999999999
"932","ran932.hdr.1",-0.0026658
"932","ran932.hdr.10",-0.0002471
"932","ran932.hdr.11",-0.0000475000000000007
"932","ran932.hdr.12",-0.0011481
"932","ran932.hdr.13",0.000209899999999999
"932","ran932.hdr.14",-0.00161496
"932","ran932.hdr.15",-0.000881099999999999
"932","ran932.hdr.16",-0.0006205
"932","ran932.hdr.17",-0.000771500000000001
"932","ran932.hdr.18",-0.00026379
"932","ran932.hdr.19",-0.0010791
"932","ran932.hdr.2",-0.00034287
"932","ran932.hdr.20",-0.00081971
"932","ran932.hdr.21",0.0000741100000000005
"932","ran932.hdr.22",-0.00033577
"932","ran932.hdr.23",-0.000643000000000001
"932","ran932.hdr.24",0.000144100000000001
"932","ran932.hdr.25",-0.0012989
"932","ran932.hdr.26",-0.00350844
"932","ran932.hdr.27",0.0000218999999999983
"932","ran932.hdr.28",-0.001081
"932","ran932.hdr.29",-0.0000311499999999989
"932","ran932.hdr.3",-0.0048415
"932","ran932.hdr.30",-0.0000747000000000005
"932","ran932.hdr.31",-0.000803359999999999
"932","ran932.hdr.32",-0.0000268999999999998
"932","ran932.hdr.33",NA
"932","ran932.hdr.34",-0.0012739
"932","ran932.hdr.35",-0.0004551
"932","ran932.hdr.36",-0.0002094
"932","ran932.hdr.37",-0.000464300000000001
"932","ran932.hdr.38",-0.000730900000000001
"932","ran932.hdr.39",-0.00081
"932","ran932.hdr.4",-0.0031124
"932","ran932.hdr.40",-0.000314099999999998
"932","ran932.hdr.41",0.000542899999999999
"932","ran932.hdr.42",0.000121899999999999
"932","ran932.hdr.43",-0.0012528
"932","ran932.hdr.44",-0.0002851
"932","ran932.hdr.45",-0.00026183
"932","ran932.hdr.46",0.000156099999999999
"932","ran932.hdr.47",NA
"932","ran932.hdr.48",-0.000643990000000001
"932","ran932.hdr.49",0.0000326900000000001
"932","ran932.hdr.5",-0.0005222
"932","ran932.hdr.50",-0.00000727000000000019
"932","ran932.hdr.51",0.0002778
"932","ran932.hdr.52",-0.00022462
"932","ran932.hdr.53",-0.0012369
"932","ran932.hdr.54",-0.000119059999999999
"932","ran932.hdr.55",-0.0000614399999999998
"932","ran932.hdr.56",0.00001404374
"932","ran932.hdr.59",-0.0000994599999999991
"932","ran932.hdr.6",-0.000454599999999999
"932","ran932.hdr.60",-0.000513100000000002
"932","ran932.hdr.61",-0.00114221
"932","ran932.hdr.62",-0.000455400000000002
"932","ran932.hdr.63",-0.00000239999999999962
"932","ran932.hdr.64",-0.0012643
"932","ran932.hdr.65",-0.002342
"932","ran932.hdr.66",-0.0008768
"932","ran932.hdr.67",-0.00063214
"932","ran932.hdr.68",-0.0000816999999999988
"932","ran932.hdr.69",-0.000454899999999998
"932","ran932.hdr.7",-0.000714099999999999
"932","ran932.hdr.70",-0.000825300000000001
"932","ran932.hdr.71",-0.0020758
"932","ran932.hdr.72",-0.0010139
"932","ran932.hdr.73",-0.000153199999999999
"932","ran932.hdr.74",-0.0010028
"932","ran932.hdr.75",-0.0004323
"932","ran932.hdr.76",-0.0016399
"932","ran932.hdr.77",-0.0014428
"932","ran932.hdr.78",-0.000776900000000001
"932","ran932.hdr.8",-0.000710199999999999
"932","ran932.hdr.9",-0.0005524
"933","ran933.hdr.1",-0.0011761
"933","ran933.hdr.10",-0.000032131
"933","ran933.hdr.11",0.00036382
"933","ran933.hdr.12",-0.000108
"933","ran933.hdr.13",-0.000392959999999999
"933","ran933.hdr.14",-0.000118200000000001
"933","ran933.hdr.15",-0.0000976999999999992
"933","ran933.hdr.16",0.000000899999999999859
"933","ran933.hdr.17",0.000247599999999997
"933","ran933.hdr.18",-0.0008602
"933","ran933.hdr.19",-0.000769800000000001
"933","ran933.hdr.2",-0.001681
"933","ran933.hdr.20",-0.000446100000000001
"933","ran933.hdr.21",-0.0001099
"933","ran933.hdr.22",-0.00032068
"933","ran933.hdr.23",-0.000747600000000001
"933","ran933.hdr.24",-0.000759340000000001
"933","ran933.hdr.25",0.0000737099999999994
"933","ran933.hdr.26",-0.000281900000000001
"933","ran933.hdr.27",-0.0003797
"933","ran933.hdr.28",-0.0004084
"933","ran933.hdr.29",-0.00028711
"933","ran933.hdr.3",-0.00059801
"933","ran933.hdr.30",-0.0000683100000000002
"933","ran933.hdr.31",-0.0017371
"933","ran933.hdr.32",0.0006389
"933","ran933.hdr.33",-0.000804199999999998
"933","ran933.hdr.34",-0.0005801
"933","ran933.hdr.35",-0.0019144
"933","ran933.hdr.36",-0.000803359999999999
"933","ran933.hdr.37",-0.000627829999999999
"933","ran933.hdr.38",-0.0006657
"933","ran933.hdr.39",0.0000173000000000013
"933","ran933.hdr.4",-0.0052722
"933","ran933.hdr.40",-0.0011914
"933","ran933.hdr.41",0.000163300000000002
"933","ran933.hdr.42",-0.0000985600000000001
"933","ran933.hdr.43",-0.000982500000000001
"933","ran933.hdr.44",-0.00539226
"933","ran933.hdr.45",-0.0000261999999999971
"933","ran933.hdr.46",0.000219559999999999
"933","ran933.hdr.47",0.000136669
"933","ran933.hdr.48",-0.000837099999999999
"933","ran933.hdr.49",-0.000814100000000002
"933","ran933.hdr.5",-0.0028486
"933","ran933.hdr.50",-0.0009494
"933","ran933.hdr.51",-0.00024603
"933","ran933.hdr.52",-0.000137400000000001
"933","ran933.hdr.53",-0.000270960000000001
"933","ran933.hdr.54",-0.00048754
"933","ran933.hdr.55",-0.0003331
"933","ran933.hdr.58",-0.0007846
"933","ran933.hdr.59",-0.000658
"933","ran933.hdr.6",-0.00259746
"933","ran933.hdr.60",-0.0012684
"933","ran933.hdr.61",NA
"933","ran933.hdr.62",-0.000617400000000001
"933","ran933.hdr.63",-0.000194100000000003
"933","ran933.hdr.64",-0.0023928
"933","ran933.hdr.65",-0.00201164
"933","ran933.hdr.66",-0.000401100000000001
"933","ran933.hdr.67",0.0007516
"933","ran933.hdr.68",0.000354999999999999
"933","ran933.hdr.69",-0.0006286
"933","ran933.hdr.7",-0.000585499999999999
"933","ran933.hdr.70",-0.000639000000000001
"933","ran933.hdr.71",-0.0022069
"933","ran933.hdr.72",-0.000126299999999999
"933","ran933.hdr.73",-0.0022821
"933","ran933.hdr.74",-0.0008547
"933","ran933.hdr.75",-0.0057067
"933","ran933.hdr.76",-0.0010666
"933","ran933.hdr.77",-0.000498099999999998
"933","ran933.hdr.78",-0.000733480000000001
"933","ran933.hdr.8",-0.0010609
"933","ran933.hdr.9",-0.000422980000000001
"934","ran934.hdr.1",-0.000115250000000001
"934","ran934.hdr.10",-0.0013661
"934","ran934.hdr.11",-0.0001224
"934","ran934.hdr.12",-0.000506029999999999
"934","ran934.hdr.13",0.000321200000000001
"934","ran934.hdr.14",-0.000988359999999999
"934","ran934.hdr.15",-0.000477200000000001
"934","ran934.hdr.16",0.000241600000000002
"934","ran934.hdr.17",-0.0002951
"934","ran934.hdr.18",-0.0039813
"934","ran934.hdr.19",-0.000498100000000001
"934","ran934.hdr.2",-0.00017145
"934","ran934.hdr.20",-0.0010563
"934","ran934.hdr.21",-0.0005666
"934","ran934.hdr.22",-0.0000566999999999998
"934","ran934.hdr.23",0.0000334200000000002
"934","ran934.hdr.24",-0.0002103
"934","ran934.hdr.25",-0.0024928
"934","ran934.hdr.26",-0.0004445
"934","ran934.hdr.27",0.0001034
"934","ran934.hdr.28",-0.0006201
"934","ran934.hdr.29",0.00037177
"934","ran934.hdr.3",-0.005219
"934","ran934.hdr.30",-0.0006158
"934","ran934.hdr.31",-0.0025984
"934","ran934.hdr.32",-0.00046386
"934","ran934.hdr.33",-0.00019303
"934","ran934.hdr.34",0.00016675
"934","ran934.hdr.35",-0.0013929
"934","ran934.hdr.36",0.000159400000000001
"934","ran934.hdr.37",-0.000590500000000001
"934","ran934.hdr.38",-0.00036563
"934","ran934.hdr.39",-0.000287379999999999
"934","ran934.hdr.4",-0.0028401
"934","ran934.hdr.40",-0.00026302
"934","ran934.hdr.41",-0.000752999999999998
"934","ran934.hdr.42",-0.00065478
"934","ran934.hdr.43",-0.00131478
"934","ran934.hdr.44",-0.00022449
"934","ran934.hdr.45",0.0000681499999999995
"934","ran934.hdr.46",-0.0002693
"934","ran934.hdr.47",-0.000713800000000001
"934","ran934.hdr.48",NA
"934","ran934.hdr.49",-0.0016606
"934","ran934.hdr.5",-0.0030667
"934","ran934.hdr.50",-0.0030547
"934","ran934.hdr.51",-0.00020354
"934","ran934.hdr.52",-0.0000283000000000002
"934","ran934.hdr.53",-0.0010297
"934","ran934.hdr.54",-0.000125780000000001
"934","ran934.hdr.57",-0.000448199999999999
"934","ran934.hdr.58",-0.000934999999999998
"934","ran934.hdr.59",-0.000263810000000001
"934","ran934.hdr.6",-0.000461899999999998
"934","ran934.hdr.60",-0.0016397
"934","ran934.hdr.61",-0.000404369999999999
"934","ran934.hdr.62",-0.0003709
"934","ran934.hdr.63",0.00013643
"934","ran934.hdr.64",-0.0013204
"934","ran934.hdr.65",-0.000188000000000001
"934","ran934.hdr.66",0.000220499999999998
"934","ran934.hdr.67",-0.000501399999999999
"934","ran934.hdr.68",-0.0023424
"934","ran934.hdr.69",0.0001706
"934","ran934.hdr.7",-0.0001604
"934","ran934.hdr.70",-0.0011431
"934","ran934.hdr.71",0.000351499999999999
"934","ran934.hdr.72",0.00029028
"934","ran934.hdr.73",-0.00029
"934","ran934.hdr.74",-0.000228699999999998
"934","ran934.hdr.75",-0.0003324
"934","ran934.hdr.76",-0.0011974
"934","ran934.hdr.77",-0.0005602
"934","ran934.hdr.78",-0.000547499999999999
"934","ran934.hdr.8",-0.0000005000000000005
"934","ran934.hdr.9",0.000276029999999999
"935","ran935.hdr.1",-0.0007518
"935","ran935.hdr.10",0.00034379
"935","ran935.hdr.11",0.000140100000000001
"935","ran935.hdr.12",-0.000807199999999999
"935","ran935.hdr.13",-0.000808199999999999
"935","ran935.hdr.14",0.000157600000000001
"935","ran935.hdr.15",-0.0002471
"935","ran935.hdr.16",-0.0011386
"935","ran935.hdr.17",-0.00062684
"935","ran935.hdr.18",-0.000262800000000001
"935","ran935.hdr.19",-0.00026025
"935","ran935.hdr.2",-0.000977100000000002
"935","ran935.hdr.20",-0.00032312
"935","ran935.hdr.21",-0.000168399999999999
"935","ran935.hdr.22",-0.0001981
"935","ran935.hdr.23",-0.0002013
"935","ran935.hdr.24",-0.0016211
"935","ran935.hdr.25",-0.000841600000000001
"935","ran935.hdr.26",-0.0033496
"935","ran935.hdr.27",-0.0003961
"935","ran935.hdr.28",-0.000454400000000001
"935","ran935.hdr.29",-0.000347700000000001
"935","ran935.hdr.3",-0.003301
"935","ran935.hdr.30",0.0002901
"935","ran935.hdr.31",-0.000258899999999999
"935","ran935.hdr.32",-0.00035023
"935","ran935.hdr.33",-0.0003079
"935","ran935.hdr.34",-0.0014869
"935","ran935.hdr.35",-0.0011573
"935","ran935.hdr.36",-0.0019854
"935","ran935.hdr.37",-0.000735299999999998
"935","ran935.hdr.38",-0.0002611
"935","ran935.hdr.39",-0.0003347
"935","ran935.hdr.4",-0.000831800000000001
"935","ran935.hdr.40",-0.00015702
"935","ran935.hdr.41",-0.0007935
"935","ran935.hdr.42",-0.000768999999999999
"935","ran935.hdr.43",-0.00013875
"935","ran935.hdr.44",-0.000125399999999999
"935","ran935.hdr.45",-0.000390949999999999
"935","ran935.hdr.46",-0.000104
"935","ran935.hdr.47",0.000217499999999999
"935","ran935.hdr.48",-0.000189130000000001
"935","ran935.hdr.49",0.0002079
"935","ran935.hdr.5",0.0000271099999999986
"935","ran935.hdr.50",-0.000691199999999999
"935","ran935.hdr.51",-0.0011337
"935","ran935.hdr.52",0.0002425
"935","ran935.hdr.53",-0.000435700000000001
"935","ran935.hdr.54",-0.00022498
"935","ran935.hdr.55",-0.0035095
"935","ran935.hdr.56",-0.0015158
"935","ran935.hdr.57",0.00000257936
"935","ran935.hdr.58",0.0000555099999999999
"935","ran935.hdr.59",-0.000118309
"935","ran935.hdr.6",-0.000154600000000001
"935","ran935.hdr.60",-0.0003833
"935","ran935.hdr.61",-0.000849699999999998
"935","ran935.hdr.62",-0.001061
"935","ran935.hdr.63",-0.0064744
"935","ran935.hdr.64",0.000078700000000001
"935","ran935.hdr.65",-0.000386399999999999
"935","ran935.hdr.66",-0.0001259
"935","ran935.hdr.67",0.0000612000000000008
"935","ran935.hdr.68",-0.0006637
"935","ran935.hdr.69",-0.000771000000000001
"935","ran935.hdr.7",-0.0003304
"935","ran935.hdr.70",-0.0023812
"935","ran935.hdr.71",-0.00000970000000000137
"935","ran935.hdr.72",-0.0014151
"935","ran935.hdr.73",-0.000198200000000001
"935","ran935.hdr.74",-0.0015308
"935","ran935.hdr.75",-0.000175900000000001
"935","ran935.hdr.76",-0.0002862
"935","ran935.hdr.77",-0.0035566
"935","ran935.hdr.78",-0.000231200000000001
"935","ran935.hdr.8",0.0000762699999999998
"935","ran935.hdr.9",-0.0001604
"936","ran936.hdr.1",-0.00009361
"936","ran936.hdr.10",-0.0000844999999999995
"936","ran936.hdr.11",-0.000146299999999999
"936","ran936.hdr.12",0.0000479899999999999
"936","ran936.hdr.13",-0.000262800000000001
"936","ran936.hdr.14",-0.0012923
"936","ran936.hdr.15",-0.000657
"936","ran936.hdr.16",-0.0000228999999999993
"936","ran936.hdr.17",NA
"936","ran936.hdr.18",-0.000257799999999999
"936","ran936.hdr.19",-0.0003148
"936","ran936.hdr.2",-0.0056027
"936","ran936.hdr.20",-0.0000187
"936","ran936.hdr.21",-0.0010873
"936","ran936.hdr.22",-0.000578999999999998
"936","ran936.hdr.23",-0.0003826
"936","ran936.hdr.24",-0.000158599999999998
"936","ran936.hdr.25",-0.0000759999999999997
"936","ran936.hdr.26",0.0000270699999999997
"936","ran936.hdr.27",-0.0028616
"936","ran936.hdr.28",-0.00034293
"936","ran936.hdr.29",-0.00055319
"936","ran936.hdr.3",-0.0028401
"936","ran936.hdr.30",-0.00019563
"936","ran936.hdr.31",-0.000243760000000001
"936","ran936.hdr.32",-0.00017027
"936","ran936.hdr.33",-0.0013929
"936","ran936.hdr.34",-0.000297
"936","ran936.hdr.35",-0.000643000000000001
"936","ran936.hdr.36",-0.0006427
"936","ran936.hdr.37",-0.0018523
"936","ran936.hdr.38",-0.000435399999999999
"936","ran936.hdr.39",-0.0000747000000000005
"936","ran936.hdr.4",-0.0028274
"936","ran936.hdr.40",-0.0024974
"936","ran936.hdr.41",-0.0012186
"936","ran936.hdr.42",0.0007192
"936","ran936.hdr.43",-0.000569999999999999
"936","ran936.hdr.44",-0.0010777
"936","ran936.hdr.45",NA
"936","ran936.hdr.46",0.0000501999999999985
"936","ran936.hdr.47",-0.000198799999999999
"936","ran936.hdr.48",-0.0015836
"936","ran936.hdr.49",0.00000739999999999942
"936","ran936.hdr.5",-0.0040816
"936","ran936.hdr.50",-0.0010598
"936","ran936.hdr.51",0.0006558
"936","ran936.hdr.52",-0.00016562
"936","ran936.hdr.53",-0.000586400000000001
"936","ran936.hdr.54",0.0003353
"936","ran936.hdr.55",-0.000253400000000001
"936","ran936.hdr.59",-0.0000146999999999994
"936","ran936.hdr.6",-0.000979900000000001
"936","ran936.hdr.60",-0.0013942
"936","ran936.hdr.61",-0.0041063
"936","ran936.hdr.62",-0.000477
"936","ran936.hdr.63",-0.0007712
"936","ran936.hdr.64",-0.00016
"936","ran936.hdr.65",-0.0014307
"936","ran936.hdr.66",-0.0004037
"936","ran936.hdr.67",-0.0011658
"936","ran936.hdr.68",-0.0002389
"936","ran936.hdr.69",-0.000134699999999998
"936","ran936.hdr.7",-0.00047386
"936","ran936.hdr.70",-0.0004414
"936","ran936.hdr.71",-0.0003707
"936","ran936.hdr.72",-0.0053353
"936","ran936.hdr.73",-0.000348569999999999
"936","ran936.hdr.74",-0.0003368
"936","ran936.hdr.75",-0.0022821
"936","ran936.hdr.76",-0.0016621
"936","ran936.hdr.77",-0.000118658
"936","ran936.hdr.78",-0.000678990000000001
"936","ran936.hdr.8",-0.0011382
"936","ran936.hdr.9",-0.000300809999999999
"937","ran937.hdr.1",-0.00020446
"937","ran937.hdr.10",-0.0015955
"937","ran937.hdr.11",0.0002302
"937","ran937.hdr.12",-0.000516000000000001
"937","ran937.hdr.13",-0.001482
"937","ran937.hdr.14",-0.0017649
"937","ran937.hdr.15",-0.0000387000000000009
"937","ran937.hdr.16",-0.0016769
"937","ran937.hdr.17",0.00013967
"937","ran937.hdr.18",0.0001045
"937","ran937.hdr.19",-0.000872700000000001
"937","ran937.hdr.2",-0.000154699999999999
"937","ran937.hdr.20",-0.000288400000000001
"937","ran937.hdr.21",-0.000551599999999999
"937","ran937.hdr.22",0.0000993499999999998
"937","ran937.hdr.23",-0.000248499999999999
"937","ran937.hdr.24",-0.000385699999999999
"937","ran937.hdr.25",-0.0006201
"937","ran937.hdr.26",-0.0004121
"937","ran937.hdr.27",0.000501290000000001
"937","ran937.hdr.28",-0.0003751
"937","ran937.hdr.29",-0.00031138
"937","ran937.hdr.3",-0.0013435
"937","ran937.hdr.30",-0.00013483
"937","ran937.hdr.31",-0.0004084
"937","ran937.hdr.32",0.000261600000000001
"937","ran937.hdr.33",0.000114
"937","ran937.hdr.34",0.0000979999999999991
"937","ran937.hdr.35",-0.0001826
"937","ran937.hdr.36",0.0000463000000000009
"937","ran937.hdr.37",-0.0008168
"937","ran937.hdr.38",-0.000505799999999999
"937","ran937.hdr.39",-0.0005707
"937","ran937.hdr.4",-0.0033457
"937","ran937.hdr.40",-0.000787299999999999
"937","ran937.hdr.41",0.000262999999999999
"937","ran937.hdr.42",-0.000107803
"937","ran937.hdr.43",-0.0000382000000000021
"937","ran937.hdr.44",-0.02102894
"937","ran937.hdr.45",-0.000153199999999999
"937","ran937.hdr.46",-0.00057312
"937","ran937.hdr.47",0.0000346000000000009
"937","ran937.hdr.48",-0.0052927
"937","ran937.hdr.49",-0.00077464
"937","ran937.hdr.5",-0.0078616
"937","ran937.hdr.50",-0.0001431
"937","ran937.hdr.51",0.00029457
"937","ran937.hdr.52",-0.0010723
"937","ran937.hdr.53",0.00005185
"937","ran937.hdr.54",-0.00048754
"937","ran937.hdr.55",-0.000796399999999999
"937","ran937.hdr.56",-0.000313409999999999
"937","ran937.hdr.59",-0.0010508
"937","ran937.hdr.6",-0.000349700000000001
"937","ran937.hdr.60",-0.0015743
"937","ran937.hdr.61",0.000078700000000001
"937","ran937.hdr.62",-0.0001464
"937","ran937.hdr.63",0.000213399999999999
"937","ran937.hdr.64",-0.0011074
"937","ran937.hdr.65",-0.000188000000000001
"937","ran937.hdr.66",-0.0019411
"937","ran937.hdr.67",-0.000448899999999999
"937","ran937.hdr.68",-0.0028229
"937","ran937.hdr.69",-0.0014372
"937","ran937.hdr.7",-0.0001706
"937","ran937.hdr.70",-0.000389400000000002
"937","ran937.hdr.71",-0.000228
"937","ran937.hdr.72",-0.0013232
"937","ran937.hdr.73",-0.000694699999999999
"937","ran937.hdr.74",-0.00189
"937","ran937.hdr.75",-0.000299900000000001
"937","ran937.hdr.76",-0.000806600000000001
"937","ran937.hdr.77",-0.0057067
"937","ran937.hdr.78",-0.000399129999999999
"937","ran937.hdr.8",-0.000534900000000001
"937","ran937.hdr.9",-0.000679800000000001
"938","ran938.hdr.1",-0.000175400000000001
"938","ran938.hdr.10",-0.0008879
"938","ran938.hdr.11",-0.000385
"938","ran938.hdr.12",-0.0011179
"938","ran938.hdr.13",-0.0000730000000000001
"938","ran938.hdr.14",-0.00039311
"938","ran938.hdr.15",-0.000581499999999999
"938","ran938.hdr.16",-0.000158599999999998
"938","ran938.hdr.17",0.0000328100000000012
"938","ran938.hdr.18",0.000197699999999999
"938","ran938.hdr.19",-0.0002773
"938","ran938.hdr.2",-0.000901000000000001
"938","ran938.hdr.20",-0.0005678
"938","ran938.hdr.21",-0.00084943
"938","ran938.hdr.22",0.000435100000000001
"938","ran938.hdr.23",-0.000143009999999999
"938","ran938.hdr.24",-0.0003271
"938","ran938.hdr.25",-0.000175300000000001
"938","ran938.hdr.26",0.000622299999999999
"938","ran938.hdr.27",-0.0024831
"938","ran938.hdr.28",0.000337199999999999
"938","ran938.hdr.29",0.000369399999999999
"938","ran938.hdr.3",-0.0004437
"938","ran938.hdr.30",-0.000803359999999999
"938","ran938.hdr.31",-0.00034168
"938","ran938.hdr.32",-0.0012186
"938","ran938.hdr.33",0.0000239999999999997
"938","ran938.hdr.34",-0.0026491
"938","ran938.hdr.35",0.0000467000000000002
"938","ran938.hdr.36",-0.0009266
"938","ran938.hdr.37",-0.0011545
"938","ran938.hdr.38",-0.0006786
"938","ran938.hdr.39",NA
"938","ran938.hdr.4",-0.0024315
"938","ran938.hdr.40",-0.000507800000000001
"938","ran938.hdr.41",-0.00068416
"938","ran938.hdr.42",0.0004291
"938","ran938.hdr.43",-0.000940400000000001
"938","ran938.hdr.44",-0.000390110000000001
"938","ran938.hdr.45",-0.00015647
"938","ran938.hdr.46",0.00003232
"938","ran938.hdr.47",-0.0000747000000000005
"938","ran938.hdr.48",-0.00051991
"938","ran938.hdr.49",-0.0135865
"938","ran938.hdr.5",-0.00449763
"938","ran938.hdr.50",-0.00055
"938","ran938.hdr.51",-0.00029272
"938","ran938.hdr.52",0.00005185
"938","ran938.hdr.54",-0.000263810000000001
"938","ran938.hdr.55",-0.0004244
"938","ran938.hdr.56",-0.000867700000000001
"938","ran938.hdr.57",-0.0022371
"938","ran938.hdr.58",NA
"938","ran938.hdr.59",-0.0003826
"938","ran938.hdr.6",-0.0007133
"938","ran938.hdr.60",-0.0060663
"938","ran938.hdr.61",-0.0044594
"938","ran938.hdr.62",-0.000331100000000001
"938","ran938.hdr.63",-0.0011658
"938","ran938.hdr.64",-0.0000952000000000001
"938","ran938.hdr.65",-0.000407100000000001
"938","ran938.hdr.66",-0.0006222
"938","ran938.hdr.67",-0.000228699999999998
"938","ran938.hdr.68",-0.0000153999999999987
"938","ran938.hdr.69",-0.0009037
"938","ran938.hdr.7",-0.0011761
"938","ran938.hdr.70",-0.0008606
"938","ran938.hdr.71",-0.0007229
"938","ran938.hdr.72",-0.000933900000000001
"938","ran938.hdr.73",-0.000688999999999999
"938","ran938.hdr.74",-0.000806600000000001
"938","ran938.hdr.75",-0.0009444
"938","ran938.hdr.76",-0.0030586
"938","ran938.hdr.77",-0.000498099999999998
"938","ran938.hdr.78",-0.000802599999999999
"938","ran938.hdr.8",-0.000160850000000001
"938","ran938.hdr.9",0.000380419999999999
"939","ran939.hdr.1",-0.0005582
"939","ran939.hdr.10",-0.000063007
"939","ran939.hdr.11",-0.00056426
"939","ran939.hdr.12",0.000161699999999999
"939","ran939.hdr.13",-0.00039314
"939","ran939.hdr.14",-0.000198540000000001
"939","ran939.hdr.15",-0.00082745
"939","ran939.hdr.16",-0.000217409999999999
"939","ran939.hdr.17",-0.000779799999999999
"939","ran939.hdr.18",-0.0002947
"939","ran939.hdr.19",0.0003146
"939","ran939.hdr.2",-0.0000554800000000001
"939","ran939.hdr.20",-0.0045794
"939","ran939.hdr.21",0.000158100000000001
"939","ran939.hdr.22",-0.0000257999999999994
"939","ran939.hdr.23",-0.0025725
"939","ran939.hdr.24",-0.000327499999999998
"939","ran939.hdr.25",-0.0000410300000000001
"939","ran939.hdr.26",-0.00044134
"939","ran939.hdr.27",-0.000175300000000001
"939","ran939.hdr.28",-0.00000790000000000166
"939","ran939.hdr.29",-0.01715588
"939","ran939.hdr.3",0.0000496999999999997
"939","ran939.hdr.30",-0.000784
"939","ran939.hdr.31",-0.0008395
"939","ran939.hdr.32",-0.000803359999999999
"939","ran939.hdr.33",-0.0018523
"939","ran939.hdr.34",-0.000235339999999999
"939","ran939.hdr.35",-0.0011115
"939","ran939.hdr.36",NA
"939","ran939.hdr.37",0.0000757000000000015
"939","ran939.hdr.38",-0.00035142
"939","ran939.hdr.39",-0.0005428
"939","ran939.hdr.4",-0.0000346800000000005
"939","ran939.hdr.40",-0.00025843
"939","ran939.hdr.41",-0.000707100000000002
"939","ran939.hdr.42",-0.00209034
"939","ran939.hdr.43",-0.0013738
"939","ran939.hdr.44",-0.000408800000000001
"939","ran939.hdr.45",-0.000315939999999999
"939","ran939.hdr.46",-0.0015804
"939","ran939.hdr.47",-0.0015158
"939","ran939.hdr.48",0.00000257936
"939","ran939.hdr.49",-0.000125780000000001
"939","ran939.hdr.5",-0.000239700000000001
"939","ran939.hdr.50",0.0000556099999999993
"939","ran939.hdr.52",-0.0000994599999999991
"939","ran939.hdr.53",-0.000588982
"939","ran939.hdr.54",-0.000203699999999999
"939","ran939.hdr.55",-0.01281643
"939","ran939.hdr.56",-0.0000438000000000001
"939","ran939.hdr.57",0.000477
"939","ran939.hdr.58",0.00013643
"939","ran939.hdr.59",0.000272909999999999
"939","ran939.hdr.6",0.0001826
"939","ran939.hdr.60",-0.000914999999999999
"939","ran939.hdr.61",-0.00012416
"939","ran939.hdr.62",-0.0001385
"939","ran939.hdr.63",0.0000759199999999993
"939","ran939.hdr.64",-0.000328200000000001
"939","ran939.hdr.65",-0.0000205499999999994
"939","ran939.hdr.66",-0.0007592
"939","ran939.hdr.67",0.0000233799999999999
"939","ran939.hdr.68",-0.0044168
"939","ran939.hdr.69",-0.000871399999999998
"939","ran939.hdr.7",0.0003348
"939","ran939.hdr.70",-0.00031406
"939","ran939.hdr.71",-0.0014309
"939","ran939.hdr.72",-0.000202499999999998
"939","ran939.hdr.73",-0.000535300000000002
"939","ran939.hdr.74",-0.000102635
"939","ran939.hdr.75",-0.004726
"939","ran939.hdr.76",-0.0010666
"939","ran939.hdr.77",-0.0005872
"939","ran939.hdr.78",-0.0006941
"939","ran939.hdr.8",-0.0003713
"939","ran939.hdr.9",-0.0001004
"940","ran940.hdr.1",-0.0009493
"940","ran940.hdr.10",-0.00038553
"940","ran940.hdr.11",-0.0008815
"940","ran940.hdr.12",-0.00026025
"940","ran940.hdr.13",-0.00161496
"940","ran940.hdr.14",-0.000209999999999998
"940","ran940.hdr.15",-0.000136260000000001
"940","ran940.hdr.16",-0.0002951
"940","ran940.hdr.17",-0.0001574
"940","ran940.hdr.18",0.000694299999999998
"940","ran940.hdr.19",-0.000110299999999999
"940","ran940.hdr.2",-0.000637000000000002
"940","ran940.hdr.20",-0.000616499999999999
"940","ran940.hdr.21",-0.000385699999999999
"940","ran940.hdr.22",-0.0030857
"940","ran940.hdr.23",-0.00141581
"940","ran940.hdr.24",-0.00055601
"940","ran940.hdr.25",-0.002522
"940","ran940.hdr.26",-0.00053928
"940","ran940.hdr.27",-0.000207189999999999
"940","ran940.hdr.28",-0.0002538
"940","ran940.hdr.29",-0.00023903
"940","ran940.hdr.3",-0.0008068
"940","ran940.hdr.30",0.000648100000000002
"940","ran940.hdr.31",0.0012711
"940","ran940.hdr.32",0.0001668
"940","ran940.hdr.33",-0.0011
"940","ran940.hdr.34",0.00000829999999999928
"940","ran940.hdr.35",-0.0010055
"940","ran940.hdr.36",-0.000408800000000001
"940","ran940.hdr.37",-0.002897
"940","ran940.hdr.38",0.0005778
"940","ran940.hdr.39",-0.00017999
"940","ran940.hdr.4",-0.000077743
"940","ran940.hdr.40",-0.0070655
"940","ran940.hdr.41",-0.000092715
"940","ran940.hdr.42",-0.0015804
"940","ran940.hdr.43",-0.0014392
"940","ran940.hdr.44",-0.001416
"940","ran940.hdr.45",-0.0004831
"940","ran940.hdr.46",0.0000742100000000001
"940","ran940.hdr.47",-0.000599799999999999
"940","ran940.hdr.48",-0.0001172
"940","ran940.hdr.49",-0.0000283000000000002
"940","ran940.hdr.5",-0.01280031
"940","ran940.hdr.50",-0.0005736
"940","ran940.hdr.51",-0.00019336
"940","ran940.hdr.52",-0.00011945
"940","ran940.hdr.53",-0.000125780000000001
"940","ran940.hdr.54",-0.0013724
"940","ran940.hdr.55",-0.0034825
"940","ran940.hdr.56",0.000107299999999999
"940","ran940.hdr.57",-0.000849699999999998
"940","ran940.hdr.58",-0.000406799999999999
"940","ran940.hdr.59",-0.000775500000000002
"940","ran940.hdr.6",0.000266499999999999
"940","ran940.hdr.60",-0.012746
"940","ran940.hdr.61",-0.0084385
"940","ran940.hdr.62",-0.00019203
"940","ran940.hdr.63",0.000404499999999999
"940","ran940.hdr.64",-0.0012721
"940","ran940.hdr.65",-0.000485049999999999
"940","ran940.hdr.66",-0.0015961
"940","ran940.hdr.67",-0.000361200000000001
"940","ran940.hdr.68",0.000256500000000002
"940","ran940.hdr.69",-0.0018219
"940","ran940.hdr.7",-0.0000849000000000006
"940","ran940.hdr.70",-0.000201800000000002
"940","ran940.hdr.71",-0.0013697
"940","ran940.hdr.72",-0.000890599999999998
"940","ran940.hdr.73",-0.000819
"940","ran940.hdr.74",-0.000161699999999999
"940","ran940.hdr.75",-0.000916799999999999
"940","ran940.hdr.76",0.0000502000000000002
"940","ran940.hdr.77",-0.0030586
"940","ran940.hdr.78",-0.0017455
"940","ran940.hdr.8",-0.00066134
"940","ran940.hdr.9",-0.0000844999999999995
"941","ran941.hdr.1",0.00024129
"941","ran941.hdr.10",-0.0004092
"941","ran941.hdr.11",0.000140100000000001
"941","ran941.hdr.12",-0.00045021
"941","ran941.hdr.13",0.00021628
"941","ran941.hdr.14",0.0000749199999999992
"941","ran941.hdr.15",-0.0000469000000000025
"941","ran941.hdr.16",-0.00035301
"941","ran941.hdr.17",-0.000291369999999999
"941","ran941.hdr.18",-0.000657499999999998
"941","ran941.hdr.19",-0.000184699999999999
"941","ran941.hdr.2",-0.000849200000000001
"941","ran941.hdr.20",-0.0011003
"941","ran941.hdr.21",-0.0004966
"941","ran941.hdr.22",-0.0015342
"941","ran941.hdr.23",0.00016851
"941","ran941.hdr.24",-0.000435399999999999
"941","ran941.hdr.25",-0.00068852
"941","ran941.hdr.26",-0.0000696199999999994
"941","ran941.hdr.27",-0.0011573
"941","ran941.hdr.28",-0.00087039
"941","ran941.hdr.29",-0.000803359999999999
"941","ran941.hdr.3",-0.000708700000000001
"941","ran941.hdr.30",-0.000355099999999997
"941","ran941.hdr.31",-0.000317899999999999
"941","ran941.hdr.32",0.00034213
"941","ran941.hdr.33",-0.0010666
"941","ran941.hdr.34",0.000071100000000001
"941","ran941.hdr.35",0.00002453
"941","ran941.hdr.36",-0.00017519
"941","ran941.hdr.37",-0.0004718
"941","ran941.hdr.38",0.0000050100000000006
"941","ran941.hdr.39",-0.00000561000000000008
"941","ran941.hdr.4",-0.000942399999999999
"941","ran941.hdr.40",-0.0006786
"941","ran941.hdr.41",0.00053199
"941","ran941.hdr.42",-0.00035147
"941","ran941.hdr.43",0.0000920999999999995
"941","ran941.hdr.44",-0.000377499999999999
"941","ran941.hdr.45",0.00015161
"941","ran941.hdr.46",-0.0000250599999999999
"941","ran941.hdr.47",-0.0000593299999999998
"941","ran941.hdr.48",-0.0023048
"941","ran941.hdr.49",-0.00074359
"941","ran941.hdr.5",-0.003143
"941","ran941.hdr.50",0.00026023
"941","ran941.hdr.51",0.0002101
"941","ran941.hdr.52",-0.0000781999999999988
"941","ran941.hdr.53",-0.0000202999999999991
"941","ran941.hdr.54",-0.000972200000000003
"941","ran941.hdr.55",-0.000967699999999998
"941","ran941.hdr.56",-0.000268600000000001
"941","ran941.hdr.57",-0.000399500000000001
"941","ran941.hdr.58",-0.00017959
"941","ran941.hdr.59",-0.0000474999999999989
"941","ran941.hdr.6",-0.0028486
"941","ran941.hdr.60",-0.0011402
"941","ran941.hdr.61",-0.0044594
"941","ran941.hdr.62",-0.000959399999999999
"941","ran941.hdr.63",-0.000334099999999999
"941","ran941.hdr.64",-0.000266830000000001
"941","ran941.hdr.65",-0.00040548
"941","ran941.hdr.66",-0.0023424
"941","ran941.hdr.67",-0.0008821
"941","ran941.hdr.68",0.000970800000000001
"941","ran941.hdr.69",-0.00179129
"941","ran941.hdr.7",-0.000145270000000001
"941","ran941.hdr.70",0.00039459
"941","ran941.hdr.71",0.000132810000000001
"941","ran941.hdr.72",0.0000821000000000016
"941","ran941.hdr.73",0.0002082
"941","ran941.hdr.74",-0.000482799999999999
"941","ran941.hdr.75",-0.000809499999999998
"941","ran941.hdr.76",-0.0018985
"941","ran941.hdr.77",-0.000748700000000001
"941","ran941.hdr.78",-0.000318599999999999
"941","ran941.hdr.8",-0.0000787700000000001
"941","ran941.hdr.9",-0.0003821
"942","ran942.hdr.1",-0.000740699999999999
"942","ran942.hdr.10",-0.00041712
"942","ran942.hdr.11",-0.0011382
"942","ran942.hdr.12",-0.0000582479999999999
"942","ran942.hdr.13",-0.0003061
"942","ran942.hdr.14",-0.0032234
"942","ran942.hdr.15",-0.00025741
"942","ran942.hdr.16",0.000241600000000002
"942","ran942.hdr.17",-0.00000310000000000002
"942","ran942.hdr.18",-0.000288800000000001
"942","ran942.hdr.19",-0.0024928
"942","ran942.hdr.2",-0.00119054
"942","ran942.hdr.20",-0.0001248
"942","ran942.hdr.21",-0.0003788
"942","ran942.hdr.22",0.00017261
"942","ran942.hdr.23",-0.0000221900000000001
"942","ran942.hdr.24",0.0000669999999999994
"942","ran942.hdr.25",-0.00000110000000000041
"942","ran942.hdr.26",0.0000686800000000007
"942","ran942.hdr.27",-0.0005877
"942","ran942.hdr.28",-0.00014131
"942","ran942.hdr.29",-0.000709920000000001
"942","ran942.hdr.3",-0.0016682
"942","ran942.hdr.30",0.00039719
"942","ran942.hdr.31",0.0000702000000000012
"942","ran942.hdr.32",-0.001813
"942","ran942.hdr.33",-0.000878499999999999
"942","ran942.hdr.34",-0.0001828
"942","ran942.hdr.35",-0.0007116
"942","ran942.hdr.36",-0.00034168
"942","ran942.hdr.37",-0.0015749
"942","ran942.hdr.38",-0.0012954
"942","ran942.hdr.39",-0.0001046
"942","ran942.hdr.4",-0.0053867
"942","ran942.hdr.40",-0.0037192
"942","ran942.hdr.41",-0.0014925
"942","ran942.hdr.42",-0.0010884
"942","ran942.hdr.43",-0.0010616
"942","ran942.hdr.44",-0.000189699999999999
"942","ran942.hdr.45",0.0000393000000000025
"942","ran942.hdr.46",-0.00035147
"942","ran942.hdr.47",-0.000452599999999999
"942","ran942.hdr.48",-0.0003018
"942","ran942.hdr.49",-0.000207300000000001
"942","ran942.hdr.5",-0.0007992
"942","ran942.hdr.50",0.0001095
"942","ran942.hdr.51",0.00019344
"942","ran942.hdr.52",-0.0010527
"942","ran942.hdr.53",-0.0070655
"942","ran942.hdr.54",-0.00074359
"942","ran942.hdr.55",-0.000434999999999998
"942","ran942.hdr.56",-0.0004037
"942","ran942.hdr.58",0.00006119
"942","ran942.hdr.59",-0.000270299999999998
"942","ran942.hdr.6",-0.000290820000000001
"942","ran942.hdr.60",0.000107299999999999
"942","ran942.hdr.61",-0.000639499999999998
"942","ran942.hdr.62",0.000129292
"942","ran942.hdr.63",0.0000100400000000002
"942","ran942.hdr.64",-0.0013718
"942","ran942.hdr.65",-0.0047173
"942","ran942.hdr.66",-0.0011402
"942","ran942.hdr.67",-0.0013065
"942","ran942.hdr.68",-0.000567400000000001
"942","ran942.hdr.69",-0.0027675
"942","ran942.hdr.7",-0.0021526
"942","ran942.hdr.70",-0.001084
"942","ran942.hdr.71",0.00049501
"942","ran942.hdr.72",-0.0011431
"942","ran942.hdr.73",0.0000442000000000012
"942","ran942.hdr.74",-0.000204899999999999
"942","ran942.hdr.75",-0.00062796
"942","ran942.hdr.76",-0.000961299999999998
"942","ran942.hdr.77",-0.0003826
"942","ran942.hdr.78",-0.000399129999999999
"942","ran942.hdr.8",-0.000942399999999999
"942","ran942.hdr.9",-0.00168994
"943","ran943.hdr.1",-0.0012185
"943","ran943.hdr.10",0.0000191700000000006
"943","ran943.hdr.11",-0.0005371
"943","ran943.hdr.12",-0.00016698
"943","ran943.hdr.13",-0.000242599999999999
"943","ran943.hdr.14",-0.00026025
"943","ran943.hdr.15",0.000350800000000002
"943","ran943.hdr.16",-0.000257510000000001
"943","ran943.hdr.17",-0.000890400000000001
"943","ran943.hdr.18",-0.0045505
"943","ran943.hdr.19",0.0000853599999999996
"943","ran943.hdr.2",-0.000532600000000001
"943","ran943.hdr.20",-0.0004388
"943","ran943.hdr.21",0.000313819999999999
"943","ran943.hdr.22",0.0000848999999999989
"943","ran943.hdr.23",-0.001167
"943","ran943.hdr.24",-0.00009449
"943","ran943.hdr.25",0.0000772100000000012
"943","ran943.hdr.26",-0.000297
"943","ran943.hdr.27",0.0006037
"943","ran943.hdr.28",-0.0044356
"943","ran943.hdr.29",0.000316899999999998
"943","ran943.hdr.3",0.0000508000000000002
"943","ran943.hdr.30",-0.0013637
"943","ran943.hdr.31",-0.000968999999999999
"943","ran943.hdr.32",-0.00023755
"943","ran943.hdr.33",-0.000184700000000001
"943","ran943.hdr.34",-0.0011052
"943","ran943.hdr.35",-0.000135
"943","ran943.hdr.36",-0.0021188
"943","ran943.hdr.37",-0.000491499999999999
"943","ran943.hdr.38",-0.000481199999999999
"943","ran943.hdr.39",-0.0026491
"943","ran943.hdr.4",-0.00041678
"943","ran943.hdr.40",-0.0000485800000000003
"943","ran943.hdr.41",-0.000306899999999999
"943","ran943.hdr.42",0.000414499999999998
"943","ran943.hdr.43",-0.0012299
"943","ran943.hdr.44",-0.002171
"943","ran943.hdr.45",-0.004512
"943","ran943.hdr.46",-0.00026183
"943","ran943.hdr.47",-0.00000529999999999975
"943","ran943.hdr.48",-0.0030547
"943","ran943.hdr.49",-0.0031055
"943","ran943.hdr.5",0.000443500000000001
"943","ran943.hdr.50",-0.0007171
"943","ran943.hdr.51",-0.0001172
"943","ran943.hdr.52",-0.000270960000000001
"943","ran943.hdr.53",-0.0020265
"943","ran943.hdr.54",-0.000155800000000001
"943","ran943.hdr.55",-0.0007846
"943","ran943.hdr.56",-0.0018888
"943","ran943.hdr.57",-0.00133806
"943","ran943.hdr.58",-0.000688000000000001
"943","ran943.hdr.59",-0.0051112
"943","ran943.hdr.6",0.0000271099999999986
"943","ran943.hdr.60",-0.000919
"943","ran943.hdr.61",-0.000914999999999999
"943","ran943.hdr.62",-0.0011581
"943","ran943.hdr.63",-0.0028671
"943","ran943.hdr.64",-0.000250410000000001
"943","ran943.hdr.65",-0.0017699
"943","ran943.hdr.66",-0.00591576
"943","ran943.hdr.67",-0.0023424
"943","ran943.hdr.68",-0.0004732
"943","ran943.hdr.69",-0.0011245
"943","ran943.hdr.7",-0.0054872
"943","ran943.hdr.70",-0.0044168
"943","ran943.hdr.71",-0.000137399999999999
"943","ran943.hdr.72",-0.0011457
"943","ran943.hdr.73",-0.0017992
"943","ran943.hdr.74",0.000665300000000001
"943","ran943.hdr.75",-0.0020758
"943","ran943.hdr.76",-0.0013547
"943","ran943.hdr.77",-0.0017951
"943","ran943.hdr.78",0.00023438
"943","ran943.hdr.8",-0.0011071
"943","ran943.hdr.9",-0.000232599999999999
"944","ran944.hdr.1",-0.0000461999999999997
"944","ran944.hdr.10",-0.00110477
"944","ran944.hdr.11",-0.000066394
"944","ran944.hdr.12",-0.000142700000000001
"944","ran944.hdr.13",-0.00047386
"944","ran944.hdr.14",-0.0000555
"944","ran944.hdr.15",-0.00023309
"944","ran944.hdr.16",-0.000824699999999999
"944","ran944.hdr.17",-0.0002877
"944","ran944.hdr.18",-0.0007302
"944","ran944.hdr.19",-0.000113727
"944","ran944.hdr.2",-0.0022515
"944","ran944.hdr.20",-0.000410499999999999
"944","ran944.hdr.21",-0.0035352
"944","ran944.hdr.22",-0.0002792
"944","ran944.hdr.23",-0.000108899999999999
"944","ran944.hdr.24",-0.00107892
"944","ran944.hdr.25",-0.00029545
"944","ran944.hdr.26",-0.00013267
"944","ran944.hdr.27",0.00031742
"944","ran944.hdr.28",0.000394970000000001
"944","ran944.hdr.29",0.000144799999999999
"944","ran944.hdr.3",0.0006768
"944","ran944.hdr.30",-0.00350844
"944","ran944.hdr.31",-0.0000865999999999992
"944","ran944.hdr.32",-0.0013637
"944","ran944.hdr.33",0.000159400000000001
"944","ran944.hdr.34",-0.0006427
"944","ran944.hdr.35",-0.000844900000000001
"944","ran944.hdr.36",-0.00082841
"944","ran944.hdr.37",-0.0013356
"944","ran944.hdr.38",-0.0014594
"944","ran944.hdr.39",-0.0004718
"944","ran944.hdr.4",0.000214600000000002
"944","ran944.hdr.40",0.0006888
"944","ran944.hdr.41",0.000375199999999999
"944","ran944.hdr.42",0.0000239999999999997
"944","ran944.hdr.43",0.0000144999999999989
"944","ran944.hdr.44",-0.000311799999999999
"944","ran944.hdr.45",-0.0003823
"944","ran944.hdr.46",-0.000569999999999999
"944","ran944.hdr.47",-0.0022656
"944","ran944.hdr.48",-0.0034509
"944","ran944.hdr.49",-0.000691199999999999
"944","ran944.hdr.5",0.000213400000000001
"944","ran944.hdr.50",-0.000418910000000001
"944","ran944.hdr.51",-0.00022498
"944","ran944.hdr.52",-0.01111509
"944","ran944.hdr.53",-0.000434999999999998
"944","ran944.hdr.54",-0.000569500000000001
"944","ran944.hdr.55",-0.00013051
"944","ran944.hdr.56",0.000194639999999999
"944","ran944.hdr.58",-0.00011027
"944","ran944.hdr.59",0.000502859999999999
"944","ran944.hdr.6",-0.0056027
"944","ran944.hdr.60",0.000189000000000002
"944","ran944.hdr.61",-0.00274956
"944","ran944.hdr.62",0.000190600000000003
"944","ran944.hdr.63",0.0001554
"944","ran944.hdr.64",-0.0015961
"944","ran944.hdr.65",-0.00056939
"944","ran944.hdr.66",-0.000157000000000001
"944","ran944.hdr.67",-0.0010863
"944","ran944.hdr.68",-0.0010769
"944","ran944.hdr.69",-0.0009751
"944","ran944.hdr.7",-0.0028486
"944","ran944.hdr.70",-0.0005561
"944","ran944.hdr.71",-0.0002559
"944","ran944.hdr.72",-0.0012012
"944","ran944.hdr.73",-0.0000447299999999998
"944","ran944.hdr.74",-0.0007951
"944","ran944.hdr.75",-0.000908300000000001
"944","ran944.hdr.76",-0.000692410000000001
"944","ran944.hdr.77",-0.0006976
"944","ran944.hdr.78",0.0000916000000000007
"944","ran944.hdr.8",-0.0053473
"944","ran944.hdr.9",-0.0034916
"945","ran945.hdr.1",-0.0026949
"945","ran945.hdr.10",-0.0006119
"945","ran945.hdr.11",-0.000507480000000001
"945","ran945.hdr.12",-0.000602800000000001
"945","ran945.hdr.13",-0.000409099999999999
"945","ran945.hdr.14",-0.0000342699999999994
"945","ran945.hdr.15",-0.00071959
"945","ran945.hdr.16",-0.0008164
"945","ran945.hdr.17",-0.0016769
"945","ran945.hdr.18",-0.0025625
"945","ran945.hdr.19",-0.000686199999999998
"945","ran945.hdr.2",-0.0011092
"945","ran945.hdr.20",-0.000700599999999999
"945","ran945.hdr.21",-0.0000566999999999998
"945","ran945.hdr.22",-0.000695099999999999
"945","ran945.hdr.23",0.0001034
"945","ran945.hdr.24",-0.000418709999999999
"945","ran945.hdr.25",-0.00046126
"945","ran945.hdr.26",0.00014465
"945","ran945.hdr.27",-0.00031138
"945","ran945.hdr.28",-0.00044134
"945","ran945.hdr.29",0.000361699999999998
"945","ran945.hdr.3",-0.0004513
"945","ran945.hdr.30",0.000409699999999999
"945","ran945.hdr.31",-0.0023487
"945","ran945.hdr.32",0.00004498
"945","ran945.hdr.33",-0.0005219
"945","ran945.hdr.34",-0.0018523
"945","ran945.hdr.35",-0.00046567
"945","ran945.hdr.36",-0.0019089
"945","ran945.hdr.37",-0.00015807
"945","ran945.hdr.38",-0.000095399999999999
"945","ran945.hdr.39",-0.000924100000000001
"945","ran945.hdr.4",-0.0008068
"945","ran945.hdr.40",-0.000565699999999999
"945","ran945.hdr.41",0.000175599999999998
"945","ran945.hdr.42",0.000150899999999999
"945","ran945.hdr.43",-0.00081
"945","ran945.hdr.44",-0.0010202
"945","ran945.hdr.45",-0.000569999999999999
"945","ran945.hdr.46",-0.0016596
"945","ran945.hdr.47",-0.000001000000000001
"945","ran945.hdr.48",-0.0022353
"945","ran945.hdr.49",-0.0000114000000000017
"945","ran945.hdr.5",0.000160499999999999
"945","ran945.hdr.50",-0.000034158
"945","ran945.hdr.51",-0.00005258
"945","ran945.hdr.52",-0.000167800000000001
"945","ran945.hdr.53",-0.00029094
"945","ran945.hdr.54",-0.0072374
"945","ran945.hdr.55",-0.0003928
"945","ran945.hdr.56",-0.00111662
"945","ran945.hdr.57",-0.00048754
"945","ran945.hdr.58",-0.00035154
"945","ran945.hdr.59",-0.000217699999999999
"945","ran945.hdr.6",0.000559200000000003
"945","ran945.hdr.60",0.000432200000000001
"945","ran945.hdr.61",-0.0000912600000000001
"945","ran945.hdr.62",-0.00011027
"945","ran945.hdr.63",-0.0007711
"945","ran945.hdr.64",-0.000102700000000001
"945","ran945.hdr.65",-0.000728699999999999
"945","ran945.hdr.66",-0.0000494999999999992
"945","ran945.hdr.67",-0.0107924
"945","ran945.hdr.68",-0.00016
"945","ran945.hdr.69",-0.001085
"945","ran945.hdr.7",-0.0013722
"945","ran945.hdr.70",0.0000832999999999997
"945","ran945.hdr.71",-0.000345399999999999
"945","ran945.hdr.72",-0.0000153999999999987
"945","ran945.hdr.73",-0.000147399999999999
"945","ran945.hdr.74",-0.0027169
"945","ran945.hdr.75",-0.000676700000000002
"945","ran945.hdr.76",-0.000894099999999998
"945","ran945.hdr.77",0.0004779
"945","ran945.hdr.78",-0.000214600000000001
"945","ran945.hdr.8",-0.0037447
"945","ran945.hdr.9",-0.00168994
"946","ran946.hdr.1",-0.00036043
"946","ran946.hdr.10",0.000579970000000001
"946","ran946.hdr.11",-0.000681099999999999
"946","ran946.hdr.12",-0.000194699999999999
"946","ran946.hdr.13",-0.0015955
"946","ran946.hdr.14",-0.0003499
"946","ran946.hdr.15",-0.00082745
"946","ran946.hdr.16",-0.000333099999999999
"946","ran946.hdr.17",-0.0017674
"946","ran946.hdr.18",0.0003538
"946","ran946.hdr.19",-0.000110299999999999
"946","ran946.hdr.2",-0.0026658
"946","ran946.hdr.20",-0.0002991
"946","ran946.hdr.21",-0.0000786399999999996
"946","ran946.hdr.22",-0.00034293
"946","ran946.hdr.23",-0.0005877
"946","ran946.hdr.24",-0.000507499999999999
"946","ran946.hdr.25",-0.0004084
"946","ran946.hdr.26",0.0000383999999999992
"946","ran946.hdr.27",0.00056407
"946","ran946.hdr.28",-0.0018846
"946","ran946.hdr.29",-0.0000805300000000005
"946","ran946.hdr.3",-0.000683999999999997
"946","ran946.hdr.30",-0.0001817
"946","ran946.hdr.31",-0.0017024
"946","ran946.hdr.32",-0.000348000000000001
"946","ran946.hdr.33",-0.00023755
"946","ran946.hdr.34",0.0003423
"946","ran946.hdr.35",0.000464870000000001
"946","ran946.hdr.36",-0.0000631999999999994
"946","ran946.hdr.37",-0.000944
"946","ran946.hdr.38",-0.000214700000000002
"946","ran946.hdr.39",-0.000152899999999999
"946","ran946.hdr.4",0.000367099999999999
"946","ran946.hdr.40",-0.0023505
"946","ran946.hdr.41",-0.0006882
"946","ran946.hdr.42",-0.000543500000000001
"946","ran946.hdr.43",-0.0037192
"946","ran946.hdr.44",-0.0015836
"946","ran946.hdr.45",-0.002475
"946","ran946.hdr.46",-0.000764300000000002
"946","ran946.hdr.47",-0.0000509000000000013
"946","ran946.hdr.49",-0.0020265
"946","ran946.hdr.5",-0.0009196
"946","ran946.hdr.50",-0.000492100000000002
"946","ran946.hdr.51",-0.0001829
"946","ran946.hdr.52",-0.0000546999999999995
"946","ran946.hdr.53",-0.000602269999999999
"946","ran946.hdr.54",-0.0010508
"946","ran946.hdr.55",-0.0012684
"946","ran946.hdr.56",-0.000964599999999999
"946","ran946.hdr.57",-0.0001548
"946","ran946.hdr.58",-0.0043602
"946","ran946.hdr.59",0.0000225
"946","ran946.hdr.6",-0.00015088
"946","ran946.hdr.60",-0.001971
"946","ran946.hdr.61",0.000324999999999999
"946","ran946.hdr.62",-0.0000829000000000003
"946","ran946.hdr.63",-0.0007712
"946","ran946.hdr.64",-0.0000186000000000006
"946","ran946.hdr.65",-0.000075200000000001
"946","ran946.hdr.66",-0.00006251
"946","ran946.hdr.67",-0.0046587
"946","ran946.hdr.68",-0.000316540000000001
"946","ran946.hdr.69",-0.000368199999999999
"946","ran946.hdr.7",0.00000320000000000008
"946","ran946.hdr.70",-0.0008746
"946","ran946.hdr.71",-0.000481099999999998
"946","ran946.hdr.72",-0.0022069
"946","ran946.hdr.73",-0.000535300000000002
"946","ran946.hdr.74",-0.0000953799999999999
"946","ran946.hdr.75",-0.000299900000000001
"946","ran946.hdr.76",-0.0018985
"946","ran946.hdr.77",-0.0005602
"946","ran946.hdr.78",-0.0000290799999999999
"946","ran946.hdr.8",0.0001694
"946","ran946.hdr.9",-0.00023812
"947","ran947.hdr.1",-0.000591300000000003
"947","ran947.hdr.10",-0.000422980000000001
"947","ran947.hdr.11",0.0000762699999999998
"947","ran947.hdr.12",-0.000301300000000001
"947","ran947.hdr.13",-0.000539240000000002
"947","ran947.hdr.14",-0.00065658
"947","ran947.hdr.15",-0.0008815
"947","ran947.hdr.16",0.000209899999999999
"947","ran947.hdr.17",-0.000339470000000001
"947","ran947.hdr.18",-0.0005968
"947","ran947.hdr.19",-0.000454699999999999
"947","ran947.hdr.2",-0.0000914000000000002
"947","ran947.hdr.20",0.0002985
"947","ran947.hdr.21",NA
"947","ran947.hdr.22",-0.000228099999999998
"947","ran947.hdr.23",-0.000397499999999999
"947","ran947.hdr.24",-0.0004889
"947","ran947.hdr.25",-0.000230500000000002
"947","ran947.hdr.26",-0.00081971
"947","ran947.hdr.27",-0.0000945300000000007
"947","ran947.hdr.28",-0.0032627
"947","ran947.hdr.29",-0.0022818
"947","ran947.hdr.3",-0.0007992
"947","ran947.hdr.30",-0.0025053
"947","ran947.hdr.31",0.000583699999999999
"947","ran947.hdr.32",-0.000409099999999999
"947","ran947.hdr.33",-0.000281700000000001
"947","ran947.hdr.34",-0.0006558
"947","ran947.hdr.35",-0.0023716
"947","ran947.hdr.36",-0.000135
"947","ran947.hdr.37",-0.000575500000000001
"947","ran947.hdr.38",-0.000830000000000001
"947","ran947.hdr.39",-0.000773600000000003
"947","ran947.hdr.4",-0.000831800000000001
"947","ran947.hdr.40",-0.0001046
"947","ran947.hdr.41",-0.0015782
"947","ran947.hdr.42",-0.0014925
"947","ran947.hdr.43",-0.0013738
"947","ran947.hdr.44",-0.0010202
"947","ran947.hdr.45",-0.000846200000000002
"947","ran947.hdr.46",-0.0041082
"947","ran947.hdr.47",-0.000392
"947","ran947.hdr.48",-0.001384
"947","ran947.hdr.49",-0.0024639
"947","ran947.hdr.5",-0.00030613
"947","ran947.hdr.50",-0.0001647
"947","ran947.hdr.51",0.000024498
"947","ran947.hdr.52",-0.00000727000000000019
"947","ran947.hdr.53",-0.00155443
"947","ran947.hdr.54",-0.0000596800000000012
"947","ran947.hdr.55",-0.0000788000000000004
"947","ran947.hdr.56",-0.0004244
"947","ran947.hdr.57",-0.0000835000000000002
"947","ran947.hdr.58",-0.00023539
"947","ran947.hdr.59",0.000366500000000001
"947","ran947.hdr.6",-0.00034287
"947","ran947.hdr.60",-0.0029627
"947","ran947.hdr.61",-0.0021629
"947","ran947.hdr.62",-0.000775399999999999
"947","ran947.hdr.63",-0.00039282
"947","ran947.hdr.64",-0.00039478
"947","ran947.hdr.65",-0.0010423
"947","ran947.hdr.66",-0.000420499999999999
"947","ran947.hdr.67",-0.001084
"947","ran947.hdr.68",-0.000448899999999999
"947","ran947.hdr.69",-0.0039875
"947","ran947.hdr.7",-0.00018871
"947","ran947.hdr.70",-0.0013792
"947","ran947.hdr.71",-0.000955899999999999
"947","ran947.hdr.72",0.0000155000000000016
"947","ran947.hdr.73",-0.0009751
"947","ran947.hdr.74",-0.000630200000000001
"947","ran947.hdr.75",-0.000818700000000002
"947","ran947.hdr.76",-0.0023484
"947","ran947.hdr.77",-0.00062796
"947","ran947.hdr.78",-0.0014027
"947","ran947.hdr.8",-0.0017379
"947","ran947.hdr.9",-0.0051096
"948","ran948.hdr.1",-0.000115250000000001
"948","ran948.hdr.10",-0.0000117999999999993
"948","ran948.hdr.11",-0.00023309
"948","ran948.hdr.12",-0.0001755
"948","ran948.hdr.13",-0.0000432000000000002
"948","ran948.hdr.14",-0.000935750000000001
"948","ran948.hdr.15",-0.0012923
"948","ran948.hdr.16",-0.00102123
"948","ran948.hdr.17",0.000247599999999997
"948","ran948.hdr.18",-0.000130699999999999
"948","ran948.hdr.19",-0.000416699999999999
"948","ran948.hdr.2",-0.0050893
"948","ran948.hdr.20",-0.0016281
"948","ran948.hdr.21",-0.000576
"948","ran948.hdr.22",-0.0006335
"948","ran948.hdr.23",-0.000148799999999999
"948","ran948.hdr.24",-0.000292629999999999
"948","ran948.hdr.25",-0.00015562
"948","ran948.hdr.26",0.0013739
"948","ran948.hdr.27",-0.0023372
"948","ran948.hdr.28",-0.0000865999999999992
"948","ran948.hdr.29",-0.000745100000000002
"948","ran948.hdr.3",-0.0048952
"948","ran948.hdr.30",-0.0000137999999999978
"948","ran948.hdr.31",0.000583699999999999
"948","ran948.hdr.32",-0.000831499999999999
"948","ran948.hdr.33",-0.0013224
"948","ran948.hdr.34",0.000247300000000001
"948","ran948.hdr.35",0.000049999999999998
"948","ran948.hdr.36",-0.000152599999999999
"948","ran948.hdr.37",-0.000768999999999999
"948","ran948.hdr.38",-0.000275399999999999
"948","ran948.hdr.39",NA
"948","ran948.hdr.4",-0.0036308
"948","ran948.hdr.40",-0.0011573
"948","ran948.hdr.41",-0.000491499999999999
"948","ran948.hdr.42",-0.0001434
"948","ran948.hdr.43",-0.00000561000000000008
"948","ran948.hdr.44",0.0000248600000000015
"948","ran948.hdr.45",-0.000392
"948","ran948.hdr.46",0.000136669
"948","ran948.hdr.47",-0.000463500000000002
"948","ran948.hdr.48",-0.00137689
"948","ran948.hdr.49",-0.0000955000000000001
"948","ran948.hdr.5",-0.00062661
"948","ran948.hdr.50",-0.0000346999999999986
"948","ran948.hdr.52",-0.000392199999999999
"948","ran948.hdr.53",-0.000477600000000002
"948","ran948.hdr.54",-0.000448199999999999
"948","ran948.hdr.55",-0.000763170000000001
"948","ran948.hdr.56",-0.00084326
"948","ran948.hdr.57",-0.00685775
"948","ran948.hdr.58",-0.0107262
"948","ran948.hdr.59",-0.01280889
"948","ran948.hdr.6",-0.00093515
"948","ran948.hdr.60",-0.0001548
"948","ran948.hdr.61",-0.000850799999999999
"948","ran948.hdr.62",-0.0010621
"948","ran948.hdr.63",-0.0000850799999999995
"948","ran948.hdr.64",-0.0004037
"948","ran948.hdr.65",-0.000157000000000001
"948","ran948.hdr.66",-0.0000952000000000001
"948","ran948.hdr.67",-0.000870200000000002
"948","ran948.hdr.68",-0.00093906
"948","ran948.hdr.69",-0.0022011
"948","ran948.hdr.7",-0.00058509
"948","ran948.hdr.70",-0.0018724
"948","ran948.hdr.71",-0.0017992
"948","ran948.hdr.72",-0.000694699999999999
"948","ran948.hdr.73",-0.0022821
"948","ran948.hdr.74",-0.000365799999999999
"948","ran948.hdr.75",-0.0004975
"948","ran948.hdr.76",-0.0006976
"948","ran948.hdr.77",-0.000547499999999999
"948","ran948.hdr.78",-0.000733480000000001
"948","ran948.hdr.8",-0.000701999999999999
"948","ran948.hdr.9",0.000299799999999999
"949","ran949.hdr.1",-0.000154699999999999
"949","ran949.hdr.10",-0.0000128999999999997
"949","ran949.hdr.11",-0.00000130000000000095
"949","ran949.hdr.12",-0.000988359999999999
"949","ran949.hdr.13",-0.0003742
"949","ran949.hdr.14",-0.0000727000000000019
"949","ran949.hdr.15",-0.000911199999999997
"949","ran949.hdr.16",-0.00039311
"949","ran949.hdr.17",0.0002343
"949","ran949.hdr.18",-0.0016211
"949","ran949.hdr.19",-0.001862
"949","ran949.hdr.2",-0.00000570800000000001
"949","ran949.hdr.20",-0.0004344
"949","ran949.hdr.21",-0.0003237
"949","ran949.hdr.22",-0.00196798
"949","ran949.hdr.23",-0.000267429999999999
"949","ran949.hdr.24",-0.00053928
"949","ran949.hdr.25",NA
"949","ran949.hdr.26",-0.000207189999999999
"949","ran949.hdr.27",-0.00029017
"949","ran949.hdr.28",-0.0005877
"949","ran949.hdr.29",0.0006037
"949","ran949.hdr.3",-0.0007518
"949","ran949.hdr.30",-0.0005801
"949","ran949.hdr.31",0.000033677
"949","ran949.hdr.32",-0.0013356
"949","ran949.hdr.33",-0.000446100000000001
"949","ran949.hdr.34",-0.00018774
"949","ran949.hdr.35",-0.000189699999999999
"949","ran949.hdr.36",0.0001673
"949","ran949.hdr.37",-0.0011215
"949","ran949.hdr.38",-0.000743199999999999
"949","ran949.hdr.39",-0.0000280200000000001
"949","ran949.hdr.4",-0.001544
"949","ran949.hdr.40",0.0001446
"949","ran949.hdr.41",-0.0010055
"949","ran949.hdr.42",0.0000839000000000013
"949","ran949.hdr.43",-0.0000671600000000001
"949","ran949.hdr.44",-0.000560139999999999
"949","ran949.hdr.45",0.00021511
"949","ran949.hdr.46",-0.000749
"949","ran949.hdr.47",0.0000474899999999999
"949","ran949.hdr.48",-0.0016044
"949","ran949.hdr.49",0.0003969
"949","ran949.hdr.5",-0.0037929
"949","ran949.hdr.50",-0.0002541
"949","ran949.hdr.51",0.0000613000000000002
"949","ran949.hdr.52",-0.000568100000000002
"949","ran949.hdr.53",-0.000193329999999999
"949","ran949.hdr.54",-0.000410299999999999
"949","ran949.hdr.55",-0.0003833
"949","ran949.hdr.58",-0.000658
"949","ran949.hdr.59",0.00041589
"949","ran949.hdr.6",-0.000229759999999999
"949","ran949.hdr.60",-0.00095777
"949","ran949.hdr.61",-0.0007402
"949","ran949.hdr.62",-0.000083200000000002
"949","ran949.hdr.63",0.000620300000000001
"949","ran949.hdr.64",-0.0012643
"949","ran949.hdr.65",-0.0027675
"949","ran949.hdr.66",-0.0005631
"949","ran949.hdr.67",-0.00740309
"949","ran949.hdr.68",-0.0033564
"949","ran949.hdr.69",0.000274099999999999
"949","ran949.hdr.7",-0.000374649999999999
"949","ran949.hdr.70",-0.0004749
"949","ran949.hdr.71",0.0005319
"949","ran949.hdr.72",-0.00014392
"949","ran949.hdr.73",-0.0044168
"949","ran949.hdr.74",0.0000365999999999995
"949","ran949.hdr.75",-0.001624
"949","ran949.hdr.76",-0.0012012
"949","ran949.hdr.77",-0.0021382
"949","ran949.hdr.78",-0.000457200000000001
"949","ran949.hdr.8",0.000256000000000001
"949","ran949.hdr.9",0.00049862
"950","ran950.hdr.1",-0.0002161
"950","ran950.hdr.10",-0.0000204900000000002
"950","ran950.hdr.11",-0.000419360000000001
"950","ran950.hdr.12",-0.00006411
"950","ran950.hdr.13",-0.00085353
"950","ran950.hdr.14",-0.0003499
"950","ran950.hdr.15",-0.000113727
"950","ran950.hdr.16",-0.0004314
"950","ran950.hdr.17",0.000640900000000002
"950","ran950.hdr.18",-0.0030857
"950","ran950.hdr.19",-0.000515720000000001
"950","ran950.hdr.2",0.0000850999999999977
"950","ran950.hdr.20",-0.0006008
"950","ran950.hdr.21",-0.0002542
"950","ran950.hdr.22",-0.000121709999999999
"950","ran950.hdr.23",-0.0051598
"950","ran950.hdr.24",0.000159400000000001
"950","ran950.hdr.25",-0.000480399999999999
"950","ran950.hdr.26",-0.0017371
"950","ran950.hdr.27",-0.000395299999999999
"950","ran950.hdr.28",-0.000627829999999999
"950","ran950.hdr.29",-0.000469799999999999
"950","ran950.hdr.3",-0.00009361
"950","ran950.hdr.30",-0.0013621
"950","ran950.hdr.31",-0.000707100000000002
"950","ran950.hdr.32",-0.0025436
"950","ran950.hdr.33",-0.0011836
"950","ran950.hdr.34",-0.000189699999999999
"950","ran950.hdr.35",0.0000336799999999999
"950","ran950.hdr.36",-0.000452599999999999
"950","ran950.hdr.37",-0.0027946
"950","ran950.hdr.38",-0.000576500000000001
"950","ran950.hdr.39",0.000012144
"950","ran950.hdr.4",0.0000762699999999998
"950","ran950.hdr.40",0.00021457
"950","ran950.hdr.41",0.0000506700000000001
"950","ran950.hdr.42",0.0001302
"950","ran950.hdr.43",-0.0009605
"950","ran950.hdr.44",-0.000238039999999999
"950","ran950.hdr.45",0.00031291
"950","ran950.hdr.46",-0.0005736
"950","ran950.hdr.47",0.000235000000000001
"950","ran950.hdr.48",-0.000126830000000001
"950","ran950.hdr.5",-0.000032131
"950","ran950.hdr.50",0.0004644
"950","ran950.hdr.51",-0.0000914999999999996
"950","ran950.hdr.52",-0.000203699999999999
"950","ran950.hdr.53",-0.000728099999999999
"950","ran950.hdr.54",-0.000331
"950","ran950.hdr.55",-0.0017637
"950","ran950.hdr.56",-0.00685775
"950","ran950.hdr.57",-0.011466
"950","ran950.hdr.58",-0.0009592
"950","ran950.hdr.59",-0.00133469
"950","ran950.hdr.6",0.00027519
"950","ran950.hdr.60",-0.0002284
"950","ran950.hdr.61",-0.0010749
"950","ran950.hdr.62",-0.000348800000000002
"950","ran950.hdr.63",0.0000888
"950","ran950.hdr.64",0.000277599999999999
"950","ran950.hdr.65",0.00000899999999999859
"950","ran950.hdr.66",-0.0035232
"950","ran950.hdr.67",-0.000386900000000003
"950","ran950.hdr.68",-0.00038061
"950","ran950.hdr.69",-0.0007448
"950","ran950.hdr.7",-0.000456600000000001
"950","ran950.hdr.70",0.0000821000000000016
"950","ran950.hdr.71",-0.0011457
"950","ran950.hdr.72",-0.000482799999999999
"950","ran950.hdr.73",-0.00073235
"950","ran950.hdr.74",-0.0009914
"950","ran950.hdr.75",-0.001383
"950","ran950.hdr.76",-0.00096858
"950","ran950.hdr.77",-0.0010666
"950","ran950.hdr.78",-0.000289600000000001
"950","ran950.hdr.8",-0.000701999999999999
"950","ran950.hdr.9",-0.00045021
"951","ran951.hdr.1",-0.000272339999999999
"951","ran951.hdr.10",-0.0000506599999999992
"951","ran951.hdr.11",0.0000243300000000001
"951","ran951.hdr.12",-0.000113727
"951","ran951.hdr.13",0.0000785000000000022
"951","ran951.hdr.14",-0.000350699999999999
"951","ran951.hdr.15",-0.000732400000000001
"951","ran951.hdr.16",0.000948000000000001
"951","ran951.hdr.17",-0.000997100000000001
"951","ran951.hdr.18",0.00018949
"951","ran951.hdr.19",0.000386200000000001
"951","ran951.hdr.2",-0.0013435
"951","ran951.hdr.20",-0.0025725
"951","ran951.hdr.21",-0.0006008
"951","ran951.hdr.22",-0.00012519
"951","ran951.hdr.23",-0.00016391
"951","ran951.hdr.24",-0.00019303
"951","ran951.hdr.25",-0.0001338
"951","ran951.hdr.26",-0.000397000000000002
"951","ran951.hdr.27",-0.00044134
"951","ran951.hdr.28",-0.000572599999999999
"951","ran951.hdr.29",-0.0012737
"951","ran951.hdr.3",-0.0007518
"951","ran951.hdr.30",-0.000803359999999999
"951","ran951.hdr.31",-0.000348000000000001
"951","ran951.hdr.32",-0.000250599999999998
"951","ran951.hdr.33",-0.000115799999999999
"951","ran951.hdr.34",-0.0010666
"951","ran951.hdr.35",-0.0004972
"951","ran951.hdr.36",-0.000429500000000003
"951","ran951.hdr.37",-0.0023505
"951","ran951.hdr.38",-0.000171500000000002
"951","ran951.hdr.39",-0.0001145
"951","ran951.hdr.4",0.0004773
"951","ran951.hdr.40",-0.0025436
"951","ran951.hdr.41",-0.0011836
"951","ran951.hdr.42",0.000364999999999999
"951","ran951.hdr.43",0.000181454
"951","ran951.hdr.44",-0.0010777
"951","ran951.hdr.45",0.0001673
"951","ran951.hdr.46",-0.000735400000000001
"951","ran951.hdr.47",-0.0000505999999999996
"951","ran951.hdr.48",-0.0000482099999999999
"951","ran951.hdr.49",-0.0001486
"951","ran951.hdr.5",-0.00015088
"951","ran951.hdr.50",-0.0013907
"951","ran951.hdr.51",-0.000945399999999999
"951","ran951.hdr.52",-0.0011486
"951","ran951.hdr.53",-0.0000869000000000009
"951","ran951.hdr.54",-0.00384145
"951","ran951.hdr.55",NA
"951","ran951.hdr.56",-0.000932299999999999
"951","ran951.hdr.57",0.00109847
"951","ran951.hdr.58",0.0003353
"951","ran951.hdr.6",-0.00045021
"951","ran951.hdr.61",-0.0015112
"951","ran951.hdr.62",-0.000262800000000001
"951","ran951.hdr.63",0.0000455999999999998
"951","ran951.hdr.64",-0.00033125
"951","ran951.hdr.65",-0.000455400000000002
"951","ran951.hdr.66",0.000228300000000001
"951","ran951.hdr.67",-0.0000243000000000014
"951","ran951.hdr.68",-0.0000736999999999995
"951","ran951.hdr.69",-0.00617744
"951","ran951.hdr.7",0.0000449828
"951","ran951.hdr.70",-0.0008821
"951","ran951.hdr.71",-0.0010863
"951","ran951.hdr.72",-0.000798899999999998
"951","ran951.hdr.73",-0.0004414
"951","ran951.hdr.74",-0.000039273
"951","ran951.hdr.75",0.0003344
"951","ran951.hdr.76",-0.0015057
"951","ran951.hdr.77",-0.000498099999999998
"951","ran951.hdr.78",-0.0014428
"951","ran951.hdr.8",-0.00038553
"951","ran951.hdr.9",-0.00019598
"952","ran952.hdr.1",-0.0000732900000000002
"952","ran952.hdr.10",-0.0003003
"952","ran952.hdr.11",-0.0006119
"952","ran952.hdr.12",0.0000762699999999998
"952","ran952.hdr.13",-0.00036891
"952","ran952.hdr.14",-0.000032131
"952","ran952.hdr.15",-0.001099
"952","ran952.hdr.16",-0.000434459999999999
"952","ran952.hdr.17",-0.0005673
"952","ran952.hdr.18",-0.0000885999999999977
"952","ran952.hdr.19",-0.0003742
"952","ran952.hdr.2",0.000364
"952","ran952.hdr.20",-0.0011929
"952","ran952.hdr.21",-0.0015418
"952","ran952.hdr.22",-0.00041587
"952","ran952.hdr.23",-0.0008182
"952","ran952.hdr.24",0.0003128
"952","ran952.hdr.25",-0.000598599999999998
"952","ran952.hdr.26",0.000640900000000002
"952","ran952.hdr.27",-0.0003788
"952","ran952.hdr.28",0.00000140000000000036
"952","ran952.hdr.29",-0.0000777700000000004
"952","ran952.hdr.3",-0.0009043
"952","ran952.hdr.30",-0.0017892
"952","ran952.hdr.31",-0.00039436
"952","ran952.hdr.32",-0.00022523
"952","ran952.hdr.33",-0.0014869
"952","ran952.hdr.34",-0.0024622
"952","ran952.hdr.35",-0.0004233
"952","ran952.hdr.36",-0.00029141
"952","ran952.hdr.37",-0.0002273
"952","ran952.hdr.38",-0.0005509
"952","ran952.hdr.39",-0.0013621
"952","ran952.hdr.4",-0.0004133
"952","ran952.hdr.40",-0.000638400000000001
"952","ran952.hdr.41",-0.000924100000000001
"952","ran952.hdr.42",-0.000865139999999999
"952","ran952.hdr.43",-0.000569999999999999
"952","ran952.hdr.44",-0.0033085
"952","ran952.hdr.45",-0.000023311
"952","ran952.hdr.46",-0.0005872
"952","ran952.hdr.47",-0.0000856099999999999
"952","ran952.hdr.48",-0.00000750000000000056
"952","ran952.hdr.49",0.000060580000000001
"952","ran952.hdr.5",-0.0007133
"952","ran952.hdr.50",-0.00022462
"952","ran952.hdr.51",-0.00000102000000000088
"952","ran952.hdr.52",-0.0006508
"952","ran952.hdr.53",-0.000410299999999999
"952","ran952.hdr.55",-0.000203699999999999
"952","ran952.hdr.56",-0.0000770000000000007
"952","ran952.hdr.57",-0.000121599999999999
"952","ran952.hdr.58",-0.00033125
"952","ran952.hdr.59",-0.0008129
"952","ran952.hdr.6",-0.0109775
"952","ran952.hdr.60",-0.000737700000000001
"952","ran952.hdr.61",-0.00353273
"952","ran952.hdr.62",-0.00104738
"952","ran952.hdr.63",-0.000420499999999999
"952","ran952.hdr.64",-0.0037006
"952","ran952.hdr.65",0.000152599999999999
"952","ran952.hdr.66",0.000595699999999999
"952","ran952.hdr.67",-0.0016431
"952","ran952.hdr.68",-0.000293000000000002
"952","ran952.hdr.69",-0.0003147
"952","ran952.hdr.7",-0.0038016
"952","ran952.hdr.70",-0.0006286
"952","ran952.hdr.71",0.0003344
"952","ran952.hdr.72",-0.000871399999999998
"952","ran952.hdr.73",-0.0003579
"952","ran952.hdr.74",-0.000552800000000001
"952","ran952.hdr.75",-0.0027169
"952","ran952.hdr.76",-0.000496399999999999
"952","ran952.hdr.77",-0.000220500000000002
"952","ran952.hdr.78",-0.000518100000000001
"952","ran952.hdr.8",-0.0000606999999999969
"952","ran952.hdr.9",0.000186599999999999
"953","ran953.hdr.1",-0.000496299999999998
"953","ran953.hdr.10",-0.000508749999999999
"953","ran953.hdr.11",-0.000539240000000002
"953","ran953.hdr.12",-0.00036797
"953","ran953.hdr.13",-0.0008164
"953","ran953.hdr.14",-0.000473100000000001
"953","ran953.hdr.15",-0.000291369999999999
"953","ran953.hdr.16",-0.00020936
"953","ran953.hdr.17",-0.0015342
"953","ran953.hdr.18",-0.000257510000000001
"953","ran953.hdr.19",-0.000274099999999999
"953","ran953.hdr.2",-0.0025737
"953","ran953.hdr.20",-0.0006546
"953","ran953.hdr.21",0.00017261
"953","ran953.hdr.22",-0.00015562
"953","ran953.hdr.23",-0.000322500000000002
"953","ran953.hdr.24",-0.000113400000000001
"953","ran953.hdr.25",-0.0003271
"953","ran953.hdr.26",-0.0011713
"953","ran953.hdr.27",-0.0000333999999999994
"953","ran953.hdr.28",-0.000359199999999999
"953","ran953.hdr.29",-0.000171499999999998
"953","ran953.hdr.3",-0.0054532
"953","ran953.hdr.30",-0.000250599999999998
"953","ran953.hdr.31",0.000000420200000000003
"953","ran953.hdr.32",0.0000742600000000005
"953","ran953.hdr.33",0.00032646
"953","ran953.hdr.34",-0.000469799999999999
"953","ran953.hdr.35",NA
"953","ran953.hdr.36",-0.0012186
"953","ran953.hdr.37",-0.0001264
"953","ran953.hdr.38",-0.000830000000000001
"953","ran953.hdr.39",-0.0013524
"953","ran953.hdr.4",-0.0003254
"953","ran953.hdr.40",-0.0001203
"953","ran953.hdr.41",-0.00025843
"953","ran953.hdr.42",-0.000571099999999998
"953","ran953.hdr.43",-0.000194600000000001
"953","ran953.hdr.44",-0.0014092
"953","ran953.hdr.45",-0.00021698
"953","ran953.hdr.46",-0.000960854
"953","ran953.hdr.47",0.00041189
"953","ran953.hdr.48",-0.0000753999999999998
"953","ran953.hdr.49",-0.00037772
"953","ran953.hdr.5",0.0004251
"953","ran953.hdr.50",-0.000248099999999999
"953","ran953.hdr.51",0.0001423
"953","ran953.hdr.52",-0.000395
"953","ran953.hdr.53",0.000140899999999999
"953","ran953.hdr.54",-0.001074
"953","ran953.hdr.57",-0.0020265
"953","ran953.hdr.58",-0.0000834000000000008
"953","ran953.hdr.59",-0.0013724
"953","ran953.hdr.6",-0.0054872
"953","ran953.hdr.60",-0.00039517
"953","ran953.hdr.61",0.000210399999999999
"953","ran953.hdr.62",-0.0019575
"953","ran953.hdr.63",-0.00050468
"953","ran953.hdr.64",-0.0021629
"953","ran953.hdr.65",0.000127700000000001
"953","ran953.hdr.66",-0.000838799999999997
"953","ran953.hdr.67",0.00027515
"953","ran953.hdr.68",-0.0015961
"953","ran953.hdr.69",-0.001084
"953","ran953.hdr.7",-0.000602800000000001
"953","ran953.hdr.70",-0.000209399999999998
"953","ran953.hdr.71",0.0002048
"953","ran953.hdr.72",-0.000674876
"953","ran953.hdr.73",-0.000420299999999998
"953","ran953.hdr.74",-0.00060304
"953","ran953.hdr.75",-0.0005561
"953","ran953.hdr.76",-0.0011354
"953","ran953.hdr.77",-0.0010139
"953","ran953.hdr.78",-0.0007595
"953","ran953.hdr.8",-0.0000446999999999999
"953","ran953.hdr.9",-0.0003821
"954","ran954.hdr.1",-0.0026949
"954","ran954.hdr.10",-0.000585499999999999
"954","ran954.hdr.11",-0.0011219
"954","ran954.hdr.12",-0.00020486
"954","ran954.hdr.13",-0.000414600000000001
"954","ran954.hdr.14",-0.00013863
"954","ran954.hdr.15",0.0000457700000000005
"954","ran954.hdr.16",0.0000659100000000006
"954","ran954.hdr.17",-0.000832699999999999
"954","ran954.hdr.18",-0.00013079
"954","ran954.hdr.19",-0.000348220000000002
"954","ran954.hdr.2",-0.000272339999999999
"954","ran954.hdr.20",-0.000911199999999997
"954","ran954.hdr.21",-0.0002006
"954","ran954.hdr.22",-0.000881099999999999
"954","ran954.hdr.23",-0.0000983000000000008
"954","ran954.hdr.24",-0.000187900000000001
"954","ran954.hdr.25",-0.000377500000000001
"954","ran954.hdr.26",-0.0002758
"954","ran954.hdr.27",-0.0021765
"954","ran954.hdr.28",-0.000771500000000001
"954","ran954.hdr.29",0.00018759
"954","ran954.hdr.3",-0.0014426
"954","ran954.hdr.30",-0.00032068
"954","ran954.hdr.31",-0.0000257999999999994
"954","ran954.hdr.32",-0.0010791
"954","ran954.hdr.33",0.0001584
"954","ran954.hdr.34",-0.0004084
"954","ran954.hdr.35",-0.000316499999999999
"954","ran954.hdr.36",-0.0032627
"954","ran954.hdr.37",-0.001081
"954","ran954.hdr.38",-0.000831499999999999
"954","ran954.hdr.39",-0.0004212
"954","ran954.hdr.4",-0.0001323
"954","ran954.hdr.40",NA
"954","ran954.hdr.41",-0.0015749
"954","ran954.hdr.42",-0.000530699999999999
"954","ran954.hdr.43",-0.00112666
"954","ran954.hdr.44",-0.0025436
"954","ran954.hdr.45",-0.0007499
"954","ran954.hdr.46",-0.0000572999999999997
"954","ran954.hdr.47",-0.0002392
"954","ran954.hdr.48",-0.0002384
"954","ran954.hdr.49",-0.00035147
"954","ran954.hdr.5",-0.0004119
"954","ran954.hdr.50",-0.000230900000000003
"954","ran954.hdr.51",-0.000917300000000001
"954","ran954.hdr.52",-0.0000371
"954","ran954.hdr.53",0.000189099999999999
"954","ran954.hdr.54",-0.000713800000000001
"954","ran954.hdr.55",-0.000560139999999999
"954","ran954.hdr.56",-0.0002678
"954","ran954.hdr.57",-0.00270844
"954","ran954.hdr.58",0.0000474899999999999
"954","ran954.hdr.59",-0.0005736
"954","ran954.hdr.6",0.0000146
"954","ran954.hdr.60",-0.0001838
"954","ran954.hdr.62",-0.0005766
"954","ran954.hdr.63",-0.00023275
"954","ran954.hdr.64",-0.000694199999999999
"954","ran954.hdr.65",-0.000102700000000001
"954","ran954.hdr.66",-0.000972200000000003
"954","ran954.hdr.67",-0.000595
"954","ran954.hdr.68",-0.001061
"954","ran954.hdr.69",-0.0013065
"954","ran954.hdr.7",-0.0001004
"954","ran954.hdr.70",-0.000226199999999999
"954","ran954.hdr.71",-0.000949499999999999
"954","ran954.hdr.72",-0.0024365
"954","ran954.hdr.73",-0.000031369
"954","ran954.hdr.74",-0.0002731
"954","ran954.hdr.75",0.00002271
"954","ran954.hdr.76",-0.000894099999999998
"954","ran954.hdr.77",-0.0017455
"954","ran954.hdr.78",-0.000498099999999998
"954","ran954.hdr.8",-0.01685291
"954","ran954.hdr.9",-0.00056552
"955","ran955.hdr.1",0.0000496999999999997
"955","ran955.hdr.10",-0.0003003
"955","ran955.hdr.11",-0.0000803000000000002
"955","ran955.hdr.12",-0.00020486
"955","ran955.hdr.13",-0.0000013393
"955","ran955.hdr.14",-0.0001706
"955","ran955.hdr.15",-0.0009067
"955","ran955.hdr.16",0.00016704
"955","ran955.hdr.17",-0.00025135
"955","ran955.hdr.18",-0.0011143
"955","ran955.hdr.19",0.00056908
"955","ran955.hdr.2",-0.000103800000000001
"955","ran955.hdr.20",-0.0000214300000000011
"955","ran955.hdr.21",-0.0003742
"955","ran955.hdr.22",-0.000527999999999999
"955","ran955.hdr.23",-0.0010476
"955","ran955.hdr.24",-0.0011619
"955","ran955.hdr.25",-0.000710000000000002
"955","ran955.hdr.26",-0.0023662
"955","ran955.hdr.27",-0.00026931
"955","ran955.hdr.28",0.000223299999999999
"955","ran955.hdr.29",-0.0006008
"955","ran955.hdr.3",-0.000310999999999999
"955","ran955.hdr.30",-0.000285000000000001
"955","ran955.hdr.31",-0.000413999999999999
"955","ran955.hdr.32",-0.000420199999999999
"955","ran955.hdr.33",-0.0003193
"955","ran955.hdr.34",-0.00092852
"955","ran955.hdr.35",0.000688960000000001
"955","ran955.hdr.36",-0.000784
"955","ran955.hdr.37",-0.000777200000000002
"955","ran955.hdr.38",-0.000193700000000002
"955","ran955.hdr.39",-0.001142
"955","ran955.hdr.4",-0.0032872
"955","ran955.hdr.40",-0.0002734
"955","ran955.hdr.41",-0.00022876
"955","ran955.hdr.42",-0.000277899999999998
"955","ran955.hdr.43",-0.000352100000000001
"955","ran955.hdr.44",0.0000455000000000004
"955","ran955.hdr.45",-0.0017019
"955","ran955.hdr.46",-0.0001262
"955","ran955.hdr.47",-0.000404300000000002
"955","ran955.hdr.48",-0.0002384
"955","ran955.hdr.49",-0.000569999999999999
"955","ran955.hdr.5",-0.0014426
"955","ran955.hdr.50",-0.004512
"955","ran955.hdr.51",-0.0000114000000000017
"955","ran955.hdr.52",-0.000576500000000001
"955","ran955.hdr.53",0.00002906
"955","ran955.hdr.54",-0.0003459
"955","ran955.hdr.55",-0.0001647
"955","ran955.hdr.56",-0.0001373
"955","ran955.hdr.57",-0.0005736
"955","ran955.hdr.58",-0.00035154
"955","ran955.hdr.59",-0.000578199999999999
"955","ran955.hdr.6",0.0000508000000000002
"955","ran955.hdr.61",-0.0005766
"955","ran955.hdr.62",-0.0007846
"955","ran955.hdr.63",-0.000602269999999999
"955","ran955.hdr.64",-0.0000146999999999994
"955","ran955.hdr.65",0.000223899999999999
"955","ran955.hdr.66",-0.000163490000000001
"955","ran955.hdr.67",-0.0018172
"955","ran955.hdr.68",-0.00000239999999999962
"955","ran955.hdr.69",-0.000157000000000001
"955","ran955.hdr.7",-0.0027476
"955","ran955.hdr.70",0.0000832999999999997
"955","ran955.hdr.71",-0.0096339
"955","ran955.hdr.72",-0.0013312
"955","ran955.hdr.73",-0.000871399999999998
"955","ran955.hdr.74",-0.003339
"955","ran955.hdr.75",-0.0003368
"955","ran955.hdr.76",-0.0046933
"955","ran955.hdr.77",-0.0057067
"955","ran955.hdr.78",-0.000548699999999999
"955","ran955.hdr.8",-0.00120107
"955","ran955.hdr.9",-0.0033457
"956","ran956.hdr.1",-0.0002678
"956","ran956.hdr.10",-0.0005444
"956","ran956.hdr.11",-0.00046459
"956","ran956.hdr.12",-0.000437670000000001
"956","ran956.hdr.13",-0.0011219
"956","ran956.hdr.14",-0.000714099999999999
"956","ran956.hdr.15",-0.0000232874
"956","ran956.hdr.16",-0.00013863
"956","ran956.hdr.17",0.000128
"956","ran956.hdr.18",-0.000300809999999999
"956","ran956.hdr.19",-0.000419360000000001
"956","ran956.hdr.2",-0.000112600000000001
"956","ran956.hdr.20",-0.0005524
"956","ran956.hdr.21",-0.00038553
"956","ran956.hdr.22",-0.000476399999999998
"956","ran956.hdr.23",-0.00032687
"956","ran956.hdr.24",-0.000473100000000001
"956","ran956.hdr.25",-0.0008602
"956","ran956.hdr.26",-0.0000983000000000008
"956","ran956.hdr.27",-0.0000643999999999992
"956","ran956.hdr.28",-0.0016769
"956","ran956.hdr.29",-0.0030767
"956","ran956.hdr.3",-0.000149890000000001
"956","ran956.hdr.30",-0.000214800000000001
"956","ran956.hdr.31",-0.00043048
"956","ran956.hdr.32",-0.00026931
"956","ran956.hdr.33",-0.00014837
"956","ran956.hdr.34",-0.0002538
"956","ran956.hdr.35",-0.00037474
"956","ran956.hdr.36",0.0000409999999999994
"956","ran956.hdr.37",-0.0001554
"956","ran956.hdr.38",-0.000397499999999999
"956","ran956.hdr.39",-0.000104399999999999
"956","ran956.hdr.4",-0.0016743
"956","ran956.hdr.40",-0.000287379999999999
"956","ran956.hdr.41",0.0002028
"956","ran956.hdr.42",-0.000275399999999999
"956","ran956.hdr.43",-0.000390949999999999
"956","ran956.hdr.44",-0.000104
"956","ran956.hdr.45",-0.0011052
"956","ran956.hdr.46",-0.00031338
"956","ran956.hdr.47",-0.000574999999999999
"956","ran956.hdr.48",-0.002021
"956","ran956.hdr.49",-0.000787299999999999
"956","ran956.hdr.5",0.000020199999999998
"956","ran956.hdr.50",-0.0039113
"956","ran956.hdr.51",-0.00190239
"956","ran956.hdr.52",-0.0003643
"956","ran956.hdr.53",-0.0000371
"956","ran956.hdr.54",-0.000924000000000001
"956","ran956.hdr.55",-0.000392399999999999
"956","ran956.hdr.56",-0.0012528
"956","ran956.hdr.57",-0.00062953
"956","ran956.hdr.58",-0.0144723
"956","ran956.hdr.59",-0.0001373
"956","ran956.hdr.6",-0.000609100000000001
"956","ran956.hdr.60",-0.00073805
"956","ran956.hdr.61",-0.000106240000000001
"956","ran956.hdr.62",-0.0000509000000000013
"956","ran956.hdr.64",-0.0000834000000000008
"956","ran956.hdr.65",-0.000102300000000001
"956","ran956.hdr.66",-0.0043657
"956","ran956.hdr.67",-0.000551000000000001
"956","ran956.hdr.68",-0.000728099999999999
"956","ran956.hdr.69",-0.000972200000000003
"956","ran956.hdr.7",-0.00120107
"956","ran956.hdr.70",0.000231799999999999
"956","ran956.hdr.71",-0.00114221
"956","ran956.hdr.72",-0.0102309
"956","ran956.hdr.73",-0.000250410000000001
"956","ran956.hdr.74",-0.000525600000000001
"956","ran956.hdr.75",-0.000056500000000001
"956","ran956.hdr.76",-0.00092503
"956","ran956.hdr.77",-0.001624
"956","ran956.hdr.78",-0.00119554
"956","ran956.hdr.8",NA
"956","ran956.hdr.9",-0.000175700000000001
"957","ran957.hdr.1",-0.0004633
"957","ran957.hdr.10",-0.00062661
"957","ran957.hdr.11",-0.000374649999999999
"957","ran957.hdr.12",-0.000456600000000001
"957","ran957.hdr.13",-0.00012632
"957","ran957.hdr.14",-0.00137783
"957","ran957.hdr.15",-0.000393299999999999
"957","ran957.hdr.16",-0.0004828
"957","ran957.hdr.17",-0.00065658
"957","ran957.hdr.18",-0.000351200000000001
"957","ran957.hdr.19",0.0000749199999999992
"957","ran957.hdr.2",0.0000546000000000001
"957","ran957.hdr.20",-0.000710700000000002
"957","ran957.hdr.21",-0.0008182
"957","ran957.hdr.22",-0.000509900000000001
"957","ran957.hdr.23",-0.000379400000000002
"957","ran957.hdr.24",-0.000286719999999999
"957","ran957.hdr.25",-0.000246100000000003
"957","ran957.hdr.26",-0.0006201
"957","ran957.hdr.27",-0.000576
"957","ran957.hdr.28",-0.00053928
"957","ran957.hdr.29",-0.00022865
"957","ran957.hdr.3",-0.0025708
"957","ran957.hdr.30",-0.00018809
"957","ran957.hdr.31",-0.000243760000000001
"957","ran957.hdr.32",-0.0002091
"957","ran957.hdr.33",0.0000953899999999999
"957","ran957.hdr.34",-0.000572599999999999
"957","ran957.hdr.35",-0.000359799999999999
"957","ran957.hdr.36",0.000035033
"957","ran957.hdr.37",-0.0018846
"957","ran957.hdr.38",-0.00350844
"957","ran957.hdr.39",-0.0018392
"957","ran957.hdr.4",-0.00017145
"957","ran957.hdr.40",0.000106799999999999
"957","ran957.hdr.41",-0.0000543000000000002
"957","ran957.hdr.42",-0.001142
"957","ran957.hdr.43",-0.000768999999999999
"957","ran957.hdr.44",-0.0007461
"957","ran957.hdr.45",-0.0021188
"957","ran957.hdr.46",-0.0006657
"957","ran957.hdr.47",-0.0016596
"957","ran957.hdr.48",-0.0016063
"957","ran957.hdr.49",-0.000216600000000001
"957","ran957.hdr.5",-0.0037976
"957","ran957.hdr.50",-0.000207300000000001
"957","ran957.hdr.51",0.00017578
"957","ran957.hdr.52",0.00023753
"957","ran957.hdr.53",-0.000238039999999999
"957","ran957.hdr.55",0.000090208
"957","ran957.hdr.56",0.00006119
"957","ran957.hdr.57",-0.000263810000000001
"957","ran957.hdr.58",-0.000472999999999998
"957","ran957.hdr.59",0.0000943000000000003
"957","ran957.hdr.6",-0.00246744
"957","ran957.hdr.60",-0.0003064
"957","ran957.hdr.61",-0.0000438000000000001
"957","ran957.hdr.62",-0.0002054
"957","ran957.hdr.63",-0.0021686
"957","ran957.hdr.64",-0.0003231
"957","ran957.hdr.65",-0.000373099999999998
"957","ran957.hdr.66",-0.0005504
"957","ran957.hdr.67",-0.0016152
"957","ran957.hdr.68",-0.001507
"957","ran957.hdr.69",-0.000157899999999999
"957","ran957.hdr.7",-0.00021
"957","ran957.hdr.70",-0.0000143999999999995
"957","ran957.hdr.71",-0.000448899999999999
"957","ran957.hdr.72",-0.000250410000000001
"957","ran957.hdr.73",-0.000889800000000001
"957","ran957.hdr.74",-0.0004019
"957","ran957.hdr.75",-0.0007443
"957","ran957.hdr.76",-0.000369599999999999
"957","ran957.hdr.77",-0.00089669
"957","ran957.hdr.78",-0.0030586
"957","ran957.hdr.8",-0.0000268000000000004
"957","ran957.hdr.9",0.00000320000000000008
"958","ran958.hdr.1",-0.0000463000000000026
"958","ran958.hdr.10",-0.0031465
"958","ran958.hdr.11",-0.000223299999999999
"958","ran958.hdr.12",-0.0004644
"958","ran958.hdr.13",-0.000392959999999999
"958","ran958.hdr.14",-0.0002415
"958","ran958.hdr.15",-0.0000117999999999993
"958","ran958.hdr.16",-0.0000390000000000008
"958","ran958.hdr.17",-0.00047623
"958","ran958.hdr.18",-0.000506029999999999
"958","ran958.hdr.19",-0.000527999999999999
"958","ran958.hdr.2",-0.0023191
"958","ran958.hdr.20",-0.0000479999999999994
"958","ran958.hdr.21",-0.000130699999999999
"958","ran958.hdr.22",-0.0017674
"958","ran958.hdr.23",-0.000867099999999999
"958","ran958.hdr.24",-0.000311800000000001
"958","ran958.hdr.25",-0.0013931
"958","ran958.hdr.26",-0.00010709
"958","ran958.hdr.27",-0.000310299999999999
"958","ran958.hdr.28",0.000281300000000002
"958","ran958.hdr.29",0.0002477
"958","ran958.hdr.3",-0.000573799999999999
"958","ran958.hdr.30",-0.000514199999999999
"958","ran958.hdr.31",-0.000735299999999998
"958","ran958.hdr.32",-0.0034946
"958","ran958.hdr.33",-0.000557099999999998
"958","ran958.hdr.34",-0.000276169999999999
"958","ran958.hdr.35",-0.000258600000000001
"958","ran958.hdr.36",-0.0005269
"958","ran958.hdr.37",-0.0000657999999999995
"958","ran958.hdr.38",-0.0014027
"958","ran958.hdr.39",-0.000016600000000002
"958","ran958.hdr.4",-0.002115
"958","ran958.hdr.40",0.000521899999999999
"958","ran958.hdr.41",-0.0004983
"958","ran958.hdr.42",-0.0002167
"958","ran958.hdr.43",-0.00019346
"958","ran958.hdr.44",-0.0073875
"958","ran958.hdr.45",-0.00077238
"958","ran958.hdr.46",-0.000280989999999999
"958","ran958.hdr.47",-0.0019361
"958","ran958.hdr.48",-0.0135865
"958","ran958.hdr.49",-0.0013068
"958","ran958.hdr.5",-0.0003254
"958","ran958.hdr.50",-0.00055
"958","ran958.hdr.51",-0.00015901
"958","ran958.hdr.52",-0.0000753999999999998
"958","ran958.hdr.53",0.00019544
"958","ran958.hdr.54",-0.000381660000000001
"958","ran958.hdr.56",-0.0000914999999999996
"958","ran958.hdr.57",-0.0043657
"958","ran958.hdr.58",-0.000728099999999999
"958","ran958.hdr.59",-0.0015428
"958","ran958.hdr.6",-0.000653600000000001
"958","ran958.hdr.60",-0.00036083
"958","ran958.hdr.61",-0.0180869
"958","ran958.hdr.62",-0.00024239
"958","ran958.hdr.63",-0.0003154
"958","ran958.hdr.64",-0.001971
"958","ran958.hdr.65",-0.000838799999999997
"958","ran958.hdr.66",-0.000738799999999998
"958","ran958.hdr.67",-0.0010327
"958","ran958.hdr.68",-0.00740309
"958","ran958.hdr.69",-0.000345399999999999
"958","ran958.hdr.7",-0.00574258
"958","ran958.hdr.70",-0.0001492
"958","ran958.hdr.71",0.000132810000000001
"958","ran958.hdr.72",-0.0007229
"958","ran958.hdr.73",-0.0002688
"958","ran958.hdr.74",-0.0011354
"958","ran958.hdr.75",-0.0016949
"958","ran958.hdr.76",-0.0011873
"958","ran958.hdr.77",-0.0018567
"958","ran958.hdr.78",-0.000153199999999999
"958","ran958.hdr.8",-0.0041174
"958","ran958.hdr.9",-0.0056785
"959","ran959.hdr.1",-0.0011152
"959","ran959.hdr.10",0.00029077
"959","ran959.hdr.11",-0.0004092
"959","ran959.hdr.12",-0.000237236
"959","ran959.hdr.13",-0.0002961
"959","ran959.hdr.14",-0.000457879999999999
"959","ran959.hdr.15",-0.000113727
"959","ran959.hdr.16",-0.000935750000000001
"959","ran959.hdr.17",0.0003335
"959","ran959.hdr.18",0.0001025
"959","ran959.hdr.19",-0.0008164
"959","ran959.hdr.2",-0.00040682
"959","ran959.hdr.20",-0.0007074
"959","ran959.hdr.21",-0.0003435
"959","ran959.hdr.22",-0.000111799999999999
"959","ran959.hdr.23",-0.000233300000000002
"959","ran959.hdr.24",-0.0010563
"959","ran959.hdr.25",-0.0017045
"959","ran959.hdr.26",0.0003146
"959","ran959.hdr.27",-0.0000783900000000002
"959","ran959.hdr.28",-0.0005926
"959","ran959.hdr.29",0.000101300000000002
"959","ran959.hdr.3",-0.000637000000000002
"959","ran959.hdr.30",-0.0000786399999999996
"959","ran959.hdr.31",0.00014465
"959","ran959.hdr.32",0.0000553900000000002
"959","ran959.hdr.33",-0.000420199999999999
"959","ran959.hdr.34",0.0000948100000000007
"959","ran959.hdr.35",0.0002477
"959","ran959.hdr.36",0.000361699999999998
"959","ran959.hdr.37",-0.0000891900000000003
"959","ran959.hdr.38",0.000159400000000001
"959","ran959.hdr.39",0.000417300000000002
"959","ran959.hdr.4",-0.000708700000000001
"959","ran959.hdr.40",0.0006535
"959","ran959.hdr.41",0.00013226
"959","ran959.hdr.42",-0.002021
"959","ran959.hdr.43",-0.0010275
"959","ran959.hdr.44",-0.000720500000000002
"959","ran959.hdr.45",-0.0003806
"959","ran959.hdr.46",-0.0006786
"959","ran959.hdr.47",-0.0005363
"959","ran959.hdr.48",-0.0005929
"959","ran959.hdr.49",-0.000153199999999999
"959","ran959.hdr.5",-0.0008533
"959","ran959.hdr.50",-0.000129839
"959","ran959.hdr.51",-0.00270844
"959","ran959.hdr.52",-0.00030034
"959","ran959.hdr.53",0.0000281999999999999
"959","ran959.hdr.54",-0.0010037
"959","ran959.hdr.55",-0.000070321
"959","ran959.hdr.56",-0.001074
"959","ran959.hdr.57",-0.0001099
"959","ran959.hdr.58",-0.000907400000000001
"959","ran959.hdr.59",-0.00133806
"959","ran959.hdr.6",-0.0066937
"959","ran959.hdr.60",-0.0019575
"959","ran959.hdr.61",-0.0006847
"959","ran959.hdr.62",-0.0001288
"959","ran959.hdr.63",-0.0021686
"959","ran959.hdr.64",-0.0003359
"959","ran959.hdr.65",-0.0012643
"959","ran959.hdr.66",-0.0016152
"959","ran959.hdr.67",-0.0010023
"959","ran959.hdr.68",-0.0021688
"959","ran959.hdr.69",-0.00179129
"959","ran959.hdr.7",-0.0034916
"959","ran959.hdr.70",-0.000121900000000001
"959","ran959.hdr.71",0.0003841
"959","ran959.hdr.72",-0.000428600000000001
"959","ran959.hdr.73",-0.000454899999999998
"959","ran959.hdr.74",0.000151800000000001
"959","ran959.hdr.75",-0.0011554
"959","ran959.hdr.76",-0.0021382
"959","ran959.hdr.77",-0.000498099999999998
"959","ran959.hdr.78",-0.00028371
"959","ran959.hdr.8",-0.0035262
"959","ran959.hdr.9",NA
"960","ran960.hdr.1",-0.0037976
"960","ran960.hdr.10",-0.00008435
"960","ran960.hdr.11",-0.00061751
"960","ran960.hdr.12",-0.000919
"960","ran960.hdr.13",-0.0017655
"960","ran960.hdr.14",-0.000172199999999997
"960","ran960.hdr.15",-0.0023332
"960","ran960.hdr.16",-0.000700599999999999
"960","ran960.hdr.17",-0.00045882
"960","ran960.hdr.18",-0.0015342
"960","ran960.hdr.19",-0.0002906
"960","ran960.hdr.2",-0.0032486
"960","ran960.hdr.20",-0.000454400000000001
"960","ran960.hdr.21",-0.0024132
"960","ran960.hdr.22",-0.0002103
"960","ran960.hdr.23",-0.000562900000000002
"960","ran960.hdr.24",-0.0006865
"960","ran960.hdr.25",-0.000515720000000001
"960","ran960.hdr.26",-0.00019894
"960","ran960.hdr.27",0.0000853599999999996
"960","ran960.hdr.28",0.000159899999999999
"960","ran960.hdr.29",-0.0019666
"960","ran960.hdr.3",-0.0043666
"960","ran960.hdr.30",-0.0017763
"960","ran960.hdr.31",-0.0025053
"960","ran960.hdr.32",-0.000962000000000001
"960","ran960.hdr.33",-0.0049962
"960","ran960.hdr.34",0.000364899999999998
"960","ran960.hdr.35",-0.000831499999999999
"960","ran960.hdr.36",-0.000355399999999999
"960","ran960.hdr.37",-0.000803359999999999
"960","ran960.hdr.38",-0.0000862999999999975
"960","ran960.hdr.39",-0.0000691499999999998
"960","ran960.hdr.4",0.00026665
"960","ran960.hdr.40",-0.0013356
"960","ran960.hdr.41",-0.0023505
"960","ran960.hdr.42",-0.001261
"960","ran960.hdr.43",-0.000379500000000001
"960","ran960.hdr.44",-0.0007551
"960","ran960.hdr.45",0.0000045761
"960","ran960.hdr.46",0.000267400000000001
"960","ran960.hdr.47",-0.0000673000000000028
"960","ran960.hdr.48",0.00003232
"960","ran960.hdr.49",-0.0011708
"960","ran960.hdr.5",-0.0003059
"960","ran960.hdr.50",-0.00003125
"960","ran960.hdr.51",-0.0010723
"960","ran960.hdr.52",0.000126360000000001
"960","ran960.hdr.53",-0.001074
"960","ran960.hdr.56",-0.0000914999999999996
"960","ran960.hdr.57",-0.000448199999999999
"960","ran960.hdr.58",-0.000658
"960","ran960.hdr.59",-0.0034825
"960","ran960.hdr.6",-0.000301300000000001
"960","ran960.hdr.60",-0.000540700000000002
"960","ran960.hdr.61",-0.000972200000000003
"960","ran960.hdr.62",-0.0022371
"960","ran960.hdr.63",-0.0012591
"960","ran960.hdr.64",-0.0008071
"960","ran960.hdr.65",-0.0001288
"960","ran960.hdr.66",-0.0007712
"960","ran960.hdr.67",0.000464999999999998
"960","ran960.hdr.68",-0.0002646
"960","ran960.hdr.69",-0.0024046
"960","ran960.hdr.7",-0.000128
"960","ran960.hdr.70",-0.0096339
"960","ran960.hdr.71",-0.0015712
"960","ran960.hdr.72",-0.0005272
"960","ran960.hdr.73",-0.0003147
"960","ran960.hdr.74",-0.0006096
"960","ran960.hdr.75",-0.00031406
"960","ran960.hdr.76",-0.000578
"960","ran960.hdr.77",-0.0016621
"960","ran960.hdr.78",-0.000309
"960","ran960.hdr.8",-0.0000149
"960","ran960.hdr.9",-0.00042711
"961","ran961.hdr.1",0.000106499999999999
"961","ran961.hdr.10",0.0000567700000000011
"961","ran961.hdr.11",0.0000191700000000006
"961","ran961.hdr.12",-0.000679800000000001
"961","ran961.hdr.13",-0.00038553
"961","ran961.hdr.14",-0.00026544
"961","ran961.hdr.15",-0.00129969
"961","ran961.hdr.16",0.0002609
"961","ran961.hdr.17",-0.000457879999999999
"961","ran961.hdr.18",-0.000151500000000001
"961","ran961.hdr.19",0.0000178000000000001
"961","ran961.hdr.2",-0.0001598
"961","ran961.hdr.20",-0.000130699999999999
"961","ran961.hdr.21",-0.00041356
"961","ran961.hdr.22",-0.0003961
"961","ran961.hdr.23",0.0001034
"961","ran961.hdr.24",-0.000382199999999999
"961","ran961.hdr.25",-0.000249299999999999
"961","ran961.hdr.26",-0.0005678
"961","ran961.hdr.27",-0.0006335
"961","ran961.hdr.28",-0.000148799999999999
"961","ran961.hdr.29",-0.0010403
"961","ran961.hdr.3",-0.00017145
"961","ran961.hdr.30",-0.00019563
"961","ran961.hdr.31",-0.000383960000000001
"961","ran961.hdr.32",-0.00028711
"961","ran961.hdr.33",0.0000498999999999999
"961","ran961.hdr.34",-0.00025349
"961","ran961.hdr.35",-0.000310299999999999
"961","ran961.hdr.36",-0.0018031
"961","ran961.hdr.37",-0.0015268
"961","ran961.hdr.38",-0.00027737
"961","ran961.hdr.39",-0.000390949999999999
"961","ran961.hdr.4",-0.0010441
"961","ran961.hdr.40",-0.0001264
"961","ran961.hdr.41",-0.0012106
"961","ran961.hdr.42",-0.000707100000000002
"961","ran961.hdr.43",-0.0000239999999999997
"961","ran961.hdr.44",0.000017699999999999
"961","ran961.hdr.45",-0.0003362
"961","ran961.hdr.46",-0.0012963
"961","ran961.hdr.47",-0.000246700000000001
"961","ran961.hdr.48",-0.0002693
"961","ran961.hdr.49",-0.000129839
"961","ran961.hdr.5",-0.001681
"961","ran961.hdr.50",-0.00016597
"961","ran961.hdr.51",-0.00328849
"961","ran961.hdr.52",-0.0016606
"961","ran961.hdr.53",-0.0018699
"961","ran961.hdr.54",-0.000450500000000003
"961","ran961.hdr.55",-0.000313299999999999
"961","ran961.hdr.56",-0.00025784
"961","ran961.hdr.57",-0.00016591
"961","ran961.hdr.58",0.000155600000000001
"961","ran961.hdr.59",-0.0000835000000000002
"961","ran961.hdr.6",-0.0035328
"961","ran961.hdr.60",-0.000872299999999999
"961","ran961.hdr.61",-0.00133806
"961","ran961.hdr.62",-0.0019575
"961","ran961.hdr.63",-0.0011376
"961","ran961.hdr.64",-0.0001548
"961","ran961.hdr.65",-0.0003231
"961","ran961.hdr.66",-0.000540200000000001
"961","ran961.hdr.67",-0.000404369999999999
"961","ran961.hdr.68",-0.0011074
"961","ran961.hdr.69",-0.0005504
"961","ran961.hdr.7",-0.0026763
"961","ran961.hdr.70",-0.0011892
"961","ran961.hdr.71",-0.0010423
"961","ran961.hdr.72",-0.00024505
"961","ran961.hdr.73",-0.0010769
"961","ran961.hdr.74",-0.000388300000000001
"961","ran961.hdr.75",-0.0016673
"961","ran961.hdr.76",-0.0006096
"961","ran961.hdr.77",-0.000299900000000001
"961","ran961.hdr.78",-0.0016978
"961","ran961.hdr.8",-0.00227271
"961","ran961.hdr.9",-0.0035262
"962","ran962.hdr.1",-0.0002678
"962","ran962.hdr.10",-0.0000446999999999999
"962","ran962.hdr.11",0.0005962
"962","ran962.hdr.12",-0.000653000000000001
"962","ran962.hdr.13",-0.0002828
"962","ran962.hdr.14",-0.00129969
"962","ran962.hdr.15",-0.0003499
"962","ran962.hdr.16",0.000341380000000001
"962","ran962.hdr.17",-0.000333099999999999
"962","ran962.hdr.18",-0.000111799999999999
"962","ran962.hdr.19",-0.0012188
"962","ran962.hdr.2",0.000021011
"962","ran962.hdr.20",-0.000867099999999999
"962","ran962.hdr.21",-0.0003961
"962","ran962.hdr.22",-0.00158129
"962","ran962.hdr.23",-0.000598599999999998
"962","ran962.hdr.24",-0.0010873
"962","ran962.hdr.25",-0.000458800000000001
"962","ran962.hdr.26",-0.0025984
"962","ran962.hdr.27",-0.000576
"962","ran962.hdr.28",-0.0011926
"962","ran962.hdr.29",0.0000896000000000004
"962","ran962.hdr.3",-0.0018301
"962","ran962.hdr.30",-0.0000683100000000002
"962","ran962.hdr.31",-0.0018846
"962","ran962.hdr.32",-0.000730600000000001
"962","ran962.hdr.33",-0.0001892
"962","ran962.hdr.34",-0.000428899999999999
"962","ran962.hdr.35",-0.000735299999999998
"962","ran962.hdr.36",-0.0002611
"962","ran962.hdr.37",0.0003162
"962","ran962.hdr.38",-0.000259789999999999
"962","ran962.hdr.39",-0.0011573
"962","ran962.hdr.4",-0.000617699999999999
"962","ran962.hdr.40",-0.00056584
"962","ran962.hdr.41",-0.000616299999999997
"962","ran962.hdr.42",-0.0030178
"962","ran962.hdr.43",-0.000688599999999999
"962","ran962.hdr.44",-0.0098876
"962","ran962.hdr.45",-0.0017799
"962","ran962.hdr.46",-0.0005872
"962","ran962.hdr.47",-0.00074314
"962","ran962.hdr.48",-0.000280989999999999
"962","ran962.hdr.49",-0.000315939999999999
"962","ran962.hdr.5",-0.005769
"962","ran962.hdr.50",-0.0067332
"962","ran962.hdr.51",-0.0016179
"962","ran962.hdr.52",-0.000727099999999998
"962","ran962.hdr.53",-0.00015901
"962","ran962.hdr.54",0.000358000000000001
"962","ran962.hdr.55",-0.0000584000000000001
"962","ran962.hdr.56",0.0000521000000000002
"962","ran962.hdr.57",0.00005185
"962","ran962.hdr.58",-0.000267940000000001
"962","ran962.hdr.59",0.00006295
"962","ran962.hdr.6",-0.0051698
"962","ran962.hdr.60",-0.000624599999999999
"962","ran962.hdr.61",-0.000477600000000002
"962","ran962.hdr.62",0.000107299999999999
"962","ran962.hdr.63",-0.000262800000000001
"962","ran962.hdr.64",-0.001222
"962","ran962.hdr.65",-0.0002284
"962","ran962.hdr.66",-0.0017715
"962","ran962.hdr.67",-0.0015961
"962","ran962.hdr.68",-0.000261
"962","ran962.hdr.69",-0.000250410000000001
"962","ran962.hdr.7",-0.0000910199999999998
"962","ran962.hdr.70",-0.0004732
"962","ran962.hdr.71",-0.000955899999999999
"962","ran962.hdr.72",-0.0010843
"962","ran962.hdr.73",-0.0013741
"962","ran962.hdr.74",-0.00131596
"962","ran962.hdr.75",-0.000185000000000001
"962","ran962.hdr.76",-0.00118788
"962","ran962.hdr.77",-0.0025593
"962","ran962.hdr.78",-0.0014428
"962","ran962.hdr.8",-0.00014609
"962","ran962.hdr.9",-0.0000013393
"963","ran963.hdr.1",-0.0014785
"963","ran963.hdr.10",-0.000405638
"963","ran963.hdr.11",-0.000230000000000001
"963","ran963.hdr.12",-0.00137783
"963","ran963.hdr.13",0.00016704
"963","ran963.hdr.14",-0.0000414999999999999
"963","ran963.hdr.15",-0.000237236
"963","ran963.hdr.16",-0.0011382
"963","ran963.hdr.17",-0.000376899999999999
"963","ran963.hdr.18",-0.0000659199999999999
"963","ran963.hdr.19",-0.0000692999999999996
"963","ran963.hdr.2",-0.000637000000000002
"963","ran963.hdr.20",-0.000113727
"963","ran963.hdr.21",-0.0010564
"963","ran963.hdr.22",-0.0010173
"963","ran963.hdr.23",-0.0000156800000000006
"963","ran963.hdr.24",-0.00000579400000000005
"963","ran963.hdr.25",-0.002999
"963","ran963.hdr.26",-0.00107892
"963","ran963.hdr.27",-0.00055319
"963","ran963.hdr.28",NA
"963","ran963.hdr.29",-0.0000942000000000009
"963","ran963.hdr.3",-0.000939500000000001
"963","ran963.hdr.30",-0.0000985000000000014
"963","ran963.hdr.31",0.00031742
"963","ran963.hdr.32",-0.01715588
"963","ran963.hdr.33",-0.000875799999999999
"963","ran963.hdr.34",-0.000243200000000002
"963","ran963.hdr.35",-0.0009332
"963","ran963.hdr.36",-0.0019089
"963","ran963.hdr.37",-0.00034168
"963","ran963.hdr.38",-0.00029242
"963","ran963.hdr.39",-0.0005509
"963","ran963.hdr.4",-0.00000823000000000056
"963","ran963.hdr.40",0.00020497
"963","ran963.hdr.41",-0.0010275
"963","ran963.hdr.42",-0.00002191
"963","ran963.hdr.43",-0.0010777
"963","ran963.hdr.44",-0.0028342
"963","ran963.hdr.45",0.000643100000000001
"963","ran963.hdr.46",-0.000034158
"963","ran963.hdr.47",-0.000129839
"963","ran963.hdr.48",0.0000792999999999992
"963","ran963.hdr.49",-0.0000990000000000001
"963","ran963.hdr.5",0.00000526999999999993
"963","ran963.hdr.50",-0.0001647
"963","ran963.hdr.51",-0.000510450000000001
"963","ran963.hdr.52",-0.00010923
"963","ran963.hdr.53",0.000078332
"963","ran963.hdr.54",-0.00111662
"963","ran963.hdr.55",-0.000366499999999999
"963","ran963.hdr.56",-0.00012652
"963","ran963.hdr.57",-0.0000330300000000016
"963","ran963.hdr.58",-0.0012438
"963","ran963.hdr.59",-0.0180869
"963","ran963.hdr.6",-0.0002951
"963","ran963.hdr.60",-0.0040765
"963","ran963.hdr.61",-0.000194100000000003
"963","ran963.hdr.62",0.0000266499999999996
"963","ran963.hdr.63",-0.0001876
"963","ran963.hdr.64",0.000228300000000001
"963","ran963.hdr.65",-0.0037906
"963","ran963.hdr.66",-0.0046587
"963","ran963.hdr.67",-0.0000374500000000014
"963","ran963.hdr.68",-0.000596000000000003
"963","ran963.hdr.69",-0.0000222999999999994
"963","ran963.hdr.7",-0.0000559100000000002
"963","ran963.hdr.70",-0.0014151
"963","ran963.hdr.71",-0.0027704
"963","ran963.hdr.72",-0.000104799999999999
"963","ran963.hdr.73",-0.000137399999999999
"963","ran963.hdr.74",-0.000871399999999998
"963","ran963.hdr.75",-0.0008547
"963","ran963.hdr.76",-0.000806600000000001
"963","ran963.hdr.77",-0.0025593
"963","ran963.hdr.78",-0.00080591
"963","ran963.hdr.8",0.000234499999999999
"963","ran963.hdr.9",-0.00058509
"964","ran964.hdr.1",-0.000142300000000001
"964","ran964.hdr.10",-0.000349700000000001
"964","ran964.hdr.11",-0.000428030000000001
"964","ran964.hdr.12",-0.000701999999999999
"964","ran964.hdr.13",-0.0010879
"964","ran964.hdr.14",-0.0000852000000000006
"964","ran964.hdr.15",-0.0011481
"964","ran964.hdr.16",-0.00018229
"964","ran964.hdr.17",-0.0000559799999999997
"964","ran964.hdr.18",-0.000988359999999999
"964","ran964.hdr.19",0.0000675200000000006
"964","ran964.hdr.2",-0.0003459
"964","ran964.hdr.20",-0.000217409999999999
"964","ran964.hdr.21",-0.00043339
"964","ran964.hdr.22",-0.0011183
"964","ran964.hdr.23",-0.00031687
"964","ran964.hdr.24",-0.0001443
"964","ran964.hdr.25",-0.0004589
"964","ran964.hdr.26",0.00023438
"964","ran964.hdr.27",0.0001264
"964","ran964.hdr.28",-0.000616499999999999
"964","ran964.hdr.29",0.00038818
"964","ran964.hdr.3",0.000274999999999997
"964","ran964.hdr.30",-0.0005877
"964","ran964.hdr.31",-0.0010024
"964","ran964.hdr.32",-0.000411400000000003
"964","ran964.hdr.33",-0.000514199999999999
"964","ran964.hdr.34",-0.0010877
"964","ran964.hdr.35",0.0000193999999999993
"964","ran964.hdr.36",-0.000104399999999999
"964","ran964.hdr.37",-0.000281700000000001
"964","ran964.hdr.38",-0.0002734
"964","ran964.hdr.39",-0.001126
"964","ran964.hdr.4",-0.0000628
"964","ran964.hdr.40",0.0002798
"964","ran964.hdr.41",-0.0010777
"964","ran964.hdr.42",-0.001747
"964","ran964.hdr.43",-0.000727459999999999
"964","ran964.hdr.44",-0.000153199999999999
"964","ran964.hdr.45",-0.0003018
"964","ran964.hdr.46",0.00019344
"964","ran964.hdr.47",-0.0000330999999999994
"964","ran964.hdr.48",-0.0001486
"964","ran964.hdr.49",-0.0000118100000000001
"964","ran964.hdr.5",-0.0031124
"964","ran964.hdr.50",-0.0015804
"964","ran964.hdr.51",-0.0009668
"964","ran964.hdr.52",-0.00003125
"964","ran964.hdr.53",-0.00011945
"964","ran964.hdr.54",0.0003353
"964","ran964.hdr.56",-0.000753399999999998
"964","ran964.hdr.57",0.000421600000000001
"964","ran964.hdr.58",-0.000544600000000003
"964","ran964.hdr.59",NA
"964","ran964.hdr.6",-0.0000849000000000006
"964","ran964.hdr.60",-0.01281643
"964","ran964.hdr.61",-0.00574057
"964","ran964.hdr.62",0.0002694
"964","ran964.hdr.63",-0.000781200000000003
"964","ran964.hdr.64",0.000457879999999999
"964","ran964.hdr.65",-0.000164500000000001
"964","ran964.hdr.66",-0.0013204
"964","ran964.hdr.67",-0.000692700000000001
"964","ran964.hdr.68",0.0000832999999999997
"964","ran964.hdr.69",-0.0012556
"964","ran964.hdr.7",-0.000571100000000001
"964","ran964.hdr.70",-0.00092503
"964","ran964.hdr.71",-0.000204899999999999
"964","ran964.hdr.72",-0.0000835999999999996
"964","ran964.hdr.73",-0.0027704
"964","ran964.hdr.74",-0.0015308
"964","ran964.hdr.75",-0.000207099999999998
"964","ran964.hdr.76",-0.0020513
"964","ran964.hdr.77",-0.0015057
"964","ran964.hdr.78",-0.000802599999999999
"964","ran964.hdr.8",-0.000906130000000002
"964","ran964.hdr.9",-0.000507480000000001
"965","ran965.hdr.1",-0.000326900000000001
"965","ran965.hdr.10",0.0000457700000000005
"965","ran965.hdr.11",-0.000434459999999999
"965","ran965.hdr.12",-0.000457879999999999
"965","ran965.hdr.13",-0.0000175000000000002
"965","ran965.hdr.14",-0.00043519
"965","ran965.hdr.15",NA
"965","ran965.hdr.16",-0.0014039
"965","ran965.hdr.17",-0.0016952
"965","ran965.hdr.18",-0.000533099999999998
"965","ran965.hdr.19",-0.0021765
"965","ran965.hdr.2",-0.0012185
"965","ran965.hdr.20",-0.000611500000000001
"965","ran965.hdr.21",-0.0000169000000000002
"965","ran965.hdr.22",-0.0007746
"965","ran965.hdr.23",-0.00107892
"965","ran965.hdr.24",-0.0016027
"965","ran965.hdr.25",-0.000277900000000001
"965","ran965.hdr.26",-0.000280899999999999
"965","ran965.hdr.27",-0.0000640999999999992
"965","ran965.hdr.28",0.0000383999999999992
"965","ran965.hdr.29",-0.000450470000000001
"965","ran965.hdr.3",-0.0023043
"965","ran965.hdr.30",-0.0003079
"965","ran965.hdr.31",-0.000119399999999999
"965","ran965.hdr.32",-0.000347699999999999
"965","ran965.hdr.33",-0.001081
"965","ran965.hdr.34",-0.0023193
"965","ran965.hdr.35",-0.0008564
"965","ran965.hdr.36",-0.0018962
"965","ran965.hdr.37",-0.0030608
"965","ran965.hdr.38",-0.000583
"965","ran965.hdr.39",-0.000446429999999999
"965","ran965.hdr.4",-0.00120107
"965","ran965.hdr.40",-0.0013898
"965","ran965.hdr.41",-0.00018774
"965","ran965.hdr.42",-0.0014925
"965","ran965.hdr.43",-0.0013244
"965","ran965.hdr.44",-0.0025436
"965","ran965.hdr.45",-0.000189699999999999
"965","ran965.hdr.46",-0.000576500000000001
"965","ran965.hdr.47",-0.0017799
"965","ran965.hdr.48",0.0000839000000000013
"965","ran965.hdr.49",0.000189099999999999
"965","ran965.hdr.5",-0.000461899999999998
"965","ran965.hdr.50",-0.0024639
"965","ran965.hdr.51",-0.00074314
"965","ran965.hdr.52",-0.0034143
"965","ran965.hdr.53",0.00011506
"965","ran965.hdr.54",-0.0001172
"965","ran965.hdr.55",-0.0021164
"965","ran965.hdr.56",-0.0003833
"965","ran965.hdr.59",-0.0000972000000000004
"965","ran965.hdr.6",-0.000175700000000001
"965","ran965.hdr.60",-0.000477600000000002
"965","ran965.hdr.61",-0.000694199999999999
"965","ran965.hdr.62",-0.000999000000000003
"965","ran965.hdr.63",-0.000115399999999998
"965","ran965.hdr.64",-0.001971
"965","ran965.hdr.65",-0.000282500000000001
"965","ran965.hdr.66",-0.000581100000000001
"965","ran965.hdr.67",0.000553699999999999
"965","ran965.hdr.68",-0.000209399999999998
"965","ran965.hdr.69",-0.0008821
"965","ran965.hdr.7",0.0001957
"965","ran965.hdr.70",-0.0010284
"965","ran965.hdr.71",-0.001276
"965","ran965.hdr.72",0.000300799999999999
"965","ran965.hdr.73",-0.0014277
"965","ran965.hdr.74",-0.000385099999999999
"965","ran965.hdr.75",-0.0053353
"965","ran965.hdr.76",-0.001383
"965","ran965.hdr.77",-0.0018985
"965","ran965.hdr.78",-0.0016399
"965","ran965.hdr.8",NA
"965","ran965.hdr.9",-0.0000253000000000007
"966","ran966.hdr.1",-0.000905800000000002
"966","ran966.hdr.10",-0.0004966
"966","ran966.hdr.11",-0.000428030000000001
"966","ran966.hdr.12",-0.000534900000000001
"966","ran966.hdr.13",-0.000808199999999999
"966","ran966.hdr.14",-0.000399699999999999
"966","ran966.hdr.15",-0.000266260000000001
"966","ran966.hdr.16",-0.0002775
"966","ran966.hdr.17",-0.0005322
"966","ran966.hdr.18",-0.0015342
"966","ran966.hdr.19",-0.0024132
"966","ran966.hdr.2",-0.00000992000000000007
"966","ran966.hdr.20",-0.000118700000000001
"966","ran966.hdr.21",-0.0000447999999999994
"966","ran966.hdr.22",-0.000327499999999998
"966","ran966.hdr.23",-0.000292629999999999
"966","ran966.hdr.24",-0.000413999999999999
"966","ran966.hdr.25",-0.00045666
"966","ran966.hdr.26",-0.0076907
"966","ran966.hdr.27",-0.000186000000000002
"966","ran966.hdr.28",0.000265399999999999
"966","ran966.hdr.29",-0.0036419
"966","ran966.hdr.3",-0.000239700000000001
"966","ran966.hdr.30",-0.000777200000000002
"966","ran966.hdr.31",-0.0005558
"966","ran966.hdr.32",0.0002824
"966","ran966.hdr.33",-0.0003798
"966","ran966.hdr.34",-0.0002614
"966","ran966.hdr.35",-0.000773600000000003
"966","ran966.hdr.36",-0.000583800000000001
"966","ran966.hdr.37",-0.000291899999999999
"966","ran966.hdr.38",-0.0000485800000000003
"966","ran966.hdr.39",-0.00081
"966","ran966.hdr.4",-0.0004437
"966","ran966.hdr.40",-0.0015836
"966","ran966.hdr.41",-0.0033085
"966","ran966.hdr.42",-0.000441500000000001
"966","ran966.hdr.43",-0.0022371
"966","ran966.hdr.44",-0.00015647
"966","ran966.hdr.45",0.00003232
"966","ran966.hdr.46",-0.000749
"966","ran966.hdr.47",-0.00077464
"966","ran966.hdr.48",-0.00022498
"966","ran966.hdr.49",0.00000739999999999942
"966","ran966.hdr.5",-0.000275999999999998
"966","ran966.hdr.50",0.0000691835
"966","ran966.hdr.51",-0.00038213
"966","ran966.hdr.52",0.0000454399999999999
"966","ran966.hdr.53",0.000058589999999999
"966","ran966.hdr.54",-0.00013051
"966","ran966.hdr.55",-0.000058840000000001
"966","ran966.hdr.56",-0.0000283000000000002
"966","ran966.hdr.57",-0.00073805
"966","ran966.hdr.58",-0.000932299999999999
"966","ran966.hdr.59",-0.00016505
"966","ran966.hdr.6",0.0001735
"966","ran966.hdr.60",-0.00073559
"966","ran966.hdr.61",-0.0007846
"966","ran966.hdr.62",-0.000934999999999998
"966","ran966.hdr.63",-0.0000402400000000004
"966","ran966.hdr.64",-0.000406799999999999
"966","ran966.hdr.65",-0.001222
"966","ran966.hdr.66",0.000244869999999999
"966","ran966.hdr.67",-0.000556319999999999
"966","ran966.hdr.68",-0.0003461
"966","ran966.hdr.69",-0.00000239999999999962
"966","ran966.hdr.7",-0.0048415
"966","ran966.hdr.70",0.0000194084
"966","ran966.hdr.71",-0.000481499999999999
"966","ran966.hdr.72",-0.0000243000000000014
"966","ran966.hdr.73",-0.0001385
"966","ran966.hdr.74",0.00049861
"966","ran966.hdr.75",-0.000798899999999998
"966","ran966.hdr.76",-0.0038792
"966","ran966.hdr.77",-0.0007697
"966","ran966.hdr.78",0.00023438
"966","ran966.hdr.8",-0.00056552
"966","ran966.hdr.9",-0.0003059
"967","ran967.hdr.1",-0.002469
"967","ran967.hdr.10",0.00002439
"967","ran967.hdr.11",-0.000732
"967","ran967.hdr.12",0.0000867799999999998
"967","ran967.hdr.13",-0.00035301
"967","ran967.hdr.14",-0.0008602
"967","ran967.hdr.15",-0.0000730000000000001
"967","ran967.hdr.16",-0.0016952
"967","ran967.hdr.17",-0.00032068
"967","ran967.hdr.18",-0.0001654
"967","ran967.hdr.19",-0.0006546
"967","ran967.hdr.2",-0.000443959999999998
"967","ran967.hdr.20",-0.000376700000000001
"967","ran967.hdr.21",-0.00029017
"967","ran967.hdr.22",0.00026163
"967","ran967.hdr.23",-0.0006023
"967","ran967.hdr.24",0.000378400000000001
"967","ran967.hdr.25",-0.0010033
"967","ran967.hdr.26",-0.0001159
"967","ran967.hdr.27",-0.0013224
"967","ran967.hdr.28",-0.000478900000000001
"967","ran967.hdr.29",0.0003423
"967","ran967.hdr.3",0.000856199999999998
"967","ran967.hdr.30",-0.0000268999999999998
"967","ran967.hdr.31",-0.000423400000000001
"967","ran967.hdr.32",0.000493
"967","ran967.hdr.33",-0.000720500000000002
"967","ran967.hdr.34",0.00020773
"967","ran967.hdr.35",-0.00025843
"967","ran967.hdr.36",-0.0016134
"967","ran967.hdr.37",-0.000617659999999999
"967","ran967.hdr.38",-0.0015836
"967","ran967.hdr.39",-0.000982500000000001
"967","ran967.hdr.4",-0.00024783
"967","ran967.hdr.40",-0.000315939999999999
"967","ran967.hdr.41",0.00027726
"967","ran967.hdr.42",-0.000180100000000001
"967","ran967.hdr.43",-0.0047786
"967","ran967.hdr.44",-0.0004831
"967","ran967.hdr.45",-0.000369599999999999
"967","ran967.hdr.46",-0.000586400000000001
"967","ran967.hdr.47",-0.0010313
"967","ran967.hdr.48",-0.00289142
"967","ran967.hdr.49",-0.00000449999999999995
"967","ran967.hdr.5",-0.00018433
"967","ran967.hdr.52",-0.000477600000000002
"967","ran967.hdr.53",-0.0000867999999999997
"967","ran967.hdr.54",-0.000270299999999998
"967","ran967.hdr.55",-0.000694199999999999
"967","ran967.hdr.56",0.00035748
"967","ran967.hdr.57",-0.000999000000000003
"967","ran967.hdr.58",-0.000580600000000001
"967","ran967.hdr.59",0.0000727999999999996
"967","ran967.hdr.6",-0.0000713600000000003
"967","ran967.hdr.60",-0.0011268
"967","ran967.hdr.61",-0.0003359
"967","ran967.hdr.62",0.000246699999999999
"967","ran967.hdr.63",-0.000164500000000001
"967","ran967.hdr.64",-0.0000348999999999992
"967","ran967.hdr.65",-0.0001875
"967","ran967.hdr.66",-0.000836699999999999
"967","ran967.hdr.67",-0.0010327
"967","ran967.hdr.68",0.0000251000000000001
"967","ran967.hdr.69",-0.0000736999999999995
"967","ran967.hdr.7",0.00000119999999999981
"967","ran967.hdr.70",-0.0003058
"967","ran967.hdr.71",-0.0046587
"967","ran967.hdr.72",0.00086017
"967","ran967.hdr.73",-0.000798899999999998
"967","ran967.hdr.74",-0.0044168
"967","ran967.hdr.75",-0.001624
"967","ran967.hdr.76",-0.000482799999999999
"967","ran967.hdr.77",-0.0020758
"967","ran967.hdr.78",-0.0013547
"967","ran967.hdr.8",-0.000446700000000001
"967","ran967.hdr.9",-0.0000692999999999996
"968","ran968.hdr.1",-0.0032872
"968","ran968.hdr.10",-0.00013959
"968","ran968.hdr.11",-0.000422980000000001
"968","ran968.hdr.12",-0.0000411000000000005
"968","ran968.hdr.13",-0.00093515
"968","ran968.hdr.14",-0.000681099999999999
"968","ran968.hdr.15",-0.0023044
"968","ran968.hdr.16",-0.0000210000000000002
"968","ran968.hdr.17",-0.0003958
"968","ran968.hdr.18",-0.0005371
"968","ran968.hdr.19",-0.00021491
"968","ran968.hdr.2",-0.000637099999999998
"968","ran968.hdr.20",-0.0001131
"968","ran968.hdr.21",-0.000216849999999999
"968","ran968.hdr.22",-0.000779799999999999
"968","ran968.hdr.23",0.000198100000000001
"968","ran968.hdr.24",-0.000379400000000002
"968","ran968.hdr.25",-0.0006201
"968","ran968.hdr.26",-0.00046126
"968","ran968.hdr.27",0.0000853599999999996
"968","ran968.hdr.28",-0.00023903
"968","ran968.hdr.29",-0.000505799999999999
"968","ran968.hdr.3",-0.0011965
"968","ran968.hdr.30",-0.0076907
"968","ran968.hdr.31",-0.0000805300000000005
"968","ran968.hdr.32",-0.00042055
"968","ran968.hdr.33",-0.0010093
"968","ran968.hdr.34",0.0005357
"968","ran968.hdr.35",-0.00510713
"968","ran968.hdr.36",0.0000814299999999995
"968","ran968.hdr.37",-0.0015268
"968","ran968.hdr.38",-0.0018962
"968","ran968.hdr.39",-0.0000700600000000003
"968","ran968.hdr.4",-0.0025737
"968","ran968.hdr.40",0.0001042
"968","ran968.hdr.41",-0.0015552
"968","ran968.hdr.42",-0.000617899999999998
"968","ran968.hdr.43",-0.000584600000000001
"968","ran968.hdr.44",-0.0001203
"968","ran968.hdr.45",-0.000137
"968","ran968.hdr.46",-0.000308399999999999
"968","ran968.hdr.47",-0.00011256
"968","ran968.hdr.48",0.000295299999999998
"968","ran968.hdr.49",0.0000899300000000002
"968","ran968.hdr.5",-0.0053867
"968","ran968.hdr.50",0.000267400000000001
"968","ran968.hdr.51",-0.002897
"968","ran968.hdr.52",-0.0000128000000000003
"968","ran968.hdr.53",-0.000299799999999999
"968","ran968.hdr.54",-0.0014392
"968","ran968.hdr.55",-0.0072374
"968","ran968.hdr.56",-0.00384145
"968","ran968.hdr.57",-0.000058840000000001
"968","ran968.hdr.58",-0.00003125
"968","ran968.hdr.59",-0.00039517
"968","ran968.hdr.6",-0.0019788
"968","ran968.hdr.60",-0.000163490000000001
"968","ran968.hdr.61",-0.01072144
"968","ran968.hdr.62",0.0000727999999999996
"968","ran968.hdr.63",-0.000143020000000001
"968","ran968.hdr.64",-0.0002054
"968","ran968.hdr.65",-0.0013065
"968","ran968.hdr.66",0.0002951
"968","ran968.hdr.67",-0.000959399999999999
"968","ran968.hdr.68",-0.000604199999999999
"968","ran968.hdr.69",-0.0010849
"968","ran968.hdr.7",-0.002115
"968","ran968.hdr.70",-0.000558899999999998
"968","ran968.hdr.71",-0.0014151
"968","ran968.hdr.72",-0.000031369
"968","ran968.hdr.73",0.000515669999999999
"968","ran968.hdr.74",-0.0009751
"968","ran968.hdr.75",-0.0008746
"968","ran968.hdr.76",-0.0013741
"968","ran968.hdr.77",-0.000894099999999998
"968","ran968.hdr.78",-0.0010666
"968","ran968.hdr.8",-0.0024878
"968","ran968.hdr.9",-0.002828
"969","ran969.hdr.1",-0.00100715
"969","ran969.hdr.10",-0.0000885999999999977
"969","ran969.hdr.11",-0.00050998
"969","ran969.hdr.12",-0.00252268
"969","ran969.hdr.13",-0.00045882
"969","ran969.hdr.14",-0.000595100000000001
"969","ran969.hdr.15",-0.0004364
"969","ran969.hdr.16",-0.0010873
"969","ran969.hdr.17",-0.0006158
"969","ran969.hdr.18",-0.0001559
"969","ran969.hdr.19",0.000630199999999999
"969","ran969.hdr.2",-0.0014404
"969","ran969.hdr.20",-0.000576
"969","ran969.hdr.21",-0.000336700000000001
"969","ran969.hdr.22",-0.00017027
"969","ran969.hdr.23",-0.00028711
"969","ran969.hdr.24",0.0000461000000000003
"969","ran969.hdr.25",0.0000409999999999994
"969","ran969.hdr.26",-0.0001554
"969","ran969.hdr.27",-0.000643000000000001
"969","ran969.hdr.28",-0.00018725
"969","ran969.hdr.29",-0.0014853
"969","ran969.hdr.3",-0.0026461
"969","ran969.hdr.30",-0.0010093
"969","ran969.hdr.31",-0.000758200000000001
"969","ran969.hdr.32",-0.0010877
"969","ran969.hdr.33",-0.0000245000000000002
"969","ran969.hdr.34",-0.0010666
"969","ran969.hdr.35",0.00013524
"969","ran969.hdr.36",0.000412299999999999
"969","ran969.hdr.37",-0.0013695
"969","ran969.hdr.38",-0.000944
"969","ran969.hdr.39",-0.0012954
"969","ran969.hdr.4",0.0002001
"969","ran969.hdr.40",0.000354
"969","ran969.hdr.41",-0.00002191
"969","ran969.hdr.42",-0.0014925
"969","ran969.hdr.43",-0.0000361000000000007
"969","ran969.hdr.44",-0.0000252999999999989
"969","ran969.hdr.45",-0.000189699999999999
"969","ran969.hdr.46",-0.00081
"969","ran969.hdr.47",-0.000514700000000002
"969","ran969.hdr.48",-0.00021661
"969","ran969.hdr.49",-0.00027166
"969","ran969.hdr.5",-0.000290820000000001
"969","ran969.hdr.50",-0.000914999999999999
"969","ran969.hdr.51",-0.00010923
"969","ran969.hdr.52",-0.000238039999999999
"969","ran969.hdr.53",0.00026858
"969","ran969.hdr.54",0.00000257936
"969","ran969.hdr.55",-0.0000566400000000002
"969","ran969.hdr.56",-0.0040008
"969","ran969.hdr.57",-0.0001099
"969","ran969.hdr.58",-0.000658
"969","ran969.hdr.59",-0.00016504
"969","ran969.hdr.6",-0.0008936
"969","ran969.hdr.60",-0.0000330300000000016
"969","ran969.hdr.61",0.0000782999999999999
"969","ran969.hdr.62",-0.000567400000000001
"969","ran969.hdr.63",-0.000738799999999998
"969","ran969.hdr.64",-0.0015961
"969","ran969.hdr.65",-0.000616799999999997
"969","ran969.hdr.66",-0.000692700000000001
"969","ran969.hdr.67",-0.0037906
"969","ran969.hdr.68",-0.000387699999999998
"969","ran969.hdr.69",-0.0012556
"969","ran969.hdr.7",-0.0006642
"969","ran969.hdr.70",0.000268299999999999
"969","ran969.hdr.71",-0.000327399999999999
"969","ran969.hdr.72",-0.0038792
"969","ran969.hdr.73",-0.0015308
"969","ran969.hdr.74",-0.0010537
"969","ran969.hdr.75",-0.000961299999999998
"969","ran969.hdr.76",-0.0010546
"969","ran969.hdr.77",-0.0015057
"969","ran969.hdr.78",-0.0025593
"969","ran969.hdr.8",0.0000499000000000003
"969","ran969.hdr.9",-0.00017451
"970","ran970.hdr.1",-0.0006076
"970","ran970.hdr.10",-0.000154600000000001
"970","ran970.hdr.11",0.000186599999999999
"970","ran970.hdr.12",-0.0003134
"970","ran970.hdr.13",-0.0035262
"970","ran970.hdr.14",0.0000578000000000002
"970","ran970.hdr.15",0.000140100000000001
"970","ran970.hdr.16",-0.00016992
"970","ran970.hdr.17",-0.0000117999999999993
"970","ran970.hdr.18",0.0000476999999999977
"970","ran970.hdr.19",-0.000220930000000001
"970","ran970.hdr.2",-0.000119600000000001
"970","ran970.hdr.20",-0.0000983000000000008
"970","ran970.hdr.21",NA
"970","ran970.hdr.22",NA
"970","ran970.hdr.23",-0.0007122
"970","ran970.hdr.24",-0.0007279
"970","ran970.hdr.25",-0.000416699999999999
"970","ran970.hdr.26",0.0000913000000000008
"970","ran970.hdr.27",-0.000013599999999999
"970","ran970.hdr.28",0.0000166000000000003
"970","ran970.hdr.29",-0.0004084
"970","ran970.hdr.3",-0.0026461
"970","ran970.hdr.30",-0.000777899999999998
"970","ran970.hdr.31",0.000505200000000001
"970","ran970.hdr.32",0.0001362
"970","ran970.hdr.33",-0.0000894500000000005
"970","ran970.hdr.34",-0.000504299999999999
"970","ran970.hdr.35",-0.00106
"970","ran970.hdr.36",-0.000275399999999999
"970","ran970.hdr.37",-0.000332000000000001
"970","ran970.hdr.38",0.000162800000000001
"970","ran970.hdr.39",0.000262999999999999
"970","ran970.hdr.4",-0.0003254
"970","ran970.hdr.40",-0.0001811
"970","ran970.hdr.41",-0.00022
"970","ran970.hdr.42",-0.000194600000000001
"970","ran970.hdr.43",-0.000241100000000001
"970","ran970.hdr.44",-0.00065478
"970","ran970.hdr.45",-0.000360099999999999
"970","ran970.hdr.46",-0.0011215
"970","ran970.hdr.47",-0.0010055
"970","ran970.hdr.48",0.000037646
"970","ran970.hdr.49",0.00004863
"970","ran970.hdr.5",0.000192080000000001
"970","ran970.hdr.50",-0.0014392
"970","ran970.hdr.51",-0.0005042
"970","ran970.hdr.52",-0.00018941
"970","ran970.hdr.54",-0.0000312699999999999
"970","ran970.hdr.55",-0.0000174000000000007
"970","ran970.hdr.56",-0.000477600000000002
"970","ran970.hdr.57",-0.000999000000000003
"970","ran970.hdr.58",-0.0041063
"970","ran970.hdr.59",-0.0015643
"970","ran970.hdr.6",0.000559200000000003
"970","ran970.hdr.60",-0.001971
"970","ran970.hdr.61",-0.0005466
"970","ran970.hdr.62",-0.00133469
"970","ran970.hdr.63",-0.000557700000000001
"970","ran970.hdr.64",-0.00017358
"970","ran970.hdr.65",-0.0011892
"970","ran970.hdr.66",-0.0004743
"970","ran970.hdr.67",0.00086017
"970","ran970.hdr.68",0.0000443000000000006
"970","ran970.hdr.69",-0.000942699999999998
"970","ran970.hdr.7",-0.00034287
"970","ran970.hdr.70",0.000560439999999999
"970","ran970.hdr.71",-0.000228699999999998
"970","ran970.hdr.72",-0.0044168
"970","ran970.hdr.73",-0.000369599999999999
"970","ran970.hdr.74",-0.0000844099999999996
"970","ran970.hdr.75",-0.000481099999999998
"970","ran970.hdr.76",-0.0014309
"970","ran970.hdr.77",-0.000457200000000001
"970","ran970.hdr.78",-0.0016978
"970","ran970.hdr.8",-0.0030588
"970","ran970.hdr.9",-0.0052722
"971","ran971.hdr.1",-0.000181799999999999
"971","ran971.hdr.10",-0.000457879999999999
"971","ran971.hdr.11",-0.0008974
"971","ran971.hdr.12",-0.000152399999999999
"971","ran971.hdr.13",-0.00102123
"971","ran971.hdr.14",-0.000291369999999999
"971","ran971.hdr.15",-0.00249358
"971","ran971.hdr.16",-0.0017045
"971","ran971.hdr.17",-0.0013755
"971","ran971.hdr.18",0.000162000000000001
"971","ran971.hdr.19",-0.0005158
"971","ran971.hdr.2",-0.000892799999999999
"971","ran971.hdr.20",0.00014465
"971","ran971.hdr.21",-0.000280899999999999
"971","ran971.hdr.22",0.000056719
"971","ran971.hdr.23",-0.000292799999999999
"971","ran971.hdr.24",-0.000149719999999999
"971","ran971.hdr.25",-0.000310299999999999
"971","ran971.hdr.26",-0.000216899999999999
"971","ran971.hdr.27",-0.0051598
"971","ran971.hdr.28",-0.0004601
"971","ran971.hdr.29",-0.00046567
"971","ran971.hdr.3",-0.0002056
"971","ran971.hdr.30",-0.00023078
"971","ran971.hdr.31",-0.0011573
"971","ran971.hdr.32",-0.000830000000000001
"971","ran971.hdr.33",0.000206599999999999
"971","ran971.hdr.34",-0.0018642
"971","ran971.hdr.35",-0.00328849
"971","ran971.hdr.36",-0.0016606
"971","ran971.hdr.37",-0.000971
"971","ran971.hdr.38",-0.0006619
"971","ran971.hdr.39",-0.00037772
"971","ran971.hdr.4",-0.0051096
"971","ran971.hdr.40",-0.000058840000000001
"971","ran971.hdr.41",-0.000137400000000001
"971","ran971.hdr.44",-0.000162300000000001
"971","ran971.hdr.45",-0.0043657
"971","ran971.hdr.46",0.0010315
"971","ran971.hdr.47",-0.000728099999999999
"971","ran971.hdr.48",-0.0005393
"971","ran971.hdr.49",-0.000399500000000001
"971","ran971.hdr.5",-0.0044797
"971","ran971.hdr.50",-0.0000474999999999989
"971","ran971.hdr.51",-0.0013942
"971","ran971.hdr.52",-0.0011067
"971","ran971.hdr.53",-0.0051112
"971","ran971.hdr.54",0.0000100400000000002
"971","ran971.hdr.55",-0.000083200000000002
"971","ran971.hdr.56",0.000309
"971","ran971.hdr.57",0.000051197
"971","ran971.hdr.58",-0.0005504
"971","ran971.hdr.59",-0.000103800000000001
"971","ran971.hdr.6",-0.00154022
"971","ran971.hdr.60",-0.0014472
"971","ran971.hdr.61",-0.0000376999999999999
"971","ran971.hdr.62",-0.00740309
"971","ran971.hdr.63",-0.0046587
"971","ran971.hdr.64",0.0000255200000000002
"971","ran971.hdr.65",-0.00029
"971","ran971.hdr.66",-0.000890599999999998
"971","ran971.hdr.67",-0.000276200000000001
"971","ran971.hdr.68",-0.0019338
"971","ran971.hdr.69",-0.0000481000000000006
"971","ran971.hdr.7",-0.00065658
"971","ran971.hdr.70",-0.0015308
"971","ran971.hdr.71",-0.000126299999999999
"971","ran971.hdr.72",-0.0014673
"971","ran971.hdr.73",-0.0013565
"971","ran971.hdr.74",-0.0015057
"971","ran971.hdr.75",-0.000748700000000001
"971","ran971.hdr.76",0.0000627000000000023
"971","ran971.hdr.77",-0.000118658
"971","ran971.hdr.78",-0.000384199999999999
"971","ran971.hdr.8",-0.0015955
"971","ran971.hdr.9",-0.000506029999999999
"972","ran972.hdr.1",-0.0002678
"972","ran972.hdr.10",0.000566700000000002
"972","ran972.hdr.11",-0.00025102
"972","ran972.hdr.12",-0.00033059
"972","ran972.hdr.13",-0.000301300000000001
"972","ran972.hdr.14",NA
"972","ran972.hdr.15",0.00056994
"972","ran972.hdr.16",-0.000376899999999999
"972","ran972.hdr.17",-0.0005673
"972","ran972.hdr.18",0.0001934
"972","ran972.hdr.19",-0.0011243
"972","ran972.hdr.2",-0.00131489
"972","ran972.hdr.20",-0.000119060000000001
"972","ran972.hdr.21",-0.0000854700000000007
"972","ran972.hdr.22",-0.0000983000000000008
"972","ran972.hdr.23",-0.00041587
"972","ran972.hdr.24",0.0000794999999999997
"972","ran972.hdr.25",-0.0016862
"972","ran972.hdr.26",-0.000288400000000001
"972","ran972.hdr.27",-0.000110299999999999
"972","ran972.hdr.28",-0.0045505
"972","ran972.hdr.29",-0.00018017
"972","ran972.hdr.3",0.000329000000000003
"972","ran972.hdr.30",-0.000148799999999999
"972","ran972.hdr.31",-0.000292629999999999
"972","ran972.hdr.32",-0.000243760000000001
"972","ran972.hdr.33",-0.000284
"972","ran972.hdr.34",-0.0018846
"972","ran972.hdr.35",-0.000140850000000001
"972","ran972.hdr.36",-0.00020333
"972","ran972.hdr.37",-0.000613500000000001
"972","ran972.hdr.38",-0.0007461
"972","ran972.hdr.39",-0.000565699999999999
"972","ran972.hdr.4",-0.0025737
"972","ran972.hdr.40",-0.000831100000000001
"972","ran972.hdr.41",-0.000329799999999998
"972","ran972.hdr.42",0.000296999999999999
"972","ran972.hdr.43",-0.0017191
"972","ran972.hdr.44",0.0010217
"972","ran972.hdr.45",-0.000032588
"972","ran972.hdr.46",0.0000833999999999991
"972","ran972.hdr.47",-0.00016597
"972","ran972.hdr.48",-0.0001431
"972","ran972.hdr.49",-0.0014392
"972","ran972.hdr.5",0.000412699999999998
"972","ran972.hdr.50",-0.00055
"972","ran972.hdr.51",-0.000599799999999999
"972","ran972.hdr.52",-0.00111662
"972","ran972.hdr.53",0.0000491800000000011
"972","ran972.hdr.54",-0.0010297
"972","ran972.hdr.55",0.000194639999999999
"972","ran972.hdr.57",-0.000455400000000002
"972","ran972.hdr.58",-0.0020934
"972","ran972.hdr.59",-0.0043602
"972","ran972.hdr.6",-0.0007133
"972","ran972.hdr.60",-0.0021686
"972","ran972.hdr.61",-0.0012721
"972","ran972.hdr.62",-0.000190900000000001
"972","ran972.hdr.63",-0.0003435
"972","ran972.hdr.64",-0.00056939
"972","ran972.hdr.65",-0.0004037
"972","ran972.hdr.66",-0.0005187
"972","ran972.hdr.67",-0.000448899999999999
"972","ran972.hdr.68",-0.00740309
"972","ran972.hdr.69",-0.000345399999999999
"972","ran972.hdr.7",0.00015914
"972","ran972.hdr.70",-0.00179129
"972","ran972.hdr.71",-0.00030295
"972","ran972.hdr.72",-0.000228699999999998
"972","ran972.hdr.73",-0.000495900000000001
"972","ran972.hdr.74",0.000132810000000001
"972","ran972.hdr.75",-0.000825300000000001
"972","ran972.hdr.76",0.00026363
"972","ran972.hdr.77",-0.000372399999999998
"972","ran972.hdr.78",-0.000818700000000002
"972","ran972.hdr.8",0.000645679999999999
"972","ran972.hdr.9",-0.000942399999999999
"973","ran973.hdr.1",-0.000740699999999999
"973","ran973.hdr.10",-0.00021846
"973","ran973.hdr.11",-0.00041618
"973","ran973.hdr.12",-0.0000444600000000001
"973","ran973.hdr.13",-0.00026544
"973","ran973.hdr.14",-0.0011243
"973","ran973.hdr.15",-0.0011143
"973","ran973.hdr.16",-0.000431160000000002
"973","ran973.hdr.17",-0.00049628
"973","ran973.hdr.18",-0.0007122
"973","ran973.hdr.19",-0.000867099999999999
"973","ran973.hdr.2",-0.00040682
"973","ran973.hdr.20",-0.00182421
"973","ran973.hdr.21",-0.000767400000000001
"973","ran973.hdr.22",-0.0008757
"973","ran973.hdr.23",-0.000288400000000001
"973","ran973.hdr.24",-0.00000579400000000005
"973","ran973.hdr.25",-0.000163968
"973","ran973.hdr.26",-0.000337999999999998
"973","ran973.hdr.27",-0.0030857
"973","ran973.hdr.28",-0.000311800000000001
"973","ran973.hdr.29",-0.00033013
"973","ran973.hdr.3",-0.00000570800000000001
"973","ran973.hdr.30",-0.000576
"973","ran973.hdr.31",-0.00020304
"973","ran973.hdr.32",-0.00035699
"973","ran973.hdr.33",-0.000232900000000001
"973","ran973.hdr.34",-0.000292629999999999
"973","ran973.hdr.35",-0.0000940999999999997
"973","ran973.hdr.36",-0.0004084
"973","ran973.hdr.37",-0.000541900000000001
"973","ran973.hdr.38",-0.00005437
"973","ran973.hdr.39",0.00000750000000000056
"973","ran973.hdr.4",-0.0014413
"973","ran973.hdr.40",-0.000488699999999998
"973","ran973.hdr.41",-0.000607699999999999
"973","ran973.hdr.42",-0.000104399999999999
"973","ran973.hdr.43",-0.0001828
"973","ran973.hdr.44",-0.0008168
"973","ran973.hdr.45",0.00011464
"973","ran973.hdr.46",-0.0010869
"973","ran973.hdr.47",-0.000574999999999999
"973","ran973.hdr.48",0.000357900000000001
"973","ran973.hdr.49",-0.000041639999999999
"973","ran973.hdr.5",-0.0037929
"973","ran973.hdr.50",0.0000165000000000009
"973","ran973.hdr.51",-0.0034509
"973","ran973.hdr.52",-0.0039113
"973","ran973.hdr.53",0.000197900000000001
"973","ran973.hdr.54",-0.000749
"973","ran973.hdr.55",-0.0010598
"973","ran973.hdr.56",-0.0023439
"973","ran973.hdr.57",-0.000787200000000002
"973","ran973.hdr.59",-0.0000222
"973","ran973.hdr.6",-0.0039147
"973","ran973.hdr.60",0.00041589
"973","ran973.hdr.61",-0.000455400000000002
"973","ran973.hdr.62",-0.000763170000000001
"973","ran973.hdr.63",-0.0007402
"973","ran973.hdr.64",-0.0180869
"973","ran973.hdr.65",-0.0000494999999999992
"973","ran973.hdr.66",0.0002951
"973","ran973.hdr.67",-0.0000829000000000003
"973","ran973.hdr.68",-0.000735300000000001
"973","ran973.hdr.69",-0.000404369999999999
"973","ran973.hdr.7",-0.0005444
"973","ran973.hdr.70",-0.000738799999999998
"973","ran973.hdr.71",-0.000320829999999999
"973","ran973.hdr.72",0.000199399999999999
"973","ran973.hdr.73",-0.0013312
"973","ran973.hdr.74",-0.0000835999999999996
"973","ran973.hdr.75",0.0000450999999999993
"973","ran973.hdr.76",-0.0018724
"973","ran973.hdr.77",-0.0020513
"973","ran973.hdr.78",-0.0014027
"973","ran973.hdr.8",-0.0000411000000000005
"973","ran973.hdr.9",0.000075943
"974","ran974.hdr.1",-0.000366200000000001
"974","ran974.hdr.10",0.0000789059999999999
"974","ran974.hdr.11",-0.0001604
"974","ran974.hdr.12",0.00099089
"974","ran974.hdr.13",-0.0016948
"974","ran974.hdr.14",0.00000960000000000023
"974","ran974.hdr.15",-0.000217070000000001
"974","ran974.hdr.16",-0.000547299999999997
"974","ran974.hdr.17",-0.000554099999999998
"974","ran974.hdr.18",-0.000713499999999999
"974","ran974.hdr.19",-0.00062684
"974","ran974.hdr.2",-0.0000346800000000005
"974","ran974.hdr.20",0.0000456699999999994
"974","ran974.hdr.21",-0.0053979
"974","ran974.hdr.22",-0.000136260000000001
"974","ran974.hdr.23",0.00000759999999999997
"974","ran974.hdr.24",-0.0016942
"974","ran974.hdr.25",0.00000259999999999844
"974","ran974.hdr.26",-0.00182421
"974","ran974.hdr.27",-0.0000985999999999973
"974","ran974.hdr.28",-0.000114100000000002
"974","ran974.hdr.29",-0.002999
"974","ran974.hdr.3",-0.00019184
"974","ran974.hdr.30",-0.0000858199999999995
"974","ran974.hdr.31",0.00018248
"974","ran974.hdr.32",-0.0004121
"974","ran974.hdr.33",0.0004913
"974","ran974.hdr.34",-0.00034293
"974","ran974.hdr.35",-0.000104
"974","ran974.hdr.36",-0.00044142
"974","ran974.hdr.37",-0.0001764
"974","ran974.hdr.38",-0.00033577
"974","ran974.hdr.39",-0.0002664
"974","ran974.hdr.4",-0.0000914000000000002
"974","ran974.hdr.40",-0.000712399999999998
"974","ran974.hdr.41",-0.0010166
"974","ran974.hdr.42",0.000316899999999998
"974","ran974.hdr.43",-0.0003861
"974","ran974.hdr.44",-0.000399060000000001
"974","ran974.hdr.45",-0.000463499999999999
"974","ran974.hdr.46",0.0000239999999999997
"974","ran974.hdr.47",0.00004965
"974","ran974.hdr.48",-0.000306899999999999
"974","ran974.hdr.49",-0.000569900000000002
"974","ran974.hdr.5",-0.0004437
"974","ran974.hdr.50",-0.00019346
"974","ran974.hdr.51",-0.000148800000000001
"974","ran974.hdr.52",-0.000392
"974","ran974.hdr.53",0.00019344
"974","ran974.hdr.54",0.00016459
"974","ran974.hdr.55",0.00029917
"974","ran974.hdr.56",0.00037732
"974","ran974.hdr.57",0.00005185
"974","ran974.hdr.58",-0.000162300000000001
"974","ran974.hdr.59",-0.0011885
"974","ran974.hdr.6",-0.001544
"974","ran974.hdr.60",-0.0011481
"974","ran974.hdr.61",-0.0180869
"974","ran974.hdr.62",-0.0021629
"974","ran974.hdr.63",-0.000557700000000001
"974","ran974.hdr.64",-0.0021686
"974","ran974.hdr.65",-0.0000829000000000003
"974","ran974.hdr.66",-0.0003435
"974","ran974.hdr.67",-0.000681889999999999
"974","ran974.hdr.68",-0.0007215
"974","ran974.hdr.69",-0.000345399999999999
"974","ran974.hdr.7",-0.0000431300000000006
"974","ran974.hdr.70",-0.0002731
"974","ran974.hdr.71",-0.000584000000000001
"974","ran974.hdr.72",-0.000126299999999999
"974","ran974.hdr.73",-0.0021382
"974","ran974.hdr.74",-0.000637200000000001
"974","ran974.hdr.75",-0.0020513
"974","ran974.hdr.76",-0.0032902
"974","ran974.hdr.77",-0.0025593
"974","ran974.hdr.78",-0.000547499999999999
"974","ran974.hdr.8",-0.0000849000000000006
"974","ran974.hdr.9",-0.000175700000000001
"975","ran975.hdr.1",-0.0004633
"975","ran975.hdr.10",0.00037323
"975","ran975.hdr.11",-0.001099
"975","ran975.hdr.12",-0.000393299999999999
"975","ran975.hdr.13",-0.0008879
"975","ran975.hdr.14",-0.0000204900000000002
"975","ran975.hdr.15",-0.000239100000000003
"975","ran975.hdr.16",0.00000960000000000023
"975","ran975.hdr.17",-0.000409099999999999
"975","ran975.hdr.18",-0.0011386
"975","ran975.hdr.19",-0.000824699999999999
"975","ran975.hdr.2",-0.000481700000000002
"975","ran975.hdr.20",-0.00071959
"975","ran975.hdr.21",0.000406419999999999
"975","ran975.hdr.22",NA
"975","ran975.hdr.23",-0.0012188
"975","ran975.hdr.24",-0.0017674
"975","ran975.hdr.25",-0.00035428
"975","ran975.hdr.26",-0.0011619
"975","ran975.hdr.27",-0.000686199999999998
"975","ran975.hdr.28",0.00000603000000000062
"975","ran975.hdr.29",-0.0004364
"975","ran975.hdr.3",-0.000434299999999999
"975","ran975.hdr.30",0.0000328100000000012
"975","ran975.hdr.31",-0.000890400000000001
"975","ran975.hdr.32",-0.0007861
"975","ran975.hdr.33",-0.0001239
"975","ran975.hdr.34",-0.0006546
"975","ran975.hdr.35",0.0005156
"975","ran975.hdr.36",-0.0014853
"975","ran975.hdr.37",-0.00636502
"975","ran975.hdr.38",-0.00198339
"975","ran975.hdr.39",-0.0010452
"975","ran975.hdr.4",-0.0007992
"975","ran975.hdr.40",-0.000411400000000003
"975","ran975.hdr.41",-0.0003333
"975","ran975.hdr.42",-0.0002396
"975","ran975.hdr.43",-0.000831499999999999
"975","ran975.hdr.44",-0.000435399999999999
"975","ran975.hdr.45",-0.001022
"975","ran975.hdr.46",-0.0001543
"975","ran975.hdr.47",-0.000575500000000001
"975","ran975.hdr.48",-0.0003823
"975","ran975.hdr.49",-0.0010777
"975","ran975.hdr.5",-0.003143
"975","ran975.hdr.50",-0.004276
"975","ran975.hdr.51",-0.0010055
"975","ran975.hdr.52",0.00002906
"975","ran975.hdr.53",-0.000034158
"975","ran975.hdr.54",-0.00042634
"975","ran975.hdr.55",-0.000343609999999999
"975","ran975.hdr.56",-0.000773900000000001
"975","ran975.hdr.57",-0.00003125
"975","ran975.hdr.58",-0.0010723
"975","ran975.hdr.59",-0.00021542
"975","ran975.hdr.6",-0.0056035
"975","ran975.hdr.61",-0.0020265
"975","ran975.hdr.62",0.000078700000000001
"975","ran975.hdr.63",-0.0003231
"975","ran975.hdr.64",-0.0016226
"975","ran975.hdr.65",0.0000216000000000001
"975","ran975.hdr.66",-0.0011074
"975","ran975.hdr.67",-0.0010621
"975","ran975.hdr.68",-0.000164500000000001
"975","ran975.hdr.69",-0.000674876
"975","ran975.hdr.7",-0.0078616
"975","ran975.hdr.70",-0.0007504
"975","ran975.hdr.71",0.000337199999999999
"975","ran975.hdr.72",0.00029028
"975","ran975.hdr.73",-0.0000000799999999995249
"975","ran975.hdr.74",-0.00119554
"975","ran975.hdr.75",-0.0007951
"975","ran975.hdr.76",-0.0023484
"975","ran975.hdr.77",0.0000627000000000023
"975","ran975.hdr.78",-0.000399129999999999
"975","ran975.hdr.8",-0.0035262
"975","ran975.hdr.9",-0.000979900000000001
"976","ran976.hdr.1",-0.0004317
"976","ran976.hdr.10",-0.000701999999999999
"976","ran976.hdr.11",-0.000807199999999999
"976","ran976.hdr.12",-0.000198540000000001
"976","ran976.hdr.13",-0.000539240000000002
"976","ran976.hdr.14",0.00000960000000000023
"976","ran976.hdr.15",-0.00047554
"976","ran976.hdr.16",-0.000140400000000001
"976","ran976.hdr.17",-0.00129969
"976","ran976.hdr.18",-0.0006719
"976","ran976.hdr.19",-0.00036797
"976","ran976.hdr.2",-0.0000643999999999992
"976","ran976.hdr.20",0.0010367
"976","ran976.hdr.21",0.0002343
"976","ran976.hdr.22",-0.0005983
"976","ran976.hdr.23",-0.000377489999999999
"976","ran976.hdr.24",-0.00182421
"976","ran976.hdr.25",-0.000288800000000001
"976","ran976.hdr.26",-0.00032336
"976","ran976.hdr.27",0.00023438
"976","ran976.hdr.28",0.00013487
"976","ran976.hdr.29",-0.0010873
"976","ran976.hdr.3",-0.0003254
"976","ran976.hdr.30",-0.000249299999999999
"976","ran976.hdr.31",0.00026201
"976","ran976.hdr.32",-0.00023007
"976","ran976.hdr.33",-0.00024082
"976","ran976.hdr.34",-0.0014853
"976","ran976.hdr.35",-0.0000805300000000005
"976","ran976.hdr.36",-0.0001826
"976","ran976.hdr.37",-0.000831499999999999
"976","ran976.hdr.38",0.0000443000000000006
"976","ran976.hdr.39",-0.0013224
"976","ran976.hdr.4",-0.000704
"976","ran976.hdr.40",-0.00034168
"976","ran976.hdr.41",-0.0013204
"976","ran976.hdr.42",-0.0023505
"976","ran976.hdr.43",-0.0013524
"976","ran976.hdr.44",-0.000145300000000001
"976","ran976.hdr.45",-0.0002167
"976","ran976.hdr.46",-0.000206699999999999
"976","ran976.hdr.47",-0.000982500000000001
"976","ran976.hdr.48",-0.000377499999999999
"976","ran976.hdr.49",0.000197900000000001
"976","ran976.hdr.5",-0.0054872
"976","ran976.hdr.50",0.000121899999999999
"976","ran976.hdr.51",-0.0002851
"976","ran976.hdr.52",-0.00015647
"976","ran976.hdr.53",-0.0070655
"976","ran976.hdr.54",0.0000959300000000001
"976","ran976.hdr.55",-0.0015158
"976","ran976.hdr.56",-0.000218899999999999
"976","ran976.hdr.57",-0.000421599999999999
"976","ran976.hdr.58",-0.0000770000000000007
"976","ran976.hdr.59",-0.0017637
"976","ran976.hdr.6",-0.0030338
"976","ran976.hdr.60",-0.00038507
"976","ran976.hdr.61",-0.000763170000000001
"976","ran976.hdr.62",0.00000142999999999931
"976","ran976.hdr.63",0.000404499999999999
"976","ran976.hdr.64",-0.000808099999999999
"976","ran976.hdr.65",-0.001278
"976","ran976.hdr.66",-0.0035597
"976","ran976.hdr.67",0.0003354
"976","ran976.hdr.68",-0.0023928
"976","ran976.hdr.69",0.000346899999999999
"976","ran976.hdr.7",-0.0013379
"976","ran976.hdr.70",-0.000811299999999999
"976","ran976.hdr.71",-0.0010769
"976","ran976.hdr.72",0.00013489
"976","ran976.hdr.73",-0.000137399999999999
"976","ran976.hdr.74",-0.000239000000000003
"976","ran976.hdr.75",-0.0015886
"976","ran976.hdr.76",-0.0014027
"976","ran976.hdr.77",-0.0017455
"976","ran976.hdr.78",-0.0012143
"976","ran976.hdr.8",-0.0004419
"976","ran976.hdr.9",-0.00058509
"977","ran977.hdr.1",-0.000115250000000001
"977","ran977.hdr.10",-0.0000637999999999993
"977","ran977.hdr.11",-0.00093515
"977","ran977.hdr.12",-0.00038711
"977","ran977.hdr.13",-0.000701999999999999
"977","ran977.hdr.14",-0.000292249999999999
"977","ran977.hdr.15",-0.000721199999999998
"977","ran977.hdr.16",-0.0000444600000000001
"977","ran977.hdr.17",-0.000988359999999999
"977","ran977.hdr.18",0.0000241600000000005
"977","ran977.hdr.19",-0.0000854700000000007
"977","ran977.hdr.2",-0.0012446
"977","ran977.hdr.20",-0.000350699999999999
"977","ran977.hdr.21",-0.000789400000000003
"977","ran977.hdr.22",-0.0001574
"977","ran977.hdr.23",-0.0017312
"977","ran977.hdr.24",-0.0002792
"977","ran977.hdr.25",-0.000810099999999998
"977","ran977.hdr.26",-0.0084394
"977","ran977.hdr.27",-0.00026931
"977","ran977.hdr.28",-0.002522
"977","ran977.hdr.29",-0.00000923999999999999
"977","ran977.hdr.3",0.00012763
"977","ran977.hdr.30",-0.00084943
"977","ran977.hdr.31",-0.00044134
"977","ran977.hdr.32",-0.0000663
"977","ran977.hdr.33",-0.0038148
"977","ran977.hdr.34",-0.001677
"977","ran977.hdr.35",-0.0010093
"977","ran977.hdr.36",0.0003867
"977","ran977.hdr.37",-0.00045297
"977","ran977.hdr.38",-0.000327900000000001
"977","ran977.hdr.39",-0.000472420000000001
"977","ran977.hdr.4",-0.0024878
"977","ran977.hdr.40",-0.0002614
"977","ran977.hdr.41",0.0000239999999999997
"977","ran977.hdr.42",-0.0026491
"977","ran977.hdr.43",-0.0000431900000000002
"977","ran977.hdr.44",0.00003286
"977","ran977.hdr.45",-0.000153199999999999
"977","ran977.hdr.46",0.000279399999999999
"977","ran977.hdr.47",-0.000436799999999998
"977","ran977.hdr.48",-0.000294639999999999
"977","ran977.hdr.49",0.000156099999999999
"977","ran977.hdr.5",-0.0109775
"977","ran977.hdr.50",-0.00041977
"977","ran977.hdr.51",0.000111692
"977","ran977.hdr.52",-0.0019361
"977","ran977.hdr.53",-0.0034143
"977","ran977.hdr.54",0.00016459
"977","ran977.hdr.55",-0.00012336
"977","ran977.hdr.56",-0.00037772
"977","ran977.hdr.57",0.0000692499999999999
"977","ran977.hdr.58",0.00008457
"977","ran977.hdr.59",-0.00050929
"977","ran977.hdr.6",-0.0037447
"977","ran977.hdr.61",-0.000297500000000001
"977","ran977.hdr.62",-0.0000914999999999996
"977","ran977.hdr.63",-0.0004641
"977","ran977.hdr.64",-0.000811599999999999
"977","ran977.hdr.65",-0.0011457
"977","ran977.hdr.66",-0.000546500000000002
"977","ran977.hdr.67",-0.0016226
"977","ran977.hdr.68",-0.000103800000000001
"977","ran977.hdr.69",-0.00029108
"977","ran977.hdr.7",-0.0043666
"977","ran977.hdr.70",-0.0023928
"977","ran977.hdr.71",-0.0024046
"977","ran977.hdr.72",0.00012535
"977","ran977.hdr.73",0.0000233799999999999
"977","ran977.hdr.74",-0.000546100000000001
"977","ran977.hdr.75",-0.0006002
"977","ran977.hdr.76",-0.000265999999999999
"977","ran977.hdr.77",-0.0011354
"977","ran977.hdr.78",-0.00083164
"977","ran977.hdr.8",-0.00337548
"977","ran977.hdr.9",-0.000585499999999999
"978","ran978.hdr.1",0.0001262
"978","ran978.hdr.10",-0.000507480000000001
"978","ran978.hdr.11",-0.000437670000000001
"978","ran978.hdr.12",-0.000414600000000001
"978","ran978.hdr.13",-0.0006642
"978","ran978.hdr.14",-0.0007302
"978","ran978.hdr.15",-0.000189089999999999
"978","ran978.hdr.16",-0.000431160000000002
"978","ran978.hdr.17",-0.00047309
"978","ran978.hdr.18",-0.0002947
"978","ran978.hdr.19",0.0001817
"978","ran978.hdr.2",-0.000203000000000002
"978","ran978.hdr.20",-0.00035428
"978","ran978.hdr.21",-0.000498100000000001
"978","ran978.hdr.22",-0.00010883
"978","ran978.hdr.23",-0.0001443
"978","ran978.hdr.24",-0.000390400000000001
"978","ran978.hdr.25",0.000237020000000001
"978","ran978.hdr.26",-0.000458800000000001
"978","ran978.hdr.27",-0.0006201
"978","ran978.hdr.28",-0.0006158
"978","ran978.hdr.29",-0.0019493
"978","ran978.hdr.3",0.000569999999999999
"978","ran978.hdr.30",-0.00053928
"978","ran978.hdr.31",-0.0011926
"978","ran978.hdr.32",-0.000714700000000002
"978","ran978.hdr.33",-0.000453249999999999
"978","ran978.hdr.34",-0.000218029999999999
"978","ran978.hdr.35",-0.01066571
"978","ran978.hdr.36",-0.0002094
"978","ran978.hdr.37",-0.0015104
"978","ran978.hdr.38",-0.000176700000000002
"978","ran978.hdr.39",-0.0014452
"978","ran978.hdr.4",NA
"978","ran978.hdr.40",-0.000627829999999999
"978","ran978.hdr.41",-0.000944
"978","ran978.hdr.42",0.000182400000000003
"978","ran978.hdr.43",-0.000464300000000001
"978","ran978.hdr.44",-0.0011914
"978","ran978.hdr.45",-0.000230900000000003
"978","ran978.hdr.46",0.0003056
"978","ran978.hdr.47",-0.000246700000000001
"978","ran978.hdr.48",0.000189099999999999
"978","ran978.hdr.49",-0.000334300000000001
"978","ran978.hdr.5",-0.0023565
"978","ran978.hdr.50",0.0000959699999999999
"978","ran978.hdr.51",0.00003232
"978","ran978.hdr.52",-0.000945399999999999
"978","ran978.hdr.53",-0.0135865
"978","ran978.hdr.54",-0.0015158
"978","ran978.hdr.55",-0.0025824
"978","ran978.hdr.56",-0.00045368
"978","ran978.hdr.57",-0.00021542
"978","ran978.hdr.58",-0.0002815
"978","ran978.hdr.59",0.00006295
"978","ran978.hdr.6",-0.00259746
"978","ran978.hdr.60",-0.0004014
"978","ran978.hdr.61",-0.000363600000000002
"978","ran978.hdr.62",-0.0010508
"978","ran978.hdr.63",-0.0004576
"978","ran978.hdr.64",-0.000964599999999999
"978","ran978.hdr.65",-0.0001464
"978","ran978.hdr.66",-0.001971
"978","ran978.hdr.67",-0.0014247
"978","ran978.hdr.68",-0.0003231
"978","ran978.hdr.69",-0.0010749
"978","ran978.hdr.7",-0.0045035
"978","ran978.hdr.70",0.000228300000000001
"978","ran978.hdr.71",-0.000836699999999999
"978","ran978.hdr.72",-0.0008768
"978","ran978.hdr.73",-0.0038792
"978","ran978.hdr.74",-0.0003368
"978","ran978.hdr.75",-0.002875
"978","ran978.hdr.76",-0.000676700000000002
"978","ran978.hdr.77",-0.0006941
"978","ran978.hdr.78",-0.0016978
"978","ran978.hdr.8",-0.000571100000000001
"978","ran978.hdr.9",-0.0000411000000000005
"979","ran979.hdr.1",-0.0026949
"979","ran979.hdr.10",NA
"979","ran979.hdr.11",-0.000681099999999999
"979","ran979.hdr.12",-0.000482460000000001
"979","ran979.hdr.13",-0.0000801099999999996
"979","ran979.hdr.14",-0.000547299999999997
"979","ran979.hdr.15",-0.0001224
"979","ran979.hdr.16",-0.0010596
"979","ran979.hdr.17",-0.000217409999999999
"979","ran979.hdr.18",-0.00029211
"979","ran979.hdr.19",-0.000220930000000001
"979","ran979.hdr.2",-0.000119600000000001
"979","ran979.hdr.20",-0.000187900000000001
"979","ran979.hdr.21",-0.0016769
"979","ran979.hdr.22",-0.000369699999999999
"979","ran979.hdr.23",-0.0005322
"979","ran979.hdr.24",-0.000611500000000001
"979","ran979.hdr.25",-0.000435399999999999
"979","ran979.hdr.26",-0.0003788
"979","ran979.hdr.27",0.00016998
"979","ran979.hdr.28",-0.0000663
"979","ran979.hdr.29",-0.000646900000000001
"979","ran979.hdr.3",-0.01685291
"979","ran979.hdr.30",-0.0076907
"979","ran979.hdr.31",-0.000784
"979","ran979.hdr.32",-0.0013637
"979","ran979.hdr.33",-0.000730600000000001
"979","ran979.hdr.34",0.0000934000000000004
"979","ran979.hdr.35",-0.0003347
"979","ran979.hdr.36",-0.0000392999999999991
"979","ran979.hdr.37",-0.000332000000000001
"979","ran979.hdr.38",-0.000423400000000001
"979","ran979.hdr.39",NA
"979","ran979.hdr.4",-0.0066937
"979","ran979.hdr.40",-0.000307
"979","ran979.hdr.41",-0.000452599999999999
"979","ran979.hdr.42",0.000114
"979","ran979.hdr.43",-0.0012528
"979","ran979.hdr.44",-0.00029094
"979","ran979.hdr.45",-0.00018323
"979","ran979.hdr.46",-0.000209999999999998
"979","ran979.hdr.47",-0.0001373
"979","ran979.hdr.48",-0.0010723
"979","ran979.hdr.49",-0.000395
"979","ran979.hdr.5",-0.0037929
"979","ran979.hdr.50",0.000140899999999999
"979","ran979.hdr.51",0.00026023
"979","ran979.hdr.52",-0.000119059999999999
"979","ran979.hdr.53",0.000447100000000001
"979","ran979.hdr.54",-0.000410299999999999
"979","ran979.hdr.56",-0.000972200000000003
"979","ran979.hdr.57",-0.000455400000000002
"979","ran979.hdr.58",-0.00133806
"979","ran979.hdr.59",-0.0011067
"979","ran979.hdr.6",-0.0000556999999999988
"979","ran979.hdr.60",-0.012746
"979","ran979.hdr.61",-0.0040765
"979","ran979.hdr.62",-0.0001259
"979","ran979.hdr.63",-0.000959399999999999
"979","ran979.hdr.64",-0.000404369999999999
"979","ran979.hdr.65",-0.0011074
"979","ran979.hdr.66",-0.0035597
"979","ran979.hdr.67",0.00013643
"979","ran979.hdr.68",-0.000328449999999999
"979","ran979.hdr.69",0.0000251000000000001
"979","ran979.hdr.7",-0.000422980000000001
"979","ran979.hdr.70",-0.0023812
"979","ran979.hdr.71",-0.000698500000000001
"979","ran979.hdr.72",-0.0001492
"979","ran979.hdr.73",-0.0004414
"979","ran979.hdr.74",-0.000454899999999998
"979","ran979.hdr.75",-0.0012137
"979","ran979.hdr.76",-0.0000459999999999992
"979","ran979.hdr.77",-0.00118788
"979","ran979.hdr.78",-0.0020513
"979","ran979.hdr.8",-0.000480399999999999
"979","ran979.hdr.9",-0.0004419
"980","ran980.hdr.1",0.0000935999999999992
"980","ran980.hdr.10",-0.000507480000000001
"980","ran980.hdr.11",-0.0004828
"980","ran980.hdr.12",-0.000539240000000002
"980","ran980.hdr.13",0.00011339
"980","ran980.hdr.14",-0.0002961
"980","ran980.hdr.15",-0.0010596
"980","ran980.hdr.16",-0.000935750000000001
"980","ran980.hdr.17",-0.001482
"980","ran980.hdr.18",0.000254799999999999
"980","ran980.hdr.19",-0.0000309000000000004
"980","ran980.hdr.2",-0.000272339999999999
"980","ran980.hdr.20",-0.0000730000000000001
"980","ran980.hdr.21",-0.0013108
"980","ran980.hdr.22",0.0001235
"980","ran980.hdr.23",-0.0067609
"980","ran980.hdr.24",0.0000111
"980","ran980.hdr.25",-0.000148799999999999
"980","ran980.hdr.26",-0.00000733999999999978
"980","ran980.hdr.27",-0.000397000000000002
"980","ran980.hdr.28",-0.000541900000000001
"980","ran980.hdr.29",-0.0107692
"980","ran980.hdr.3",-0.0000914000000000002
"980","ran980.hdr.30",-0.0025053
"980","ran980.hdr.31",0.00004498
"980","ran980.hdr.32",-0.0018962
"980","ran980.hdr.33",0.0000742600000000005
"980","ran980.hdr.34",-0.000803359999999999
"980","ran980.hdr.35",0.00001051
"980","ran980.hdr.36",0.0001668
"980","ran980.hdr.37",NA
"980","ran980.hdr.38",-0.000789700000000001
"980","ran980.hdr.39",-0.000202600000000001
"980","ran980.hdr.4",-0.00010781
"980","ran980.hdr.40",-0.0001145
"980","ran980.hdr.41",0.0003076
"980","ran980.hdr.42",-0.0003572
"980","ran980.hdr.43",-0.0039113
"980","ran980.hdr.44",-0.000988299999999998
"980","ran980.hdr.45",-0.000358599999999999
"980","ran980.hdr.46",0.0000116999999999999
"980","ran980.hdr.47",-0.0023048
"980","ran980.hdr.48",-0.000837099999999999
"980","ran980.hdr.49",0.000114200000000002
"980","ran980.hdr.5",-0.000160799999999999
"980","ran980.hdr.50",-0.00038213
"980","ran980.hdr.51",0.0000198999999999998
"980","ran980.hdr.52",-0.0011511
"980","ran980.hdr.53",-0.000568100000000002
"980","ran980.hdr.54",-0.00022893
"980","ran980.hdr.55",0.00017218
"980","ran980.hdr.56",-0.0002217
"980","ran980.hdr.57",-0.0007846
"980","ran980.hdr.58",-0.0000546999999999995
"980","ran980.hdr.59",0.00015665
"980","ran980.hdr.6",0.0000271099999999986
"980","ran980.hdr.60",-0.0007711
"980","ran980.hdr.61",-0.000203699999999999
"980","ran980.hdr.62",-0.000728699999999999
"980","ran980.hdr.63",-0.000746799999999999
"980","ran980.hdr.64",0.000959069999999999
"980","ran980.hdr.65",-0.0000850799999999995
"980","ran980.hdr.66",-0.0011581
"980","ran980.hdr.67",-0.0003058
"980","ran980.hdr.68",-0.00093906
"980","ran980.hdr.69",-0.000386900000000003
"980","ran980.hdr.7",-0.0056027
"980","ran980.hdr.70",-0.000522900000000001
"980","ran980.hdr.71",-0.0003324
"980","ran980.hdr.72",-0.0013232
"980","ran980.hdr.73",0.0002486
"980","ran980.hdr.74",-0.00033557
"980","ran980.hdr.75",-0.0011974
"980","ran980.hdr.76",-0.0008906
"980","ran980.hdr.77",-0.0004975
"980","ran980.hdr.78",-0.00028371
"980","ran980.hdr.8",-0.0034598
"980","ran980.hdr.9",-0.0000411000000000005
"981","ran981.hdr.1",-0.0009493
"981","ran981.hdr.10",-0.000175700000000001
"981","ran981.hdr.11",0.000034167
"981","ran981.hdr.12",-0.000282399999999999
"981","ran981.hdr.13",-0.00030618
"981","ran981.hdr.14",0.00010952
"981","ran981.hdr.15",-0.0001706
"981","ran981.hdr.16",-0.000534900000000001
"981","ran981.hdr.17",-0.0005524
"981","ran981.hdr.18",0.000157600000000001
"981","ran981.hdr.19",-0.0005673
"981","ran981.hdr.2",-0.0024371
"981","ran981.hdr.20",-0.00032312
"981","ran981.hdr.21",-0.0032234
"981","ran981.hdr.22",-0.0007092
"981","ran981.hdr.23",0.000251100000000001
"981","ran981.hdr.24",-0.0001248
"981","ran981.hdr.25",-0.000277900000000001
"981","ran981.hdr.26",-0.0006546
"981","ran981.hdr.27",-0.000258899999999999
"981","ran981.hdr.28",-0.000359799999999999
"981","ran981.hdr.29",-0.00015777
"981","ran981.hdr.3",-0.00131489
"981","ran981.hdr.30",-0.000613500000000001
"981","ran981.hdr.31",-0.0003861
"981","ran981.hdr.32",-0.0001773
"981","ran981.hdr.33",-0.000125399999999999
"981","ran981.hdr.34",-0.00087888
"981","ran981.hdr.35",0.0000239999999999997
"981","ran981.hdr.36",-0.000464300000000001
"981","ran981.hdr.37",0.000527199999999999
"981","ran981.hdr.38",-0.000565699999999999
"981","ran981.hdr.39",-0.00081
"981","ran981.hdr.4",-0.000621999999999998
"981","ran981.hdr.40",-0.00022582
"981","ran981.hdr.41",0.0000169300000000001
"981","ran981.hdr.42",-0.0003967
"981","ran981.hdr.43",-0.0000280999999999997
"981","ran981.hdr.44",-0.0034509
"981","ran981.hdr.45",-0.000034158
"981","ran981.hdr.46",0.000117100000000002
"981","ran981.hdr.47",-0.000299799999999999
"981","ran981.hdr.48",-0.0034143
"981","ran981.hdr.49",-0.00045368
"981","ran981.hdr.5",-0.000573799999999999
"981","ran981.hdr.50",-0.00022893
"981","ran981.hdr.51",0.000032840000000001
"981","ran981.hdr.52",-0.0004014
"981","ran981.hdr.53",-0.0002095
"981","ran981.hdr.54",-0.0007846
"981","ran981.hdr.55",-0.0002869
"981","ran981.hdr.56",0.0000525999999999999
"981","ran981.hdr.57",-0.000293999999999999
"981","ran981.hdr.58",-0.00274956
"981","ran981.hdr.59",-0.00000239999999999962
"981","ran981.hdr.6",0.0000271099999999986
"981","ran981.hdr.60",-0.0016226
"981","ran981.hdr.61",0.000230500000000002
"981","ran981.hdr.62",-0.0001875
"981","ran981.hdr.63",-0.000420499999999999
"981","ran981.hdr.64",-0.0019411
"981","ran981.hdr.65",-0.000949499999999999
"981","ran981.hdr.66",0.000398200000000001
"981","ran981.hdr.67",-0.000819
"981","ran981.hdr.68",-0.000825300000000001
"981","ran981.hdr.69",-0.000720800000000001
"981","ran981.hdr.7",-0.0027773
"981","ran981.hdr.70",-0.0006286
"981","ran981.hdr.71",-0.000630200000000001
"981","ran981.hdr.72",-0.000590700000000003
"981","ran981.hdr.73",-0.00031406
"981","ran981.hdr.74",-0.0027169
"981","ran981.hdr.75",-0.0009444
"981","ran981.hdr.76",-0.0010139
"981","ran981.hdr.77",0.000378
"981","ran981.hdr.78",-0.000733480000000001
"981","ran981.hdr.8",-0.01685291
"981","ran981.hdr.9",-0.000537139999999999
"982","ran982.hdr.1",-0.000739499999999999
"982","ran982.hdr.10",-0.0013379
"982","ran982.hdr.11",-0.000507480000000001
"982","ran982.hdr.12",0.000505750000000001
"982","ran982.hdr.13",-0.00154022
"982","ran982.hdr.14",0.00016704
"982","ran982.hdr.15",-0.000653000000000001
"982","ran982.hdr.16",-0.000291700000000001
"982","ran982.hdr.17",-0.000539240000000002
"982","ran982.hdr.18",-0.00024315
"982","ran982.hdr.19",-0.0004688
"982","ran982.hdr.2",-0.000115250000000001
"982","ran982.hdr.20",-0.000274099999999999
"982","ran982.hdr.21",-0.0001177
"982","ran982.hdr.22",-0.0002947
"982","ran982.hdr.23",-0.0001574
"982","ran982.hdr.24",NA
"982","ran982.hdr.25",-0.001862
"982","ran982.hdr.26",-0.00019801
"982","ran982.hdr.27",0.000511099999999999
"982","ran982.hdr.28",-0.00026931
"982","ran982.hdr.29",-0.0006201
"982","ran982.hdr.3",0.000132
"982","ran982.hdr.30",-0.0025984
"982","ran982.hdr.31",-0.00055601
"982","ran982.hdr.32",-0.0000890999999999999
"982","ran982.hdr.33",-0.000149499999999999
"982","ran982.hdr.34",-0.000292629999999999
"982","ran982.hdr.35",-0.0000202099999999997
"982","ran982.hdr.36",-0.000572599999999999
"982","ran982.hdr.37",-0.0023372
"982","ran982.hdr.38",-0.0000805300000000005
"982","ran982.hdr.39",-0.000531400000000001
"982","ran982.hdr.4",-0.000591300000000003
"982","ran982.hdr.40",-0.0019854
"982","ran982.hdr.41",-0.0004562
"982","ran982.hdr.42",-0.000399060000000001
"982","ran982.hdr.43",-0.00065478
"982","ran982.hdr.44",-0.0022656
"982","ran982.hdr.45",-0.0000280999999999997
"982","ran982.hdr.46",-0.0028342
"982","ran982.hdr.47",-0.000341900000000003
"982","ran982.hdr.48",-0.000576500000000001
"982","ran982.hdr.49",-0.00071791
"982","ran982.hdr.5",-0.000239700000000001
"982","ran982.hdr.50",-0.000392399999999999
"982","ran982.hdr.51",-0.00062953
"982","ran982.hdr.52",-0.0001724
"982","ran982.hdr.53",-0.000643990000000001
"982","ran982.hdr.54",0.0000402499999999995
"982","ran982.hdr.55",0.00005185
"982","ran982.hdr.56",-0.000578199999999999
"982","ran982.hdr.58",-0.0000834000000000008
"982","ran982.hdr.59",0.000212799999999999
"982","ran982.hdr.6",-0.0018301
"982","ran982.hdr.60",-0.0000914999999999996
"982","ran982.hdr.61",-0.0000788000000000004
"982","ran982.hdr.62",-0.000406799999999999
"982","ran982.hdr.63",0.000477
"982","ran982.hdr.64",0.000127700000000001
"982","ran982.hdr.65",0.000285500000000001
"982","ran982.hdr.66",-0.0016847
"982","ran982.hdr.67",-0.000448899999999999
"982","ran982.hdr.68",-0.001641
"982","ran982.hdr.69",-0.0096339
"982","ran982.hdr.7",0.0004727
"982","ran982.hdr.70",0.0000759199999999993
"982","ran982.hdr.71",-0.000855100000000001
"982","ran982.hdr.72",-0.0010769
"982","ran982.hdr.73",-0.000297700000000001
"982","ran982.hdr.74",-0.000580499999999999
"982","ran982.hdr.75",-0.00050556
"982","ran982.hdr.76",-0.0008547
"982","ran982.hdr.77",-0.0015886
"982","ran982.hdr.78",-0.0010537
"982","ran982.hdr.8",-0.000226799999999999
"982","ran982.hdr.9",0.00010741
"983","ran983.hdr.1",-0.0014444
"983","ran983.hdr.10",-0.00042476
"983","ran983.hdr.11",-0.000130499999999999
"983","ran983.hdr.12",0.0000928000000000005
"983","ran983.hdr.13",-0.00041681
"983","ran983.hdr.14",-0.00021777
"983","ran983.hdr.15",-0.00036672
"983","ran983.hdr.16",-0.000348220000000002
"983","ran983.hdr.17",0.000139150000000001
"983","ran983.hdr.18",0.0000885700000000005
"983","ran983.hdr.19",-0.000136260000000001
"983","ran983.hdr.2",0.0003348
"983","ran983.hdr.20",-0.0002951
"983","ran983.hdr.21",-0.0039813
"983","ran983.hdr.22",-0.0003757
"983","ran983.hdr.23",-0.0010563
"983","ran983.hdr.24",-0.0021231
"983","ran983.hdr.25",-0.000726539999999999
"983","ran983.hdr.26",-0.00019286
"983","ran983.hdr.27",0.000640900000000002
"983","ran983.hdr.28",-0.0006201
"983","ran983.hdr.29",-0.00014837
"983","ran983.hdr.3",-0.0016743
"983","ran983.hdr.30",-0.002522
"983","ran983.hdr.31",0.0000853599999999996
"983","ran983.hdr.32",-0.00019075
"983","ran983.hdr.33",0.0000525500000000002
"983","ran983.hdr.34",0.000227499999999999
"983","ran983.hdr.35",0.00039865
"983","ran983.hdr.36",-0.0004562
"983","ran983.hdr.37",-0.000803359999999999
"983","ran983.hdr.38",-0.000171499999999998
"983","ran983.hdr.39",-0.0005801
"983","ran983.hdr.4",-0.0000461999999999997
"983","ran983.hdr.40",0.00020067
"983","ran983.hdr.41",-0.00015807
"983","ran983.hdr.42",0.000206599999999999
"983","ran983.hdr.43",-0.000584600000000001
"983","ran983.hdr.44",-0.0022116
"983","ran983.hdr.45",-0.0026491
"983","ran983.hdr.46",-0.000446100000000001
"983","ran983.hdr.47",-0.00018774
"983","ran983.hdr.48",-0.00042848
"983","ran983.hdr.49",-0.004276
"983","ran983.hdr.5",-0.0025708
"983","ran983.hdr.50",0.0005579
"983","ran983.hdr.51",-0.0015836
"983","ran983.hdr.52",0.000077085
"983","ran983.hdr.53",NA
"983","ran983.hdr.54",0.00028793
"983","ran983.hdr.55",-0.0005042
"983","ran983.hdr.56",-0.000456100000000001
"983","ran983.hdr.57",-0.000652820000000001
"983","ran983.hdr.58",0.00000257936
"983","ran983.hdr.59",-0.0007846
"983","ran983.hdr.6",-0.0031082
"983","ran983.hdr.60",0.000165
"983","ran983.hdr.61",-0.000972200000000003
"983","ran983.hdr.62",0.0000782999999999999
"983","ran983.hdr.63",-0.000907400000000001
"983","ran983.hdr.64",-0.01281643
"983","ran983.hdr.65",-0.0047173
"983","ran983.hdr.66",-0.0016226
"983","ran983.hdr.67",0.0000879000000000001
"983","ran983.hdr.68",-0.0028229
"983","ran983.hdr.69",-0.0012556
"983","ran983.hdr.7",-0.0054452
"983","ran983.hdr.70",-0.000407100000000001
"983","ran983.hdr.71",-0.0009932
"983","ran983.hdr.72",-0.0038792
"983","ran983.hdr.73",-0.000333699999999999
"983","ran983.hdr.74",-0.0005749
"983","ran983.hdr.75",-0.0013547
"983","ran983.hdr.76",-0.000153199999999999
"983","ran983.hdr.77",0.000674599999999999
"983","ran983.hdr.78",-0.0000918999999999989
"983","ran983.hdr.8",-0.0000849000000000006
"983","ran983.hdr.9",-0.00039892
"984","ran984.hdr.1",-0.0009043
"984","ran984.hdr.10",-0.000714099999999999
"984","ran984.hdr.11",-0.000292249999999999
"984","ran984.hdr.12",0.000151200000000001
"984","ran984.hdr.13",-0.00033671
"984","ran984.hdr.14",-0.0005524
"984","ran984.hdr.15",-0.0000622000000000001
"984","ran984.hdr.16",-0.00062684
"984","ran984.hdr.17",0.000847230000000001
"984","ran984.hdr.18",-0.000518899999999999
"984","ran984.hdr.19",-0.000111799999999999
"984","ran984.hdr.2",-0.000892799999999999
"984","ran984.hdr.20",-0.000977599999999999
"984","ran984.hdr.21",-0.0033496
"984","ran984.hdr.22",-0.000149400000000001
"984","ran984.hdr.23",-0.00032068
"984","ran984.hdr.24",-0.0026503
"984","ran984.hdr.25",-0.0012522
"984","ran984.hdr.26",0.0000328100000000012
"984","ran984.hdr.27",-0.0001248
"984","ran984.hdr.28",-0.0007861
"984","ran984.hdr.29",-0.000347700000000001
"984","ran984.hdr.3",-0.000617699999999999
"984","ran984.hdr.30",-0.00022216
"984","ran984.hdr.31",-0.0067609
"984","ran984.hdr.32",0.000431030000000001
"984","ran984.hdr.33",0.0006037
"984","ran984.hdr.34",-0.0011807
"984","ran984.hdr.35",-0.000332000000000001
"984","ran984.hdr.36",-0.001986
"984","ran984.hdr.37",-0.0005789
"984","ran984.hdr.38",-0.000259789999999999
"984","ran984.hdr.39",-0.000643399999999999
"984","ran984.hdr.4",-0.000226799999999999
"984","ran984.hdr.40",-0.0013356
"984","ran984.hdr.41",0.00020773
"984","ran984.hdr.42",-0.0016634
"984","ran984.hdr.43",-0.0020349
"984","ran984.hdr.44",-0.0020892
"984","ran984.hdr.45",-0.0070655
"984","ran984.hdr.46",-0.00111662
"984","ran984.hdr.47",-0.00073559
"984","ran984.hdr.48",-0.000125780000000001
"984","ran984.hdr.49",-0.000217699999999999
"984","ran984.hdr.5",-0.00163709
"984","ran984.hdr.51",-0.0020265
"984","ran984.hdr.52",-0.000162300000000001
"984","ran984.hdr.53",-0.0004576
"984","ran984.hdr.54",-0.0011481
"984","ran984.hdr.55",-0.0022595
"984","ran984.hdr.56",0.000569800000000001
"984","ran984.hdr.57",0.000193599999999999
"984","ran984.hdr.58",0.000275600000000001
"984","ran984.hdr.59",-0.00040548
"984","ran984.hdr.6",-0.0024546
"984","ran984.hdr.60",0.0000612000000000008
"984","ran984.hdr.61",-0.001084
"984","ran984.hdr.62",-0.0016696
"984","ran984.hdr.63",0.000450900000000001
"984","ran984.hdr.64",-0.0016431
"984","ran984.hdr.65",-0.0000222999999999994
"984","ran984.hdr.66",-0.000890599999999998
"984","ran984.hdr.67",0.000151800000000001
"984","ran984.hdr.68",-0.000907699999999997
"984","ran984.hdr.69",-0.000559999999999998
"984","ran984.hdr.7",-0.00025102
"984","ran984.hdr.70",-0.000348569999999999
"984","ran984.hdr.71",-0.000694699999999999
"984","ran984.hdr.72",-0.0004913
"984","ran984.hdr.73",-0.0015886
"984","ran984.hdr.74",-0.0013547
"984","ran984.hdr.75",-0.00233944
"984","ran984.hdr.76",-0.0018985
"984","ran984.hdr.77",-0.0003225
"984","ran984.hdr.78",-0.0016978
"984","ran984.hdr.8",-0.000571100000000001
"984","ran984.hdr.9",0.0000803000000000002
"985","ran985.hdr.1",-0.000142300000000001
"985","ran985.hdr.10",-0.0015953
"985","ran985.hdr.11",-0.0011219
"985","ran985.hdr.12",-0.000204939999999999
"985","ran985.hdr.13",-0.0008164
"985","ran985.hdr.14",0.0001659
"985","ran985.hdr.15",-0.000727600000000002
"985","ran985.hdr.16",-0.002734
"985","ran985.hdr.17",-0.000506100000000002
"985","ran985.hdr.18",-0.001862
"985","ran985.hdr.19",-0.0015342
"985","ran985.hdr.2",-0.00022517
"985","ran985.hdr.20",-0.000598599999999998
"985","ran985.hdr.21",-0.0014492
"985","ran985.hdr.22",-0.00000579400000000005
"985","ran985.hdr.23",-0.00000939999999999969
"985","ran985.hdr.24",-0.00043048
"985","ran985.hdr.25",-0.0000786399999999996
"985","ran985.hdr.26",0.000450600000000001
"985","ran985.hdr.27",-0.00019075
"985","ran985.hdr.28",-0.00060842
"985","ran985.hdr.29",-0.00081971
"985","ran985.hdr.3",0.000555399999999998
"985","ran985.hdr.30",-0.000292799999999999
"985","ran985.hdr.31",-0.0000342859999999999
"985","ran985.hdr.32",-0.0022818
"985","ran985.hdr.33",-0.00198339
"985","ran985.hdr.34",-0.00042055
"985","ran985.hdr.35",-0.00620406
"985","ran985.hdr.36",-0.000392100000000003
"985","ran985.hdr.37",-0.000287379999999999
"985","ran985.hdr.38",-0.00012828
"985","ran985.hdr.39",-0.00015038
"985","ran985.hdr.4",0.0004017
"985","ran985.hdr.40",-0.000332000000000001
"985","ran985.hdr.41",-0.00048092
"985","ran985.hdr.42",0.000237399999999999
"985","ran985.hdr.43",-0.000583800000000001
"985","ran985.hdr.44",-0.0026491
"985","ran985.hdr.45",-0.00018774
"985","ran985.hdr.46",-0.0011914
"985","ran985.hdr.47",-0.001739
"985","ran985.hdr.48",-0.000107803
"985","ran985.hdr.49",-0.000514700000000002
"985","ran985.hdr.5",-0.00012473
"985","ran985.hdr.50",-0.0010009
"985","ran985.hdr.51",-0.000693600000000001
"985","ran985.hdr.52",-0.0005222
"985","ran985.hdr.53",-0.000129839
"985","ran985.hdr.54",-0.0023048
"985","ran985.hdr.55",-0.0000330999999999994
"985","ran985.hdr.56",-0.0000397599999999998
"985","ran985.hdr.57",-0.0016606
"985","ran985.hdr.58",-0.000434999999999998
"985","ran985.hdr.59",-0.00002249
"985","ran985.hdr.6",-0.0002056
"985","ran985.hdr.60",-0.00000909999999999995
"985","ran985.hdr.61",-0.000119059999999999
"985","ran985.hdr.66",0.00006119
"985","ran985.hdr.67",-0.000064100000000001
"985","ran985.hdr.68",-0.011466
"985","ran985.hdr.69",0.00000670600000000001
"985","ran985.hdr.7",-0.000583300000000002
"985","ran985.hdr.70",-0.0003461
"985","ran985.hdr.71",-0.0107924
"985","ran985.hdr.72",-0.00574057
"985","ran985.hdr.73",-0.0003709
"985","ran985.hdr.74",-0.0013204
"985","ran985.hdr.75",-0.0010828
"985","ran985.hdr.76",-0.000328200000000001
"985","ran985.hdr.77",0.0002769
"985","ran985.hdr.78",-0.0010666
"985","ran985.hdr.8",-0.0003134
"985","ran985.hdr.9",-0.000602800000000001
"986","ran986.hdr.1",-0.0003459
"986","ran986.hdr.10",-0.0007343
"986","ran986.hdr.11",0.00036384
"986","ran986.hdr.12",-0.000198540000000001
"986","ran986.hdr.13",-0.0003742
"986","ran986.hdr.14",-0.0032234
"986","ran986.hdr.15",-0.00034688
"986","ran986.hdr.16",-0.002734
"986","ran986.hdr.17",-0.000769800000000001
"986","ran986.hdr.18",-0.0005906
"986","ran986.hdr.19",-0.00032336
"986","ran986.hdr.2",-0.000908900000000001
"986","ran986.hdr.20",-0.0001654
"986","ran986.hdr.21",-0.000163968
"986","ran986.hdr.22",-0.000890400000000001
"986","ran986.hdr.23",-0.00291982
"986","ran986.hdr.24",-0.000287099999999998
"986","ran986.hdr.25",0.0002477
"986","ran986.hdr.26",-0.0010093
"986","ran986.hdr.27",-0.0000245000000000002
"986","ran986.hdr.28",-0.000295699999999999
"986","ran986.hdr.29",-0.000883700000000001
"986","ran986.hdr.3",0.00002592
"986","ran986.hdr.30",-0.000281700000000001
"986","ran986.hdr.31",-0.0000747000000000005
"986","ran986.hdr.32",-0.000687
"986","ran986.hdr.33",-0.0003076
"986","ran986.hdr.34",-0.0009237
"986","ran986.hdr.35",-0.000973700000000001
"986","ran986.hdr.36",-0.0000446000000000005
"986","ran986.hdr.37",-0.0000280999999999997
"986","ran986.hdr.38",-0.000507800000000001
"986","ran986.hdr.39",-0.000258099999999999
"986","ran986.hdr.4",-0.000184100000000001
"986","ran986.hdr.40",0.000447400000000001
"986","ran986.hdr.41",-0.000034158
"986","ran986.hdr.42",-0.0000330999999999994
"986","ran986.hdr.43",-0.0000118100000000001
"986","ran986.hdr.44",-0.0015158
"986","ran986.hdr.45",-0.0025824
"986","ran986.hdr.46",-0.00188647
"986","ran986.hdr.47",-0.0000134699999999998
"986","ran986.hdr.48",-0.00013051
"986","ran986.hdr.49",-0.000652820000000001
"986","ran986.hdr.5",-0.0052846
"986","ran986.hdr.50",-0.0003331
"986","ran986.hdr.51",0.00006295
"986","ran986.hdr.52",-0.0040008
"986","ran986.hdr.53",-0.0000928000000000005
"986","ran986.hdr.56",-0.0004014
"986","ran986.hdr.57",0.000090208
"986","ran986.hdr.58",-0.000137030000000001
"986","ran986.hdr.59",0.0000893000000000005
"986","ran986.hdr.6",-0.0021596
"986","ran986.hdr.60",-0.000268299999999999
"986","ran986.hdr.61",-0.0001548
"986","ran986.hdr.62",-0.0011402
"986","ran986.hdr.63",-0.00040548
"986","ran986.hdr.64",-0.0013204
"986","ran986.hdr.65",-0.0010327
"986","ran986.hdr.66",-0.0037006
"986","ran986.hdr.67",-0.0014372
"986","ran986.hdr.68",-0.000134699999999998
"986","ran986.hdr.69",-0.0001271
"986","ran986.hdr.7",-0.0039147
"986","ran986.hdr.70",-0.0018724
"986","ran986.hdr.71",-0.000427900000000002
"986","ran986.hdr.72",-0.000276999999999999
"986","ran986.hdr.73",0.000299700000000002
"986","ran986.hdr.74",-0.0002862
"986","ran986.hdr.75",-0.000220500000000002
"986","ran986.hdr.76",-0.0018985
"986","ran986.hdr.77",-0.0026397
"986","ran986.hdr.78",-0.0000965999999999988
"986","ran986.hdr.8",-0.0000149
"986","ran986.hdr.9",-0.0003795
"987","ran987.hdr.1",-0.0002744
"987","ran987.hdr.10",-0.000979900000000001
"987","ran987.hdr.11",0.0000184
"987","ran987.hdr.12",-0.00021846
"987","ran987.hdr.13",0.00000960000000000023
"987","ran987.hdr.14",-0.00012599
"987","ran987.hdr.15",-0.000207199999999999
"987","ran987.hdr.16",-0.00037651
"987","ran987.hdr.17",-0.0004688
"987","ran987.hdr.18",-0.000274099999999999
"987","ran987.hdr.19",-0.000416400000000001
"987","ran987.hdr.2",-0.0003622
"987","ran987.hdr.20",-0.000113727
"987","ran987.hdr.21",-0.00056526
"987","ran987.hdr.22",-0.00049628
"987","ran987.hdr.23",-0.000287399999999998
"987","ran987.hdr.24",-0.000919
"987","ran987.hdr.25",0.00011082
"987","ran987.hdr.26",-0.002734
"987","ran987.hdr.27",-0.000769800000000001
"987","ran987.hdr.28",-0.000682600000000002
"987","ran987.hdr.29",0.00000603000000000062
"987","ran987.hdr.3",0.0000686370000000001
"987","ran987.hdr.30",-0.0002137
"987","ran987.hdr.31",-0.00033013
"987","ran987.hdr.32",-0.0013929
"987","ran987.hdr.33",0.00000750000000000056
"987","ran987.hdr.34",-0.000962000000000001
"987","ran987.hdr.35",-0.0049962
"987","ran987.hdr.36",-0.000091800000000003
"987","ran987.hdr.37",0.000202000000000001
"987","ran987.hdr.38",-0.000468900000000001
"987","ran987.hdr.39",-0.000487100000000001
"987","ran987.hdr.4",-0.000870900000000001
"987","ran987.hdr.40",-0.00019652
"987","ran987.hdr.41",0.000022900000000001
"987","ran987.hdr.42",-0.0008168
"987","ran987.hdr.43",-0.0015749
"987","ran987.hdr.44",-0.000105999999999999
"987","ran987.hdr.45",0.0001554
"987","ran987.hdr.46",-0.00018774
"987","ran987.hdr.47",-0.0025436
"987","ran987.hdr.48",-0.0007499
"987","ran987.hdr.49",-0.000569900000000002
"987","ran987.hdr.5",-0.0004513
"987","ran987.hdr.50",0.00003286
"987","ran987.hdr.51",0.000131700000000002
"987","ran987.hdr.52",0.000827399999999999
"987","ran987.hdr.53",-0.000436799999999998
"987","ran987.hdr.54",-0.000325299999999997
"987","ran987.hdr.55",-0.00017032
"987","ran987.hdr.56",-0.000473700000000001
"987","ran987.hdr.57",-0.0010598
"987","ran987.hdr.58",0.000215399
"987","ran987.hdr.59",-0.0010037
"987","ran987.hdr.6",-0.002469
"987","ran987.hdr.60",-0.00047522
"987","ran987.hdr.61",-0.0000202999999999991
"987","ran987.hdr.62",-0.0003339
"987","ran987.hdr.63",-0.000400399999999999
"987","ran987.hdr.64",-0.0019575
"987","ran987.hdr.65",-0.0007402
"987","ran987.hdr.66",-0.00017847
"987","ran987.hdr.67",-0.0014755
"987","ran987.hdr.68",0.0001554
"987","ran987.hdr.69",-0.0010749
"987","ran987.hdr.7",0.000317900000000001
"987","ran987.hdr.70",-0.000727199999999997
"987","ran987.hdr.71",-0.0012643
"987","ran987.hdr.72",-0.0068051
"987","ran987.hdr.73",-0.0009932
"987","ran987.hdr.74",-0.00010683
"987","ran987.hdr.75",-0.0002237
"987","ran987.hdr.76",-0.001624
"987","ran987.hdr.77",-0.000348569999999999
"987","ran987.hdr.78",-0.0013721
"987","ran987.hdr.8",-0.0030338
"987","ran987.hdr.9",-0.0013379
"988","ran988.hdr.1",-0.000451700000000001
"988","ran988.hdr.10",-0.000229759999999999
"988","ran988.hdr.11",-0.0000212100000000007
"988","ran988.hdr.12",-0.000223299999999999
"988","ran988.hdr.13",0.000140100000000001
"988","ran988.hdr.14",0.0000170000000000014
"988","ran988.hdr.15",0.00014485
"988","ran988.hdr.16",0.00017773
"988","ran988.hdr.17",-0.000413510000000001
"988","ran988.hdr.18",-0.001162
"988","ran988.hdr.19",-0.000713499999999999
"988","ran988.hdr.2",0.0003386
"988","ran988.hdr.20",-0.0000854700000000007
"988","ran988.hdr.21",-0.000911199999999997
"988","ran988.hdr.22",-0.0018782
"988","ran988.hdr.23",-0.00014701
"988","ran988.hdr.24",-0.000377500000000001
"988","ran988.hdr.25",-0.0011853
"988","ran988.hdr.26",-0.0005666
"988","ran988.hdr.27",-0.00031687
"988","ran988.hdr.28",-0.000551599999999999
"988","ran988.hdr.29",-0.0010804
"988","ran988.hdr.3",-0.0000461999999999997
"988","ran988.hdr.30",-0.002999
"988","ran988.hdr.31",0.00030473
"988","ran988.hdr.32",-0.00029017
"988","ran988.hdr.33",0.00015824
"988","ran988.hdr.34",-0.001167
"988","ran988.hdr.35",-0.000243760000000001
"988","ran988.hdr.36",-0.0005877
"988","ran988.hdr.37",-0.00038817
"988","ran988.hdr.38",-0.000284
"988","ran988.hdr.39",-0.0017763
"988","ran988.hdr.4",-0.00124593
"988","ran988.hdr.40",0.000159400000000001
"988","ran988.hdr.41",-0.000104399999999999
"988","ran988.hdr.42",-0.0005059
"988","ran988.hdr.43",-0.000944
"988","ran988.hdr.44",-0.000412399999999999
"988","ran988.hdr.45",-0.000464300000000001
"988","ran988.hdr.46",-0.0008585
"988","ran988.hdr.47",-0.0000571000000000009
"988","ran988.hdr.48",-0.0015836
"988","ran988.hdr.49",-0.000879130000000001
"988","ran988.hdr.5",-0.00449763
"988","ran988.hdr.50",-0.000162499999999999
"988","ran988.hdr.51",-0.0013068
"988","ran988.hdr.52",-0.0000584000000000001
"988","ran988.hdr.53",-0.00003125
"988","ran988.hdr.54",-0.00025195
"988","ran988.hdr.55",-0.0003833
"988","ran988.hdr.57",-0.000639499999999998
"988","ran988.hdr.58",-0.000604200000000001
"988","ran988.hdr.59",-0.000143020000000001
"988","ran988.hdr.6",-0.002115
"988","ran988.hdr.60",-0.0053595
"988","ran988.hdr.61",-0.0001464
"988","ran988.hdr.62",-0.0011402
"988","ran988.hdr.63",-0.00019203
"988","ran988.hdr.64",-0.00000239999999999962
"988","ran988.hdr.65",-0.000338700000000001
"988","ran988.hdr.66",-0.000112299999999999
"988","ran988.hdr.67",-0.0000461999999999997
"988","ran988.hdr.68",-0.0038792
"988","ran988.hdr.69",-0.000642299999999998
"988","ran988.hdr.7",-0.0007992
"988","ran988.hdr.70",-0.0015308
"988","ran988.hdr.71",-0.0011974
"988","ran988.hdr.72",-0.000578
"988","ran988.hdr.73",-0.0023484
"988","ran988.hdr.74",-0.0002085
"988","ran988.hdr.75",-0.0032639
"988","ran988.hdr.76",-0.0015057
"988","ran988.hdr.77",-0.0025593
"988","ran988.hdr.78",-0.000802599999999999
"988","ran988.hdr.8",-0.0039147
"988","ran988.hdr.9",-0.000461899999999998
"989","ran989.hdr.1",-0.00000992000000000007
"989","ran989.hdr.10",0.000113579999999999
"989","ran989.hdr.11",-0.0000844999999999995
"989","ran989.hdr.12",-0.00029445
"989","ran989.hdr.13",-0.000262800000000001
"989","ran989.hdr.14",-0.00037709
"989","ran989.hdr.15",-0.00008435
"989","ran989.hdr.16",-0.00023074
"989","ran989.hdr.17",-0.00034688
"989","ran989.hdr.18",-0.0010439
"989","ran989.hdr.19",-0.00252268
"989","ran989.hdr.2",-0.0013435
"989","ran989.hdr.20",-0.0012838
"989","ran989.hdr.21",-0.000673300000000002
"989","ran989.hdr.22",-0.002999
"989","ran989.hdr.23",-0.000429799999999999
"989","ran989.hdr.24",-0.00055319
"989","ran989.hdr.25",-0.00029554
"989","ran989.hdr.26",-0.000104
"989","ran989.hdr.27",-0.00018809
"989","ran989.hdr.28",-0.000341280000000001
"989","ran989.hdr.29",-0.000453249999999999
"989","ran989.hdr.3",0.000192080000000001
"989","ran989.hdr.30",-0.000365900000000001
"989","ran989.hdr.31",-0.000119399999999999
"989","ran989.hdr.32",0.0009695
"989","ran989.hdr.33",-0.0000286000000000002
"989","ran989.hdr.34",-0.0005269
"989","ran989.hdr.35",-0.0012954
"989","ran989.hdr.36",-0.0002094
"989","ran989.hdr.37",-0.000638400000000001
"989","ran989.hdr.38",-0.000145300000000001
"989","ran989.hdr.39",-0.000291899999999999
"989","ran989.hdr.4",-0.000160799999999999
"989","ran989.hdr.40",-0.0011563
"989","ran989.hdr.41",-0.000757600000000001
"989","ran989.hdr.42",-0.0008558
"989","ran989.hdr.43",-0.0003459
"989","ran989.hdr.44",-0.0000823899999999999
"989","ran989.hdr.45",0.00021511
"989","ran989.hdr.46",-0.000435700000000001
"989","ran989.hdr.47",-0.002475
"989","ran989.hdr.48",-0.0012793
"989","ran989.hdr.49",-0.0004037
"989","ran989.hdr.5",-0.000831800000000001
"989","ran989.hdr.50",-0.000643990000000001
"989","ran989.hdr.51",0.0003412
"989","ran989.hdr.52",0.000114
"989","ran989.hdr.53",0.000139
"989","ran989.hdr.54",-0.0004198
"989","ran989.hdr.55",-0.00035154
"989","ran989.hdr.56",-0.000787200000000002
"989","ran989.hdr.59",-0.0020265
"989","ran989.hdr.6",-0.000583300000000002
"989","ran989.hdr.60",-0.000363600000000002
"989","ran989.hdr.61",-0.00095777
"989","ran989.hdr.62",0.000320299999999999
"989","ran989.hdr.63",-0.0010347
"989","ran989.hdr.64",-0.001971
"989","ran989.hdr.65",-0.00104738
"989","ran989.hdr.66",-0.0010749
"989","ran989.hdr.67",-0.0010688
"989","ran989.hdr.68",-0.00039478
"989","ran989.hdr.69",-0.0003557
"989","ran989.hdr.7",-0.0045035
"989","ran989.hdr.70",-0.0011431
"989","ran989.hdr.71",-0.0004049
"989","ran989.hdr.72",-0.0014327
"989","ran989.hdr.73",-0.0016673
"989","ran989.hdr.74",-0.0005535
"989","ran989.hdr.75",-0.0032753
"989","ran989.hdr.76",-0.000692410000000001
"989","ran989.hdr.77",-0.000498099999999998
"989","ran989.hdr.78",-0.000318599999999999
"989","ran989.hdr.8",-0.00032649
"989","ran989.hdr.9",-0.00037472
"990","ran990.hdr.1",-0.000739499999999999
"990","ran990.hdr.10",-0.0006677
"990","ran990.hdr.11",-0.000250199999999999
"990","ran990.hdr.12",-0.000146299999999999
"990","ran990.hdr.13",-0.000713499999999999
"990","ran990.hdr.14",-0.0011143
"990","ran990.hdr.15",-0.000935750000000001
"990","ran990.hdr.16",-0.00030432
"990","ran990.hdr.17",0.000494990000000001
"990","ran990.hdr.18",-0.000130699999999999
"990","ran990.hdr.19",-0.0017655
"990","ran990.hdr.2",0.0000496999999999997
"990","ran990.hdr.20",-0.000397499999999999
"990","ran990.hdr.21",-0.000611500000000001
"990","ran990.hdr.22",-0.000230500000000002
"990","ran990.hdr.23",-0.0025867
"990","ran990.hdr.24",-0.0024928
"990","ran990.hdr.25",-0.00019801
"990","ran990.hdr.26",-0.0000786399999999996
"990","ran990.hdr.27",-0.000148799999999999
"990","ran990.hdr.28",-0.00060842
"990","ran990.hdr.29",0.0000134599999999999
"990","ran990.hdr.3",-0.000637099999999998
"990","ran990.hdr.30",-0.00016025
"990","ran990.hdr.31",0.000505200000000001
"990","ran990.hdr.32",-0.0031592
"990","ran990.hdr.33",-0.0000865999999999992
"990","ran990.hdr.34",-0.0013637
"990","ran990.hdr.35",-0.000295699999999999
"990","ran990.hdr.36",-0.000768999999999999
"990","ran990.hdr.37",-0.0013695
"990","ran990.hdr.38",-0.000399060000000001
"990","ran990.hdr.39",0.0003908
"990","ran990.hdr.4",-0.000290820000000001
"990","ran990.hdr.40",-0.0012186
"990","ran990.hdr.41",-0.0014594
"990","ran990.hdr.42",-0.0008214
"990","ran990.hdr.43",-0.0012106
"990","ran990.hdr.44",0.000217800000000001
"990","ran990.hdr.45",-0.0016134
"990","ran990.hdr.46",-0.000720200000000001
"990","ran990.hdr.47",-0.000733699999999999
"990","ran990.hdr.48",-0.0016596
"990","ran990.hdr.49",-0.0000261999999999971
"990","ran990.hdr.5",-0.0026296
"990","ran990.hdr.50",0.000703500000000003
"990","ran990.hdr.51",-0.0017799
"990","ran990.hdr.52",-0.00119342
"990","ran990.hdr.53",-0.000435700000000001
"990","ran990.hdr.54",-0.0011044
"990","ran990.hdr.55",0.000162199999999999
"990","ran990.hdr.57",-0.00023275
"990","ran990.hdr.58",-0.0010605
"990","ran990.hdr.59",-0.0011067
"990","ran990.hdr.6",-0.0039015
"990","ran990.hdr.60",0.000964400000000001
"990","ran990.hdr.61",-0.000485049999999999
"990","ran990.hdr.62",-0.0035597
"990","ran990.hdr.63",-0.00045068
"990","ran990.hdr.64",-0.0010849
"990","ran990.hdr.65",0.0000888
"990","ran990.hdr.66",-0.0019411
"990","ran990.hdr.67",-0.0000835999999999996
"990","ran990.hdr.68",0.0003344
"990","ran990.hdr.69",-0.0015308
"990","ran990.hdr.7",-0.0044797
"990","ran990.hdr.70",-0.000302699999999999
"990","ran990.hdr.71",-0.0012827
"990","ran990.hdr.72",-0.0014673
"990","ran990.hdr.73",-0.0016949
"990","ran990.hdr.74",0.0004779
"990","ran990.hdr.75",-0.000584000000000001
"990","ran990.hdr.76",0.000682199999999999
"990","ran990.hdr.77",-0.000214600000000001
"990","ran990.hdr.78",-0.000289600000000001
"990","ran990.hdr.8",-0.000236699999999999
"990","ran990.hdr.9",-0.000446700000000001
"991","ran991.hdr.1",-0.00020446
"991","ran991.hdr.10",0.000304829999999999
"991","ran991.hdr.11",-0.000405638
"991","ran991.hdr.12",-0.000508749999999999
"991","ran991.hdr.13",-0.0005371
"991","ran991.hdr.14",-0.000416400000000001
"991","ran991.hdr.15",-0.0010992
"991","ran991.hdr.16",-0.0004066
"991","ran991.hdr.17",0.000540799999999999
"991","ran991.hdr.18",-0.0004586
"991","ran991.hdr.19",-0.0000387000000000009
"991","ran991.hdr.2",-0.00010092
"991","ran991.hdr.20",-0.0013259
"991","ran991.hdr.21",-0.0001083
"991","ran991.hdr.22",-0.000110999999999999
"991","ran991.hdr.23",-0.0002906
"991","ran991.hdr.24",-0.000204100000000002
"991","ran991.hdr.25",-0.0026503
"991","ran991.hdr.26",-0.0013829
"991","ran991.hdr.27",-0.000385699999999999
"991","ran991.hdr.28",0.0001235
"991","ran991.hdr.29",-0.0019493
"991","ran991.hdr.3",-0.000203000000000002
"991","ran991.hdr.30",-0.00037474
"991","ran991.hdr.31",-0.00033577
"991","ran991.hdr.32",-0.0011074
"991","ran991.hdr.33",-0.000488699999999998
"991","ran991.hdr.34",-0.000831499999999999
"991","ran991.hdr.35",-0.0034946
"991","ran991.hdr.36",0.000033677
"991","ran991.hdr.37",0.000141799999999999
"991","ran991.hdr.38",-0.0007461
"991","ran991.hdr.39",-0.000041641
"991","ran991.hdr.4",-0.000214900000000001
"991","ran991.hdr.40",-0.000352100000000001
"991","ran991.hdr.41",-0.002021
"991","ran991.hdr.42",-0.0000146
"991","ran991.hdr.43",-0.000583800000000001
"991","ran991.hdr.44",0.000162800000000001
"991","ran991.hdr.45",-0.0012106
"991","ran991.hdr.46",-0.0016634
"991","ran991.hdr.47",-0.000267
"991","ran991.hdr.48",0.00042818
"991","ran991.hdr.49",-0.000207300000000001
"991","ran991.hdr.5",-0.000621999999999998
"991","ran991.hdr.50",-0.000837099999999999
"991","ran991.hdr.51",-0.00106779999999999
"991","ran991.hdr.52",-0.000000799999999999586
"991","ran991.hdr.53",-0.0010723
"991","ran991.hdr.54",-0.000395
"991","ran991.hdr.55",0.000139
"991","ran991.hdr.56",-0.000118309
"991","ran991.hdr.6",-0.000831800000000001
"991","ran991.hdr.60",-0.00023275
"991","ran991.hdr.61",-0.0015112
"991","ran991.hdr.62",0.000107299999999999
"991","ran991.hdr.63",0.0000932000000000016
"991","ran991.hdr.64",0.00000550000000000203
"991","ran991.hdr.65",-0.0010234
"991","ran991.hdr.66",-0.00018396
"991","ran991.hdr.67",0.0000194084
"991","ran991.hdr.68",-0.000604199999999999
"991","ran991.hdr.69",-0.000474
"991","ran991.hdr.7",-0.0031124
"991","ran991.hdr.70",-0.0037006
"991","ran991.hdr.71",-0.000768900000000003
"991","ran991.hdr.72",-0.0004732
"991","ran991.hdr.73",-0.000228699999999998
"991","ran991.hdr.74",0.00060482
"991","ran991.hdr.75",-0.0002688
"991","ran991.hdr.76",-0.0023484
"991","ran991.hdr.77",-0.0003604
"991","ran991.hdr.78",-0.000289600000000001
"991","ran991.hdr.8",-0.0051096
"991","ran991.hdr.9",0.00011099
"992","ran992.hdr.1",-0.00131489
"992","ran992.hdr.10",-0.000539240000000002
"992","ran992.hdr.11",-0.0015955
"992","ran992.hdr.12",-0.0004673
"992","ran992.hdr.13",-0.0010992
"992","ran992.hdr.14",-0.00010295
"992","ran992.hdr.15",-0.000919
"992","ran992.hdr.16",NA
"992","ran992.hdr.17",-0.00182421
"992","ran992.hdr.18",-0.000174299999999999
"992","ran992.hdr.19",0.0000786999999999993
"992","ran992.hdr.2",0.000412699999999998
"992","ran992.hdr.20",-0.000825099999999999
"992","ran992.hdr.21",-0.0008389
"992","ran992.hdr.22",-0.000311800000000001
"992","ran992.hdr.23",-0.0011296
"992","ran992.hdr.24",-0.00014837
"992","ran992.hdr.25",-0.0010791
"992","ran992.hdr.26",-0.0023487
"992","ran992.hdr.27",-0.0006091
"992","ran992.hdr.28",-0.00020333
"992","ran992.hdr.29",-0.000281700000000001
"992","ran992.hdr.3",-0.000063007
"992","ran992.hdr.30",-0.000803359999999999
"992","ran992.hdr.31",0.00010494
"992","ran992.hdr.32",-0.0000899999999999998
"992","ran992.hdr.33",0.00024657
"992","ran992.hdr.34",0.0002117
"992","ran992.hdr.35",0.000528010000000001
"992","ran992.hdr.36",0.000881100000000001
"992","ran992.hdr.37",-0.0013524
"992","ran992.hdr.38",0.000237399999999999
"992","ran992.hdr.39",-0.0022116
"992","ran992.hdr.4",-0.00063128
"992","ran992.hdr.40",-0.000446100000000001
"992","ran992.hdr.41",0.000175599999999998
"992","ran992.hdr.42",-0.0002267
"992","ran992.hdr.43",-0.000688599999999999
"992","ran992.hdr.44",-0.0028342
"992","ran992.hdr.45",-0.000181799999999999
"992","ran992.hdr.46",0.0000833999999999991
"992","ran992.hdr.47",-0.00000839599999999998
"992","ran992.hdr.48",0.00030373
"992","ran992.hdr.49",0.000111692
"992","ran992.hdr.5",0.0000578000000000002
"992","ran992.hdr.50",-0.0112283
"992","ran992.hdr.51",-0.000971
"992","ran992.hdr.52",-0.000270000000000001
"992","ran992.hdr.53",-0.000643990000000001
"992","ran992.hdr.54",-0.0005736
"992","ran992.hdr.55",0.00023016
"992","ran992.hdr.56",-0.0008126
"992","ran992.hdr.57",-0.00194603
"992","ran992.hdr.58",-0.00019203
"992","ran992.hdr.59",-0.00274956
"992","ran992.hdr.6",NA
"992","ran992.hdr.60",0.000607400000000001
"992","ran992.hdr.61",0.000127700000000001
"992","ran992.hdr.62",0.0000171200000000002
"992","ran992.hdr.63",-0.0005504
"992","ran992.hdr.64",-0.0000650900000000003
"992","ran992.hdr.65",0.000246699999999999
"992","ran992.hdr.66",-0.000836699999999999
"992","ran992.hdr.67",-0.000822699999999999
"992","ran992.hdr.68",-0.0011658
"992","ran992.hdr.69",-0.0012556
"992","ran992.hdr.7",-0.0000151700000000001
"992","ran992.hdr.70",-0.00124621
"992","ran992.hdr.71",-0.000282660000000001
"992","ran992.hdr.72",-0.0015308
"992","ran992.hdr.73",-0.000427900000000002
"992","ran992.hdr.74",-0.000348569999999999
"992","ran992.hdr.75",-0.0000420000000000004
"992","ran992.hdr.76",-0.0014673
"992","ran992.hdr.77",-0.0032753
"992","ran992.hdr.78",-0.000908300000000001
"992","ran992.hdr.8",-0.0010879
"992","ran992.hdr.9",-0.000198540000000001
"993","ran993.hdr.1",-0.0014785
"993","ran993.hdr.10",-0.0021526
"993","ran993.hdr.11",-0.00163709
"993","ran993.hdr.12",-0.00018871
"993","ran993.hdr.13",-0.0037929
"993","ran993.hdr.14",-0.0000821799999999998
"993","ran993.hdr.15",-0.0006119
"993","ran993.hdr.16",-0.00036891
"993","ran993.hdr.17",-0.000032131
"993","ran993.hdr.18",-0.000681099999999999
"993","ran993.hdr.19",-0.0010992
"993","ran993.hdr.2",-0.000103800000000001
"993","ran993.hdr.20",-0.0000923199999999999
"993","ran993.hdr.21",0.0001045
"993","ran993.hdr.22",-0.0009639
"993","ran993.hdr.23",-0.00252268
"993","ran993.hdr.24",-0.0013829
"993","ran993.hdr.25",-0.000108899999999999
"993","ran993.hdr.26",-0.00047553
"993","ran993.hdr.27",-0.0004084
"993","ran993.hdr.28",-0.000777200000000002
"993","ran993.hdr.29",-0.0023193
"993","ran993.hdr.3",-0.0022515
"993","ran993.hdr.30",-0.000382
"993","ran993.hdr.31",-0.00023093
"993","ran993.hdr.32",-0.001142
"993","ran993.hdr.33",-0.00046567
"993","ran993.hdr.34",-0.000687
"993","ran993.hdr.35",-0.0008168
"993","ran993.hdr.36",-0.0001727
"993","ran993.hdr.37",-0.000110499999999999
"993","ran993.hdr.38",-0.0001434
"993","ran993.hdr.39",-0.00025843
"993","ran993.hdr.4",0.000470999999999999
"993","ran993.hdr.40",-0.000870699999999999
"993","ran993.hdr.41",-0.0006733
"993","ran993.hdr.42",-0.0002047
"993","ran993.hdr.43",0.0001598
"993","ran993.hdr.44",-0.00000997999999999993
"993","ran993.hdr.45",0.0000839000000000013
"993","ran993.hdr.46",-0.000436799999999998
"993","ran993.hdr.47",0.0000662000000000006
"993","ran993.hdr.48",0.0000792999999999992
"993","ran993.hdr.49",-0.0067332
"993","ran993.hdr.5",-0.0007133
"993","ran993.hdr.50",-0.000366
"993","ran993.hdr.51",-0.00035325
"993","ran993.hdr.52",-0.0030547
"993","ran993.hdr.53",-0.00021607
"993","ran993.hdr.54",-0.0000363999999999989
"993","ran993.hdr.55",-0.000137699999999999
"993","ran993.hdr.56",-0.0000283000000000002
"993","ran993.hdr.57",-0.0002716
"993","ran993.hdr.58",-0.0040008
"993","ran993.hdr.59",-0.00029748
"993","ran993.hdr.6",0.0003876
"993","ran993.hdr.60",-0.0001099
"993","ran993.hdr.61",-0.0007846
"993","ran993.hdr.62",-0.000203699999999999
"993","ran993.hdr.63",-0.000102700000000001
"993","ran993.hdr.64",0.0000525999999999999
"993","ran993.hdr.65",-0.000296940000000001
"993","ran993.hdr.66",-0.0021629
"993","ran993.hdr.67",-0.000914999999999999
"993","ran993.hdr.68",0.0001573
"993","ran993.hdr.69",-0.0013204
"993","ran993.hdr.7",-0.0011761
"993","ran993.hdr.70",-0.0015712
"993","ran993.hdr.71",0.0000255200000000002
"993","ran993.hdr.72",-0.00119554
"993","ran993.hdr.73",-0.0021382
"993","ran993.hdr.74",-0.0016911
"993","ran993.hdr.75",-0.0025593
"993","ran993.hdr.76",-0.0004975
"993","ran993.hdr.77",0.000196698
"993","ran993.hdr.78",-0.000289600000000001
"993","ran993.hdr.8",-0.00030613
"993","ran993.hdr.9",-0.00143173
"994","ran994.hdr.1",-0.0004317
"994","ran994.hdr.10",0.0000803000000000002
"994","ran994.hdr.11",-0.000215165
"994","ran994.hdr.12",-0.0007343
"994","ran994.hdr.13",0.0000262100000000005
"994","ran994.hdr.14",-0.00019689
"994","ran994.hdr.15",-0.0000390000000000008
"994","ran994.hdr.16",-0.0010992
"994","ran994.hdr.17",0.00018
"994","ran994.hdr.18",-0.000334500000000001
"994","ran994.hdr.19",-0.0011929
"994","ran994.hdr.2",0.000220700000000001
"994","ran994.hdr.20",-0.00026376
"994","ran994.hdr.21",0.000380700000000001
"994","ran994.hdr.22",-0.0023332
"994","ran994.hdr.23",-0.00043339
"994","ran994.hdr.24",-0.000352700000000001
"994","ran994.hdr.25",-0.00032068
"994","ran994.hdr.26",-0.002522
"994","ran994.hdr.27",-0.00023674
"994","ran994.hdr.28",-0.00013483
"994","ran994.hdr.29",-0.0000268200000000003
"994","ran994.hdr.3",-0.0012446
"994","ran994.hdr.30",-0.002134
"994","ran994.hdr.31",-0.000106800000000001
"994","ran994.hdr.32",-0.000409099999999999
"994","ran994.hdr.33",-0.000613500000000001
"994","ran994.hdr.34",-0.00046567
"994","ran994.hdr.35",0.000163780000000001
"994","ran994.hdr.36",-0.00026302
"994","ran994.hdr.37",-0.0001356
"994","ran994.hdr.38",-0.002171
"994","ran994.hdr.39",-0.0011836
"994","ran994.hdr.4",-0.00163709
"994","ran994.hdr.40",-0.0011563
"994","ran994.hdr.41",-0.00022582
"994","ran994.hdr.42",-0.000733699999999999
"994","ran994.hdr.43",0.000113700000000001
"994","ran994.hdr.44",-0.000225599999999999
"994","ran994.hdr.45",-0.0000856099999999999
"994","ran994.hdr.46",-0.0072374
"994","ran994.hdr.47",-0.002475
"994","ran994.hdr.48",0.00020136
"994","ran994.hdr.49",-0.0011044
"994","ran994.hdr.5",-0.01685291
"994","ran994.hdr.50",-0.0000283000000000002
"994","ran994.hdr.51",-0.000366499999999999
"994","ran994.hdr.52",-0.0021164
"994","ran994.hdr.55",-0.0000586999999999983
"994","ran994.hdr.56",-0.0003339
"994","ran994.hdr.57",-0.000595
"994","ran994.hdr.58",-0.00038507
"994","ran994.hdr.59",-0.000406799999999999
"994","ran994.hdr.6",-0.0036308
"994","ran994.hdr.60",-0.000486500000000001
"994","ran994.hdr.61",0.000264199999999999
"994","ran994.hdr.62",-0.00574057
"994","ran994.hdr.63",-0.0002646
"994","ran994.hdr.64",-0.00163488
"994","ran994.hdr.65",-0.000057719999999999
"994","ran994.hdr.66",-0.000104799999999999
"994","ran994.hdr.67",-0.000825300000000001
"994","ran994.hdr.68",-0.00032338
"994","ran994.hdr.69",-0.0004913
"994","ran994.hdr.7",-0.0043162
"994","ran994.hdr.70",-0.0011207
"994","ran994.hdr.71",-0.001383
"994","ran994.hdr.72",-0.0032639
"994","ran994.hdr.73",-0.000511299999999999
"994","ran994.hdr.74",-0.0014545
"994","ran994.hdr.75",-0.000880000000000002
"994","ran994.hdr.76",-0.000326
"994","ran994.hdr.77",-0.000776900000000001
"994","ran994.hdr.78",-0.0015052
"994","ran994.hdr.8",-0.0039147
"994","ran994.hdr.9",-0.0000411000000000005
"995","ran995.hdr.1",-0.000181799999999999
"995","ran995.hdr.10",0.000442400000000001
"995","ran995.hdr.11",-0.0006677
"995","ran995.hdr.12",0.0000260300000000002
"995","ran995.hdr.13",-0.00013877
"995","ran995.hdr.14",-0.00129969
"995","ran995.hdr.15",-0.000320800000000001
"995","ran995.hdr.16",-0.0000390000000000008
"995","ran995.hdr.17",-0.0003458
"995","ran995.hdr.18",-0.0006719
"995","ran995.hdr.19",0.00074472
"995","ran995.hdr.2",-0.000171609999999999
"995","ran995.hdr.20",-0.000934500000000001
"995","ran995.hdr.21",-0.00061751
"995","ran995.hdr.22",-0.0000187
"995","ran995.hdr.23",-0.0010173
"995","ran995.hdr.24",-0.000140599999999999
"995","ran995.hdr.25",-0.000796499999999999
"995","ran995.hdr.26",-0.00196798
"995","ran995.hdr.27",-0.0006158
"995","ran995.hdr.28",-0.000292799999999999
"995","ran995.hdr.29",-0.0000683100000000002
"995","ran995.hdr.3",0.00002592
"995","ran995.hdr.30",-0.0019666
"995","ran995.hdr.31",-0.0004212
"995","ran995.hdr.32",-0.0013929
"995","ran995.hdr.33",0.000035033
"995","ran995.hdr.34",-0.0011074
"995","ran995.hdr.35",-0.000243200000000002
"995","ran995.hdr.36",-0.000176700000000002
"995","ran995.hdr.37",-0.0010877
"995","ran995.hdr.38",-0.000548
"995","ran995.hdr.39",0.0000193999999999993
"995","ran995.hdr.4",-0.000617699999999999
"995","ran995.hdr.40",0.0005319
"995","ran995.hdr.41",-0.000469900000000001
"995","ran995.hdr.42",-0.00033054
"995","ran995.hdr.43",-0.001022
"995","ran995.hdr.44",-0.0010504
"995","ran995.hdr.45",-0.00019424
"995","ran995.hdr.46",-0.0016092
"995","ran995.hdr.47",-0.000377699999999998
"995","ran995.hdr.48",0.000267400000000001
"995","ran995.hdr.49",-0.000713800000000001
"995","ran995.hdr.5",-0.0002056
"995","ran995.hdr.50",-0.00029767
"995","ran995.hdr.51",-0.000837099999999999
"995","ran995.hdr.52",0.0000226999999999988
"995","ran995.hdr.53",-0.0000363999999999989
"995","ran995.hdr.54",0.00013649
"995","ran995.hdr.55",-0.0004577
"995","ran995.hdr.56",-0.000737700000000001
"995","ran995.hdr.57",-0.0041063
"995","ran995.hdr.58",-0.0011481
"995","ran995.hdr.59",-0.0040338
"995","ran995.hdr.6",-0.01685291
"995","ran995.hdr.60",-0.009970332
"995","ran995.hdr.61",-0.0002054
"995","ran995.hdr.62",-0.0021686
"995","ran995.hdr.63",-0.000735300000000001
"995","ran995.hdr.64",-0.000194100000000003
"995","ran995.hdr.65",0.000272909999999999
"995","ran995.hdr.66",-0.000603300000000001
"995","ran995.hdr.67",0.0002433
"995","ran995.hdr.68",0.0000390000000000008
"995","ran995.hdr.69",-0.0000222999999999994
"995","ran995.hdr.7",-0.000480399999999999
"995","ran995.hdr.70",-0.000495900000000001
"995","ran995.hdr.71",-0.0014277
"995","ran995.hdr.72",-0.0006096
"995","ran995.hdr.73",-0.000580499999999999
"995","ran995.hdr.74",-0.000443599999999999
"995","ran995.hdr.75",-0.000738050000000001
"995","ran995.hdr.76",-0.0010666
"995","ran995.hdr.77",-0.00028371
"995","ran995.hdr.78",-0.000547499999999999
"995","ran995.hdr.8",0.0000184
"995","ran995.hdr.9",-0.000215165
"996","ran996.hdr.1",-0.000195000000000001
"996","ran996.hdr.10",-0.000507480000000001
"996","ran996.hdr.11",-0.0003821
"996","ran996.hdr.12",-0.0006642
"996","ran996.hdr.13",0.0000756000000000021
"996","ran996.hdr.14",-0.000300809999999999
"996","ran996.hdr.15",-0.0011481
"996","ran996.hdr.16",-0.0003458
"996","ran996.hdr.17",-0.0000234100000000002
"996","ran996.hdr.18",-0.000100910000000001
"996","ran996.hdr.19",-0.000473100000000001
"996","ran996.hdr.2",-0.000310999999999999
"996","ran996.hdr.20",-0.0003148
"996","ran996.hdr.21",-0.0011183
"996","ran996.hdr.22",-0.000556399999999999
"996","ran996.hdr.23",0.000350800000000002
"996","ran996.hdr.24",-0.0003534
"996","ran996.hdr.25",-0.000747600000000001
"996","ran996.hdr.26",-0.00007594
"996","ran996.hdr.27",-0.0001248
"996","ran996.hdr.28",-0.000561900000000001
"996","ran996.hdr.29",0.000201109999999999
"996","ran996.hdr.3",-0.000358239999999999
"996","ran996.hdr.30",0.0003788
"996","ran996.hdr.31",0.0000567099999999997
"996","ran996.hdr.32",-0.000280899999999999
"996","ran996.hdr.33",-0.000376700000000001
"996","ran996.hdr.34",-0.00017027
"996","ran996.hdr.35",-0.000284
"996","ran996.hdr.36",-0.00198339
"996","ran996.hdr.37",-0.0010093
"996","ran996.hdr.38",0.000710549999999999
"996","ran996.hdr.39",-0.000469900000000001
"996","ran996.hdr.4",-0.000892799999999999
"996","ran996.hdr.40",-0.0004212
"996","ran996.hdr.41",-0.00023755
"996","ran996.hdr.42",-0.0004972
"996","ran996.hdr.43",-0.000247789999999999
"996","ran996.hdr.44",-0.000687
"996","ran996.hdr.45",-0.000399060000000001
"996","ran996.hdr.46",-0.000472420000000001
"996","ran996.hdr.47",0.000375199999999999
"996","ran996.hdr.48",-0.0022477
"996","ran996.hdr.49",-0.000452599999999999
"996","ran996.hdr.5",-0.0061766
"996","ran996.hdr.50",-0.000735400000000001
"996","ran996.hdr.51",-0.00010706
"996","ran996.hdr.52",-0.0076935
"996","ran996.hdr.53",-0.0073875
"996","ran996.hdr.54",-0.0002082
"996","ran996.hdr.55",0.00027974
"996","ran996.hdr.56",-0.000336299999999999
"996","ran996.hdr.57",-0.0011337
"996","ran996.hdr.58",0.0000767600000000004
"996","ran996.hdr.59",0.000345
"996","ran996.hdr.6",-0.0041794
"996","ran996.hdr.60",-0.00062953
"996","ran996.hdr.61",-0.0003721
"996","ran996.hdr.62",-0.000442600000000001
"996","ran996.hdr.63",-0.000599799999999999
"996","ran996.hdr.64",-0.00111662
"996","ran996.hdr.66",-0.000268299999999999
"996","ran996.hdr.67",-0.000907400000000001
"996","ran996.hdr.68",-0.0006847
"996","ran996.hdr.69",-0.0014755
"996","ran996.hdr.7",-0.00168994
"996","ran996.hdr.70",-0.000834999999999999
"996","ran996.hdr.71",-0.00124621
"996","ran996.hdr.72",-0.00080623
"996","ran996.hdr.73",0.00011249
"996","ran996.hdr.74",-0.0012116
"996","ran996.hdr.75",-0.00029302
"996","ran996.hdr.76",-0.0005749
"996","ran996.hdr.77",-0.0003706
"996","ran996.hdr.78",-0.0032639
"996","ran996.hdr.8",0.00000320000000000008
"996","ran996.hdr.9",-0.00020591
"997","ran997.hdr.1",-0.0002161
"997","ran997.hdr.10",-0.001099
"997","ran997.hdr.11",-0.000401799999999999
"997","ran997.hdr.12",-0.00045021
"997","ran997.hdr.13",-0.00042711
"997","ran997.hdr.14",-0.0000204900000000002
"997","ran997.hdr.15",-0.000438800000000001
"997","ran997.hdr.16",-0.00016698
"997","ran997.hdr.17",-0.000824699999999999
"997","ran997.hdr.18",-0.0004673
"997","ran997.hdr.19",-0.00018214
"997","ran997.hdr.2",-0.0008068
"997","ran997.hdr.20",-0.000168399999999999
"997","ran997.hdr.21",-0.000333099999999999
"997","ran997.hdr.22",-0.00030432
"997","ran997.hdr.23",-0.0002775
"997","ran997.hdr.24",-0.0001128
"997","ran997.hdr.25",0.0000794000000000003
"997","ran997.hdr.26",-0.000416699999999999
"997","ran997.hdr.27",-0.0001248
"997","ran997.hdr.28",0.000197699999999999
"997","ran997.hdr.29",-0.000510400000000001
"997","ran997.hdr.3",-0.000573799999999999
"997","ran997.hdr.30",-0.0007861
"997","ran997.hdr.31",-0.000327499999999998
"997","ran997.hdr.32",-0.0011926
"997","ran997.hdr.33",-0.000383960000000001
"997","ran997.hdr.34",-0.00009449
"997","ran997.hdr.35",-0.00038817
"997","ran997.hdr.36",-0.00023069
"997","ran997.hdr.37",-0.0012989
"997","ran997.hdr.38",-0.00180704
"997","ran997.hdr.39",-0.000186000000000002
"997","ran997.hdr.4",-0.0003254
"997","ran997.hdr.40",-0.00019887
"997","ran997.hdr.41",-0.000487100000000001
"997","ran997.hdr.42",-0.000975
"997","ran997.hdr.43",-0.000617899999999998
"997","ran997.hdr.44",0.000124560000000001
"997","ran997.hdr.45",-0.0000111
"997","ran997.hdr.46",-0.00112666
"997","ran997.hdr.47",-0.0011914
"997","ran997.hdr.48",-0.000230900000000003
"997","ran997.hdr.49",0.000483900000000001
"997","ran997.hdr.5",-0.0031082
"997","ran997.hdr.50",-0.002897
"997","ran997.hdr.51",-0.0024639
"997","ran997.hdr.52",0.0000849800000000001
"997","ran997.hdr.53",-0.0001431
"997","ran997.hdr.54",-0.0011173
"997","ran997.hdr.55",-0.0000869000000000009
"997","ran997.hdr.56",-0.00038213
"997","ran997.hdr.57",-0.00073805
"997","ran997.hdr.58",-0.00047522
"997","ran997.hdr.59",-0.00073559
"997","ran997.hdr.6",-0.0066937
"997","ran997.hdr.60",-0.000362299999999999
"997","ran997.hdr.61",-0.000141199999999999
"997","ran997.hdr.62",-0.0007711
"997","ran997.hdr.63",-0.00016504
"997","ran997.hdr.64",-0.0007712
"997","ran997.hdr.65",-0.0010749
"997","ran997.hdr.66",-0.0012548
"997","ran997.hdr.67",-0.00048136
"997","ran997.hdr.68",-0.0001875
"997","ran997.hdr.69",-0.000112899999999999
"997","ran997.hdr.7",-0.0043162
"997","ran997.hdr.70",-0.00093906
"997","ran997.hdr.71",-0.000204899999999999
"997","ran997.hdr.72",-0.0018724
"997","ran997.hdr.73",-0.000639000000000001
"997","ran997.hdr.74",-0.0002559
"997","ran997.hdr.75",-0.0012012
"997","ran997.hdr.76",-0.0003706
"997","ran997.hdr.77",-0.000908300000000001
"997","ran997.hdr.78",0.000203477
"997","ran997.hdr.8",-0.0035262
"997","ran997.hdr.9",-0.00018325
"998","ran998.hdr.1",-0.00036043
"998","ran998.hdr.10",0.000197500000000001
"998","ran998.hdr.11",-0.0008936
"998","ran998.hdr.12",-0.000108
"998","ran998.hdr.13",-0.000204939999999999
"998","ran998.hdr.14",-0.00154022
"998","ran998.hdr.15",-0.000807199999999999
"998","ran998.hdr.16",-0.000168399999999999
"998","ran998.hdr.17",-0.000151239999999999
"998","ran998.hdr.18",0.000586699999999999
"998","ran998.hdr.19",-0.0010564
"998","ran998.hdr.2",-0.0013435
"998","ran998.hdr.20",-0.000727600000000002
"998","ran998.hdr.21",-0.0001574
"998","ran998.hdr.22",-0.0023332
"998","ran998.hdr.23",-0.00182421
"998","ran998.hdr.24",-0.0011183
"998","ran998.hdr.25",-0.000796499999999999
"998","ran998.hdr.26",-0.000174299999999999
"998","ran998.hdr.27",-0.000158599999999998
"998","ran998.hdr.28",-0.002999
"998","ran998.hdr.29",-0.0025725
"998","ran998.hdr.3",-0.000248499999999999
"998","ran998.hdr.30",-0.00055601
"998","ran998.hdr.31",0.0000672999999999993
"998","ran998.hdr.32",0.000720500000000002
"998","ran998.hdr.33",-0.0000696199999999994
"998","ran998.hdr.34",-0.0051598
"998","ran998.hdr.35",-0.0023114
"998","ran998.hdr.36",0.0000306
"998","ran998.hdr.37",-0.0005632
"998","ran998.hdr.38",-0.0005707
"998","ran998.hdr.39",0.000221300000000001
"998","ran998.hdr.4",-0.0000370000000000006
"998","ran998.hdr.40",-0.000491499999999999
"998","ran998.hdr.41",-0.0002167
"998","ran998.hdr.42",-0.000446100000000001
"998","ran998.hdr.43",-0.000717699999999998
"998","ran998.hdr.44",0.0003695
"998","ran998.hdr.45",-0.0010777
"998","ran998.hdr.46",0.000389899999999999
"998","ran998.hdr.47",-0.000576500000000001
"998","ran998.hdr.48",-0.0012169
"998","ran998.hdr.49",0.00017578
"998","ran998.hdr.5",-0.0007992
"998","ran998.hdr.50",0.0005723
"998","ran998.hdr.51",-0.0000747000000000005
"998","ran998.hdr.52",-0.000282899999999999
"998","ran998.hdr.53",NA
"998","ran998.hdr.54",-0.0011708
"998","ran998.hdr.55",-0.0046284
"998","ran998.hdr.56",0.00007814
"998","ran998.hdr.58",-0.00029748
"998","ran998.hdr.59",-0.0043657
"998","ran998.hdr.6",0.000569999999999999
"998","ran998.hdr.60",-0.000964599999999999
"998","ran998.hdr.61",-0.0010529
"998","ran998.hdr.62",-0.0010347
"998","ran998.hdr.63",-0.00082019
"998","ran998.hdr.64",0.0000727999999999996
"998","ran998.hdr.65",-0.001831
"998","ran998.hdr.66",-0.0003058
"998","ran998.hdr.67",-0.0010098
"998","ran998.hdr.68",-0.000293000000000002
"998","ran998.hdr.69",0.00029028
"998","ran998.hdr.7",-0.0014125
"998","ran998.hdr.70",-0.000057719999999999
"998","ran998.hdr.71",-0.0011679
"998","ran998.hdr.72",-0.00006813
"998","ran998.hdr.73",-0.000798899999999998
"998","ran998.hdr.74",-0.000819
"998","ran998.hdr.75",-0.000871300000000002
"998","ran998.hdr.76",0.00015336
"998","ran998.hdr.77",-0.0015872
"998","ran998.hdr.78",-0.0004913
"998","ran998.hdr.8",-0.0037976
"998","ran998.hdr.9",-0.0005222
"999","ran999.hdr.1",0.000564000000000002
"999","ran999.hdr.10",-0.00018093
"999","ran999.hdr.11",-0.000419360000000001
"999","ran999.hdr.12",-0.000554099999999998
"999","ran999.hdr.13",-0.0008815
"999","ran999.hdr.14",-0.0011143
"999","ran999.hdr.15",0.000209899999999999
"999","ran999.hdr.16",-0.0018782
"999","ran999.hdr.17",-0.001482
"999","ran999.hdr.18",-0.000356
"999","ran999.hdr.19",-0.0011619
"999","ran999.hdr.2",-0.0014426
"999","ran999.hdr.20",-0.0010563
"999","ran999.hdr.21",-0.0003961
"999","ran999.hdr.22",-0.0005666
"999","ran999.hdr.23",-0.0001099
"999","ran999.hdr.24",-0.0084394
"999","ran999.hdr.25",-0.00291982
"999","ran999.hdr.26",-0.00043048
"999","ran999.hdr.27",-0.000064715
"999","ran999.hdr.28",-0.000826820000000001
"999","ran999.hdr.29",-0.00055601
"999","ran999.hdr.3",-0.0049685
"999","ran999.hdr.30",-0.000271
"999","ran999.hdr.31",-0.0001785
"999","ran999.hdr.32",-0.0008652
"999","ran999.hdr.33",-0.0044356
"999","ran999.hdr.34",-0.0009715
"999","ran999.hdr.35",0.000234799999999999
"999","ran999.hdr.36",-0.0005558
"999","ran999.hdr.37",0.000203139999999999
"999","ran999.hdr.38",-0.000944
"999","ran999.hdr.39",-0.000352100000000001
"999","ran999.hdr.4",-0.00246744
"999","ran999.hdr.40",-0.0013356
"999","ran999.hdr.41",-0.00102067
"999","ran999.hdr.42",-0.0037192
"999","ran999.hdr.43",-0.00018774
"999","ran999.hdr.44",-0.000569900000000002
"999","ran999.hdr.45",-0.0000151000000000005
"999","ran999.hdr.46",-0.000480840000000001
"999","ran999.hdr.47",-0.0005363
"999","ran999.hdr.48",-0.000933099999999999
"999","ran999.hdr.49",-0.0027946
"999","ran999.hdr.5",-0.001546
"999","ran999.hdr.50",-0.0010009
"999","ran999.hdr.51",-0.000315939999999999
"999","ran999.hdr.52",-0.00029094
"999","ran999.hdr.53",0.0000134999999999996
"999","ran999.hdr.54",-0.000261600000000001
"999","ran999.hdr.55",-0.000434999999999998
"999","ran999.hdr.56",-0.00029187
"999","ran999.hdr.57",0.0000263799999999995
"999","ran999.hdr.58",0.000544349999999999
"999","ran999.hdr.59",-0.00016505
"999","ran999.hdr.6",-0.00062661
"999","ran999.hdr.60",-0.00023275
"999","ran999.hdr.61",-0.0000923
"999","ran999.hdr.62",-0.0010508
"999","ran999.hdr.63",0.000632799999999999
"999","ran999.hdr.64",-0.000163490000000001
"999","ran999.hdr.65",-0.0015428
"999","ran999.hdr.66",0.00013222
"999","ran999.hdr.67",-0.000350800000000002
"999","ran999.hdr.68",0.000190600000000003
"999","ran999.hdr.69",0.0000841000000000001
"999","ran999.hdr.7",0.00058855
"999","ran999.hdr.70",-0.0027675
"999","ran999.hdr.71",-0.00045068
"999","ran999.hdr.72",-0.000361200000000001
"999","ran999.hdr.73",-0.0011245
"999","ran999.hdr.74",-0.0011097
"999","ran999.hdr.75",-0.0012137
"999","ran999.hdr.76",-0.0013071
"999","ran999.hdr.77",-0.0003368
"999","ran999.hdr.78",-0.000125510000000001
"999","ran999.hdr.8",-0.0011219
"999","ran999.hdr.9",-0.00041618
"1000","ran1000.hdr.1",-0.0014785
"1000","ran1000.hdr.10",-0.0011143
"1000","ran1000.hdr.11",-0.0134706
"1000","ran1000.hdr.12",0.000254799999999999
"1000","ran1000.hdr.13",-0.0033496
"1000","ran1000.hdr.14",-0.0010873
"1000","ran1000.hdr.15",-0.000140599999999999
"1000","ran1000.hdr.16",-0.000551599999999999
"1000","ran1000.hdr.17",-0.00032068
"1000","ran1000.hdr.18",-0.0006806
"1000","ran1000.hdr.19",-0.0113291
"1000","ran1000.hdr.2",-0.000142300000000001
"1000","ran1000.hdr.20",-0.00055319
"1000","ran1000.hdr.21",-0.00069048
"1000","ran1000.hdr.22",-0.000292629999999999
"1000","ran1000.hdr.23",-0.000156699999999999
"1000","ran1000.hdr.24",0.0000461000000000003
"1000","ran1000.hdr.25",-0.00031339
"1000","ran1000.hdr.26",-0.0014904
"1000","ran1000.hdr.27",0.000920299999999999
"1000","ran1000.hdr.28",-0.0018137
"1000","ran1000.hdr.29",-0.0011573
"1000","ran1000.hdr.3",-0.0059011
"1000","ran1000.hdr.30",0.000361699999999998
"1000","ran1000.hdr.31",-0.00029141
"1000","ran1000.hdr.32",-0.0005558
"1000","ran1000.hdr.33",-0.000258600000000001
"1000","ran1000.hdr.34",-0.0008168
"1000","ran1000.hdr.35",-0.0010094
"1000","ran1000.hdr.36",-0.000574999999999999
"1000","ran1000.hdr.37",0.0000239999999999997
"1000","ran1000.hdr.38",-0.0022116
"1000","ran1000.hdr.39",-0.0000571000000000009
"1000","ran1000.hdr.4",-0.0039147
"1000","ran1000.hdr.40",-0.000258099999999999
"1000","ran1000.hdr.41",0.000161699999999999
"1000","ran1000.hdr.42",0.0001095
"1000","ran1000.hdr.43",-0.0018136
"1000","ran1000.hdr.44",-0.0023439
"1000","ran1000.hdr.45",-0.000341599999999999
"1000","ran1000.hdr.46",-0.00022903
"1000","ran1000.hdr.47",-0.0010313
"1000","ran1000.hdr.49",-0.0013104
"1000","ran1000.hdr.5",-0.00025442
"1000","ran1000.hdr.50",-0.000455400000000002
"1000","ran1000.hdr.51",-0.000472999999999998
"1000","ran1000.hdr.52",-0.0015428
"1000","ran1000.hdr.53",-0.0008541
"1000","ran1000.hdr.54",-0.0012438
"1000","ran1000.hdr.55",-0.0040338
"1000","ran1000.hdr.56",-0.01280889
"1000","ran1000.hdr.57",-0.01281643
"1000","ran1000.hdr.58",-0.0003826
"1000","ran1000.hdr.59",-0.000193000000000002
"1000","ran1000.hdr.6",-0.0004966
"1000","ran1000.hdr.60",-0.0013065
"1000","ran1000.hdr.61",0.0007899
"1000","ran1000.hdr.62",-0.000194100000000003
"1000","ran1000.hdr.63",-0.000738799999999998
"1000","ran1000.hdr.64",-0.00012416
"1000","ran1000.hdr.65",-0.000448899999999999
"1000","ran1000.hdr.66",-0.000168699999999999
"1000","ran1000.hdr.67",-0.00030295
"1000","ran1000.hdr.68",-0.0013792
"1000","ran1000.hdr.69",-0.0038792
"1000","ran1000.hdr.7",-0.000456600000000001
"1000","ran1000.hdr.70",-0.00086876
"1000","ran1000.hdr.71",-0.0011554
"1000","ran1000.hdr.72",-0.0013154
"1000","ran1000.hdr.73",-0.000365799999999999
"1000","ran1000.hdr.74",-0.0012143
"1000","ran1000.hdr.75",0.00039024
"1000","ran1000.hdr.76",-0.0003604
"1000","ran1000.hdr.77",-0.0006976
"1000","ran1000.hdr.78",0.00000149999999999803
"1000","ran1000.hdr.8",0.00000960000000000023
"1000","ran1000.hdr.9",0.000490599999999999
